
DETassem1 = [
    1    1    1    1    1    1    1    1    1    1  0.00000E+00 0.00000 
    2    1    1    1    1    1    1    1    1    2  0.00000E+00 0.00000 
    3    1    1    1    1    1    1    1    1    3  0.00000E+00 0.00000 
    4    1    1    1    1    1    1    1    1    4  0.00000E+00 0.00000 
    5    1    1    1    1    1    1    1    1    5  0.00000E+00 0.00000 
    6    1    1    1    1    1    1    1    1    6  0.00000E+00 0.00000 
    7    1    1    1    1    1    1    1    1    7  0.00000E+00 0.00000 
    8    1    1    1    1    1    1    1    1    8  1.80900E+04 0.00371 
    9    1    1    1    1    1    1    1    1    9  1.37617E+04 0.00409 
   10    1    1    1    1    1    1    1    1   10  0.00000E+00 0.00000 
   11    1    1    1    1    1    1    1    1   11  1.00332E+04 0.00439 
   12    1    1    1    1    1    1    1    2    1  1.95906E+04 0.00362 
   13    1    1    1    1    1    1    1    2    2  0.00000E+00 0.00000 
   14    1    1    1    1    1    1    1    2    3  0.00000E+00 0.00000 
   15    1    1    1    1    1    1    1    2    4  0.00000E+00 0.00000 
   16    1    1    1    1    1    1    1    2    5  0.00000E+00 0.00000 
   17    1    1    1    1    1    1    1    2    6  1.96568E+04 0.00358 
   18    1    1    1    1    1    1    1    2    7  1.56406E+04 0.00390 
   19    1    1    1    1    1    1    1    2    8  0.00000E+00 0.00000 
   20    1    1    1    1    1    1    1    2    9  1.11316E+04 0.00425 
   21    1    1    1    1    1    1    1    2   10  9.93567E+03 0.00448 
   22    1    1    1    1    1    1    1    2   11  0.00000E+00 0.00000 
   23    1    1    1    1    1    1    1    3    1  1.57040E+04 0.00377 
   24    1    1    1    1    1    1    1    3    2  1.82974E+04 0.00367 
   25    1    1    1    1    1    1    1    3    3  0.00000E+00 0.00000 
   26    1    1    1    1    1    1    1    3    4  1.81772E+04 0.00369 
   27    1    1    1    1    1    1    1    3    5  1.57454E+04 0.00381 
   28    1    1    1    1    1    1    1    3    6  0.00000E+00 0.00000 
   29    1    1    1    1    1    1    1    3    7  1.19219E+04 0.00418 
   30    1    1    1    1    1    1    1    3    8  1.07071E+04 0.00439 
   31    1    1    1    1    1    1    1    3    9  0.00000E+00 0.00000 
   32    1    1    1    1    1    1    1    3   10  9.22083E+03 0.00454 
   33    1    1    1    1    1    1    1    3   11  8.87575E+03 0.00465 
   34    1    1    1    1    1    1    1    4    1  0.00000E+00 0.00000 
   35    1    1    1    1    1    1    1    4    2  1.38029E+04 0.00397 
   36    1    1    1    1    1    1    1    4    3  1.38332E+04 0.00405 
   37    1    1    1    1    1    1    1    4    4  0.00000E+00 0.00000 
   38    1    1    1    1    1    1    1    4    5  1.18741E+04 0.00423 
   39    1    1    1    1    1    1    1    4    6  1.10498E+04 0.00434 
   40    1    1    1    1    1    1    1    4    7  0.00000E+00 0.00000 
   41    1    1    1    1    1    1    1    4    8  9.49339E+03 0.00450 
   42    1    1    1    1    1    1    1    4    9  9.01085E+03 0.00461 
   43    1    1    1    1    1    1    1    4   10  0.00000E+00 0.00000 
   44    1    1    1    1    1    1    1    4   11  8.51463E+03 0.00476 
   45    1    1    1    1    1    1    1    5    1  1.10946E+04 0.00416 
   46    1    1    1    1    1    1    1    5    2  0.00000E+00 0.00000 
   47    1    1    1    1    1    1    1    5    3  1.11799E+04 0.00433 
   48    1    1    1    1    1    1    1    5    4  1.07466E+04 0.00425 
   49    1    1    1    1    1    1    1    5    5  0.00000E+00 0.00000 
   50    1    1    1    1    1    1    1    5    6  9.72920E+03 0.00445 
   51    1    1    1    1    1    1    1    5    7  9.31495E+03 0.00449 
   52    1    1    1    1    1    1    1    5    8  0.00000E+00 0.00000 
   53    1    1    1    1    1    1    1    5    9  8.60747E+03 0.00451 
   54    1    1    1    1    1    1    1    5   10  8.52897E+03 0.00471 
   55    1    1    1    1    1    1    1    5   11  0.00000E+00 0.00000 
   56    1    1    1    1    1    1    1    6    1  1.00343E+04 0.00432 
   57    1    1    1    1    1    1    1    6    2  9.98669E+03 0.00439 
   58    1    1    1    1    1    1    1    6    3  0.00000E+00 0.00000 
   59    1    1    1    1    1    1    1    6    4  9.53062E+03 0.00447 
   60    1    1    1    1    1    1    1    6    5  9.19478E+03 0.00459 
   61    1    1    1    1    1    1    1    6    6  0.00000E+00 0.00000 
   62    1    1    1    1    1    1    1    6    7  8.70125E+03 0.00461 
   63    1    1    1    1    1    1    1    6    8  8.48212E+03 0.00468 
   64    1    1    1    1    1    1    1    6    9  0.00000E+00 0.00000 
   65    1    1    1    1    1    1    1    6   10  8.30459E+03 0.00470 
   66    1    1    1    1    1    1    1    6   11  8.18703E+03 0.00482 
   67    1    1    1    1    1    1    1    7    1  0.00000E+00 0.00000 
   68    1    1    1    1    1    1    1    7    2  9.16933E+03 0.00458 
   69    1    1    1    1    1    1    1    7    3  9.04450E+03 0.00445 
   70    1    1    1    1    1    1    1    7    4  0.00000E+00 0.00000 
   71    1    1    1    1    1    1    1    7    5  8.72639E+03 0.00460 
   72    1    1    1    1    1    1    1    7    6  8.57259E+03 0.00462 
   73    1    1    1    1    1    1    1    7    7  0.00000E+00 0.00000 
   74    1    1    1    1    1    1    1    7    8  8.28560E+03 0.00477 
   75    1    1    1    1    1    1    1    7    9  8.20218E+03 0.00476 
   76    1    1    1    1    1    1    1    7   10  0.00000E+00 0.00000 
   77    1    1    1    1    1    1    1    7   11  8.05845E+03 0.00472 
   78    1    1    1    1    1    1    1    8    1  8.87421E+03 0.00455 
   79    1    1    1    1    1    1    1    8    2  0.00000E+00 0.00000 
   80    1    1    1    1    1    1    1    8    3  8.59084E+03 0.00460 
   81    1    1    1    1    1    1    1    8    4  8.50754E+03 0.00460 
   82    1    1    1    1    1    1    1    8    5  0.00000E+00 0.00000 
   83    1    1    1    1    1    1    1    8    6  8.23565E+03 0.00475 
   84    1    1    1    1    1    1    1    8    7  8.22323E+03 0.00465 
   85    1    1    1    1    1    1    1    8    8  0.00000E+00 0.00000 
   86    1    1    1    1    1    1    1    8    9  8.09201E+03 0.00469 
   87    1    1    1    1    1    1    1    8   10  7.96567E+03 0.00478 
   88    1    1    1    1    1    1    1    8   11  0.00000E+00 0.00000 
   89    1    1    1    1    1    1    1    9    1  8.60105E+03 0.00460 
   90    1    1    1    1    1    1    1    9    2  8.45053E+03 0.00466 
   91    1    1    1    1    1    1    1    9    3  0.00000E+00 0.00000 
   92    1    1    1    1    1    1    1    9    4  8.27919E+03 0.00463 
   93    1    1    1    1    1    1    1    9    5  8.19333E+03 0.00479 
   94    1    1    1    1    1    1    1    9    6  0.00000E+00 0.00000 
   95    1    1    1    1    1    1    1    9    7  8.04892E+03 0.00480 
   96    1    1    1    1    1    1    1    9    8  7.93705E+03 0.00486 
   97    1    1    1    1    1    1    1    9    9  0.00000E+00 0.00000 
   98    1    1    1    1    1    1    1    9   10  7.80456E+03 0.00483 
   99    1    1    1    1    1    1    1    9   11  7.69537E+03 0.00500 
  100    1    1    1    1    1    1    1   10    1  0.00000E+00 0.00000 
  101    1    1    1    1    1    1    1   10    2  8.24906E+03 0.00456 
  102    1    1    1    1    1    1    1   10    3  8.16929E+03 0.00473 
  103    1    1    1    1    1    1    1   10    4  0.00000E+00 0.00000 
  104    1    1    1    1    1    1    1   10    5  8.03659E+03 0.00476 
  105    1    1    1    1    1    1    1   10    6  7.92350E+03 0.00473 
  106    1    1    1    1    1    1    1   10    7  0.00000E+00 0.00000 
  107    1    1    1    1    1    1    1   10    8  7.77276E+03 0.00487 
  108    1    1    1    1    1    1    1   10    9  7.63093E+03 0.00490 
  109    1    1    1    1    1    1    1   10   10  0.00000E+00 0.00000 
