
DETassem1 = [
    1    1    1    1    1    1    1    1    1    1  0.00000E+00 0.00000 
    2    1    1    1    1    1    1    1    1    2  0.00000E+00 0.00000 
    3    1    1    1    1    1    1    1    1    3  0.00000E+00 0.00000 
    4    1    1    1    1    1    1    1    1    4  0.00000E+00 0.00000 
    5    1    1    1    1    1    1    1    1    5  0.00000E+00 0.00000 
    6    1    1    1    1    1    1    1    1    6  0.00000E+00 0.00000 
    7    1    1    1    1    1    1    1    1    7  0.00000E+00 0.00000 
    8    1    1    1    1    1    1    1    1    8  1.78381E+04 0.00356 
    9    1    1    1    1    1    1    1    1    9  1.39120E+04 0.00386 
   10    1    1    1    1    1    1    1    1   10  0.00000E+00 0.00000 
   11    1    1    1    1    1    1    1    1   11  1.03910E+04 0.00436 
   12    1    1    1    1    1    1    1    2    1  1.89750E+04 0.00345 
   13    1    1    1    1    1    1    1    2    2  0.00000E+00 0.00000 
   14    1    1    1    1    1    1    1    2    3  0.00000E+00 0.00000 
   15    1    1    1    1    1    1    1    2    4  0.00000E+00 0.00000 
   16    1    1    1    1    1    1    1    2    5  0.00000E+00 0.00000 
   17    1    1    1    1    1    1    1    2    6  1.89978E+04 0.00342 
   18    1    1    1    1    1    1    1    2    7  1.56712E+04 0.00370 
   19    1    1    1    1    1    1    1    2    8  0.00000E+00 0.00000 
   20    1    1    1    1    1    1    1    2    9  1.13889E+04 0.00412 
   21    1    1    1    1    1    1    1    2   10  1.02556E+04 0.00424 
   22    1    1    1    1    1    1    1    2   11  0.00000E+00 0.00000 
   23    1    1    1    1    1    1    1    3    1  1.55919E+04 0.00375 
   24    1    1    1    1    1    1    1    3    2  1.77191E+04 0.00356 
   25    1    1    1    1    1    1    1    3    3  0.00000E+00 0.00000 
   26    1    1    1    1    1    1    1    3    4  1.78673E+04 0.00350 
   27    1    1    1    1    1    1    1    3    5  1.56515E+04 0.00366 
   28    1    1    1    1    1    1    1    3    6  0.00000E+00 0.00000 
   29    1    1    1    1    1    1    1    3    7  1.20750E+04 0.00407 
   30    1    1    1    1    1    1    1    3    8  1.10104E+04 0.00417 
   31    1    1    1    1    1    1    1    3    9  0.00000E+00 0.00000 
   32    1    1    1    1    1    1    1    3   10  9.54015E+03 0.00430 
   33    1    1    1    1    1    1    1    3   11  9.15549E+03 0.00439 
   34    1    1    1    1    1    1    1    4    1  0.00000E+00 0.00000 
   35    1    1    1    1    1    1    1    4    2  1.38679E+04 0.00397 
   36    1    1    1    1    1    1    1    4    3  1.38774E+04 0.00388 
   37    1    1    1    1    1    1    1    4    4  0.00000E+00 0.00000 
   38    1    1    1    1    1    1    1    4    5  1.21643E+04 0.00401 
   39    1    1    1    1    1    1    1    4    6  1.13196E+04 0.00412 
   40    1    1    1    1    1    1    1    4    7  0.00000E+00 0.00000 
   41    1    1    1    1    1    1    1    4    8  9.89274E+03 0.00434 
   42    1    1    1    1    1    1    1    4    9  9.42659E+03 0.00424 
   43    1    1    1    1    1    1    1    4   10  0.00000E+00 0.00000 
   44    1    1    1    1    1    1    1    4   11  8.81341E+03 0.00435 
   45    1    1    1    1    1    1    1    5    1  1.14426E+04 0.00407 
   46    1    1    1    1    1    1    1    5    2  0.00000E+00 0.00000 
   47    1    1    1    1    1    1    1    5    3  1.14623E+04 0.00408 
   48    1    1    1    1    1    1    1    5    4  1.10377E+04 0.00422 
   49    1    1    1    1    1    1    1    5    5  0.00000E+00 0.00000 
   50    1    1    1    1    1    1    1    5    6  9.92106E+03 0.00425 
   51    1    1    1    1    1    1    1    5    7  9.61960E+03 0.00435 
   52    1    1    1    1    1    1    1    5    8  0.00000E+00 0.00000 
   53    1    1    1    1    1    1    1    5    9  8.89255E+03 0.00445 
   54    1    1    1    1    1    1    1    5   10  8.72387E+03 0.00443 
   55    1    1    1    1    1    1    1    5   11  0.00000E+00 0.00000 
   56    1    1    1    1    1    1    1    6    1  1.03242E+04 0.00427 
   57    1    1    1    1    1    1    1    6    2  1.03775E+04 0.00424 
   58    1    1    1    1    1    1    1    6    3  0.00000E+00 0.00000 
   59    1    1    1    1    1    1    1    6    4  9.91159E+03 0.00418 
   60    1    1    1    1    1    1    1    6    5  9.60938E+03 0.00436 
   61    1    1    1    1    1    1    1    6    6  0.00000E+00 0.00000 
   62    1    1    1    1    1    1    1    6    7  9.02390E+03 0.00439 
   63    1    1    1    1    1    1    1    6    8  8.75855E+03 0.00446 
   64    1    1    1    1    1    1    1    6    9  0.00000E+00 0.00000 
   65    1    1    1    1    1    1    1    6   10  8.53636E+03 0.00446 
   66    1    1    1    1    1    1    1    6   11  8.41722E+03 0.00437 
   67    1    1    1    1    1    1    1    7    1  0.00000E+00 0.00000 
   68    1    1    1    1    1    1    1    7    2  9.56270E+03 0.00424 
   69    1    1    1    1    1    1    1    7    3  9.36209E+03 0.00428 
   70    1    1    1    1    1    1    1    7    4  0.00000E+00 0.00000 
   71    1    1    1    1    1    1    1    7    5  9.06730E+03 0.00436 
   72    1    1    1    1    1    1    1    7    6  8.85807E+03 0.00440 
   73    1    1    1    1    1    1    1    7    7  0.00000E+00 0.00000 
   74    1    1    1    1    1    1    1    7    8  8.57339E+03 0.00453 
   75    1    1    1    1    1    1    1    7    9  8.47587E+03 0.00446 
   76    1    1    1    1    1    1    1    7   10  0.00000E+00 0.00000 
   77    1    1    1    1    1    1    1    7   11  8.26720E+03 0.00457 
   78    1    1    1    1    1    1    1    8    1  9.16401E+03 0.00441 
   79    1    1    1    1    1    1    1    8    2  0.00000E+00 0.00000 
   80    1    1    1    1    1    1    1    8    3  8.90041E+03 0.00440 
   81    1    1    1    1    1    1    1    8    4  8.81134E+03 0.00446 
   82    1    1    1    1    1    1    1    8    5  0.00000E+00 0.00000 
   83    1    1    1    1    1    1    1    8    6  8.60070E+03 0.00448 
   84    1    1    1    1    1    1    1    8    7  8.47275E+03 0.00449 
   85    1    1    1    1    1    1    1    8    8  0.00000E+00 0.00000 
   86    1    1    1    1    1    1    1    8    9  8.39669E+03 0.00452 
   87    1    1    1    1    1    1    1    8   10  8.20640E+03 0.00458 
   88    1    1    1    1    1    1    1    8   11  0.00000E+00 0.00000 
   89    1    1    1    1    1    1    1    9    1  8.86986E+03 0.00453 
   90    1    1    1    1    1    1    1    9    2  8.76125E+03 0.00441 
   91    1    1    1    1    1    1    1    9    3  0.00000E+00 0.00000 
   92    1    1    1    1    1    1    1    9    4  8.60578E+03 0.00451 
   93    1    1    1    1    1    1    1    9    5  8.45915E+03 0.00450 
   94    1    1    1    1    1    1    1    9    6  0.00000E+00 0.00000 
   95    1    1    1    1    1    1    1    9    7  8.25382E+03 0.00455 
   96    1    1    1    1    1    1    1    9    8  8.21218E+03 0.00453 
   97    1    1    1    1    1    1    1    9    9  0.00000E+00 0.00000 
   98    1    1    1    1    1    1    1    9   10  8.07193E+03 0.00462 
   99    1    1    1    1    1    1    1    9   11  7.94539E+03 0.00469 
  100    1    1    1    1    1    1    1   10    1  0.00000E+00 0.00000 
  101    1    1    1    1    1    1    1   10    2  8.58468E+03 0.00452 
  102    1    1    1    1    1    1    1   10    3  8.47037E+03 0.00446 
  103    1    1    1    1    1    1    1   10    4  0.00000E+00 0.00000 
  104    1    1    1    1    1    1    1   10    5  8.37272E+03 0.00457 
  105    1    1    1    1    1    1    1   10    6  8.22072E+03 0.00464 
  106    1    1    1    1    1    1    1   10    7  0.00000E+00 0.00000 
  107    1    1    1    1    1    1    1   10    8  8.06303E+03 0.00465 
  108    1    1    1    1    1    1    1   10    9  7.86554E+03 0.00465 
  109    1    1    1    1    1    1    1   10   10  0.00000E+00 0.00000 
