
DETassem1 = [
    1    1    1    1    1    1    1    1    1    1  0.00000E+00 0.00000 
    2    1    1    1    1    1    1    1    1    2  0.00000E+00 0.00000 
    3    1    1    1    1    1    1    1    1    3  0.00000E+00 0.00000 
    4    1    1    1    1    1    1    1    1    4  0.00000E+00 0.00000 
    5    1    1    1    1    1    1    1    1    5  0.00000E+00 0.00000 
    6    1    1    1    1    1    1    1    1    6  0.00000E+00 0.00000 
    7    1    1    1    1    1    1    1    1    7  0.00000E+00 0.00000 
    8    1    1    1    1    1    1    1    1    8  1.80319E+04 0.00350 
    9    1    1    1    1    1    1    1    1    9  1.41561E+04 0.00382 
   10    1    1    1    1    1    1    1    1   10  0.00000E+00 0.00000 
   11    1    1    1    1    1    1    1    1   11  1.06086E+04 0.00417 
   12    1    1    1    1    1    1    1    2    1  1.93186E+04 0.00339 
   13    1    1    1    1    1    1    1    2    2  0.00000E+00 0.00000 
   14    1    1    1    1    1    1    1    2    3  0.00000E+00 0.00000 
   15    1    1    1    1    1    1    1    2    4  0.00000E+00 0.00000 
   16    1    1    1    1    1    1    1    2    5  0.00000E+00 0.00000 
   17    1    1    1    1    1    1    1    2    6  1.94277E+04 0.00344 
   18    1    1    1    1    1    1    1    2    7  1.57179E+04 0.00368 
   19    1    1    1    1    1    1    1    2    8  0.00000E+00 0.00000 
   20    1    1    1    1    1    1    1    2    9  1.16525E+04 0.00403 
   21    1    1    1    1    1    1    1    2   10  1.06028E+04 0.00411 
   22    1    1    1    1    1    1    1    2   11  0.00000E+00 0.00000 
   23    1    1    1    1    1    1    1    3    1  1.58236E+04 0.00368 
   24    1    1    1    1    1    1    1    3    2  1.79937E+04 0.00350 
   25    1    1    1    1    1    1    1    3    3  0.00000E+00 0.00000 
   26    1    1    1    1    1    1    1    3    4  1.80025E+04 0.00347 
   27    1    1    1    1    1    1    1    3    5  1.57721E+04 0.00361 
   28    1    1    1    1    1    1    1    3    6  0.00000E+00 0.00000 
   29    1    1    1    1    1    1    1    3    7  1.24560E+04 0.00399 
   30    1    1    1    1    1    1    1    3    8  1.13333E+04 0.00420 
   31    1    1    1    1    1    1    1    3    9  0.00000E+00 0.00000 
   32    1    1    1    1    1    1    1    3   10  9.78213E+03 0.00432 
   33    1    1    1    1    1    1    1    3   11  9.40883E+03 0.00447 
   34    1    1    1    1    1    1    1    4    1  0.00000E+00 0.00000 
   35    1    1    1    1    1    1    1    4    2  1.41764E+04 0.00382 
   36    1    1    1    1    1    1    1    4    3  1.41366E+04 0.00391 
   37    1    1    1    1    1    1    1    4    4  0.00000E+00 0.00000 
   38    1    1    1    1    1    1    1    4    5  1.24040E+04 0.00389 
   39    1    1    1    1    1    1    1    4    6  1.15319E+04 0.00400 
   40    1    1    1    1    1    1    1    4    7  0.00000E+00 0.00000 
   41    1    1    1    1    1    1    1    4    8  1.02213E+04 0.00417 
   42    1    1    1    1    1    1    1    4    9  9.81773E+03 0.00437 
   43    1    1    1    1    1    1    1    4   10  0.00000E+00 0.00000 
   44    1    1    1    1    1    1    1    4   11  9.16603E+03 0.00436 
   45    1    1    1    1    1    1    1    5    1  1.16444E+04 0.00410 
   46    1    1    1    1    1    1    1    5    2  0.00000E+00 0.00000 
   47    1    1    1    1    1    1    1    5    3  1.16618E+04 0.00417 
   48    1    1    1    1    1    1    1    5    4  1.13100E+04 0.00415 
   49    1    1    1    1    1    1    1    5    5  0.00000E+00 0.00000 
   50    1    1    1    1    1    1    1    5    6  1.03224E+04 0.00425 
   51    1    1    1    1    1    1    1    5    7  1.00924E+04 0.00427 
   52    1    1    1    1    1    1    1    5    8  0.00000E+00 0.00000 
   53    1    1    1    1    1    1    1    5    9  9.50008E+03 0.00427 
   54    1    1    1    1    1    1    1    5   10  9.19223E+03 0.00432 
   55    1    1    1    1    1    1    1    5   11  0.00000E+00 0.00000 
   56    1    1    1    1    1    1    1    6    1  1.05086E+04 0.00418 
   57    1    1    1    1    1    1    1    6    2  1.05483E+04 0.00407 
   58    1    1    1    1    1    1    1    6    3  0.00000E+00 0.00000 
   59    1    1    1    1    1    1    1    6    4  1.01825E+04 0.00425 
   60    1    1    1    1    1    1    1    6    5  9.98331E+03 0.00420 
   61    1    1    1    1    1    1    1    6    6  0.00000E+00 0.00000 
   62    1    1    1    1    1    1    1    6    7  9.72376E+03 0.00425 
   63    1    1    1    1    1    1    1    6    8  0.00000E+00 0.00000 
   64    1    1    1    1    1    1    1    6    9  0.00000E+00 0.00000 
   65    1    1    1    1    1    1    1    6   10  8.91624E+03 0.00438 
   66    1    1    1    1    1    1    1    6   11  8.69062E+03 0.00447 
   67    1    1    1    1    1    1    1    7    1  0.00000E+00 0.00000 
   68    1    1    1    1    1    1    1    7    2  9.80139E+03 0.00429 
   69    1    1    1    1    1    1    1    7    3  9.77588E+03 0.00426 
   70    1    1    1    1    1    1    1    7    4  0.00000E+00 0.00000 
   71    1    1    1    1    1    1    1    7    5  9.61280E+03 0.00420 
   72    1    1    1    1    1    1    1    7    6  9.36485E+03 0.00434 
   73    1    1    1    1    1    1    1    7    7  0.00000E+00 0.00000 
   74    1    1    1    1    1    1    1    7    8  9.14304E+03 0.00438 
   75    1    1    1    1    1    1    1    7    9  8.85186E+03 0.00447 
   76    1    1    1    1    1    1    1    7   10  0.00000E+00 0.00000 
   77    1    1    1    1    1    1    1    7   11  8.48937E+03 0.00460 
   78    1    1    1    1    1    1    1    8    1  9.44125E+03 0.00438 
   79    1    1    1    1    1    1    1    8    2  0.00000E+00 0.00000 
   80    1    1    1    1    1    1    1    8    3  9.53256E+03 0.00438 
   81    1    1    1    1    1    1    1    8    4  0.00000E+00 0.00000 
   82    1    1    1    1    1    1    1    8    5  0.00000E+00 0.00000 
   83    1    1    1    1    1    1    1    8    6  9.18127E+03 0.00436 
   84    1    1    1    1    1    1    1    8    7  8.83843E+03 0.00454 
   85    1    1    1    1    1    1    1    8    8  0.00000E+00 0.00000 
   86    1    1    1    1    1    1    1    8    9  8.52937E+03 0.00447 
   87    1    1    1    1    1    1    1    8   10  8.47867E+03 0.00462 
   88    1    1    1    1    1    1    1    8   11  0.00000E+00 0.00000 
   89    1    1    1    1    1    1    1    9    1  9.15988E+03 0.00436 
   90    1    1    1    1    1    1    1    9    2  9.21124E+03 0.00438 
   91    1    1    1    1    1    1    1    9    3  0.00000E+00 0.00000 
   92    1    1    1    1    1    1    1    9    4  9.07681E+03 0.00437 
   93    1    1    1    1    1    1    1    9    5  8.91921E+03 0.00431 
   94    1    1    1    1    1    1    1    9    6  0.00000E+00 0.00000 
   95    1    1    1    1    1    1    1    9    7  8.57763E+03 0.00454 
   96    1    1    1    1    1    1    1    9    8  8.46442E+03 0.00459 
   97    1    1    1    1    1    1    1    9    9  0.00000E+00 0.00000 
   98    1    1    1    1    1    1    1    9   10  8.33920E+03 0.00473 
   99    1    1    1    1    1    1    1    9   11  8.11853E+03 0.00453 
  100    1    1    1    1    1    1    1   10    1  0.00000E+00 0.00000 
  101    1    1    1    1    1    1    1   10    2  8.88463E+03 0.00441 
  102    1    1    1    1    1    1    1   10    3  8.86650E+03 0.00444 
  103    1    1    1    1    1    1    1   10    4  0.00000E+00 0.00000 
  104    1    1    1    1    1    1    1   10    5  8.64233E+03 0.00444 
  105    1    1    1    1    1    1    1   10    6  8.55283E+03 0.00440 
  106    1    1    1    1    1    1    1   10    7  0.00000E+00 0.00000 
  107    1    1    1    1    1    1    1   10    8  8.27378E+03 0.00457 
  108    1    1    1    1    1    1    1   10    9  8.20979E+03 0.00465 
  109    1    1    1    1    1    1    1   10   10  0.00000E+00 0.00000 
