
DETassem1 = [
    1    1    1    1    1    1    1    1    1    1  0.00000E+00 0.00000 
    2    1    1    1    1    1    1    1    1    2  0.00000E+00 0.00000 
    3    1    1    1    1    1    1    1    1    3  0.00000E+00 0.00000 
    4    1    1    1    1    1    1    1    1    4  0.00000E+00 0.00000 
    5    1    1    1    1    1    1    1    1    5  0.00000E+00 0.00000 
    6    1    1    1    1    1    1    1    1    6  0.00000E+00 0.00000 
    7    1    1    1    1    1    1    1    1    7  0.00000E+00 0.00000 
    8    1    1    1    1    1    1    1    1    8  1.88352E+04 0.00360 
    9    1    1    1    1    1    1    1    1    9  1.43548E+04 0.00388 
   10    1    1    1    1    1    1    1    1   10  0.00000E+00 0.00000 
   11    1    1    1    1    1    1    1    1   11  1.05689E+04 0.00434 
   12    1    1    1    1    1    1    1    2    1  2.05489E+04 0.00357 
   13    1    1    1    1    1    1    1    2    2  0.00000E+00 0.00000 
   14    1    1    1    1    1    1    1    2    3  0.00000E+00 0.00000 
   15    1    1    1    1    1    1    1    2    4  0.00000E+00 0.00000 
   16    1    1    1    1    1    1    1    2    5  0.00000E+00 0.00000 
   17    1    1    1    1    1    1    1    2    6  2.04905E+04 0.00345 
   18    1    1    1    1    1    1    1    2    7  1.65132E+04 0.00376 
   19    1    1    1    1    1    1    1    2    8  0.00000E+00 0.00000 
   20    1    1    1    1    1    1    1    2    9  1.17773E+04 0.00421 
   21    1    1    1    1    1    1    1    2   10  1.05783E+04 0.00437 
   22    1    1    1    1    1    1    1    2   11  0.00000E+00 0.00000 
   23    1    1    1    1    1    1    1    3    1  1.65060E+04 0.00380 
   24    1    1    1    1    1    1    1    3    2  1.89021E+04 0.00359 
   25    1    1    1    1    1    1    1    3    3  0.00000E+00 0.00000 
   26    1    1    1    1    1    1    1    3    4  1.89665E+04 0.00368 
   27    1    1    1    1    1    1    1    3    5  1.65238E+04 0.00381 
   28    1    1    1    1    1    1    1    3    6  0.00000E+00 0.00000 
   29    1    1    1    1    1    1    1    3    7  1.30047E+04 0.00408 
   30    1    1    1    1    1    1    1    3    8  1.15365E+04 0.00428 
   31    1    1    1    1    1    1    1    3    9  0.00000E+00 0.00000 
   32    1    1    1    1    1    1    1    3   10  9.93478E+03 0.00446 
   33    1    1    1    1    1    1    1    3   11  9.83947E+03 0.00440 
   34    1    1    1    1    1    1    1    4    1  0.00000E+00 0.00000 
   35    1    1    1    1    1    1    1    4    2  1.43637E+04 0.00400 
   36    1    1    1    1    1    1    1    4    3  1.43073E+04 0.00399 
   37    1    1    1    1    1    1    1    4    4  0.00000E+00 0.00000 
   38    1    1    1    1    1    1    1    4    5  1.28615E+04 0.00415 
   39    1    1    1    1    1    1    1    4    6  0.00000E+00 0.00000 
   40    1    1    1    1    1    1    1    4    7  0.00000E+00 0.00000 
   41    1    1    1    1    1    1    1    4    8  1.04017E+04 0.00440 
   42    1    1    1    1    1    1    1    4    9  9.91206E+03 0.00438 
   43    1    1    1    1    1    1    1    4   10  0.00000E+00 0.00000 
   44    1    1    1    1    1    1    1    4   11  9.86196E+03 0.00446 
   45    1    1    1    1    1    1    1    5    1  1.17625E+04 0.00414 
   46    1    1    1    1    1    1    1    5    2  0.00000E+00 0.00000 
   47    1    1    1    1    1    1    1    5    3  1.17811E+04 0.00420 
   48    1    1    1    1    1    1    1    5    4  1.14665E+04 0.00417 
   49    1    1    1    1    1    1    1    5    5  0.00000E+00 0.00000 
   50    1    1    1    1    1    1    1    5    6  1.08689E+04 0.00428 
   51    1    1    1    1    1    1    1    5    7  1.01413E+04 0.00448 
   52    1    1    1    1    1    1    1    5    8  0.00000E+00 0.00000 
   53    1    1    1    1    1    1    1    5    9  9.71166E+03 0.00445 
   54    1    1    1    1    1    1    1    5   10  9.49599E+03 0.00451 
   55    1    1    1    1    1    1    1    5   11  0.00000E+00 0.00000 
   56    1    1    1    1    1    1    1    6    1  1.06928E+04 0.00441 
   57    1    1    1    1    1    1    1    6    2  1.06891E+04 0.00430 
   58    1    1    1    1    1    1    1    6    3  0.00000E+00 0.00000 
   59    1    1    1    1    1    1    1    6    4  1.03016E+04 0.00433 
   60    1    1    1    1    1    1    1    6    5  1.01927E+04 0.00447 
   61    1    1    1    1    1    1    1    6    6  0.00000E+00 0.00000 
   62    1    1    1    1    1    1    1    6    7  9.75615E+03 0.00444 
   63    1    1    1    1    1    1    1    6    8  0.00000E+00 0.00000 
   64    1    1    1    1    1    1    1    6    9  0.00000E+00 0.00000 
   65    1    1    1    1    1    1    1    6   10  9.32842E+03 0.00455 
   66    1    1    1    1    1    1    1    6   11  9.33168E+03 0.00439 
   67    1    1    1    1    1    1    1    7    1  0.00000E+00 0.00000 
   68    1    1    1    1    1    1    1    7    2  1.00100E+04 0.00444 
   69    1    1    1    1    1    1    1    7    3  9.88279E+03 0.00440 
   70    1    1    1    1    1    1    1    7    4  0.00000E+00 0.00000 
   71    1    1    1    1    1    1    1    7    5  9.73384E+03 0.00445 
   72    1    1    1    1    1    1    1    7    6  9.39255E+03 0.00443 
   73    1    1    1    1    1    1    1    7    7  0.00000E+00 0.00000 
   74    1    1    1    1    1    1    1    7    8  9.30538E+03 0.00456 
   75    1    1    1    1    1    1    1    7    9  9.25887E+03 0.00476 
   76    1    1    1    1    1    1    1    7   10  0.00000E+00 0.00000 
   77    1    1    1    1    1    1    1    7   11  9.16549E+03 0.00458 
   78    1    1    1    1    1    1    1    8    1  9.72262E+03 0.00444 
   79    1    1    1    1    1    1    1    8    2  0.00000E+00 0.00000 
   80    1    1    1    1    1    1    1    8    3  9.72946E+03 0.00445 
   81    1    1    1    1    1    1    1    8    4  0.00000E+00 0.00000 
   82    1    1    1    1    1    1    1    8    5  0.00000E+00 0.00000 
   83    1    1    1    1    1    1    1    8    6  9.16646E+03 0.00454 
   84    1    1    1    1    1    1    1    8    7  9.07486E+03 0.00455 
   85    1    1    1    1    1    1    1    8    8  0.00000E+00 0.00000 
   86    1    1    1    1    1    1    1    8    9  9.18936E+03 0.00461 
   87    1    1    1    1    1    1    1    8   10  0.00000E+00 0.00000 
   88    1    1    1    1    1    1    1    8   11  0.00000E+00 0.00000 
   89    1    1    1    1    1    1    1    9    1  9.81539E+03 0.00446 
   90    1    1    1    1    1    1    1    9    2  9.51564E+03 0.00445 
   91    1    1    1    1    1    1    1    9    3  0.00000E+00 0.00000 
   92    1    1    1    1    1    1    1    9    4  9.35627E+03 0.00462 
   93    1    1    1    1    1    1    1    9    5  9.03689E+03 0.00443 
   94    1    1    1    1    1    1    1    9    6  0.00000E+00 0.00000 
   95    1    1    1    1    1    1    1    9    7  8.90762E+03 0.00461 
   96    1    1    1    1    1    1    1    9    8  9.05509E+03 0.00462 
   97    1    1    1    1    1    1    1    9    9  0.00000E+00 0.00000 
   98    1    1    1    1    1    1    1    9   10  8.82309E+03 0.00471 
   99    1    1    1    1    1    1    1    9   11  8.50686E+03 0.00468 
  100    1    1    1    1    1    1    1   10    1  0.00000E+00 0.00000 
  101    1    1    1    1    1    1    1   10    2  9.34877E+03 0.00441 
  102    1    1    1    1    1    1    1   10    3  9.15426E+03 0.00449 
  103    1    1    1    1    1    1    1   10    4  0.00000E+00 0.00000 
  104    1    1    1    1    1    1    1   10    5  8.93222E+03 0.00467 
  105    1    1    1    1    1    1    1   10    6  8.82293E+03 0.00454 
  106    1    1    1    1    1    1    1   10    7  0.00000E+00 0.00000 
  107    1    1    1    1    1    1    1   10    8  0.00000E+00 0.00000 
  108    1    1    1    1    1    1    1   10    9  8.74994E+03 0.00465 
  109    1    1    1    1    1    1    1   10   10  0.00000E+00 0.00000 
