
DETassem1 = [
    1    1    1    1    1    1    1    1    1    1  0.00000E+00 0.00000 
    2    1    1    1    1    1    1    1    1    2  0.00000E+00 0.00000 
    3    1    1    1    1    1    1    1    1    3  0.00000E+00 0.00000 
    4    1    1    1    1    1    1    1    1    4  0.00000E+00 0.00000 
    5    1    1    1    1    1    1    1    1    5  0.00000E+00 0.00000 
    6    1    1    1    1    1    1    1    1    6  0.00000E+00 0.00000 
    7    1    1    1    1    1    1    1    1    7  0.00000E+00 0.00000 
    8    1    1    1    1    1    1    1    1    8  1.85519E+04 0.00358 
    9    1    1    1    1    1    1    1    1    9  1.40605E+04 0.00391 
   10    1    1    1    1    1    1    1    1   10  0.00000E+00 0.00000 
   11    1    1    1    1    1    1    1    1   11  1.01385E+04 0.00435 
   12    1    1    1    1    1    1    1    2    1  1.99289E+04 0.00356 
   13    1    1    1    1    1    1    1    2    2  0.00000E+00 0.00000 
   14    1    1    1    1    1    1    1    2    3  0.00000E+00 0.00000 
   15    1    1    1    1    1    1    1    2    4  0.00000E+00 0.00000 
   16    1    1    1    1    1    1    1    2    5  0.00000E+00 0.00000 
   17    1    1    1    1    1    1    1    2    6  2.00152E+04 0.00349 
   18    1    1    1    1    1    1    1    2    7  1.60385E+04 0.00385 
   19    1    1    1    1    1    1    1    2    8  0.00000E+00 0.00000 
   20    1    1    1    1    1    1    1    2    9  1.13790E+04 0.00419 
   21    1    1    1    1    1    1    1    2   10  1.02856E+04 0.00441 
   22    1    1    1    1    1    1    1    2   11  0.00000E+00 0.00000 
   23    1    1    1    1    1    1    1    3    1  1.59823E+04 0.00381 
   24    1    1    1    1    1    1    1    3    2  1.84929E+04 0.00368 
   25    1    1    1    1    1    1    1    3    3  0.00000E+00 0.00000 
   26    1    1    1    1    1    1    1    3    4  1.84962E+04 0.00367 
   27    1    1    1    1    1    1    1    3    5  1.59726E+04 0.00381 
   28    1    1    1    1    1    1    1    3    6  0.00000E+00 0.00000 
   29    1    1    1    1    1    1    1    3    7  1.20626E+04 0.00425 
   30    1    1    1    1    1    1    1    3    8  1.08784E+04 0.00445 
   31    1    1    1    1    1    1    1    3    9  0.00000E+00 0.00000 
   32    1    1    1    1    1    1    1    3   10  9.44874E+03 0.00437 
   33    1    1    1    1    1    1    1    3   11  9.03049E+03 0.00455 
   34    1    1    1    1    1    1    1    4    1  0.00000E+00 0.00000 
   35    1    1    1    1    1    1    1    4    2  1.40156E+04 0.00393 
   36    1    1    1    1    1    1    1    4    3  1.40835E+04 0.00403 
   37    1    1    1    1    1    1    1    4    4  0.00000E+00 0.00000 
   38    1    1    1    1    1    1    1    4    5  1.21746E+04 0.00420 
   39    1    1    1    1    1    1    1    4    6  1.12555E+04 0.00428 
   40    1    1    1    1    1    1    1    4    7  0.00000E+00 0.00000 
   41    1    1    1    1    1    1    1    4    8  9.69667E+03 0.00442 
   42    1    1    1    1    1    1    1    4    9  9.22450E+03 0.00447 
   43    1    1    1    1    1    1    1    4   10  0.00000E+00 0.00000 
   44    1    1    1    1    1    1    1    4   11  8.73959E+03 0.00461 
   45    1    1    1    1    1    1    1    5    1  1.14152E+04 0.00426 
   46    1    1    1    1    1    1    1    5    2  0.00000E+00 0.00000 
   47    1    1    1    1    1    1    1    5    3  1.13051E+04 0.00436 
   48    1    1    1    1    1    1    1    5    4  1.09617E+04 0.00427 
   49    1    1    1    1    1    1    1    5    5  0.00000E+00 0.00000 
   50    1    1    1    1    1    1    1    5    6  9.86817E+03 0.00443 
   51    1    1    1    1    1    1    1    5    7  9.42872E+03 0.00438 
   52    1    1    1    1    1    1    1    5    8  0.00000E+00 0.00000 
   53    1    1    1    1    1    1    1    5    9  8.84674E+03 0.00455 
   54    1    1    1    1    1    1    1    5   10  8.74155E+03 0.00454 
   55    1    1    1    1    1    1    1    5   11  0.00000E+00 0.00000 
   56    1    1    1    1    1    1    1    6    1  1.01691E+04 0.00443 
   57    1    1    1    1    1    1    1    6    2  1.02118E+04 0.00436 
   58    1    1    1    1    1    1    1    6    3  0.00000E+00 0.00000 
   59    1    1    1    1    1    1    1    6    4  9.71365E+03 0.00437 
   60    1    1    1    1    1    1    1    6    5  9.42732E+03 0.00443 
   61    1    1    1    1    1    1    1    6    6  0.00000E+00 0.00000 
   62    1    1    1    1    1    1    1    6    7  8.95123E+03 0.00472 
   63    1    1    1    1    1    1    1    6    8  8.82760E+03 0.00452 
   64    1    1    1    1    1    1    1    6    9  0.00000E+00 0.00000 
   65    1    1    1    1    1    1    1    6   10  8.65253E+03 0.00456 
   66    1    1    1    1    1    1    1    6   11  8.57451E+03 0.00462 
   67    1    1    1    1    1    1    1    7    1  0.00000E+00 0.00000 
   68    1    1    1    1    1    1    1    7    2  9.41523E+03 0.00443 
   69    1    1    1    1    1    1    1    7    3  9.29919E+03 0.00455 
   70    1    1    1    1    1    1    1    7    4  0.00000E+00 0.00000 
   71    1    1    1    1    1    1    1    7    5  8.93913E+03 0.00456 
   72    1    1    1    1    1    1    1    7    6  8.82137E+03 0.00450 
   73    1    1    1    1    1    1    1    7    7  0.00000E+00 0.00000 
   74    1    1    1    1    1    1    1    7    8  8.62425E+03 0.00466 
   75    1    1    1    1    1    1    1    7    9  8.53362E+03 0.00457 
   76    1    1    1    1    1    1    1    7   10  0.00000E+00 0.00000 
   77    1    1    1    1    1    1    1    7   11  8.37016E+03 0.00463 
   78    1    1    1    1    1    1    1    8    1  9.12564E+03 0.00456 
   79    1    1    1    1    1    1    1    8    2  0.00000E+00 0.00000 
   80    1    1    1    1    1    1    1    8    3  8.81280E+03 0.00458 
   81    1    1    1    1    1    1    1    8    4  8.72796E+03 0.00459 
   82    1    1    1    1    1    1    1    8    5  0.00000E+00 0.00000 
   83    1    1    1    1    1    1    1    8    6  8.70429E+03 0.00459 
   84    1    1    1    1    1    1    1    8    7  8.71730E+03 0.00466 
   85    1    1    1    1    1    1    1    8    8  0.00000E+00 0.00000 
   86    1    1    1    1    1    1    1    8    9  8.62361E+03 0.00463 
   87    1    1    1    1    1    1    1    8   10  8.58382E+03 0.00468 
   88    1    1    1    1    1    1    1    8   11  0.00000E+00 0.00000 
   89    1    1    1    1    1    1    1    9    1  8.83073E+03 0.00465 
   90    1    1    1    1    1    1    1    9    2  8.65407E+03 0.00452 
   91    1    1    1    1    1    1    1    9    3  0.00000E+00 0.00000 
   92    1    1    1    1    1    1    1    9    4  8.63591E+03 0.00458 
   93    1    1    1    1    1    1    1    9    5  8.63343E+03 0.00458 
   94    1    1    1    1    1    1    1    9    6  0.00000E+00 0.00000 
   95    1    1    1    1    1    1    1    9    7  8.79648E+03 0.00462 
   96    1    1    1    1    1    1    1    9    8  8.69616E+03 0.00465 
   97    1    1    1    1    1    1    1    9    9  0.00000E+00 0.00000 
   98    1    1    1    1    1    1    1    9   10  8.69047E+03 0.00469 
   99    1    1    1    1    1    1    1    9   11  8.48487E+03 0.00463 
  100    1    1    1    1    1    1    1   10    1  0.00000E+00 0.00000 
  101    1    1    1    1    1    1    1   10    2  8.59388E+03 0.00463 
  102    1    1    1    1    1    1    1   10    3  8.49261E+03 0.00456 
  103    1    1    1    1    1    1    1   10    4  0.00000E+00 0.00000 
  104    1    1    1    1    1    1    1   10    5  8.88468E+03 0.00458 
  105    1    1    1    1    1    1    1   10    6  0.00000E+00 0.00000 
  106    1    1    1    1    1    1    1   10    7  0.00000E+00 0.00000 
  107    1    1    1    1    1    1    1   10    8  8.83400E+03 0.00464 
  108    1    1    1    1    1    1    1   10    9  0.00000E+00 0.00000 
  109    1    1    1    1    1    1    1   10   10  0.00000E+00 0.00000 
