
ZAI = [
922350
922380
666
0
];

NAMES = [
'U235            '
'U238            '
'lost            '
'total           '
];

i922350 = 1; iU235             = 1;
i922380 = 2; iU238             = 2;
iLOST    = 3;
iTOT     = 4;

MAT_un_VOLUME = [ 2.52496E+05 2.52496E+05 ];

MAT_un_BURNUP = [ 0.00000E+00 4.53978E+01 ];

MAT_un_ADENS = [
4.83387E-03 3.44253E-03 % U235
1.93936E-02 1.88370E-02 % U238
0.00000E+00 5.95616E-30 % lost data
7.26897E-02 7.38668E-02 % total
];

MAT_un_MDENS = [
1.88669E+00 1.34364E+00 % U235
7.66628E+00 7.44623E+00 % U238
0.00000E+00 0.00000E+00 % lost data
1.08000E+01 1.07985E+01 % total
];

MAT_un_A = [
3.80910E+10 2.71272E+10 % U235
2.40731E+10 2.33821E+10 % U238
0.00000E+00 0.00000E+00 % lost data
6.21640E+10 3.27115E+18 % total
];

MAT_un_H = [
2.85545E-02 2.03357E-02 % U235
1.64694E-02 1.59967E-02 % U238
0.00000E+00 0.00000E+00 % lost data
4.50239E-02 9.62399E+05 % total
];

MAT_un_SF = [
2.74255E+00 1.95316E+00 % U235
1.31439E+04 1.27666E+04 % U238
0.00000E+00 0.00000E+00 % lost data
1.31466E+04 1.19155E+08 % total
];

MAT_un_GSRC = [
4.81282E+10 3.42754E+10 % U235
2.13176E+09 2.07057E+09 % U238
0.00000E+00 0.00000E+00 % lost data
5.02599E+10 3.51398E+18 % total
];

MAT_un_ING_TOX = [
1.79028E+03 1.27498E+03 % U235
1.08329E+03 1.05219E+03 % U238
0.00000E+00 0.00000E+00 % lost data
2.87356E+03 2.24403E+09 % total
];

MAT_un_INH_TOX = [
3.23773E+05 2.30581E+05 % U235
1.92585E+05 1.87057E+05 % U238
0.00000E+00 0.00000E+00 % lost data
5.16358E+05 8.48045E+10 % total
];

TOT_VOLUME = [ 2.52496E+05 2.52496E+05 ];

TOT_BURNUP = [ 0.00000E+00 4.53978E+01 ];

TOT_ADENS = [
4.83387E-03 3.44253E-03 % U235
1.93936E-02 1.88370E-02 % U238
0.00000E+00 5.95616E-30 % lost data
7.26897E-02 7.38668E-02 % total
];

TOT_MASS = [
4.76381E+05 3.39264E+05 % U235
1.93570E+06 1.88014E+06 % U238
0.00000E+00 0.00000E+00 % lost data
2.72695E+06 2.72658E+06 % total
];

TOT_A = [
3.80910E+10 2.71272E+10 % U235
2.40731E+10 2.33821E+10 % U238
0.00000E+00 0.00000E+00 % lost data
6.21640E+10 3.27115E+18 % total
];

TOT_H = [
2.85545E-02 2.03357E-02 % U235
1.64694E-02 1.59967E-02 % U238
0.00000E+00 0.00000E+00 % lost data
4.50239E-02 9.62399E+05 % total
];

TOT_SF = [
2.74255E+00 1.95316E+00 % U235
1.31439E+04 1.27666E+04 % U238
0.00000E+00 0.00000E+00 % lost data
1.31466E+04 1.19155E+08 % total
];

TOT_GSRC = [
4.81282E+10 3.42754E+10 % U235
2.13176E+09 2.07057E+09 % U238
0.00000E+00 0.00000E+00 % lost data
5.02599E+10 3.51398E+18 % total
];

TOT_ING_TOX = [
1.79028E+03 1.27498E+03 % U235
1.08329E+03 1.05219E+03 % U238
0.00000E+00 0.00000E+00 % lost data
2.87356E+03 2.24403E+09 % total
];

TOT_INH_TOX = [
3.23773E+05 2.30581E+05 % U235
1.92585E+05 1.87057E+05 % U238
0.00000E+00 0.00000E+00 % lost data
5.16358E+05 8.48045E+10 % total
];

BU = [ 0.00000E+00 4.53964E+01 ];

DAYS = [ 0.00000E+00 7.30000E+03 ];
