
DETassem1 = [
    1    1    1    1    1    1    1    1    1    1  0.00000E+00 0.00000 
    2    1    1    1    1    1    1    1    1    2  0.00000E+00 0.00000 
    3    1    1    1    1    1    1    1    1    3  0.00000E+00 0.00000 
    4    1    1    1    1    1    1    1    1    4  0.00000E+00 0.00000 
    5    1    1    1    1    1    1    1    1    5  0.00000E+00 0.00000 
    6    1    1    1    1    1    1    1    1    6  0.00000E+00 0.00000 
    7    1    1    1    1    1    1    1    1    7  0.00000E+00 0.00000 
    8    1    1    1    1    1    1    1    1    8  1.82146E+04 0.00357 
    9    1    1    1    1    1    1    1    1    9  1.41760E+04 0.00386 
   10    1    1    1    1    1    1    1    1   10  0.00000E+00 0.00000 
   11    1    1    1    1    1    1    1    1   11  1.05887E+04 0.00418 
   12    1    1    1    1    1    1    1    2    1  1.96579E+04 0.00345 
   13    1    1    1    1    1    1    1    2    2  0.00000E+00 0.00000 
   14    1    1    1    1    1    1    1    2    3  0.00000E+00 0.00000 
   15    1    1    1    1    1    1    1    2    4  0.00000E+00 0.00000 
   16    1    1    1    1    1    1    1    2    5  0.00000E+00 0.00000 
   17    1    1    1    1    1    1    1    2    6  1.96230E+04 0.00344 
   18    1    1    1    1    1    1    1    2    7  1.61179E+04 0.00362 
   19    1    1    1    1    1    1    1    2    8  0.00000E+00 0.00000 
   20    1    1    1    1    1    1    1    2    9  1.16888E+04 0.00408 
   21    1    1    1    1    1    1    1    2   10  1.05435E+04 0.00424 
   22    1    1    1    1    1    1    1    2   11  0.00000E+00 0.00000 
   23    1    1    1    1    1    1    1    3    1  1.60248E+04 0.00360 
   24    1    1    1    1    1    1    1    3    2  1.80851E+04 0.00350 
   25    1    1    1    1    1    1    1    3    3  0.00000E+00 0.00000 
   26    1    1    1    1    1    1    1    3    4  1.81940E+04 0.00345 
   27    1    1    1    1    1    1    1    3    5  1.61139E+04 0.00373 
   28    1    1    1    1    1    1    1    3    6  0.00000E+00 0.00000 
   29    1    1    1    1    1    1    1    3    7  1.28858E+04 0.00406 
   30    1    1    1    1    1    1    1    3    8  1.13992E+04 0.00401 
   31    1    1    1    1    1    1    1    3    9  0.00000E+00 0.00000 
   32    1    1    1    1    1    1    1    3   10  9.81451E+03 0.00433 
   33    1    1    1    1    1    1    1    3   11  9.36201E+03 0.00441 
   34    1    1    1    1    1    1    1    4    1  0.00000E+00 0.00000 
   35    1    1    1    1    1    1    1    4    2  1.41349E+04 0.00382 
   36    1    1    1    1    1    1    1    4    3  1.42606E+04 0.00375 
   37    1    1    1    1    1    1    1    4    4  0.00000E+00 0.00000 
   38    1    1    1    1    1    1    1    4    5  1.28979E+04 0.00387 
   39    1    1    1    1    1    1    1    4    6  0.00000E+00 0.00000 
   40    1    1    1    1    1    1    1    4    7  0.00000E+00 0.00000 
   41    1    1    1    1    1    1    1    4    8  1.04136E+04 0.00423 
   42    1    1    1    1    1    1    1    4    9  9.66529E+03 0.00436 
   43    1    1    1    1    1    1    1    4   10  0.00000E+00 0.00000 
   44    1    1    1    1    1    1    1    4   11  9.08380E+03 0.00441 
   45    1    1    1    1    1    1    1    5    1  1.17312E+04 0.00409 
   46    1    1    1    1    1    1    1    5    2  0.00000E+00 0.00000 
   47    1    1    1    1    1    1    1    5    3  1.16937E+04 0.00403 
   48    1    1    1    1    1    1    1    5    4  1.15139E+04 0.00404 
   49    1    1    1    1    1    1    1    5    5  0.00000E+00 0.00000 
   50    1    1    1    1    1    1    1    5    6  1.07092E+04 0.00417 
   51    1    1    1    1    1    1    1    5    7  1.01282E+04 0.00415 
   52    1    1    1    1    1    1    1    5    8  0.00000E+00 0.00000 
   53    1    1    1    1    1    1    1    5    9  9.23009E+03 0.00433 
   54    1    1    1    1    1    1    1    5   10  9.00689E+03 0.00436 
   55    1    1    1    1    1    1    1    5   11  0.00000E+00 0.00000 
   56    1    1    1    1    1    1    1    6    1  1.05705E+04 0.00420 
   57    1    1    1    1    1    1    1    6    2  1.05750E+04 0.00426 
   58    1    1    1    1    1    1    1    6    3  0.00000E+00 0.00000 
   59    1    1    1    1    1    1    1    6    4  1.03386E+04 0.00424 
   60    1    1    1    1    1    1    1    6    5  1.00416E+04 0.00422 
   61    1    1    1    1    1    1    1    6    6  0.00000E+00 0.00000 
   62    1    1    1    1    1    1    1    6    7  9.37898E+03 0.00432 
   63    1    1    1    1    1    1    1    6    8  9.19534E+03 0.00435 
   64    1    1    1    1    1    1    1    6    9  0.00000E+00 0.00000 
   65    1    1    1    1    1    1    1    6   10  8.98000E+03 0.00450 
   66    1    1    1    1    1    1    1    6   11  8.74390E+03 0.00449 
   67    1    1    1    1    1    1    1    7    1  0.00000E+00 0.00000 
   68    1    1    1    1    1    1    1    7    2  9.80510E+03 0.00433 
   69    1    1    1    1    1    1    1    7    3  9.62225E+03 0.00437 
   70    1    1    1    1    1    1    1    7    4  0.00000E+00 0.00000 
   71    1    1    1    1    1    1    1    7    5  9.34897E+03 0.00442 
   72    1    1    1    1    1    1    1    7    6  9.21455E+03 0.00444 
   73    1    1    1    1    1    1    1    7    7  0.00000E+00 0.00000 
   74    1    1    1    1    1    1    1    7    8  8.98088E+03 0.00454 
   75    1    1    1    1    1    1    1    7    9  9.04621E+03 0.00448 
   76    1    1    1    1    1    1    1    7   10  0.00000E+00 0.00000 
   77    1    1    1    1    1    1    1    7   11  8.67799E+03 0.00448 
   78    1    1    1    1    1    1    1    8    1  9.31894E+03 0.00430 
   79    1    1    1    1    1    1    1    8    2  0.00000E+00 0.00000 
   80    1    1    1    1    1    1    1    8    3  9.21912E+03 0.00437 
   81    1    1    1    1    1    1    1    8    4  9.12336E+03 0.00435 
   82    1    1    1    1    1    1    1    8    5  0.00000E+00 0.00000 
   83    1    1    1    1    1    1    1    8    6  8.93732E+03 0.00440 
   84    1    1    1    1    1    1    1    8    7  8.90861E+03 0.00441 
   85    1    1    1    1    1    1    1    8    8  0.00000E+00 0.00000 
   86    1    1    1    1    1    1    1    8    9  0.00000E+00 0.00000 
   87    1    1    1    1    1    1    1    8   10  8.82212E+03 0.00447 
   88    1    1    1    1    1    1    1    8   11  0.00000E+00 0.00000 
   89    1    1    1    1    1    1    1    9    1  9.08463E+03 0.00445 
   90    1    1    1    1    1    1    1    9    2  9.05919E+03 0.00446 
   91    1    1    1    1    1    1    1    9    3  0.00000E+00 0.00000 
   92    1    1    1    1    1    1    1    9    4  9.02007E+03 0.00433 
   93    1    1    1    1    1    1    1    9    5  8.86933E+03 0.00437 
   94    1    1    1    1    1    1    1    9    6  0.00000E+00 0.00000 
   95    1    1    1    1    1    1    1    9    7  8.69597E+03 0.00461 
   96    1    1    1    1    1    1    1    9    8  8.84980E+03 0.00453 
   97    1    1    1    1    1    1    1    9    9  0.00000E+00 0.00000 
   98    1    1    1    1    1    1    1    9   10  8.47653E+03 0.00453 
   99    1    1    1    1    1    1    1    9   11  8.18508E+03 0.00466 
  100    1    1    1    1    1    1    1   10    1  0.00000E+00 0.00000 
  101    1    1    1    1    1    1    1   10    2  8.92133E+03 0.00442 
  102    1    1    1    1    1    1    1   10    3  8.92618E+03 0.00440 
  103    1    1    1    1    1    1    1   10    4  0.00000E+00 0.00000 
  104    1    1    1    1    1    1    1   10    5  8.76622E+03 0.00441 
  105    1    1    1    1    1    1    1   10    6  8.57263E+03 0.00444 
  106    1    1    1    1    1    1    1   10    7  0.00000E+00 0.00000 
  107    1    1    1    1    1    1    1   10    8  8.55794E+03 0.00459 
  108    1    1    1    1    1    1    1   10    9  8.39455E+03 0.00461 
  109    1    1    1    1    1    1    1   10   10  0.00000E+00 0.00000 
