
ZAI = [
922350
922380
666
0
];

NAMES = [
'U235            '
'U238            '
'lost            '
'total           '
];

i922350 = 1; iU235             = 1;
i922380 = 2; iU238             = 2;
iLOST    = 3;
iTOT     = 4;

MAT_un_VOLUME = [ 2.36632E+05 2.36632E+05 ];

MAT_un_BURNUP = [ 0.00000E+00 4.84414E+01 ];

MAT_un_ADENS = [
4.83387E-03 3.36232E-03 % U235
1.93936E-02 1.88159E-02 % U238
0.00000E+00 5.25570E-30 % lost data
7.26897E-02 7.39464E-02 % total
];

MAT_un_MDENS = [
1.88669E+00 1.31233E+00 % U235
7.66628E+00 7.43791E+00 % U238
0.00000E+00 0.00000E+00 % lost data
1.08000E+01 1.07984E+01 % total
];

MAT_un_A = [
3.56978E+10 2.48305E+10 % U235
2.25606E+10 2.18886E+10 % U238
0.00000E+00 0.00000E+00 % lost data
5.82584E+10 3.25702E+18 % total
];

MAT_un_H = [
2.67605E-02 1.86139E-02 % U235
1.54347E-02 1.49749E-02 % U238
0.00000E+00 0.00000E+00 % lost data
4.21952E-02 9.59489E+05 % total
];

MAT_un_SF = [
2.57024E+00 1.78779E+00 % U235
1.23181E+04 1.19512E+04 % U238
0.00000E+00 0.00000E+00 % lost data
1.23207E+04 1.39170E+08 % total
];

MAT_un_GSRC = [
4.51044E+10 3.13735E+10 % U235
1.99782E+09 1.93831E+09 % U238
0.00000E+00 0.00000E+00 % lost data
4.71022E+10 3.49581E+18 % total
];

MAT_un_ING_TOX = [
1.67780E+03 1.16703E+03 % U235
1.01523E+03 9.84985E+02 % U238
0.00000E+00 0.00000E+00 % lost data
2.69302E+03 2.25430E+09 % total
];

MAT_un_INH_TOX = [
3.03431E+05 2.11059E+05 % U235
1.80485E+05 1.75108E+05 % U238
0.00000E+00 0.00000E+00 % lost data
4.83916E+05 9.04739E+10 % total
];

TOT_VOLUME = [ 2.36632E+05 2.36632E+05 ];

TOT_BURNUP = [ 0.00000E+00 4.84414E+01 ];

TOT_ADENS = [
4.83387E-03 3.36232E-03 % U235
1.93936E-02 1.88159E-02 % U238
0.00000E+00 5.25570E-30 % lost data
7.26897E-02 7.39464E-02 % total
];

TOT_MASS = [
4.46451E+05 3.10540E+05 % U235
1.81409E+06 1.76005E+06 % U238
0.00000E+00 0.00000E+00 % lost data
2.55562E+06 2.55524E+06 % total
];

TOT_A = [
3.56978E+10 2.48305E+10 % U235
2.25606E+10 2.18886E+10 % U238
0.00000E+00 0.00000E+00 % lost data
5.82584E+10 3.25702E+18 % total
];

TOT_H = [
2.67605E-02 1.86139E-02 % U235
1.54347E-02 1.49749E-02 % U238
0.00000E+00 0.00000E+00 % lost data
4.21952E-02 9.59489E+05 % total
];

TOT_SF = [
2.57024E+00 1.78779E+00 % U235
1.23181E+04 1.19512E+04 % U238
0.00000E+00 0.00000E+00 % lost data
1.23207E+04 1.39170E+08 % total
];

TOT_GSRC = [
4.51044E+10 3.13735E+10 % U235
1.99782E+09 1.93831E+09 % U238
0.00000E+00 0.00000E+00 % lost data
4.71022E+10 3.49581E+18 % total
];

TOT_ING_TOX = [
1.67780E+03 1.16703E+03 % U235
1.01523E+03 9.84985E+02 % U238
0.00000E+00 0.00000E+00 % lost data
2.69302E+03 2.25430E+09 % total
];

TOT_INH_TOX = [
3.03431E+05 2.11059E+05 % U235
1.80485E+05 1.75108E+05 % U238
0.00000E+00 0.00000E+00 % lost data
4.83916E+05 9.04739E+10 % total
];

BU = [ 0.00000E+00 4.84398E+01 ];

DAYS = [ 0.00000E+00 7.30000E+03 ];
