
DETassem1 = [
    1    1    1    1    1    1    1    1    1    1  0.00000E+00 0.00000 
    2    1    1    1    1    1    1    1    1    2  0.00000E+00 0.00000 
    3    1    1    1    1    1    1    1    1    3  0.00000E+00 0.00000 
    4    1    1    1    1    1    1    1    1    4  0.00000E+00 0.00000 
    5    1    1    1    1    1    1    1    1    5  0.00000E+00 0.00000 
    6    1    1    1    1    1    1    1    1    6  0.00000E+00 0.00000 
    7    1    1    1    1    1    1    1    1    7  0.00000E+00 0.00000 
    8    1    1    1    1    1    1    1    1    8  1.85440E+04 0.00352 
    9    1    1    1    1    1    1    1    1    9  1.45535E+04 0.00380 
   10    1    1    1    1    1    1    1    1   10  0.00000E+00 0.00000 
   11    1    1    1    1    1    1    1    1   11  1.09845E+04 0.00408 
   12    1    1    1    1    1    1    1    2    1  1.99038E+04 0.00345 
   13    1    1    1    1    1    1    1    2    2  0.00000E+00 0.00000 
   14    1    1    1    1    1    1    1    2    3  0.00000E+00 0.00000 
   15    1    1    1    1    1    1    1    2    4  0.00000E+00 0.00000 
   16    1    1    1    1    1    1    1    2    5  0.00000E+00 0.00000 
   17    1    1    1    1    1    1    1    2    6  1.97865E+04 0.00342 
   18    1    1    1    1    1    1    1    2    7  1.62277E+04 0.00368 
   19    1    1    1    1    1    1    1    2    8  0.00000E+00 0.00000 
   20    1    1    1    1    1    1    1    2    9  1.20454E+04 0.00401 
   21    1    1    1    1    1    1    1    2   10  1.09938E+04 0.00413 
   22    1    1    1    1    1    1    1    2   11  0.00000E+00 0.00000 
   23    1    1    1    1    1    1    1    3    1  1.62335E+04 0.00368 
   24    1    1    1    1    1    1    1    3    2  1.84966E+04 0.00351 
   25    1    1    1    1    1    1    1    3    3  0.00000E+00 0.00000 
   26    1    1    1    1    1    1    1    3    4  1.84337E+04 0.00349 
   27    1    1    1    1    1    1    1    3    5  1.62515E+04 0.00362 
   28    1    1    1    1    1    1    1    3    6  0.00000E+00 0.00000 
   29    1    1    1    1    1    1    1    3    7  1.28177E+04 0.00405 
   30    1    1    1    1    1    1    1    3    8  1.16677E+04 0.00399 
   31    1    1    1    1    1    1    1    3    9  0.00000E+00 0.00000 
   32    1    1    1    1    1    1    1    3   10  1.03835E+04 0.00421 
   33    1    1    1    1    1    1    1    3   11  9.98823E+03 0.00425 
   34    1    1    1    1    1    1    1    4    1  0.00000E+00 0.00000 
   35    1    1    1    1    1    1    1    4    2  1.44670E+04 0.00378 
   36    1    1    1    1    1    1    1    4    3  1.44937E+04 0.00384 
   37    1    1    1    1    1    1    1    4    4  0.00000E+00 0.00000 
   38    1    1    1    1    1    1    1    4    5  1.28044E+04 0.00399 
   39    1    1    1    1    1    1    1    4    6  1.20910E+04 0.00398 
   40    1    1    1    1    1    1    1    4    7  0.00000E+00 0.00000 
   41    1    1    1    1    1    1    1    4    8  1.07893E+04 0.00413 
   42    1    1    1    1    1    1    1    4    9  1.04849E+04 0.00425 
   43    1    1    1    1    1    1    1    4   10  0.00000E+00 0.00000 
   44    1    1    1    1    1    1    1    4   11  9.74169E+03 0.00431 
   45    1    1    1    1    1    1    1    5    1  1.20948E+04 0.00394 
   46    1    1    1    1    1    1    1    5    2  0.00000E+00 0.00000 
   47    1    1    1    1    1    1    1    5    3  1.20502E+04 0.00409 
   48    1    1    1    1    1    1    1    5    4  1.17630E+04 0.00405 
   49    1    1    1    1    1    1    1    5    5  0.00000E+00 0.00000 
   50    1    1    1    1    1    1    1    5    6  1.08866E+04 0.00417 
   51    1    1    1    1    1    1    1    5    7  1.06487E+04 0.00420 
   52    1    1    1    1    1    1    1    5    8  0.00000E+00 0.00000 
   53    1    1    1    1    1    1    1    5    9  0.00000E+00 0.00000 
   54    1    1    1    1    1    1    1    5   10  9.90284E+03 0.00417 
   55    1    1    1    1    1    1    1    5   11  0.00000E+00 0.00000 
   56    1    1    1    1    1    1    1    6    1  1.10241E+04 0.00421 
   57    1    1    1    1    1    1    1    6    2  1.09517E+04 0.00407 
   58    1    1    1    1    1    1    1    6    3  0.00000E+00 0.00000 
   59    1    1    1    1    1    1    1    6    4  1.07786E+04 0.00415 
   60    1    1    1    1    1    1    1    6    5  1.06559E+04 0.00407 
   61    1    1    1    1    1    1    1    6    6  0.00000E+00 0.00000 
   62    1    1    1    1    1    1    1    6    7  1.03509E+04 0.00426 
   63    1    1    1    1    1    1    1    6    8  1.04155E+04 0.00424 
   64    1    1    1    1    1    1    1    6    9  0.00000E+00 0.00000 
   65    1    1    1    1    1    1    1    6   10  9.55197E+03 0.00433 
   66    1    1    1    1    1    1    1    6   11  9.10303E+03 0.00449 
   67    1    1    1    1    1    1    1    7    1  0.00000E+00 0.00000 
   68    1    1    1    1    1    1    1    7    2  1.03285E+04 0.00422 
   69    1    1    1    1    1    1    1    7    3  1.04539E+04 0.00417 
   70    1    1    1    1    1    1    1    7    4  0.00000E+00 0.00000 
   71    1    1    1    1    1    1    1    7    5  1.03725E+04 0.00416 
   72    1    1    1    1    1    1    1    7    6  0.00000E+00 0.00000 
   73    1    1    1    1    1    1    1    7    7  0.00000E+00 0.00000 
   74    1    1    1    1    1    1    1    7    8  0.00000E+00 0.00000 
   75    1    1    1    1    1    1    1    7    9  9.58182E+03 0.00431 
   76    1    1    1    1    1    1    1    7   10  0.00000E+00 0.00000 
   77    1    1    1    1    1    1    1    7   11  8.90192E+03 0.00451 
   78    1    1    1    1    1    1    1    8    1  1.00337E+04 0.00423 
   79    1    1    1    1    1    1    1    8    2  0.00000E+00 0.00000 
   80    1    1    1    1    1    1    1    8    3  0.00000E+00 0.00000 
   81    1    1    1    1    1    1    1    8    4  1.02611E+04 0.00422 
   82    1    1    1    1    1    1    1    8    5  0.00000E+00 0.00000 
   83    1    1    1    1    1    1    1    8    6  9.97289E+03 0.00433 
   84    1    1    1    1    1    1    1    8    7  9.71149E+03 0.00427 
   85    1    1    1    1    1    1    1    8    8  0.00000E+00 0.00000 
   86    1    1    1    1    1    1    1    8    9  9.10693E+03 0.00448 
   87    1    1    1    1    1    1    1    8   10  8.79417E+03 0.00451 
   88    1    1    1    1    1    1    1    8   11  0.00000E+00 0.00000 
   89    1    1    1    1    1    1    1    9    1  9.62996E+03 0.00443 
   90    1    1    1    1    1    1    1    9    2  9.96628E+03 0.00434 
   91    1    1    1    1    1    1    1    9    3  0.00000E+00 0.00000 
   92    1    1    1    1    1    1    1    9    4  0.00000E+00 0.00000 
   93    1    1    1    1    1    1    1    9    5  9.70585E+03 0.00423 
   94    1    1    1    1    1    1    1    9    6  0.00000E+00 0.00000 
   95    1    1    1    1    1    1    1    9    7  9.17020E+03 0.00436 
   96    1    1    1    1    1    1    1    9    8  8.93373E+03 0.00452 
   97    1    1    1    1    1    1    1    9    9  0.00000E+00 0.00000 
   98    1    1    1    1    1    1    1    9   10  8.60900E+03 0.00447 
   99    1    1    1    1    1    1    1    9   11  8.60577E+03 0.00450 
  100    1    1    1    1    1    1    1   10    1  0.00000E+00 0.00000 
  101    1    1    1    1    1    1    1   10    2  9.49357E+03 0.00426 
  102    1    1    1    1    1    1    1   10    3  9.65496E+03 0.00433 
  103    1    1    1    1    1    1    1   10    4  0.00000E+00 0.00000 
  104    1    1    1    1    1    1    1   10    5  9.24078E+03 0.00441 
  105    1    1    1    1    1    1    1   10    6  8.99540E+03 0.00447 
  106    1    1    1    1    1    1    1   10    7  0.00000E+00 0.00000 
  107    1    1    1    1    1    1    1   10    8  8.74943E+03 0.00451 
  108    1    1    1    1    1    1    1   10    9  8.55376E+03 0.00459 
  109    1    1    1    1    1    1    1   10   10  0.00000E+00 0.00000 
