
DETassem1 = [
    1    1    1    1    1    1    1    1    1    1  0.00000E+00 0.00000 
    2    1    1    1    1    1    1    1    1    2  0.00000E+00 0.00000 
    3    1    1    1    1    1    1    1    1    3  0.00000E+00 0.00000 
    4    1    1    1    1    1    1    1    1    4  0.00000E+00 0.00000 
    5    1    1    1    1    1    1    1    1    5  0.00000E+00 0.00000 
    6    1    1    1    1    1    1    1    1    6  0.00000E+00 0.00000 
    7    1    1    1    1    1    1    1    1    7  0.00000E+00 0.00000 
    8    1    1    1    1    1    1    1    1    8  1.82382E+04 0.00350 
    9    1    1    1    1    1    1    1    1    9  1.42112E+04 0.00377 
   10    1    1    1    1    1    1    1    1   10  0.00000E+00 0.00000 
   11    1    1    1    1    1    1    1    1   11  1.06490E+04 0.00419 
   12    1    1    1    1    1    1    1    2    1  1.95226E+04 0.00336 
   13    1    1    1    1    1    1    1    2    2  0.00000E+00 0.00000 
   14    1    1    1    1    1    1    1    2    3  0.00000E+00 0.00000 
   15    1    1    1    1    1    1    1    2    4  0.00000E+00 0.00000 
   16    1    1    1    1    1    1    1    2    5  0.00000E+00 0.00000 
   17    1    1    1    1    1    1    1    2    6  1.96502E+04 0.00342 
   18    1    1    1    1    1    1    1    2    7  1.60060E+04 0.00366 
   19    1    1    1    1    1    1    1    2    8  0.00000E+00 0.00000 
   20    1    1    1    1    1    1    1    2    9  1.17628E+04 0.00406 
   21    1    1    1    1    1    1    1    2   10  1.06587E+04 0.00416 
   22    1    1    1    1    1    1    1    2   11  0.00000E+00 0.00000 
   23    1    1    1    1    1    1    1    3    1  1.59396E+04 0.00367 
   24    1    1    1    1    1    1    1    3    2  1.81454E+04 0.00352 
   25    1    1    1    1    1    1    1    3    3  0.00000E+00 0.00000 
   26    1    1    1    1    1    1    1    3    4  1.82873E+04 0.00355 
   27    1    1    1    1    1    1    1    3    5  1.60596E+04 0.00367 
   28    1    1    1    1    1    1    1    3    6  0.00000E+00 0.00000 
   29    1    1    1    1    1    1    1    3    7  1.24671E+04 0.00396 
   30    1    1    1    1    1    1    1    3    8  1.12744E+04 0.00413 
   31    1    1    1    1    1    1    1    3    9  0.00000E+00 0.00000 
   32    1    1    1    1    1    1    1    3   10  9.83435E+03 0.00420 
   33    1    1    1    1    1    1    1    3   11  9.46481E+03 0.00436 
   34    1    1    1    1    1    1    1    4    1  0.00000E+00 0.00000 
   35    1    1    1    1    1    1    1    4    2  1.42111E+04 0.00385 
   36    1    1    1    1    1    1    1    4    3  1.41911E+04 0.00386 
   37    1    1    1    1    1    1    1    4    4  0.00000E+00 0.00000 
   38    1    1    1    1    1    1    1    4    5  1.24279E+04 0.00401 
   39    1    1    1    1    1    1    1    4    6  1.15685E+04 0.00399 
   40    1    1    1    1    1    1    1    4    7  0.00000E+00 0.00000 
   41    1    1    1    1    1    1    1    4    8  1.00529E+04 0.00423 
   42    1    1    1    1    1    1    1    4    9  9.62438E+03 0.00440 
   43    1    1    1    1    1    1    1    4   10  0.00000E+00 0.00000 
   44    1    1    1    1    1    1    1    4   11  9.23570E+03 0.00435 
   45    1    1    1    1    1    1    1    5    1  1.17744E+04 0.00403 
   46    1    1    1    1    1    1    1    5    2  0.00000E+00 0.00000 
   47    1    1    1    1    1    1    1    5    3  1.17731E+04 0.00412 
   48    1    1    1    1    1    1    1    5    4  1.13354E+04 0.00411 
   49    1    1    1    1    1    1    1    5    5  0.00000E+00 0.00000 
   50    1    1    1    1    1    1    1    5    6  1.02878E+04 0.00424 
   51    1    1    1    1    1    1    1    5    7  9.89587E+03 0.00441 
   52    1    1    1    1    1    1    1    5    8  0.00000E+00 0.00000 
   53    1    1    1    1    1    1    1    5    9  9.30770E+03 0.00430 
   54    1    1    1    1    1    1    1    5   10  9.10985E+03 0.00432 
   55    1    1    1    1    1    1    1    5   11  0.00000E+00 0.00000 
   56    1    1    1    1    1    1    1    6    1  1.06277E+04 0.00418 
   57    1    1    1    1    1    1    1    6    2  1.06396E+04 0.00413 
   58    1    1    1    1    1    1    1    6    3  0.00000E+00 0.00000 
   59    1    1    1    1    1    1    1    6    4  1.01164E+04 0.00426 
   60    1    1    1    1    1    1    1    6    5  9.89590E+03 0.00418 
   61    1    1    1    1    1    1    1    6    6  0.00000E+00 0.00000 
   62    1    1    1    1    1    1    1    6    7  9.31105E+03 0.00434 
   63    1    1    1    1    1    1    1    6    8  9.17593E+03 0.00432 
   64    1    1    1    1    1    1    1    6    9  0.00000E+00 0.00000 
   65    1    1    1    1    1    1    1    6   10  8.99163E+03 0.00448 
   66    1    1    1    1    1    1    1    6   11  8.90527E+03 0.00454 
   67    1    1    1    1    1    1    1    7    1  0.00000E+00 0.00000 
   68    1    1    1    1    1    1    1    7    2  9.85120E+03 0.00427 
   69    1    1    1    1    1    1    1    7    3  9.72629E+03 0.00432 
   70    1    1    1    1    1    1    1    7    4  0.00000E+00 0.00000 
   71    1    1    1    1    1    1    1    7    5  9.40618E+03 0.00429 
   72    1    1    1    1    1    1    1    7    6  9.26196E+03 0.00423 
   73    1    1    1    1    1    1    1    7    7  0.00000E+00 0.00000 
   74    1    1    1    1    1    1    1    7    8  9.08152E+03 0.00438 
   75    1    1    1    1    1    1    1    7    9  8.87041E+03 0.00442 
   76    1    1    1    1    1    1    1    7   10  0.00000E+00 0.00000 
   77    1    1    1    1    1    1    1    7   11  8.80519E+03 0.00447 
   78    1    1    1    1    1    1    1    8    1  9.48945E+03 0.00434 
   79    1    1    1    1    1    1    1    8    2  0.00000E+00 0.00000 
   80    1    1    1    1    1    1    1    8    3  9.30056E+03 0.00430 
   81    1    1    1    1    1    1    1    8    4  9.11887E+03 0.00437 
   82    1    1    1    1    1    1    1    8    5  0.00000E+00 0.00000 
   83    1    1    1    1    1    1    1    8    6  9.04650E+03 0.00434 
   84    1    1    1    1    1    1    1    8    7  9.05348E+03 0.00440 
   85    1    1    1    1    1    1    1    8    8  0.00000E+00 0.00000 
   86    1    1    1    1    1    1    1    8    9  8.92651E+03 0.00453 
   87    1    1    1    1    1    1    1    8   10  8.85502E+03 0.00440 
   88    1    1    1    1    1    1    1    8   11  0.00000E+00 0.00000 
   89    1    1    1    1    1    1    1    9    1  9.21041E+03 0.00437 
   90    1    1    1    1    1    1    1    9    2  9.04657E+03 0.00434 
   91    1    1    1    1    1    1    1    9    3  0.00000E+00 0.00000 
   92    1    1    1    1    1    1    1    9    4  8.98171E+03 0.00432 
   93    1    1    1    1    1    1    1    9    5  8.99368E+03 0.00441 
   94    1    1    1    1    1    1    1    9    6  0.00000E+00 0.00000 
   95    1    1    1    1    1    1    1    9    7  9.19749E+03 0.00447 
   96    1    1    1    1    1    1    1    9    8  8.97227E+03 0.00438 
   97    1    1    1    1    1    1    1    9    9  0.00000E+00 0.00000 
   98    1    1    1    1    1    1    1    9   10  8.94954E+03 0.00454 
   99    1    1    1    1    1    1    1    9   11  8.74346E+03 0.00454 
  100    1    1    1    1    1    1    1   10    1  0.00000E+00 0.00000 
  101    1    1    1    1    1    1    1   10    2  8.96205E+03 0.00454 
  102    1    1    1    1    1    1    1   10    3  8.88446E+03 0.00437 
  103    1    1    1    1    1    1    1   10    4  0.00000E+00 0.00000 
  104    1    1    1    1    1    1    1   10    5  9.10619E+03 0.00435 
  105    1    1    1    1    1    1    1   10    6  0.00000E+00 0.00000 
  106    1    1    1    1    1    1    1   10    7  0.00000E+00 0.00000 
  107    1    1    1    1    1    1    1   10    8  9.08284E+03 0.00449 
  108    1    1    1    1    1    1    1   10    9  0.00000E+00 0.00000 
  109    1    1    1    1    1    1    1   10   10  0.00000E+00 0.00000 
