
ZAI = [
922350
922380
666
0
];

NAMES = [
'U235            '
'U238            '
'lost            '
'total           '
];

i922350 = 1; iU235             = 1;
i922380 = 2; iU238             = 2;
iLOST    = 3;
iTOT     = 4;

MAT_un_VOLUME = [ 2.38301E+05 2.38301E+05 ];

MAT_un_BURNUP = [ 0.00000E+00 4.81019E+01 ];

MAT_un_ADENS = [
4.83387E-03 3.37138E-03 % U235
1.93936E-02 1.88194E-02 % U238
0.00000E+00 4.15336E-30 % lost data
7.26897E-02 7.39374E-02 % total
];

MAT_un_MDENS = [
1.88669E+00 1.31587E+00 % U235
7.66628E+00 7.43928E+00 % U238
0.00000E+00 0.00000E+00 % lost data
1.08000E+01 1.07984E+01 % total
];

MAT_un_A = [
3.59496E+10 2.50731E+10 % U235
2.27198E+10 2.20470E+10 % U238
0.00000E+00 0.00000E+00 % lost data
5.86694E+10 3.25711E+18 % total
];

MAT_un_H = [
2.69493E-02 1.87958E-02 % U235
1.55436E-02 1.50833E-02 % U238
0.00000E+00 0.00000E+00 % lost data
4.24929E-02 9.59647E+05 % total
];

MAT_un_SF = [
2.58837E+00 1.80526E+00 % U235
1.24050E+04 1.20377E+04 % U238
0.00000E+00 0.00000E+00 % lost data
1.24076E+04 1.36194E+08 % total
];

MAT_un_GSRC = [
4.54226E+10 3.16800E+10 % U235
2.01192E+09 1.95235E+09 % U238
0.00000E+00 0.00000E+00 % lost data
4.74345E+10 3.49612E+18 % total
];

MAT_un_ING_TOX = [
1.68963E+03 1.17843E+03 % U235
1.02239E+03 9.92117E+02 % U238
0.00000E+00 0.00000E+00 % lost data
2.71202E+03 2.25167E+09 % total
];

MAT_un_INH_TOX = [
3.05572E+05 2.13121E+05 % U235
1.81758E+05 1.76376E+05 % U238
0.00000E+00 0.00000E+00 % lost data
4.87330E+05 8.95071E+10 % total
];

TOT_VOLUME = [ 2.38301E+05 2.38301E+05 ];

TOT_BURNUP = [ 0.00000E+00 4.81019E+01 ];

TOT_ADENS = [
4.83387E-03 3.37138E-03 % U235
1.93936E-02 1.88194E-02 % U238
0.00000E+00 4.15336E-30 % lost data
7.26897E-02 7.39374E-02 % total
];

TOT_MASS = [
4.49601E+05 3.13574E+05 % U235
1.82689E+06 1.77279E+06 % U238
0.00000E+00 0.00000E+00 % lost data
2.57366E+06 2.57327E+06 % total
];

TOT_A = [
3.59496E+10 2.50731E+10 % U235
2.27198E+10 2.20470E+10 % U238
0.00000E+00 0.00000E+00 % lost data
5.86694E+10 3.25711E+18 % total
];

TOT_H = [
2.69493E-02 1.87958E-02 % U235
1.55436E-02 1.50833E-02 % U238
0.00000E+00 0.00000E+00 % lost data
4.24929E-02 9.59647E+05 % total
];

TOT_SF = [
2.58837E+00 1.80526E+00 % U235
1.24050E+04 1.20377E+04 % U238
0.00000E+00 0.00000E+00 % lost data
1.24076E+04 1.36194E+08 % total
];

TOT_GSRC = [
4.54226E+10 3.16800E+10 % U235
2.01192E+09 1.95235E+09 % U238
0.00000E+00 0.00000E+00 % lost data
4.74345E+10 3.49612E+18 % total
];

TOT_ING_TOX = [
1.68963E+03 1.17843E+03 % U235
1.02239E+03 9.92117E+02 % U238
0.00000E+00 0.00000E+00 % lost data
2.71202E+03 2.25167E+09 % total
];

TOT_INH_TOX = [
3.05572E+05 2.13121E+05 % U235
1.81758E+05 1.76376E+05 % U238
0.00000E+00 0.00000E+00 % lost data
4.87330E+05 8.95071E+10 % total
];

BU = [ 0.00000E+00 4.81004E+01 ];

DAYS = [ 0.00000E+00 7.30000E+03 ];
