
DETassem1 = [
    1    1    1    1    1    1    1    1    1    1  0.00000E+00 0.00000 
    2    1    1    1    1    1    1    1    1    2  0.00000E+00 0.00000 
    3    1    1    1    1    1    1    1    1    3  0.00000E+00 0.00000 
    4    1    1    1    1    1    1    1    1    4  0.00000E+00 0.00000 
    5    1    1    1    1    1    1    1    1    5  0.00000E+00 0.00000 
    6    1    1    1    1    1    1    1    1    6  0.00000E+00 0.00000 
    7    1    1    1    1    1    1    1    1    7  0.00000E+00 0.00000 
    8    1    1    1    1    1    1    1    1    8  1.83875E+04 0.00359 
    9    1    1    1    1    1    1    1    1    9  1.43631E+04 0.00378 
   10    1    1    1    1    1    1    1    1   10  0.00000E+00 0.00000 
   11    1    1    1    1    1    1    1    1   11  1.08620E+04 0.00407 
   12    1    1    1    1    1    1    1    2    1  1.96751E+04 0.00338 
   13    1    1    1    1    1    1    1    2    2  0.00000E+00 0.00000 
   14    1    1    1    1    1    1    1    2    3  0.00000E+00 0.00000 
   15    1    1    1    1    1    1    1    2    4  0.00000E+00 0.00000 
   16    1    1    1    1    1    1    1    2    5  0.00000E+00 0.00000 
   17    1    1    1    1    1    1    1    2    6  1.97304E+04 0.00341 
   18    1    1    1    1    1    1    1    2    7  1.61292E+04 0.00360 
   19    1    1    1    1    1    1    1    2    8  0.00000E+00 0.00000 
   20    1    1    1    1    1    1    1    2    9  1.18526E+04 0.00413 
   21    1    1    1    1    1    1    1    2   10  1.08264E+04 0.00412 
   22    1    1    1    1    1    1    1    2   11  0.00000E+00 0.00000 
   23    1    1    1    1    1    1    1    3    1  1.61666E+04 0.00368 
   24    1    1    1    1    1    1    1    3    2  1.83160E+04 0.00358 
   25    1    1    1    1    1    1    1    3    3  0.00000E+00 0.00000 
   26    1    1    1    1    1    1    1    3    4  1.82910E+04 0.00363 
   27    1    1    1    1    1    1    1    3    5  1.59096E+04 0.00370 
   28    1    1    1    1    1    1    1    3    6  0.00000E+00 0.00000 
   29    1    1    1    1    1    1    1    3    7  1.26013E+04 0.00402 
   30    1    1    1    1    1    1    1    3    8  1.14502E+04 0.00408 
   31    1    1    1    1    1    1    1    3    9  0.00000E+00 0.00000 
   32    1    1    1    1    1    1    1    3   10  1.01613E+04 0.00417 
   33    1    1    1    1    1    1    1    3   11  9.81663E+03 0.00422 
   34    1    1    1    1    1    1    1    4    1  0.00000E+00 0.00000 
   35    1    1    1    1    1    1    1    4    2  1.43409E+04 0.00383 
   36    1    1    1    1    1    1    1    4    3  1.44088E+04 0.00378 
   37    1    1    1    1    1    1    1    4    4  0.00000E+00 0.00000 
   38    1    1    1    1    1    1    1    4    5  1.26335E+04 0.00404 
   39    1    1    1    1    1    1    1    4    6  1.18099E+04 0.00402 
   40    1    1    1    1    1    1    1    4    7  0.00000E+00 0.00000 
   41    1    1    1    1    1    1    1    4    8  1.03227E+04 0.00428 
   42    1    1    1    1    1    1    1    4    9  9.95871E+03 0.00418 
   43    1    1    1    1    1    1    1    4   10  0.00000E+00 0.00000 
   44    1    1    1    1    1    1    1    4   11  9.74666E+03 0.00425 
   45    1    1    1    1    1    1    1    5    1  1.18746E+04 0.00409 
   46    1    1    1    1    1    1    1    5    2  0.00000E+00 0.00000 
   47    1    1    1    1    1    1    1    5    3  1.19367E+04 0.00401 
   48    1    1    1    1    1    1    1    5    4  1.14812E+04 0.00410 
   49    1    1    1    1    1    1    1    5    5  0.00000E+00 0.00000 
   50    1    1    1    1    1    1    1    5    6  1.03951E+04 0.00418 
   51    1    1    1    1    1    1    1    5    7  9.96720E+03 0.00428 
   52    1    1    1    1    1    1    1    5    8  0.00000E+00 0.00000 
   53    1    1    1    1    1    1    1    5    9  9.72478E+03 0.00431 
   54    1    1    1    1    1    1    1    5   10  0.00000E+00 0.00000 
   55    1    1    1    1    1    1    1    5   11  0.00000E+00 0.00000 
   56    1    1    1    1    1    1    1    6    1  1.08522E+04 0.00417 
   57    1    1    1    1    1    1    1    6    2  1.08721E+04 0.00413 
   58    1    1    1    1    1    1    1    6    3  0.00000E+00 0.00000 
   59    1    1    1    1    1    1    1    6    4  1.03531E+04 0.00422 
   60    1    1    1    1    1    1    1    6    5  1.00588E+04 0.00426 
   61    1    1    1    1    1    1    1    6    6  0.00000E+00 0.00000 
   62    1    1    1    1    1    1    1    6    7  9.46347E+03 0.00422 
   63    1    1    1    1    1    1    1    6    8  9.43812E+03 0.00424 
   64    1    1    1    1    1    1    1    6    9  0.00000E+00 0.00000 
   65    1    1    1    1    1    1    1    6   10  9.41855E+03 0.00430 
   66    1    1    1    1    1    1    1    6   11  9.16090E+03 0.00445 
   67    1    1    1    1    1    1    1    7    1  0.00000E+00 0.00000 
   68    1    1    1    1    1    1    1    7    2  1.01143E+04 0.00427 
   69    1    1    1    1    1    1    1    7    3  9.97979E+03 0.00430 
   70    1    1    1    1    1    1    1    7    4  0.00000E+00 0.00000 
   71    1    1    1    1    1    1    1    7    5  9.50525E+03 0.00429 
   72    1    1    1    1    1    1    1    7    6  9.29234E+03 0.00428 
   73    1    1    1    1    1    1    1    7    7  0.00000E+00 0.00000 
   74    1    1    1    1    1    1    1    7    8  9.13282E+03 0.00435 
   75    1    1    1    1    1    1    1    7    9  9.13654E+03 0.00439 
   76    1    1    1    1    1    1    1    7   10  0.00000E+00 0.00000 
   77    1    1    1    1    1    1    1    7   11  9.00279E+03 0.00438 
   78    1    1    1    1    1    1    1    8    1  9.81403E+03 0.00420 
   79    1    1    1    1    1    1    1    8    2  0.00000E+00 0.00000 
   80    1    1    1    1    1    1    1    8    3  9.76197E+03 0.00429 
   81    1    1    1    1    1    1    1    8    4  9.46912E+03 0.00428 
   82    1    1    1    1    1    1    1    8    5  0.00000E+00 0.00000 
   83    1    1    1    1    1    1    1    8    6  9.19198E+03 0.00441 
   84    1    1    1    1    1    1    1    8    7  9.08884E+03 0.00437 
   85    1    1    1    1    1    1    1    8    8  0.00000E+00 0.00000 
   86    1    1    1    1    1    1    1    8    9  8.90586E+03 0.00439 
   87    1    1    1    1    1    1    1    8   10  8.83973E+03 0.00447 
   88    1    1    1    1    1    1    1    8   11  0.00000E+00 0.00000 
   89    1    1    1    1    1    1    1    9    1  9.78071E+03 0.00430 
   90    1    1    1    1    1    1    1    9    2  0.00000E+00 0.00000 
   91    1    1    1    1    1    1    1    9    3  0.00000E+00 0.00000 
   92    1    1    1    1    1    1    1    9    4  9.18626E+03 0.00439 
   93    1    1    1    1    1    1    1    9    5  9.14206E+03 0.00437 
   94    1    1    1    1    1    1    1    9    6  0.00000E+00 0.00000 
   95    1    1    1    1    1    1    1    9    7  9.08174E+03 0.00437 
   96    1    1    1    1    1    1    1    9    8  8.83810E+03 0.00441 
   97    1    1    1    1    1    1    1    9    9  0.00000E+00 0.00000 
   98    1    1    1    1    1    1    1    9   10  8.69338E+03 0.00453 
   99    1    1    1    1    1    1    1    9   11  8.87177E+03 0.00451 
  100    1    1    1    1    1    1    1   10    1  0.00000E+00 0.00000 
  101    1    1    1    1    1    1    1   10    2  9.48221E+03 0.00430 
  102    1    1    1    1    1    1    1   10    3  9.16055E+03 0.00442 
  103    1    1    1    1    1    1    1   10    4  0.00000E+00 0.00000 
  104    1    1    1    1    1    1    1   10    5  9.14043E+03 0.00439 
  105    1    1    1    1    1    1    1   10    6  0.00000E+00 0.00000 
  106    1    1    1    1    1    1    1   10    7  0.00000E+00 0.00000 
  107    1    1    1    1    1    1    1   10    8  8.62278E+03 0.00450 
  108    1    1    1    1    1    1    1   10    9  8.50701E+03 0.00452 
  109    1    1    1    1    1    1    1   10   10  0.00000E+00 0.00000 
