
ZAI = [
922350
922380
666
0
];

NAMES = [
'U235            '
'U238            '
'lost            '
'total           '
];

i922350 = 1; iU235             = 1;
i922380 = 2; iU238             = 2;
iLOST    = 3;
iTOT     = 4;

MAT_un_VOLUME = [ 2.58763E+05 2.58763E+05 ];

MAT_un_BURNUP = [ 0.00000E+00 4.42983E+01 ];

MAT_un_ADENS = [
4.83387E-03 3.47231E-03 % U235
1.93936E-02 1.88478E-02 % U238
0.00000E+00 4.30463E-30 % lost data
7.26897E-02 7.38380E-02 % total
];

MAT_un_MDENS = [
1.88669E+00 1.35527E+00 % U235
7.66628E+00 7.45051E+00 % U238
0.00000E+00 0.00000E+00 % lost data
1.08000E+01 1.07985E+01 % total
];

MAT_un_A = [
3.90364E+10 2.80410E+10 % U235
2.46706E+10 2.39762E+10 % U238
0.00000E+00 0.00000E+00 % lost data
6.37070E+10 3.27346E+18 % total
];

MAT_un_H = [
2.92633E-02 2.10207E-02 % U235
1.68782E-02 1.64032E-02 % U238
0.00000E+00 0.00000E+00 % lost data
4.61415E-02 9.63206E+05 % total
];

MAT_un_SF = [
2.81062E+00 2.01896E+00 % U235
1.34702E+04 1.30910E+04 % U238
0.00000E+00 0.00000E+00 % lost data
1.34730E+04 1.12974E+08 % total
];

MAT_un_GSRC = [
4.93228E+10 3.54300E+10 % U235
2.18467E+09 2.12318E+09 % U238
0.00000E+00 0.00000E+00 % lost data
5.15075E+10 3.51708E+18 % total
];

MAT_un_ING_TOX = [
1.83471E+03 1.31793E+03 % U235
1.11018E+03 1.07893E+03 % U238
0.00000E+00 0.00000E+00 % lost data
2.94489E+03 2.23885E+09 % total
];

MAT_un_INH_TOX = [
3.31810E+05 2.38349E+05 % U235
1.97365E+05 1.91810E+05 % U238
0.00000E+00 0.00000E+00 % lost data
5.29175E+05 8.27216E+10 % total
];

TOT_VOLUME = [ 2.58763E+05 2.58763E+05 ];

TOT_BURNUP = [ 0.00000E+00 4.42983E+01 ];

TOT_ADENS = [
4.83387E-03 3.47231E-03 % U235
1.93936E-02 1.88478E-02 % U238
0.00000E+00 4.30463E-30 % lost data
7.26897E-02 7.38380E-02 % total
];

TOT_MASS = [
4.88205E+05 3.50693E+05 % U235
1.98375E+06 1.92792E+06 % U238
0.00000E+00 0.00000E+00 % lost data
2.79464E+06 2.79426E+06 % total
];

TOT_A = [
3.90364E+10 2.80410E+10 % U235
2.46706E+10 2.39762E+10 % U238
0.00000E+00 0.00000E+00 % lost data
6.37070E+10 3.27346E+18 % total
];

TOT_H = [
2.92633E-02 2.10207E-02 % U235
1.68782E-02 1.64032E-02 % U238
0.00000E+00 0.00000E+00 % lost data
4.61415E-02 9.63206E+05 % total
];

TOT_SF = [
2.81062E+00 2.01896E+00 % U235
1.34702E+04 1.30910E+04 % U238
0.00000E+00 0.00000E+00 % lost data
1.34730E+04 1.12974E+08 % total
];

TOT_GSRC = [
4.93228E+10 3.54300E+10 % U235
2.18467E+09 2.12318E+09 % U238
0.00000E+00 0.00000E+00 % lost data
5.15075E+10 3.51708E+18 % total
];

TOT_ING_TOX = [
1.83471E+03 1.31793E+03 % U235
1.11018E+03 1.07893E+03 % U238
0.00000E+00 0.00000E+00 % lost data
2.94489E+03 2.23885E+09 % total
];

TOT_INH_TOX = [
3.31810E+05 2.38349E+05 % U235
1.97365E+05 1.91810E+05 % U238
0.00000E+00 0.00000E+00 % lost data
5.29175E+05 8.27216E+10 % total
];

BU = [ 0.00000E+00 4.42969E+01 ];

DAYS = [ 0.00000E+00 7.30000E+03 ];
