
DETassem1 = [
    1    1    1    1    1    1    1    1    1    1  0.00000E+00 0.00000 
    2    1    1    1    1    1    1    1    1    2  0.00000E+00 0.00000 
    3    1    1    1    1    1    1    1    1    3  0.00000E+00 0.00000 
    4    1    1    1    1    1    1    1    1    4  0.00000E+00 0.00000 
    5    1    1    1    1    1    1    1    1    5  0.00000E+00 0.00000 
    6    1    1    1    1    1    1    1    1    6  0.00000E+00 0.00000 
    7    1    1    1    1    1    1    1    1    7  0.00000E+00 0.00000 
    8    1    1    1    1    1    1    1    1    8  1.86115E+04 0.00357 
    9    1    1    1    1    1    1    1    1    9  1.43580E+04 0.00399 
   10    1    1    1    1    1    1    1    1   10  0.00000E+00 0.00000 
   11    1    1    1    1    1    1    1    1   11  1.05056E+04 0.00431 
   12    1    1    1    1    1    1    1    2    1  2.00525E+04 0.00366 
   13    1    1    1    1    1    1    1    2    2  0.00000E+00 0.00000 
   14    1    1    1    1    1    1    1    2    3  0.00000E+00 0.00000 
   15    1    1    1    1    1    1    1    2    4  0.00000E+00 0.00000 
   16    1    1    1    1    1    1    1    2    5  0.00000E+00 0.00000 
   17    1    1    1    1    1    1    1    2    6  2.01403E+04 0.00357 
   18    1    1    1    1    1    1    1    2    7  1.62727E+04 0.00383 
   19    1    1    1    1    1    1    1    2    8  0.00000E+00 0.00000 
   20    1    1    1    1    1    1    1    2    9  1.16120E+04 0.00425 
   21    1    1    1    1    1    1    1    2   10  1.05749E+04 0.00433 
   22    1    1    1    1    1    1    1    2   11  0.00000E+00 0.00000 
   23    1    1    1    1    1    1    1    3    1  1.62123E+04 0.00381 
   24    1    1    1    1    1    1    1    3    2  1.86215E+04 0.00366 
   25    1    1    1    1    1    1    1    3    3  0.00000E+00 0.00000 
   26    1    1    1    1    1    1    1    3    4  1.87731E+04 0.00363 
   27    1    1    1    1    1    1    1    3    5  1.61693E+04 0.00379 
   28    1    1    1    1    1    1    1    3    6  0.00000E+00 0.00000 
   29    1    1    1    1    1    1    1    3    7  1.23332E+04 0.00402 
   30    1    1    1    1    1    1    1    3    8  1.12863E+04 0.00431 
   31    1    1    1    1    1    1    1    3    9  0.00000E+00 0.00000 
   32    1    1    1    1    1    1    1    3   10  9.86729E+03 0.00452 
   33    1    1    1    1    1    1    1    3   11  9.55923E+03 0.00451 
   34    1    1    1    1    1    1    1    4    1  0.00000E+00 0.00000 
   35    1    1    1    1    1    1    1    4    2  1.42866E+04 0.00394 
   36    1    1    1    1    1    1    1    4    3  1.43659E+04 0.00392 
   37    1    1    1    1    1    1    1    4    4  0.00000E+00 0.00000 
   38    1    1    1    1    1    1    1    4    5  1.24532E+04 0.00411 
   39    1    1    1    1    1    1    1    4    6  1.15109E+04 0.00428 
   40    1    1    1    1    1    1    1    4    7  0.00000E+00 0.00000 
   41    1    1    1    1    1    1    1    4    8  1.02240E+04 0.00445 
   42    1    1    1    1    1    1    1    4    9  1.00075E+04 0.00443 
   43    1    1    1    1    1    1    1    4   10  0.00000E+00 0.00000 
   44    1    1    1    1    1    1    1    4   11  9.32412E+03 0.00458 
   45    1    1    1    1    1    1    1    5    1  1.17090E+04 0.00418 
   46    1    1    1    1    1    1    1    5    2  0.00000E+00 0.00000 
   47    1    1    1    1    1    1    1    5    3  1.16531E+04 0.00426 
   48    1    1    1    1    1    1    1    5    4  1.12176E+04 0.00436 
   49    1    1    1    1    1    1    1    5    5  0.00000E+00 0.00000 
   50    1    1    1    1    1    1    1    5    6  1.04004E+04 0.00436 
   51    1    1    1    1    1    1    1    5    7  1.01517E+04 0.00439 
   52    1    1    1    1    1    1    1    5    8  0.00000E+00 0.00000 
   53    1    1    1    1    1    1    1    5    9  0.00000E+00 0.00000 
   54    1    1    1    1    1    1    1    5   10  9.50518E+03 0.00450 
   55    1    1    1    1    1    1    1    5   11  0.00000E+00 0.00000 
   56    1    1    1    1    1    1    1    6    1  1.05331E+04 0.00427 
   57    1    1    1    1    1    1    1    6    2  1.05653E+04 0.00437 
   58    1    1    1    1    1    1    1    6    3  0.00000E+00 0.00000 
   59    1    1    1    1    1    1    1    6    4  1.02862E+04 0.00431 
   60    1    1    1    1    1    1    1    6    5  1.01447E+04 0.00446 
   61    1    1    1    1    1    1    1    6    6  0.00000E+00 0.00000 
   62    1    1    1    1    1    1    1    6    7  1.00206E+04 0.00446 
   63    1    1    1    1    1    1    1    6    8  9.96564E+03 0.00447 
   64    1    1    1    1    1    1    1    6    9  0.00000E+00 0.00000 
   65    1    1    1    1    1    1    1    6   10  9.08554E+03 0.00452 
   66    1    1    1    1    1    1    1    6   11  8.76960E+03 0.00474 
   67    1    1    1    1    1    1    1    7    1  0.00000E+00 0.00000 
   68    1    1    1    1    1    1    1    7    2  9.96441E+03 0.00445 
   69    1    1    1    1    1    1    1    7    3  1.00763E+04 0.00441 
   70    1    1    1    1    1    1    1    7    4  0.00000E+00 0.00000 
   71    1    1    1    1    1    1    1    7    5  1.00339E+04 0.00443 
   72    1    1    1    1    1    1    1    7    6  0.00000E+00 0.00000 
   73    1    1    1    1    1    1    1    7    7  0.00000E+00 0.00000 
   74    1    1    1    1    1    1    1    7    8  0.00000E+00 0.00000 
   75    1    1    1    1    1    1    1    7    9  9.22168E+03 0.00458 
   76    1    1    1    1    1    1    1    7   10  0.00000E+00 0.00000 
   77    1    1    1    1    1    1    1    7   11  8.51092E+03 0.00476 
   78    1    1    1    1    1    1    1    8    1  9.59383E+03 0.00448 
   79    1    1    1    1    1    1    1    8    2  0.00000E+00 0.00000 
   80    1    1    1    1    1    1    1    8    3  0.00000E+00 0.00000 
   81    1    1    1    1    1    1    1    8    4  1.00735E+04 0.00443 
   82    1    1    1    1    1    1    1    8    5  0.00000E+00 0.00000 
   83    1    1    1    1    1    1    1    8    6  9.63129E+03 0.00453 
   84    1    1    1    1    1    1    1    8    7  9.42267E+03 0.00452 
   85    1    1    1    1    1    1    1    8    8  0.00000E+00 0.00000 
   86    1    1    1    1    1    1    1    8    9  8.74363E+03 0.00464 
   87    1    1    1    1    1    1    1    8   10  8.53195E+03 0.00474 
   88    1    1    1    1    1    1    1    8   11  0.00000E+00 0.00000 
   89    1    1    1    1    1    1    1    9    1  9.27485E+03 0.00452 
   90    1    1    1    1    1    1    1    9    2  9.62781E+03 0.00445 
   91    1    1    1    1    1    1    1    9    3  0.00000E+00 0.00000 
   92    1    1    1    1    1    1    1    9    4  0.00000E+00 0.00000 
   93    1    1    1    1    1    1    1    9    5  9.33148E+03 0.00452 
   94    1    1    1    1    1    1    1    9    6  0.00000E+00 0.00000 
   95    1    1    1    1    1    1    1    9    7  8.89620E+03 0.00468 
   96    1    1    1    1    1    1    1    9    8  8.63527E+03 0.00455 
   97    1    1    1    1    1    1    1    9    9  0.00000E+00 0.00000 
   98    1    1    1    1    1    1    1    9   10  8.27333E+03 0.00485 
   99    1    1    1    1    1    1    1    9   11  8.19816E+03 0.00471 
  100    1    1    1    1    1    1    1   10    1  0.00000E+00 0.00000 
  101    1    1    1    1    1    1    1   10    2  9.08432E+03 0.00458 
  102    1    1    1    1    1    1    1   10    3  9.32310E+03 0.00451 
  103    1    1    1    1    1    1    1   10    4  0.00000E+00 0.00000 
  104    1    1    1    1    1    1    1   10    5  8.88261E+03 0.00457 
  105    1    1    1    1    1    1    1   10    6  8.62426E+03 0.00467 
  106    1    1    1    1    1    1    1   10    7  0.00000E+00 0.00000 
  107    1    1    1    1    1    1    1   10    8  8.33861E+03 0.00478 
  108    1    1    1    1    1    1    1   10    9  8.29564E+03 0.00468 
  109    1    1    1    1    1    1    1   10   10  0.00000E+00 0.00000 
