
ZAI = [
922350
922380
666
0
];

NAMES = [
'U235            '
'U238            '
'lost            '
'total           '
];

i922350 = 1; iU235             = 1;
i922380 = 2; iU238             = 2;
iLOST    = 3;
iTOT     = 4;

MAT_un_VOLUME = [ 2.35298E+05 2.35298E+05 ];

MAT_un_BURNUP = [ 0.00000E+00 4.87159E+01 ];

MAT_un_ADENS = [
4.83387E-03 3.35503E-03 % U235
1.93936E-02 1.88145E-02 % U238
0.00000E+00 5.38974E-30 % lost data
7.26897E-02 7.39535E-02 % total
];

MAT_un_MDENS = [
1.88669E+00 1.30949E+00 % U235
7.66628E+00 7.43736E+00 % U238
0.00000E+00 0.00000E+00 % lost data
1.08000E+01 1.07984E+01 % total
];

MAT_un_A = [
3.54965E+10 2.46370E+10 % U235
2.24334E+10 2.17636E+10 % U238
0.00000E+00 0.00000E+00 % lost data
5.79300E+10 3.25510E+18 % total
];

MAT_un_H = [
2.66096E-02 1.84689E-02 % U235
1.53477E-02 1.48894E-02 % U238
0.00000E+00 0.00000E+00 % lost data
4.19573E-02 9.59153E+05 % total
];

MAT_un_SF = [
2.55575E+00 1.77386E+00 % U235
1.22487E+04 1.18829E+04 % U238
0.00000E+00 0.00000E+00 % lost data
1.22512E+04 1.40297E+08 % total
];

MAT_un_GSRC = [
4.48501E+10 3.11290E+10 % U235
1.98656E+09 1.92724E+09 % U238
0.00000E+00 0.00000E+00 % lost data
4.68367E+10 3.49345E+18 % total
];

MAT_un_ING_TOX = [
1.66834E+03 1.15794E+03 % U235
1.00950E+03 9.79360E+02 % U238
0.00000E+00 0.00000E+00 % lost data
2.67784E+03 2.25424E+09 % total
];

MAT_un_INH_TOX = [
3.01721E+05 2.09414E+05 % U235
1.79468E+05 1.74108E+05 % U238
0.00000E+00 0.00000E+00 % lost data
4.81188E+05 9.07331E+10 % total
];

TOT_VOLUME = [ 2.35298E+05 2.35298E+05 ];

TOT_BURNUP = [ 0.00000E+00 4.87159E+01 ];

TOT_ADENS = [
4.83387E-03 3.35503E-03 % U235
1.93936E-02 1.88145E-02 % U238
0.00000E+00 5.38974E-30 % lost data
7.26897E-02 7.39535E-02 % total
];

TOT_MASS = [
4.43934E+05 3.08120E+05 % U235
1.80386E+06 1.75000E+06 % U238
0.00000E+00 0.00000E+00 % lost data
2.54122E+06 2.54083E+06 % total
];

TOT_A = [
3.54965E+10 2.46370E+10 % U235
2.24334E+10 2.17636E+10 % U238
0.00000E+00 0.00000E+00 % lost data
5.79300E+10 3.25510E+18 % total
];

TOT_H = [
2.66096E-02 1.84689E-02 % U235
1.53477E-02 1.48894E-02 % U238
0.00000E+00 0.00000E+00 % lost data
4.19573E-02 9.59153E+05 % total
];

TOT_SF = [
2.55575E+00 1.77386E+00 % U235
1.22487E+04 1.18829E+04 % U238
0.00000E+00 0.00000E+00 % lost data
1.22512E+04 1.40297E+08 % total
];

TOT_GSRC = [
4.48501E+10 3.11290E+10 % U235
1.98656E+09 1.92724E+09 % U238
0.00000E+00 0.00000E+00 % lost data
4.68367E+10 3.49345E+18 % total
];

TOT_ING_TOX = [
1.66834E+03 1.15794E+03 % U235
1.00950E+03 9.79360E+02 % U238
0.00000E+00 0.00000E+00 % lost data
2.67784E+03 2.25424E+09 % total
];

TOT_INH_TOX = [
3.01721E+05 2.09414E+05 % U235
1.79468E+05 1.74108E+05 % U238
0.00000E+00 0.00000E+00 % lost data
4.81188E+05 9.07331E+10 % total
];

BU = [ 0.00000E+00 4.87144E+01 ];

DAYS = [ 0.00000E+00 7.30000E+03 ];
