
ZAI = [
922350
922380
666
0
];

NAMES = [
'U235            '
'U238            '
'lost            '
'total           '
];

i922350 = 1; iU235             = 1;
i922380 = 2; iU238             = 2;
iLOST    = 3;
iTOT     = 4;

MAT_un_VOLUME = [ 2.45624E+05 2.45624E+05 ];

MAT_un_BURNUP = [ 0.00000E+00 4.66680E+01 ];

MAT_un_ADENS = [
4.83387E-03 3.40922E-03 % U235
1.93936E-02 1.88298E-02 % U238
0.00000E+00 4.11104E-30 % lost data
7.26897E-02 7.38999E-02 % total
];

MAT_un_MDENS = [
1.88669E+00 1.33064E+00 % U235
7.66628E+00 7.44342E+00 % U238
0.00000E+00 0.00000E+00 % lost data
1.08000E+01 1.07984E+01 % total
];

MAT_un_A = [
3.70542E+10 2.61335E+10 % U235
2.34179E+10 2.27371E+10 % U238
0.00000E+00 0.00000E+00 % lost data
6.04721E+10 3.26348E+18 % total
];

MAT_un_H = [
2.77774E-02 1.95908E-02 % U235
1.60212E-02 1.55554E-02 % U238
0.00000E+00 0.00000E+00 % lost data
4.37985E-02 9.61022E+05 % total
];

MAT_un_SF = [
2.66791E+00 1.88161E+00 % U235
1.27862E+04 1.24145E+04 % U238
0.00000E+00 0.00000E+00 % lost data
1.27888E+04 1.27733E+08 % total
];

MAT_un_GSRC = [
4.68183E+10 3.30199E+10 % U235
2.07374E+09 2.01346E+09 % U238
0.00000E+00 0.00000E+00 % lost data
4.88920E+10 3.50420E+18 % total
];

MAT_un_ING_TOX = [
1.74155E+03 1.22828E+03 % U235
1.05381E+03 1.02317E+03 % U238
0.00000E+00 0.00000E+00 % lost data
2.79535E+03 2.24738E+09 % total
];

MAT_un_INH_TOX = [
3.14961E+05 2.22135E+05 % U235
1.87343E+05 1.81897E+05 % U238
0.00000E+00 0.00000E+00 % lost data
5.02304E+05 8.71302E+10 % total
];

TOT_VOLUME = [ 2.45624E+05 2.45624E+05 ];

TOT_BURNUP = [ 0.00000E+00 4.66680E+01 ];

TOT_ADENS = [
4.83387E-03 3.40922E-03 % U235
1.93936E-02 1.88298E-02 % U238
0.00000E+00 4.11104E-30 % lost data
7.26897E-02 7.38999E-02 % total
];

TOT_MASS = [
4.63415E+05 3.26837E+05 % U235
1.88302E+06 1.82828E+06 % U238
0.00000E+00 0.00000E+00 % lost data
2.65274E+06 2.65235E+06 % total
];

TOT_A = [
3.70542E+10 2.61335E+10 % U235
2.34179E+10 2.27371E+10 % U238
0.00000E+00 0.00000E+00 % lost data
6.04721E+10 3.26348E+18 % total
];

TOT_H = [
2.77774E-02 1.95908E-02 % U235
1.60212E-02 1.55554E-02 % U238
0.00000E+00 0.00000E+00 % lost data
4.37985E-02 9.61022E+05 % total
];

TOT_SF = [
2.66791E+00 1.88161E+00 % U235
1.27862E+04 1.24145E+04 % U238
0.00000E+00 0.00000E+00 % lost data
1.27888E+04 1.27733E+08 % total
];

TOT_GSRC = [
4.68183E+10 3.30199E+10 % U235
2.07374E+09 2.01346E+09 % U238
0.00000E+00 0.00000E+00 % lost data
4.88920E+10 3.50420E+18 % total
];

TOT_ING_TOX = [
1.74155E+03 1.22828E+03 % U235
1.05381E+03 1.02317E+03 % U238
0.00000E+00 0.00000E+00 % lost data
2.79535E+03 2.24738E+09 % total
];

TOT_INH_TOX = [
3.14961E+05 2.22135E+05 % U235
1.87343E+05 1.81897E+05 % U238
0.00000E+00 0.00000E+00 % lost data
5.02304E+05 8.71302E+10 % total
];

BU = [ 0.00000E+00 4.66665E+01 ];

DAYS = [ 0.00000E+00 7.30000E+03 ];
