
DETassem1 = [
    1    1    1    1    1    1    1    1    1    1  0.00000E+00 0.00000 
    2    1    1    1    1    1    1    1    1    2  0.00000E+00 0.00000 
    3    1    1    1    1    1    1    1    1    3  0.00000E+00 0.00000 
    4    1    1    1    1    1    1    1    1    4  0.00000E+00 0.00000 
    5    1    1    1    1    1    1    1    1    5  0.00000E+00 0.00000 
    6    1    1    1    1    1    1    1    1    6  0.00000E+00 0.00000 
    7    1    1    1    1    1    1    1    1    7  0.00000E+00 0.00000 
    8    1    1    1    1    1    1    1    1    8  1.85315E+04 0.00347 
    9    1    1    1    1    1    1    1    1    9  1.46053E+04 0.00383 
   10    1    1    1    1    1    1    1    1   10  0.00000E+00 0.00000 
   11    1    1    1    1    1    1    1    1   11  1.10610E+04 0.00414 
   12    1    1    1    1    1    1    1    2    1  2.01424E+04 0.00341 
   13    1    1    1    1    1    1    1    2    2  0.00000E+00 0.00000 
   14    1    1    1    1    1    1    1    2    3  0.00000E+00 0.00000 
   15    1    1    1    1    1    1    1    2    4  0.00000E+00 0.00000 
   16    1    1    1    1    1    1    1    2    5  0.00000E+00 0.00000 
   17    1    1    1    1    1    1    1    2    6  2.00856E+04 0.00338 
   18    1    1    1    1    1    1    1    2    7  1.64568E+04 0.00366 
   19    1    1    1    1    1    1    1    2    8  0.00000E+00 0.00000 
   20    1    1    1    1    1    1    1    2    9  1.21612E+04 0.00396 
   21    1    1    1    1    1    1    1    2   10  1.10081E+04 0.00406 
   22    1    1    1    1    1    1    1    2   11  0.00000E+00 0.00000 
   23    1    1    1    1    1    1    1    3    1  1.63911E+04 0.00365 
   24    1    1    1    1    1    1    1    3    2  1.84752E+04 0.00351 
   25    1    1    1    1    1    1    1    3    3  0.00000E+00 0.00000 
   26    1    1    1    1    1    1    1    3    4  1.85760E+04 0.00350 
   27    1    1    1    1    1    1    1    3    5  1.64923E+04 0.00363 
   28    1    1    1    1    1    1    1    3    6  0.00000E+00 0.00000 
   29    1    1    1    1    1    1    1    3    7  1.32379E+04 0.00393 
   30    1    1    1    1    1    1    1    3    8  1.18405E+04 0.00397 
   31    1    1    1    1    1    1    1    3    9  0.00000E+00 0.00000 
   32    1    1    1    1    1    1    1    3   10  1.03976E+04 0.00418 
   33    1    1    1    1    1    1    1    3   11  1.01493E+04 0.00421 
   34    1    1    1    1    1    1    1    4    1  0.00000E+00 0.00000 
   35    1    1    1    1    1    1    1    4    2  1.46031E+04 0.00380 
   36    1    1    1    1    1    1    1    4    3  1.45350E+04 0.00376 
   37    1    1    1    1    1    1    1    4    4  0.00000E+00 0.00000 
   38    1    1    1    1    1    1    1    4    5  1.32669E+04 0.00389 
   39    1    1    1    1    1    1    1    4    6  0.00000E+00 0.00000 
   40    1    1    1    1    1    1    1    4    7  0.00000E+00 0.00000 
   41    1    1    1    1    1    1    1    4    8  1.09084E+04 0.00412 
   42    1    1    1    1    1    1    1    4    9  1.04326E+04 0.00420 
   43    1    1    1    1    1    1    1    4   10  0.00000E+00 0.00000 
   44    1    1    1    1    1    1    1    4   11  1.02230E+04 0.00419 
   45    1    1    1    1    1    1    1    5    1  1.21183E+04 0.00400 
   46    1    1    1    1    1    1    1    5    2  0.00000E+00 0.00000 
   47    1    1    1    1    1    1    1    5    3  1.21045E+04 0.00405 
   48    1    1    1    1    1    1    1    5    4  1.19122E+04 0.00398 
   49    1    1    1    1    1    1    1    5    5  0.00000E+00 0.00000 
   50    1    1    1    1    1    1    1    5    6  1.12818E+04 0.00409 
   51    1    1    1    1    1    1    1    5    7  1.06398E+04 0.00421 
   52    1    1    1    1    1    1    1    5    8  0.00000E+00 0.00000 
   53    1    1    1    1    1    1    1    5    9  1.00614E+04 0.00427 
   54    1    1    1    1    1    1    1    5   10  9.92278E+03 0.00420 
   55    1    1    1    1    1    1    1    5   11  0.00000E+00 0.00000 
   56    1    1    1    1    1    1    1    6    1  1.10281E+04 0.00413 
   57    1    1    1    1    1    1    1    6    2  1.10162E+04 0.00408 
   58    1    1    1    1    1    1    1    6    3  0.00000E+00 0.00000 
   59    1    1    1    1    1    1    1    6    4  1.06889E+04 0.00415 
   60    1    1    1    1    1    1    1    6    5  1.05508E+04 0.00414 
   61    1    1    1    1    1    1    1    6    6  0.00000E+00 0.00000 
   62    1    1    1    1    1    1    1    6    7  1.01794E+04 0.00416 
   63    1    1    1    1    1    1    1    6    8  0.00000E+00 0.00000 
   64    1    1    1    1    1    1    1    6    9  0.00000E+00 0.00000 
   65    1    1    1    1    1    1    1    6   10  9.70735E+03 0.00427 
   66    1    1    1    1    1    1    1    6   11  9.58844E+03 0.00435 
   67    1    1    1    1    1    1    1    7    1  0.00000E+00 0.00000 
   68    1    1    1    1    1    1    1    7    2  1.03703E+04 0.00420 
   69    1    1    1    1    1    1    1    7    3  1.04552E+04 0.00422 
   70    1    1    1    1    1    1    1    7    4  0.00000E+00 0.00000 
   71    1    1    1    1    1    1    1    7    5  1.02234E+04 0.00424 
   72    1    1    1    1    1    1    1    7    6  9.89052E+03 0.00424 
   73    1    1    1    1    1    1    1    7    7  0.00000E+00 0.00000 
   74    1    1    1    1    1    1    1    7    8  9.75584E+03 0.00436 
   75    1    1    1    1    1    1    1    7    9  9.51599E+03 0.00439 
   76    1    1    1    1    1    1    1    7   10  0.00000E+00 0.00000 
   77    1    1    1    1    1    1    1    7   11  9.53302E+03 0.00440 
   78    1    1    1    1    1    1    1    8    1  1.02072E+04 0.00428 
   79    1    1    1    1    1    1    1    8    2  0.00000E+00 0.00000 
   80    1    1    1    1    1    1    1    8    3  1.01023E+04 0.00424 
   81    1    1    1    1    1    1    1    8    4  0.00000E+00 0.00000 
   82    1    1    1    1    1    1    1    8    5  0.00000E+00 0.00000 
   83    1    1    1    1    1    1    1    8    6  9.62765E+03 0.00426 
   84    1    1    1    1    1    1    1    8    7  9.47249E+03 0.00444 
   85    1    1    1    1    1    1    1    8    8  0.00000E+00 0.00000 
   86    1    1    1    1    1    1    1    8    9  9.60780E+03 0.00425 
   87    1    1    1    1    1    1    1    8   10  0.00000E+00 0.00000 
   88    1    1    1    1    1    1    1    8   11  0.00000E+00 0.00000 
   89    1    1    1    1    1    1    1    9    1  1.01788E+04 0.00419 
   90    1    1    1    1    1    1    1    9    2  9.89107E+03 0.00425 
   91    1    1    1    1    1    1    1    9    3  0.00000E+00 0.00000 
   92    1    1    1    1    1    1    1    9    4  9.81489E+03 0.00429 
   93    1    1    1    1    1    1    1    9    5  9.41428E+03 0.00438 
   94    1    1    1    1    1    1    1    9    6  0.00000E+00 0.00000 
   95    1    1    1    1    1    1    1    9    7  9.25012E+03 0.00445 
   96    1    1    1    1    1    1    1    9    8  9.41927E+03 0.00436 
   97    1    1    1    1    1    1    1    9    9  0.00000E+00 0.00000 
   98    1    1    1    1    1    1    1    9   10  9.17538E+03 0.00441 
   99    1    1    1    1    1    1    1    9   11  8.84567E+03 0.00442 
  100    1    1    1    1    1    1    1   10    1  0.00000E+00 0.00000 
  101    1    1    1    1    1    1    1   10    2  9.74724E+03 0.00435 
  102    1    1    1    1    1    1    1   10    3  9.65784E+03 0.00432 
  103    1    1    1    1    1    1    1   10    4  0.00000E+00 0.00000 
  104    1    1    1    1    1    1    1   10    5  9.28605E+03 0.00441 
  105    1    1    1    1    1    1    1   10    6  9.18797E+03 0.00448 
  106    1    1    1    1    1    1    1   10    7  0.00000E+00 0.00000 
  107    1    1    1    1    1    1    1   10    8  0.00000E+00 0.00000 
  108    1    1    1    1    1    1    1   10    9  9.00794E+03 0.00446 
  109    1    1    1    1    1    1    1   10   10  0.00000E+00 0.00000 
