
ZAI = [
922350
922380
666
0
];

NAMES = [
'U235            '
'U238            '
'lost            '
'total           '
];

i922350 = 1; iU235             = 1;
i922380 = 2; iU238             = 2;
iLOST    = 3;
iTOT     = 4;

MAT_un_VOLUME = [ 2.33914E+05 2.33914E+05 ];

MAT_un_BURNUP = [ 0.00000E+00 4.90042E+01 ];

MAT_un_ADENS = [
4.83387E-03 3.34759E-03 % U235
1.93936E-02 1.88124E-02 % U238
0.00000E+00 4.86955E-30 % lost data
7.26897E-02 7.39610E-02 % total
];

MAT_un_MDENS = [
1.88669E+00 1.30659E+00 % U235
7.66628E+00 7.43651E+00 % U238
0.00000E+00 0.00000E+00 % lost data
1.08000E+01 1.07984E+01 % total
];

MAT_un_A = [
3.52877E+10 2.44377E+10 % U235
2.23015E+10 2.16331E+10 % U238
0.00000E+00 0.00000E+00 % lost data
5.75892E+10 3.25382E+18 % total
];

MAT_un_H = [
2.64531E-02 1.83195E-02 % U235
1.52574E-02 1.48001E-02 % U238
0.00000E+00 0.00000E+00 % lost data
4.17105E-02 9.58835E+05 % total
];

MAT_un_SF = [
2.54071E+00 1.75952E+00 % U235
1.21766E+04 1.18116E+04 % U238
0.00000E+00 0.00000E+00 % lost data
1.21791E+04 1.41893E+08 % total
];

MAT_un_GSRC = [
4.45863E+10 3.08772E+10 % U235
1.97487E+09 1.91569E+09 % U238
0.00000E+00 0.00000E+00 % lost data
4.65611E+10 3.49188E+18 % total
];

MAT_un_ING_TOX = [
1.65852E+03 1.14857E+03 % U235
1.00357E+03 9.73487E+02 % U238
0.00000E+00 0.00000E+00 % lost data
2.66209E+03 2.25496E+09 % total
];

MAT_un_INH_TOX = [
2.99945E+05 2.07721E+05 % U235
1.78412E+05 1.73064E+05 % U238
0.00000E+00 0.00000E+00 % lost data
4.78357E+05 9.11539E+10 % total
];

TOT_VOLUME = [ 2.33914E+05 2.33914E+05 ];

TOT_BURNUP = [ 0.00000E+00 4.90042E+01 ];

TOT_ADENS = [
4.83387E-03 3.34759E-03 % U235
1.93936E-02 1.88124E-02 % U238
0.00000E+00 4.86955E-30 % lost data
7.26897E-02 7.39610E-02 % total
];

TOT_MASS = [
4.41322E+05 3.05628E+05 % U235
1.79325E+06 1.73950E+06 % U238
0.00000E+00 0.00000E+00 % lost data
2.52627E+06 2.52588E+06 % total
];

TOT_A = [
3.52877E+10 2.44377E+10 % U235
2.23015E+10 2.16331E+10 % U238
0.00000E+00 0.00000E+00 % lost data
5.75892E+10 3.25382E+18 % total
];

TOT_H = [
2.64531E-02 1.83195E-02 % U235
1.52574E-02 1.48001E-02 % U238
0.00000E+00 0.00000E+00 % lost data
4.17105E-02 9.58835E+05 % total
];

TOT_SF = [
2.54071E+00 1.75952E+00 % U235
1.21766E+04 1.18116E+04 % U238
0.00000E+00 0.00000E+00 % lost data
1.21791E+04 1.41893E+08 % total
];

TOT_GSRC = [
4.45863E+10 3.08772E+10 % U235
1.97487E+09 1.91569E+09 % U238
0.00000E+00 0.00000E+00 % lost data
4.65611E+10 3.49188E+18 % total
];

TOT_ING_TOX = [
1.65852E+03 1.14857E+03 % U235
1.00357E+03 9.73487E+02 % U238
0.00000E+00 0.00000E+00 % lost data
2.66209E+03 2.25496E+09 % total
];

TOT_INH_TOX = [
2.99945E+05 2.07721E+05 % U235
1.78412E+05 1.73064E+05 % U238
0.00000E+00 0.00000E+00 % lost data
4.78357E+05 9.11539E+10 % total
];

BU = [ 0.00000E+00 4.90027E+01 ];

DAYS = [ 0.00000E+00 7.30000E+03 ];
