
DETassem1 = [
    1    1    1    1    1    1    1    1    1    1  0.00000E+00 0.00000 
    2    1    1    1    1    1    1    1    1    2  0.00000E+00 0.00000 
    3    1    1    1    1    1    1    1    1    3  0.00000E+00 0.00000 
    4    1    1    1    1    1    1    1    1    4  0.00000E+00 0.00000 
    5    1    1    1    1    1    1    1    1    5  0.00000E+00 0.00000 
    6    1    1    1    1    1    1    1    1    6  0.00000E+00 0.00000 
    7    1    1    1    1    1    1    1    1    7  0.00000E+00 0.00000 
    8    1    1    1    1    1    1    1    1    8  1.87214E+04 0.00359 
    9    1    1    1    1    1    1    1    1    9  1.44602E+04 0.00398 
   10    1    1    1    1    1    1    1    1   10  0.00000E+00 0.00000 
   11    1    1    1    1    1    1    1    1   11  1.10386E+04 0.00423 
   12    1    1    1    1    1    1    1    2    1  2.01683E+04 0.00357 
   13    1    1    1    1    1    1    1    2    2  0.00000E+00 0.00000 
   14    1    1    1    1    1    1    1    2    3  0.00000E+00 0.00000 
   15    1    1    1    1    1    1    1    2    4  0.00000E+00 0.00000 
   16    1    1    1    1    1    1    1    2    5  0.00000E+00 0.00000 
   17    1    1    1    1    1    1    1    2    6  2.01500E+04 0.00359 
   18    1    1    1    1    1    1    1    2    7  1.62957E+04 0.00382 
   19    1    1    1    1    1    1    1    2    8  0.00000E+00 0.00000 
   20    1    1    1    1    1    1    1    2    9  1.18792E+04 0.00420 
   21    1    1    1    1    1    1    1    2   10  1.11670E+04 0.00419 
   22    1    1    1    1    1    1    1    2   11  0.00000E+00 0.00000 
   23    1    1    1    1    1    1    1    3    1  1.61749E+04 0.00371 
   24    1    1    1    1    1    1    1    3    2  1.87418E+04 0.00360 
   25    1    1    1    1    1    1    1    3    3  0.00000E+00 0.00000 
   26    1    1    1    1    1    1    1    3    4  1.87181E+04 0.00360 
   27    1    1    1    1    1    1    1    3    5  1.61913E+04 0.00384 
   28    1    1    1    1    1    1    1    3    6  0.00000E+00 0.00000 
   29    1    1    1    1    1    1    1    3    7  1.23995E+04 0.00411 
   30    1    1    1    1    1    1    1    3    8  1.13542E+04 0.00425 
   31    1    1    1    1    1    1    1    3    9  0.00000E+00 0.00000 
   32    1    1    1    1    1    1    1    3   10  1.09112E+04 0.00425 
   33    1    1    1    1    1    1    1    3   11  0.00000E+00 0.00000 
   34    1    1    1    1    1    1    1    4    1  0.00000E+00 0.00000 
   35    1    1    1    1    1    1    1    4    2  1.44636E+04 0.00398 
   36    1    1    1    1    1    1    1    4    3  1.44957E+04 0.00395 
   37    1    1    1    1    1    1    1    4    4  0.00000E+00 0.00000 
   38    1    1    1    1    1    1    1    4    5  1.24572E+04 0.00408 
   39    1    1    1    1    1    1    1    4    6  1.14946E+04 0.00424 
   40    1    1    1    1    1    1    1    4    7  0.00000E+00 0.00000 
   41    1    1    1    1    1    1    1    4    8  1.02314E+04 0.00446 
   42    1    1    1    1    1    1    1    4    9  1.02932E+04 0.00439 
   43    1    1    1    1    1    1    1    4   10  0.00000E+00 0.00000 
   44    1    1    1    1    1    1    1    4   11  0.00000E+00 0.00000 
   45    1    1    1    1    1    1    1    5    1  1.18896E+04 0.00415 
   46    1    1    1    1    1    1    1    5    2  0.00000E+00 0.00000 
   47    1    1    1    1    1    1    1    5    3  1.18493E+04 0.00424 
   48    1    1    1    1    1    1    1    5    4  1.14067E+04 0.00429 
   49    1    1    1    1    1    1    1    5    5  0.00000E+00 0.00000 
   50    1    1    1    1    1    1    1    5    6  1.03236E+04 0.00441 
   51    1    1    1    1    1    1    1    5    7  1.00182E+04 0.00430 
   52    1    1    1    1    1    1    1    5    8  0.00000E+00 0.00000 
   53    1    1    1    1    1    1    1    5    9  9.88250E+03 0.00448 
   54    1    1    1    1    1    1    1    5   10  1.02963E+04 0.00441 
   55    1    1    1    1    1    1    1    5   11  0.00000E+00 0.00000 
   56    1    1    1    1    1    1    1    6    1  1.11673E+04 0.00431 
   57    1    1    1    1    1    1    1    6    2  1.10403E+04 0.00427 
   58    1    1    1    1    1    1    1    6    3  0.00000E+00 0.00000 
   59    1    1    1    1    1    1    1    6    4  1.03276E+04 0.00450 
   60    1    1    1    1    1    1    1    6    5  9.95086E+03 0.00439 
   61    1    1    1    1    1    1    1    6    6  0.00000E+00 0.00000 
   62    1    1    1    1    1    1    1    6    7  9.73144E+03 0.00439 
   63    1    1    1    1    1    1    1    6    8  9.45277E+03 0.00444 
   64    1    1    1    1    1    1    1    6    9  0.00000E+00 0.00000 
   65    1    1    1    1    1    1    1    6   10  0.00000E+00 0.00000 
   66    1    1    1    1    1    1    1    6   11  9.44445E+03 0.00461 
   67    1    1    1    1    1    1    1    7    1  0.00000E+00 0.00000 
   68    1    1    1    1    1    1    1    7    2  1.09357E+04 0.00434 
   69    1    1    1    1    1    1    1    7    3  1.02442E+04 0.00436 
   70    1    1    1    1    1    1    1    7    4  0.00000E+00 0.00000 
   71    1    1    1    1    1    1    1    7    5  9.74106E+03 0.00442 
   72    1    1    1    1    1    1    1    7    6  0.00000E+00 0.00000 
   73    1    1    1    1    1    1    1    7    7  0.00000E+00 0.00000 
   74    1    1    1    1    1    1    1    7    8  9.12188E+03 0.00457 
   75    1    1    1    1    1    1    1    7    9  9.23939E+03 0.00461 
   76    1    1    1    1    1    1    1    7   10  0.00000E+00 0.00000 
   77    1    1    1    1    1    1    1    7   11  8.73002E+03 0.00474 
   78    1    1    1    1    1    1    1    8    1  0.00000E+00 0.00000 
   79    1    1    1    1    1    1    1    8    2  0.00000E+00 0.00000 
   80    1    1    1    1    1    1    1    8    3  9.92266E+03 0.00451 
   81    1    1    1    1    1    1    1    8    4  9.47282E+03 0.00448 
   82    1    1    1    1    1    1    1    8    5  0.00000E+00 0.00000 
   83    1    1    1    1    1    1    1    8    6  9.11520E+03 0.00456 
   84    1    1    1    1    1    1    1    8    7  8.87127E+03 0.00460 
   85    1    1    1    1    1    1    1    8    8  0.00000E+00 0.00000 
   86    1    1    1    1    1    1    1    8    9  8.64605E+03 0.00474 
   87    1    1    1    1    1    1    1    8   10  8.47108E+03 0.00465 
   88    1    1    1    1    1    1    1    8   11  0.00000E+00 0.00000 
   89    1    1    1    1    1    1    1    9    1  0.00000E+00 0.00000 
   90    1    1    1    1    1    1    1    9    2  1.03974E+04 0.00435 
   91    1    1    1    1    1    1    1    9    3  0.00000E+00 0.00000 
   92    1    1    1    1    1    1    1    9    4  9.11784E+03 0.00451 
   93    1    1    1    1    1    1    1    9    5  8.80087E+03 0.00461 
   94    1    1    1    1    1    1    1    9    6  0.00000E+00 0.00000 
   95    1    1    1    1    1    1    1    9    7  8.49889E+03 0.00468 
   96    1    1    1    1    1    1    1    9    8  8.43929E+03 0.00463 
   97    1    1    1    1    1    1    1    9    9  0.00000E+00 0.00000 
   98    1    1    1    1    1    1    1    9   10  8.25480E+03 0.00480 
   99    1    1    1    1    1    1    1    9   11  8.20607E+03 0.00493 
  100    1    1    1    1    1    1    1   10    1  0.00000E+00 0.00000 
  101    1    1    1    1    1    1    1   10    2  0.00000E+00 0.00000 
  102    1    1    1    1    1    1    1   10    3  9.23702E+03 0.00456 
  103    1    1    1    1    1    1    1   10    4  0.00000E+00 0.00000 
  104    1    1    1    1    1    1    1   10    5  8.51453E+03 0.00468 
  105    1    1    1    1    1    1    1   10    6  8.34729E+03 0.00475 
  106    1    1    1    1    1    1    1   10    7  0.00000E+00 0.00000 
  107    1    1    1    1    1    1    1   10    8  8.10649E+03 0.00474 
  108    1    1    1    1    1    1    1   10    9  8.05810E+03 0.00477 
  109    1    1    1    1    1    1    1   10   10  0.00000E+00 0.00000 
