
ZAI = [
922350
922380
666
0
];

NAMES = [
'U235            '
'U238            '
'lost            '
'total           '
];

i922350 = 1; iU235             = 1;
i922380 = 2; iU238             = 2;
iLOST    = 3;
iTOT     = 4;

MAT_un_VOLUME = [ 2.32844E+05 2.32844E+05 ];

MAT_un_BURNUP = [ 0.00000E+00 4.92294E+01 ];

MAT_un_ADENS = [
4.83387E-03 3.34257E-03 % U235
1.93936E-02 1.88155E-02 % U238
0.00000E+00 4.74393E-30 % lost data
7.26897E-02 7.39667E-02 % total
];

MAT_un_MDENS = [
1.88669E+00 1.30463E+00 % U235
7.66628E+00 7.43773E+00 % U238
0.00000E+00 0.00000E+00 % lost data
1.08000E+01 1.07983E+01 % total
];

MAT_un_A = [
3.51263E+10 2.42895E+10 % U235
2.21995E+10 2.15376E+10 % U238
0.00000E+00 0.00000E+00 % lost data
5.73258E+10 3.24846E+18 % total
];

MAT_un_H = [
2.63321E-02 1.82084E-02 % U235
1.51876E-02 1.47348E-02 % U238
0.00000E+00 0.00000E+00 % lost data
4.15197E-02 9.58212E+05 % total
];

MAT_un_SF = [
2.52909E+00 1.74884E+00 % U235
1.21209E+04 1.17595E+04 % U238
0.00000E+00 0.00000E+00 % lost data
1.21234E+04 1.43628E+08 % total
];

MAT_un_GSRC = [
4.43823E+10 3.06900E+10 % U235
1.96584E+09 1.90724E+09 % U238
0.00000E+00 0.00000E+00 % lost data
4.63482E+10 3.48532E+18 % total
];

MAT_un_ING_TOX = [
1.65094E+03 1.14161E+03 % U235
9.98975E+02 9.69193E+02 % U238
0.00000E+00 0.00000E+00 % lost data
2.64991E+03 2.25254E+09 % total
];

MAT_un_INH_TOX = [
2.98574E+05 2.06461E+05 % U235
1.77596E+05 1.72301E+05 % U238
0.00000E+00 0.00000E+00 % lost data
4.76169E+05 9.11742E+10 % total
];

TOT_VOLUME = [ 2.32844E+05 2.32844E+05 ];

TOT_BURNUP = [ 0.00000E+00 4.92294E+01 ];

TOT_ADENS = [
4.83387E-03 3.34257E-03 % U235
1.93936E-02 1.88155E-02 % U238
0.00000E+00 4.74393E-30 % lost data
7.26897E-02 7.39667E-02 % total
];

TOT_MASS = [
4.39304E+05 3.03775E+05 % U235
1.78505E+06 1.73183E+06 % U238
0.00000E+00 0.00000E+00 % lost data
2.51471E+06 2.51432E+06 % total
];

TOT_A = [
3.51263E+10 2.42895E+10 % U235
2.21995E+10 2.15376E+10 % U238
0.00000E+00 0.00000E+00 % lost data
5.73258E+10 3.24846E+18 % total
];

TOT_H = [
2.63321E-02 1.82084E-02 % U235
1.51876E-02 1.47348E-02 % U238
0.00000E+00 0.00000E+00 % lost data
4.15197E-02 9.58212E+05 % total
];

TOT_SF = [
2.52909E+00 1.74884E+00 % U235
1.21209E+04 1.17595E+04 % U238
0.00000E+00 0.00000E+00 % lost data
1.21234E+04 1.43628E+08 % total
];

TOT_GSRC = [
4.43823E+10 3.06900E+10 % U235
1.96584E+09 1.90724E+09 % U238
0.00000E+00 0.00000E+00 % lost data
4.63482E+10 3.48532E+18 % total
];

TOT_ING_TOX = [
1.65094E+03 1.14161E+03 % U235
9.98975E+02 9.69193E+02 % U238
0.00000E+00 0.00000E+00 % lost data
2.64991E+03 2.25254E+09 % total
];

TOT_INH_TOX = [
2.98574E+05 2.06461E+05 % U235
1.77596E+05 1.72301E+05 % U238
0.00000E+00 0.00000E+00 % lost data
4.76169E+05 9.11742E+10 % total
];

BU = [ 0.00000E+00 4.92279E+01 ];

DAYS = [ 0.00000E+00 7.30000E+03 ];
