
DETassem1 = [
    1    1    1    1    1    1    1    1    1    1  0.00000E+00 0.00000 
    2    1    1    1    1    1    1    1    1    2  0.00000E+00 0.00000 
    3    1    1    1    1    1    1    1    1    3  0.00000E+00 0.00000 
    4    1    1    1    1    1    1    1    1    4  0.00000E+00 0.00000 
    5    1    1    1    1    1    1    1    1    5  0.00000E+00 0.00000 
    6    1    1    1    1    1    1    1    1    6  0.00000E+00 0.00000 
    7    1    1    1    1    1    1    1    1    7  0.00000E+00 0.00000 
    8    1    1    1    1    1    1    1    1    8  2.01606E+04 0.00330 
    9    1    1    1    1    1    1    1    1    9  0.00000E+00 0.00000 
   10    1    1    1    1    1    1    1    1   10  0.00000E+00 0.00000 
   11    1    1    1    1    1    1    1    1   11  1.15662E+04 0.00401 
   12    1    1    1    1    1    1    1    2    1  2.06944E+04 0.00335 
   13    1    1    1    1    1    1    1    2    2  0.00000E+00 0.00000 
   14    1    1    1    1    1    1    1    2    3  0.00000E+00 0.00000 
   15    1    1    1    1    1    1    1    2    4  0.00000E+00 0.00000 
   16    1    1    1    1    1    1    1    2    5  0.00000E+00 0.00000 
   17    1    1    1    1    1    1    1    2    6  2.07867E+04 0.00337 
   18    1    1    1    1    1    1    1    2    7  1.72641E+04 0.00358 
   19    1    1    1    1    1    1    1    2    8  0.00000E+00 0.00000 
   20    1    1    1    1    1    1    1    2    9  1.32651E+04 0.00388 
   21    1    1    1    1    1    1    1    2   10  1.15959E+04 0.00409 
   22    1    1    1    1    1    1    1    2   11  0.00000E+00 0.00000 
   23    1    1    1    1    1    1    1    3    1  1.71246E+04 0.00359 
   24    1    1    1    1    1    1    1    3    2  2.01813E+04 0.00335 
   25    1    1    1    1    1    1    1    3    3  0.00000E+00 0.00000 
   26    1    1    1    1    1    1    1    3    4  2.01751E+04 0.00344 
   27    1    1    1    1    1    1    1    3    5  1.71523E+04 0.00359 
   28    1    1    1    1    1    1    1    3    6  0.00000E+00 0.00000 
   29    1    1    1    1    1    1    1    3    7  1.33057E+04 0.00394 
   30    1    1    1    1    1    1    1    3    8  1.21936E+04 0.00403 
   31    1    1    1    1    1    1    1    3    9  0.00000E+00 0.00000 
   32    1    1    1    1    1    1    1    3   10  1.03229E+04 0.00426 
   33    1    1    1    1    1    1    1    3   11  9.85198E+03 0.00433 
   34    1    1    1    1    1    1    1    4    1  0.00000E+00 0.00000 
   35    1    1    1    1    1    1    1    4    2  0.00000E+00 0.00000 
   36    1    1    1    1    1    1    1    4    3  0.00000E+00 0.00000 
   37    1    1    1    1    1    1    1    4    4  0.00000E+00 0.00000 
   38    1    1    1    1    1    1    1    4    5  1.33975E+04 0.00390 
   39    1    1    1    1    1    1    1    4    6  1.22664E+04 0.00394 
   40    1    1    1    1    1    1    1    4    7  0.00000E+00 0.00000 
   41    1    1    1    1    1    1    1    4    8  1.06877E+04 0.00404 
   42    1    1    1    1    1    1    1    4    9  1.01305E+04 0.00422 
   43    1    1    1    1    1    1    1    4   10  0.00000E+00 0.00000 
   44    1    1    1    1    1    1    1    4   11  9.58534E+03 0.00433 
   45    1    1    1    1    1    1    1    5    1  1.32945E+04 0.00390 
   46    1    1    1    1    1    1    1    5    2  0.00000E+00 0.00000 
   47    1    1    1    1    1    1    1    5    3  1.34221E+04 0.00394 
   48    1    1    1    1    1    1    1    5    4  1.22541E+04 0.00400 
   49    1    1    1    1    1    1    1    5    5  0.00000E+00 0.00000 
   50    1    1    1    1    1    1    1    5    6  1.07538E+04 0.00411 
   51    1    1    1    1    1    1    1    5    7  1.01631E+04 0.00423 
   52    1    1    1    1    1    1    1    5    8  0.00000E+00 0.00000 
   53    1    1    1    1    1    1    1    5    9  9.67126E+03 0.00431 
   54    1    1    1    1    1    1    1    5   10  9.62930E+03 0.00441 
   55    1    1    1    1    1    1    1    5   11  0.00000E+00 0.00000 
   56    1    1    1    1    1    1    1    6    1  1.16016E+04 0.00407 
   57    1    1    1    1    1    1    1    6    2  1.15240E+04 0.00409 
   58    1    1    1    1    1    1    1    6    3  0.00000E+00 0.00000 
   59    1    1    1    1    1    1    1    6    4  1.06404E+04 0.00407 
   60    1    1    1    1    1    1    1    6    5  1.01681E+04 0.00423 
   61    1    1    1    1    1    1    1    6    6  0.00000E+00 0.00000 
   62    1    1    1    1    1    1    1    6    7  9.59449E+03 0.00440 
   63    1    1    1    1    1    1    1    6    8  9.40651E+03 0.00431 
   64    1    1    1    1    1    1    1    6    9  0.00000E+00 0.00000 
   65    1    1    1    1    1    1    1    6   10  0.00000E+00 0.00000 
   66    1    1    1    1    1    1    1    6   11  9.32622E+03 0.00451 
   67    1    1    1    1    1    1    1    7    1  0.00000E+00 0.00000 
   68    1    1    1    1    1    1    1    7    2  1.04152E+04 0.00418 
   69    1    1    1    1    1    1    1    7    3  1.00595E+04 0.00426 
   70    1    1    1    1    1    1    1    7    4  0.00000E+00 0.00000 
   71    1    1    1    1    1    1    1    7    5  9.52393E+03 0.00428 
   72    1    1    1    1    1    1    1    7    6  9.39650E+03 0.00431 
   73    1    1    1    1    1    1    1    7    7  0.00000E+00 0.00000 
   74    1    1    1    1    1    1    1    7    8  9.18401E+03 0.00431 
   75    1    1    1    1    1    1    1    7    9  9.26849E+03 0.00438 
   76    1    1    1    1    1    1    1    7   10  0.00000E+00 0.00000 
   77    1    1    1    1    1    1    1    7   11  9.02114E+03 0.00445 
   78    1    1    1    1    1    1    1    8    1  9.88405E+03 0.00423 
   79    1    1    1    1    1    1    1    8    2  0.00000E+00 0.00000 
   80    1    1    1    1    1    1    1    8    3  9.67201E+03 0.00426 
   81    1    1    1    1    1    1    1    8    4  9.47354E+03 0.00432 
   82    1    1    1    1    1    1    1    8    5  0.00000E+00 0.00000 
   83    1    1    1    1    1    1    1    8    6  9.09111E+03 0.00441 
   84    1    1    1    1    1    1    1    8    7  8.97773E+03 0.00437 
   85    1    1    1    1    1    1    1    8    8  0.00000E+00 0.00000 
   86    1    1    1    1    1    1    1    8    9  9.07208E+03 0.00442 
   87    1    1    1    1    1    1    1    8   10  8.90528E+03 0.00441 
   88    1    1    1    1    1    1    1    8   11  0.00000E+00 0.00000 
   89    1    1    1    1    1    1    1    9    1  9.54179E+03 0.00421 
   90    1    1    1    1    1    1    1    9    2  9.66299E+03 0.00436 
   91    1    1    1    1    1    1    1    9    3  0.00000E+00 0.00000 
   92    1    1    1    1    1    1    1    9    4  9.19607E+03 0.00430 
   93    1    1    1    1    1    1    1    9    5  9.05509E+03 0.00449 
   94    1    1    1    1    1    1    1    9    6  0.00000E+00 0.00000 
   95    1    1    1    1    1    1    1    9    7  8.86693E+03 0.00439 
   96    1    1    1    1    1    1    1    9    8  8.82651E+03 0.00444 
   97    1    1    1    1    1    1    1    9    9  0.00000E+00 0.00000 
   98    1    1    1    1    1    1    1    9   10  8.86282E+03 0.00441 
   99    1    1    1    1    1    1    1    9   11  8.95424E+03 0.00456 
  100    1    1    1    1    1    1    1   10    1  0.00000E+00 0.00000 
  101    1    1    1    1    1    1    1   10    2  0.00000E+00 0.00000 
  102    1    1    1    1    1    1    1   10    3  9.33394E+03 0.00436 
  103    1    1    1    1    1    1    1   10    4  0.00000E+00 0.00000 
  104    1    1    1    1    1    1    1   10    5  8.85356E+03 0.00436 
  105    1    1    1    1    1    1    1   10    6  8.73083E+03 0.00452 
  106    1    1    1    1    1    1    1   10    7  0.00000E+00 0.00000 
  107    1    1    1    1    1    1    1   10    8  8.79595E+03 0.00456 
  108    1    1    1    1    1    1    1   10    9  8.89012E+03 0.00446 
  109    1    1    1    1    1    1    1   10   10  0.00000E+00 0.00000 
