
DETassem1 = [
    1    1    1    1    1    1    1    1    1    1  0.00000E+00 0.00000 
    2    1    1    1    1    1    1    1    1    2  0.00000E+00 0.00000 
    3    1    1    1    1    1    1    1    1    3  0.00000E+00 0.00000 
    4    1    1    1    1    1    1    1    1    4  0.00000E+00 0.00000 
    5    1    1    1    1    1    1    1    1    5  0.00000E+00 0.00000 
    6    1    1    1    1    1    1    1    1    6  0.00000E+00 0.00000 
    7    1    1    1    1    1    1    1    1    7  0.00000E+00 0.00000 
    8    1    1    1    1    1    1    1    1    8  2.03051E+04 0.00348 
    9    1    1    1    1    1    1    1    1    9  1.50357E+04 0.00397 
   10    1    1    1    1    1    1    1    1   10  0.00000E+00 0.00000 
   11    1    1    1    1    1    1    1    1   11  1.05996E+04 0.00431 
   12    1    1    1    1    1    1    1    2    1  0.00000E+00 0.00000 
   13    1    1    1    1    1    1    1    2    2  0.00000E+00 0.00000 
   14    1    1    1    1    1    1    1    2    3  0.00000E+00 0.00000 
   15    1    1    1    1    1    1    1    2    4  0.00000E+00 0.00000 
   16    1    1    1    1    1    1    1    2    5  0.00000E+00 0.00000 
   17    1    1    1    1    1    1    1    2    6  0.00000E+00 0.00000 
   18    1    1    1    1    1    1    1    2    7  1.83399E+04 0.00362 
   19    1    1    1    1    1    1    1    2    8  0.00000E+00 0.00000 
   20    1    1    1    1    1    1    1    2    9  1.20032E+04 0.00429 
   21    1    1    1    1    1    1    1    2   10  1.07017E+04 0.00433 
   22    1    1    1    1    1    1    1    2   11  0.00000E+00 0.00000 
   23    1    1    1    1    1    1    1    3    1  1.82461E+04 0.00367 
   24    1    1    1    1    1    1    1    3    2  2.00741E+04 0.00352 
   25    1    1    1    1    1    1    1    3    3  0.00000E+00 0.00000 
   26    1    1    1    1    1    1    1    3    4  2.01951E+04 0.00353 
   27    1    1    1    1    1    1    1    3    5  1.82105E+04 0.00359 
   28    1    1    1    1    1    1    1    3    6  0.00000E+00 0.00000 
   29    1    1    1    1    1    1    1    3    7  1.32430E+04 0.00404 
   30    1    1    1    1    1    1    1    3    8  1.16485E+04 0.00424 
   31    1    1    1    1    1    1    1    3    9  0.00000E+00 0.00000 
   32    1    1    1    1    1    1    1    3   10  9.79442E+03 0.00450 
   33    1    1    1    1    1    1    1    3   11  9.36994E+03 0.00445 
   34    1    1    1    1    1    1    1    4    1  0.00000E+00 0.00000 
   35    1    1    1    1    1    1    1    4    2  1.50783E+04 0.00386 
   36    1    1    1    1    1    1    1    4    3  1.50511E+04 0.00392 
   37    1    1    1    1    1    1    1    4    4  0.00000E+00 0.00000 
   38    1    1    1    1    1    1    1    4    5  1.32464E+04 0.00400 
   39    1    1    1    1    1    1    1    4    6  1.22684E+04 0.00419 
   40    1    1    1    1    1    1    1    4    7  0.00000E+00 0.00000 
   41    1    1    1    1    1    1    1    4    8  1.02985E+04 0.00439 
   42    1    1    1    1    1    1    1    4    9  9.77928E+03 0.00438 
   43    1    1    1    1    1    1    1    4   10  0.00000E+00 0.00000 
   44    1    1    1    1    1    1    1    4   11  9.12325E+03 0.00453 
   45    1    1    1    1    1    1    1    5    1  1.20419E+04 0.00416 
   46    1    1    1    1    1    1    1    5    2  0.00000E+00 0.00000 
   47    1    1    1    1    1    1    1    5    3  1.19258E+04 0.00408 
   48    1    1    1    1    1    1    1    5    4  1.15628E+04 0.00423 
   49    1    1    1    1    1    1    1    5    5  0.00000E+00 0.00000 
   50    1    1    1    1    1    1    1    5    6  1.04520E+04 0.00435 
   51    1    1    1    1    1    1    1    5    7  1.00123E+04 0.00441 
   52    1    1    1    1    1    1    1    5    8  0.00000E+00 0.00000 
   53    1    1    1    1    1    1    1    5    9  9.50926E+03 0.00443 
   54    1    1    1    1    1    1    1    5   10  9.15848E+03 0.00457 
   55    1    1    1    1    1    1    1    5   11  0.00000E+00 0.00000 
   56    1    1    1    1    1    1    1    6    1  1.05806E+04 0.00439 
   57    1    1    1    1    1    1    1    6    2  1.05718E+04 0.00436 
   58    1    1    1    1    1    1    1    6    3  0.00000E+00 0.00000 
   59    1    1    1    1    1    1    1    6    4  1.03518E+04 0.00441 
   60    1    1    1    1    1    1    1    6    5  9.96059E+03 0.00445 
   61    1    1    1    1    1    1    1    6    6  0.00000E+00 0.00000 
   62    1    1    1    1    1    1    1    6    7  9.69048E+03 0.00452 
   63    1    1    1    1    1    1    1    6    8  0.00000E+00 0.00000 
   64    1    1    1    1    1    1    1    6    9  0.00000E+00 0.00000 
   65    1    1    1    1    1    1    1    6   10  9.07548E+03 0.00455 
   66    1    1    1    1    1    1    1    6   11  9.07101E+03 0.00448 
   67    1    1    1    1    1    1    1    7    1  0.00000E+00 0.00000 
   68    1    1    1    1    1    1    1    7    2  9.80197E+03 0.00444 
   69    1    1    1    1    1    1    1    7    3  9.73000E+03 0.00455 
   70    1    1    1    1    1    1    1    7    4  0.00000E+00 0.00000 
   71    1    1    1    1    1    1    1    7    5  9.61351E+03 0.00442 
   72    1    1    1    1    1    1    1    7    6  9.36851E+03 0.00453 
   73    1    1    1    1    1    1    1    7    7  0.00000E+00 0.00000 
   74    1    1    1    1    1    1    1    7    8  9.24410E+03 0.00456 
   75    1    1    1    1    1    1    1    7    9  8.84986E+03 0.00460 
   76    1    1    1    1    1    1    1    7   10  0.00000E+00 0.00000 
   77    1    1    1    1    1    1    1    7   11  9.25612E+03 0.00454 
   78    1    1    1    1    1    1    1    8    1  9.34159E+03 0.00457 
   79    1    1    1    1    1    1    1    8    2  0.00000E+00 0.00000 
   80    1    1    1    1    1    1    1    8    3  9.51590E+03 0.00458 
   81    1    1    1    1    1    1    1    8    4  0.00000E+00 0.00000 
   82    1    1    1    1    1    1    1    8    5  0.00000E+00 0.00000 
   83    1    1    1    1    1    1    1    8    6  9.04163E+03 0.00458 
   84    1    1    1    1    1    1    1    8    7  8.90953E+03 0.00455 
   85    1    1    1    1    1    1    1    8    8  0.00000E+00 0.00000 
   86    1    1    1    1    1    1    1    8    9  8.84996E+03 0.00459 
   87    1    1    1    1    1    1    1    8   10  8.98688E+03 0.00471 
   88    1    1    1    1    1    1    1    8   11  0.00000E+00 0.00000 
   89    1    1    1    1    1    1    1    9    1  9.06218E+03 0.00448 
   90    1    1    1    1    1    1    1    9    2  9.12464E+03 0.00453 
   91    1    1    1    1    1    1    1    9    3  0.00000E+00 0.00000 
   92    1    1    1    1    1    1    1    9    4  9.17145E+03 0.00453 
   93    1    1    1    1    1    1    1    9    5  8.93966E+03 0.00458 
   94    1    1    1    1    1    1    1    9    6  0.00000E+00 0.00000 
   95    1    1    1    1    1    1    1    9    7  8.69805E+03 0.00456 
   96    1    1    1    1    1    1    1    9    8  8.71953E+03 0.00464 
   97    1    1    1    1    1    1    1    9    9  0.00000E+00 0.00000 
   98    1    1    1    1    1    1    1    9   10  9.04411E+03 0.00480 
   99    1    1    1    1    1    1    1    9   11  8.97542E+03 0.00466 
  100    1    1    1    1    1    1    1   10    1  0.00000E+00 0.00000 
  101    1    1    1    1    1    1    1   10    2  8.96041E+03 0.00451 
  102    1    1    1    1    1    1    1   10    3  8.99819E+03 0.00455 
  103    1    1    1    1    1    1    1   10    4  0.00000E+00 0.00000 
  104    1    1    1    1    1    1    1   10    5  8.62438E+03 0.00460 
  105    1    1    1    1    1    1    1   10    6  8.54010E+03 0.00461 
  106    1    1    1    1    1    1    1   10    7  0.00000E+00 0.00000 
  107    1    1    1    1    1    1    1   10    8  8.67830E+03 0.00465 
  108    1    1    1    1    1    1    1   10    9  0.00000E+00 0.00000 
  109    1    1    1    1    1    1    1   10   10  0.00000E+00 0.00000 
