
DETassem1 = [
    1    1    1    1    1    1    1    1    1    1  0.00000E+00 0.00000 
    2    1    1    1    1    1    1    1    1    2  0.00000E+00 0.00000 
    3    1    1    1    1    1    1    1    1    3  0.00000E+00 0.00000 
    4    1    1    1    1    1    1    1    1    4  0.00000E+00 0.00000 
    5    1    1    1    1    1    1    1    1    5  0.00000E+00 0.00000 
    6    1    1    1    1    1    1    1    1    6  0.00000E+00 0.00000 
    7    1    1    1    1    1    1    1    1    7  0.00000E+00 0.00000 
    8    1    1    1    1    1    1    1    1    8  2.13456E+04 0.00356 
    9    1    1    1    1    1    1    1    1    9  1.58477E+04 0.00390 
   10    1    1    1    1    1    1    1    1   10  0.00000E+00 0.00000 
   11    1    1    1    1    1    1    1    1   11  1.10084E+04 0.00430 
   12    1    1    1    1    1    1    1    2    1  2.36118E+04 0.00330 
   13    1    1    1    1    1    1    1    2    2  0.00000E+00 0.00000 
   14    1    1    1    1    1    1    1    2    3  0.00000E+00 0.00000 
   15    1    1    1    1    1    1    1    2    4  0.00000E+00 0.00000 
   16    1    1    1    1    1    1    1    2    5  0.00000E+00 0.00000 
   17    1    1    1    1    1    1    1    2    6  2.37100E+04 0.00331 
   18    1    1    1    1    1    1    1    2    7  0.00000E+00 0.00000 
   19    1    1    1    1    1    1    1    2    8  0.00000E+00 0.00000 
   20    1    1    1    1    1    1    1    2    9  1.26781E+04 0.00412 
   21    1    1    1    1    1    1    1    2   10  1.10044E+04 0.00438 
   22    1    1    1    1    1    1    1    2   11  0.00000E+00 0.00000 
   23    1    1    1    1    1    1    1    3    1  0.00000E+00 0.00000 
   24    1    1    1    1    1    1    1    3    2  2.12641E+04 0.00352 
   25    1    1    1    1    1    1    1    3    3  0.00000E+00 0.00000 
   26    1    1    1    1    1    1    1    3    4  2.13079E+04 0.00352 
   27    1    1    1    1    1    1    1    3    5  0.00000E+00 0.00000 
   28    1    1    1    1    1    1    1    3    6  0.00000E+00 0.00000 
   29    1    1    1    1    1    1    1    3    7  1.46087E+04 0.00391 
   30    1    1    1    1    1    1    1    3    8  1.22998E+04 0.00413 
   31    1    1    1    1    1    1    1    3    9  0.00000E+00 0.00000 
   32    1    1    1    1    1    1    1    3   10  1.00870E+04 0.00435 
   33    1    1    1    1    1    1    1    3   11  9.53264E+03 0.00439 
   34    1    1    1    1    1    1    1    4    1  0.00000E+00 0.00000 
   35    1    1    1    1    1    1    1    4    2  1.56829E+04 0.00385 
   36    1    1    1    1    1    1    1    4    3  1.58618E+04 0.00388 
   37    1    1    1    1    1    1    1    4    4  0.00000E+00 0.00000 
   38    1    1    1    1    1    1    1    4    5  1.45128E+04 0.00393 
   39    1    1    1    1    1    1    1    4    6  1.30192E+04 0.00416 
   40    1    1    1    1    1    1    1    4    7  0.00000E+00 0.00000 
   41    1    1    1    1    1    1    1    4    8  1.07284E+04 0.00437 
   42    1    1    1    1    1    1    1    4    9  9.99018E+03 0.00433 
   43    1    1    1    1    1    1    1    4   10  0.00000E+00 0.00000 
   44    1    1    1    1    1    1    1    4   11  9.19980E+03 0.00441 
   45    1    1    1    1    1    1    1    5    1  1.26171E+04 0.00416 
   46    1    1    1    1    1    1    1    5    2  0.00000E+00 0.00000 
   47    1    1    1    1    1    1    1    5    3  1.26730E+04 0.00410 
   48    1    1    1    1    1    1    1    5    4  1.22325E+04 0.00408 
   49    1    1    1    1    1    1    1    5    5  0.00000E+00 0.00000 
   50    1    1    1    1    1    1    1    5    6  1.11343E+04 0.00429 
   51    1    1    1    1    1    1    1    5    7  1.07006E+04 0.00436 
   52    1    1    1    1    1    1    1    5    8  0.00000E+00 0.00000 
   53    1    1    1    1    1    1    1    5    9  9.42542E+03 0.00455 
   54    1    1    1    1    1    1    1    5   10  9.23410E+03 0.00459 
   55    1    1    1    1    1    1    1    5   11  0.00000E+00 0.00000 
   56    1    1    1    1    1    1    1    6    1  1.09608E+04 0.00433 
   57    1    1    1    1    1    1    1    6    2  1.08940E+04 0.00427 
   58    1    1    1    1    1    1    1    6    3  0.00000E+00 0.00000 
   59    1    1    1    1    1    1    1    6    4  1.06504E+04 0.00441 
   60    1    1    1    1    1    1    1    6    5  1.07242E+04 0.00425 
   61    1    1    1    1    1    1    1    6    6  0.00000E+00 0.00000 
   62    1    1    1    1    1    1    1    6    7  0.00000E+00 0.00000 
   63    1    1    1    1    1    1    1    6    8  9.60832E+03 0.00451 
   64    1    1    1    1    1    1    1    6    9  0.00000E+00 0.00000 
   65    1    1    1    1    1    1    1    6   10  9.10779E+03 0.00460 
   66    1    1    1    1    1    1    1    6   11  9.09978E+03 0.00443 
   67    1    1    1    1    1    1    1    7    1  0.00000E+00 0.00000 
   68    1    1    1    1    1    1    1    7    2  1.00923E+04 0.00436 
   69    1    1    1    1    1    1    1    7    3  1.00531E+04 0.00438 
   70    1    1    1    1    1    1    1    7    4  0.00000E+00 0.00000 
   71    1    1    1    1    1    1    1    7    5  0.00000E+00 0.00000 
   72    1    1    1    1    1    1    1    7    6  1.00493E+04 0.00445 
   73    1    1    1    1    1    1    1    7    7  0.00000E+00 0.00000 
   74    1    1    1    1    1    1    1    7    8  9.13843E+03 0.00457 
   75    1    1    1    1    1    1    1    7    9  8.97515E+03 0.00462 
   76    1    1    1    1    1    1    1    7   10  0.00000E+00 0.00000 
   77    1    1    1    1    1    1    1    7   11  0.00000E+00 0.00000 
   78    1    1    1    1    1    1    1    8    1  9.54704E+03 0.00442 
   79    1    1    1    1    1    1    1    8    2  0.00000E+00 0.00000 
   80    1    1    1    1    1    1    1    8    3  9.44257E+03 0.00445 
   81    1    1    1    1    1    1    1    8    4  9.68055E+03 0.00445 
   82    1    1    1    1    1    1    1    8    5  0.00000E+00 0.00000 
   83    1    1    1    1    1    1    1    8    6  9.38284E+03 0.00442 
   84    1    1    1    1    1    1    1    8    7  9.03803E+03 0.00463 
   85    1    1    1    1    1    1    1    8    8  0.00000E+00 0.00000 
   86    1    1    1    1    1    1    1    8    9  8.95734E+03 0.00460 
   87    1    1    1    1    1    1    1    8   10  9.17995E+03 0.00457 
   88    1    1    1    1    1    1    1    8   11  0.00000E+00 0.00000 
   89    1    1    1    1    1    1    1    9    1  9.15288E+03 0.00453 
   90    1    1    1    1    1    1    1    9    2  9.24068E+03 0.00461 
   91    1    1    1    1    1    1    1    9    3  0.00000E+00 0.00000 
   92    1    1    1    1    1    1    1    9    4  9.17075E+03 0.00442 
   93    1    1    1    1    1    1    1    9    5  9.00745E+03 0.00459 
   94    1    1    1    1    1    1    1    9    6  0.00000E+00 0.00000 
   95    1    1    1    1    1    1    1    9    7  8.75134E+03 0.00464 
   96    1    1    1    1    1    1    1    9    8  8.82718E+03 0.00480 
   97    1    1    1    1    1    1    1    9    9  0.00000E+00 0.00000 
   98    1    1    1    1    1    1    1    9   10  9.11862E+03 0.00464 
   99    1    1    1    1    1    1    1    9   11  8.73455E+03 0.00462 
  100    1    1    1    1    1    1    1   10    1  0.00000E+00 0.00000 
  101    1    1    1    1    1    1    1   10    2  9.15018E+03 0.00450 
  102    1    1    1    1    1    1    1   10    3  9.04404E+03 0.00449 
  103    1    1    1    1    1    1    1   10    4  0.00000E+00 0.00000 
  104    1    1    1    1    1    1    1   10    5  8.79626E+03 0.00471 
  105    1    1    1    1    1    1    1   10    6  8.66953E+03 0.00461 
  106    1    1    1    1    1    1    1   10    7  0.00000E+00 0.00000 
  107    1    1    1    1    1    1    1   10    8  8.91632E+03 0.00470 
  108    1    1    1    1    1    1    1   10    9  0.00000E+00 0.00000 
  109    1    1    1    1    1    1    1   10   10  0.00000E+00 0.00000 
