
DETassem1 = [
    1    1    1    1    1    1    1    1    1    1  0.00000E+00 0.00000 
    2    1    1    1    1    1    1    1    1    2  0.00000E+00 0.00000 
    3    1    1    1    1    1    1    1    1    3  0.00000E+00 0.00000 
    4    1    1    1    1    1    1    1    1    4  0.00000E+00 0.00000 
    5    1    1    1    1    1    1    1    1    5  0.00000E+00 0.00000 
    6    1    1    1    1    1    1    1    1    6  0.00000E+00 0.00000 
    7    1    1    1    1    1    1    1    1    7  0.00000E+00 0.00000 
    8    1    1    1    1    1    1    1    1    8  1.79849E+04 0.00351 
    9    1    1    1    1    1    1    1    1    9  1.40132E+04 0.00382 
   10    1    1    1    1    1    1    1    1   10  0.00000E+00 0.00000 
   11    1    1    1    1    1    1    1    1   11  1.04747E+04 0.00421 
   12    1    1    1    1    1    1    1    2    1  1.92456E+04 0.00340 
   13    1    1    1    1    1    1    1    2    2  0.00000E+00 0.00000 
   14    1    1    1    1    1    1    1    2    3  0.00000E+00 0.00000 
   15    1    1    1    1    1    1    1    2    4  0.00000E+00 0.00000 
   16    1    1    1    1    1    1    1    2    5  0.00000E+00 0.00000 
   17    1    1    1    1    1    1    1    2    6  1.91156E+04 0.00343 
   18    1    1    1    1    1    1    1    2    7  1.56896E+04 0.00370 
   19    1    1    1    1    1    1    1    2    8  0.00000E+00 0.00000 
   20    1    1    1    1    1    1    1    2    9  1.16026E+04 0.00409 
   21    1    1    1    1    1    1    1    2   10  1.04196E+04 0.00429 
   22    1    1    1    1    1    1    1    2   11  0.00000E+00 0.00000 
   23    1    1    1    1    1    1    1    3    1  1.56999E+04 0.00368 
   24    1    1    1    1    1    1    1    3    2  1.78131E+04 0.00357 
   25    1    1    1    1    1    1    1    3    3  0.00000E+00 0.00000 
   26    1    1    1    1    1    1    1    3    4  1.78759E+04 0.00357 
   27    1    1    1    1    1    1    1    3    5  1.56285E+04 0.00360 
   28    1    1    1    1    1    1    1    3    6  0.00000E+00 0.00000 
   29    1    1    1    1    1    1    1    3    7  1.22864E+04 0.00400 
   30    1    1    1    1    1    1    1    3    8  1.11049E+04 0.00415 
   31    1    1    1    1    1    1    1    3    9  0.00000E+00 0.00000 
   32    1    1    1    1    1    1    1    3   10  9.68896E+03 0.00424 
   33    1    1    1    1    1    1    1    3   11  9.28572E+03 0.00440 
   34    1    1    1    1    1    1    1    4    1  0.00000E+00 0.00000 
   35    1    1    1    1    1    1    1    4    2  1.40380E+04 0.00383 
   36    1    1    1    1    1    1    1    4    3  1.39530E+04 0.00384 
   37    1    1    1    1    1    1    1    4    4  0.00000E+00 0.00000 
   38    1    1    1    1    1    1    1    4    5  1.22829E+04 0.00400 
   39    1    1    1    1    1    1    1    4    6  1.14485E+04 0.00402 
   40    1    1    1    1    1    1    1    4    7  0.00000E+00 0.00000 
   41    1    1    1    1    1    1    1    4    8  9.93159E+03 0.00421 
   42    1    1    1    1    1    1    1    4    9  9.47084E+03 0.00429 
   43    1    1    1    1    1    1    1    4   10  0.00000E+00 0.00000 
   44    1    1    1    1    1    1    1    4   11  8.94810E+03 0.00443 
   45    1    1    1    1    1    1    1    5    1  1.15021E+04 0.00409 
   46    1    1    1    1    1    1    1    5    2  0.00000E+00 0.00000 
   47    1    1    1    1    1    1    1    5    3  1.15001E+04 0.00412 
   48    1    1    1    1    1    1    1    5    4  1.10195E+04 0.00421 
   49    1    1    1    1    1    1    1    5    5  0.00000E+00 0.00000 
   50    1    1    1    1    1    1    1    5    6  1.00398E+04 0.00425 
   51    1    1    1    1    1    1    1    5    7  9.69386E+03 0.00431 
   52    1    1    1    1    1    1    1    5    8  0.00000E+00 0.00000 
   53    1    1    1    1    1    1    1    5    9  9.11706E+03 0.00435 
   54    1    1    1    1    1    1    1    5   10  8.92303E+03 0.00444 
   55    1    1    1    1    1    1    1    5   11  0.00000E+00 0.00000 
   56    1    1    1    1    1    1    1    6    1  1.04322E+04 0.00422 
   57    1    1    1    1    1    1    1    6    2  1.04271E+04 0.00435 
   58    1    1    1    1    1    1    1    6    3  0.00000E+00 0.00000 
   59    1    1    1    1    1    1    1    6    4  9.93717E+03 0.00420 
   60    1    1    1    1    1    1    1    6    5  9.73258E+03 0.00424 
   61    1    1    1    1    1    1    1    6    6  0.00000E+00 0.00000 
   62    1    1    1    1    1    1    1    6    7  9.13467E+03 0.00444 
   63    1    1    1    1    1    1    1    6    8  9.03530E+03 0.00441 
   64    1    1    1    1    1    1    1    6    9  0.00000E+00 0.00000 
   65    1    1    1    1    1    1    1    6   10  8.78715E+03 0.00441 
   66    1    1    1    1    1    1    1    6   11  8.68703E+03 0.00436 
   67    1    1    1    1    1    1    1    7    1  0.00000E+00 0.00000 
   68    1    1    1    1    1    1    1    7    2  9.71935E+03 0.00427 
   69    1    1    1    1    1    1    1    7    3  9.49321E+03 0.00427 
   70    1    1    1    1    1    1    1    7    4  0.00000E+00 0.00000 
   71    1    1    1    1    1    1    1    7    5  9.13373E+03 0.00436 
   72    1    1    1    1    1    1    1    7    6  9.06126E+03 0.00441 
   73    1    1    1    1    1    1    1    7    7  0.00000E+00 0.00000 
   74    1    1    1    1    1    1    1    7    8  8.73756E+03 0.00443 
   75    1    1    1    1    1    1    1    7    9  8.77802E+03 0.00447 
   76    1    1    1    1    1    1    1    7   10  0.00000E+00 0.00000 
   77    1    1    1    1    1    1    1    7   11  8.48281E+03 0.00450 
   78    1    1    1    1    1    1    1    8    1  9.32259E+03 0.00437 
   79    1    1    1    1    1    1    1    8    2  0.00000E+00 0.00000 
   80    1    1    1    1    1    1    1    8    3  9.08350E+03 0.00450 
   81    1    1    1    1    1    1    1    8    4  9.07209E+03 0.00441 
   82    1    1    1    1    1    1    1    8    5  0.00000E+00 0.00000 
   83    1    1    1    1    1    1    1    8    6  8.80772E+03 0.00454 
   84    1    1    1    1    1    1    1    8    7  8.79689E+03 0.00447 
   85    1    1    1    1    1    1    1    8    8  0.00000E+00 0.00000 
   86    1    1    1    1    1    1    1    8    9  8.70880E+03 0.00443 
   87    1    1    1    1    1    1    1    8   10  8.52018E+03 0.00449 
   88    1    1    1    1    1    1    1    8   11  0.00000E+00 0.00000 
   89    1    1    1    1    1    1    1    9    1  8.98442E+03 0.00441 
   90    1    1    1    1    1    1    1    9    2  8.94251E+03 0.00443 
   91    1    1    1    1    1    1    1    9    3  0.00000E+00 0.00000 
   92    1    1    1    1    1    1    1    9    4  8.84071E+03 0.00437 
   93    1    1    1    1    1    1    1    9    5  8.80289E+03 0.00443 
   94    1    1    1    1    1    1    1    9    6  0.00000E+00 0.00000 
   95    1    1    1    1    1    1    1    9    7  8.81393E+03 0.00444 
   96    1    1    1    1    1    1    1    9    8  0.00000E+00 0.00000 
   97    1    1    1    1    1    1    1    9    9  0.00000E+00 0.00000 
   98    1    1    1    1    1    1    1    9   10  8.30873E+03 0.00461 
   99    1    1    1    1    1    1    1    9   11  8.09639E+03 0.00464 
  100    1    1    1    1    1    1    1   10    1  0.00000E+00 0.00000 
  101    1    1    1    1    1    1    1   10    2  8.75178E+03 0.00447 
  102    1    1    1    1    1    1    1   10    3  8.72112E+03 0.00441 
  103    1    1    1    1    1    1    1   10    4  0.00000E+00 0.00000 
  104    1    1    1    1    1    1    1   10    5  8.78168E+03 0.00443 
  105    1    1    1    1    1    1    1   10    6  8.74275E+03 0.00454 
  106    1    1    1    1    1    1    1   10    7  0.00000E+00 0.00000 
  107    1    1    1    1    1    1    1   10    8  8.52097E+03 0.00445 
  108    1    1    1    1    1    1    1   10    9  8.13944E+03 0.00463 
  109    1    1    1    1    1    1    1   10   10  0.00000E+00 0.00000 
