
DETassem1 = [
    1    1    1    1    1    1    1    1    1    1  0.00000E+00 0.00000 
    2    1    1    1    1    1    1    1    1    2  0.00000E+00 0.00000 
    3    1    1    1    1    1    1    1    1    3  0.00000E+00 0.00000 
    4    1    1    1    1    1    1    1    1    4  0.00000E+00 0.00000 
    5    1    1    1    1    1    1    1    1    5  0.00000E+00 0.00000 
    6    1    1    1    1    1    1    1    1    6  0.00000E+00 0.00000 
    7    1    1    1    1    1    1    1    1    7  0.00000E+00 0.00000 
    8    1    1    1    1    1    1    1    1    8  1.94447E+04 0.00358 
    9    1    1    1    1    1    1    1    1    9  1.51141E+04 0.00389 
   10    1    1    1    1    1    1    1    1   10  0.00000E+00 0.00000 
   11    1    1    1    1    1    1    1    1   11  1.11873E+04 0.00420 
   12    1    1    1    1    1    1    1    2    1  2.09086E+04 0.00349 
   13    1    1    1    1    1    1    1    2    2  0.00000E+00 0.00000 
   14    1    1    1    1    1    1    1    2    3  0.00000E+00 0.00000 
   15    1    1    1    1    1    1    1    2    4  0.00000E+00 0.00000 
   16    1    1    1    1    1    1    1    2    5  0.00000E+00 0.00000 
   17    1    1    1    1    1    1    1    2    6  2.11514E+04 0.00351 
   18    1    1    1    1    1    1    1    2    7  1.69421E+04 0.00367 
   19    1    1    1    1    1    1    1    2    8  0.00000E+00 0.00000 
   20    1    1    1    1    1    1    1    2    9  1.25989E+04 0.00413 
   21    1    1    1    1    1    1    1    2   10  1.10907E+04 0.00427 
   22    1    1    1    1    1    1    1    2   11  0.00000E+00 0.00000 
   23    1    1    1    1    1    1    1    3    1  1.70178E+04 0.00380 
   24    1    1    1    1    1    1    1    3    2  1.95110E+04 0.00354 
   25    1    1    1    1    1    1    1    3    3  0.00000E+00 0.00000 
   26    1    1    1    1    1    1    1    3    4  1.95668E+04 0.00352 
   27    1    1    1    1    1    1    1    3    5  1.71137E+04 0.00370 
   28    1    1    1    1    1    1    1    3    6  0.00000E+00 0.00000 
   29    1    1    1    1    1    1    1    3    7  1.35557E+04 0.00409 
   30    1    1    1    1    1    1    1    3    8  0.00000E+00 0.00000 
   31    1    1    1    1    1    1    1    3    9  0.00000E+00 0.00000 
   32    1    1    1    1    1    1    1    3   10  1.02915E+04 0.00435 
   33    1    1    1    1    1    1    1    3   11  9.80706E+03 0.00449 
   34    1    1    1    1    1    1    1    4    1  0.00000E+00 0.00000 
   35    1    1    1    1    1    1    1    4    2  1.51135E+04 0.00387 
   36    1    1    1    1    1    1    1    4    3  1.52052E+04 0.00388 
   37    1    1    1    1    1    1    1    4    4  0.00000E+00 0.00000 
   38    1    1    1    1    1    1    1    4    5  1.34269E+04 0.00408 
   39    1    1    1    1    1    1    1    4    6  1.24115E+04 0.00420 
   40    1    1    1    1    1    1    1    4    7  0.00000E+00 0.00000 
   41    1    1    1    1    1    1    1    4    8  1.10735E+04 0.00421 
   42    1    1    1    1    1    1    1    4    9  1.02492E+04 0.00433 
   43    1    1    1    1    1    1    1    4   10  0.00000E+00 0.00000 
   44    1    1    1    1    1    1    1    4   11  9.53463E+03 0.00454 
   45    1    1    1    1    1    1    1    5    1  1.25751E+04 0.00409 
   46    1    1    1    1    1    1    1    5    2  0.00000E+00 0.00000 
   47    1    1    1    1    1    1    1    5    3  1.26123E+04 0.00407 
   48    1    1    1    1    1    1    1    5    4  0.00000E+00 0.00000 
   49    1    1    1    1    1    1    1    5    5  0.00000E+00 0.00000 
   50    1    1    1    1    1    1    1    5    6  1.10147E+04 0.00431 
   51    1    1    1    1    1    1    1    5    7  1.04888E+04 0.00432 
   52    1    1    1    1    1    1    1    5    8  0.00000E+00 0.00000 
   53    1    1    1    1    1    1    1    5    9  9.89454E+03 0.00444 
   54    1    1    1    1    1    1    1    5   10  9.62882E+03 0.00454 
   55    1    1    1    1    1    1    1    5   11  0.00000E+00 0.00000 
   56    1    1    1    1    1    1    1    6    1  1.11930E+04 0.00434 
   57    1    1    1    1    1    1    1    6    2  1.11210E+04 0.00426 
   58    1    1    1    1    1    1    1    6    3  0.00000E+00 0.00000 
   59    1    1    1    1    1    1    1    6    4  1.10168E+04 0.00431 
   60    1    1    1    1    1    1    1    6    5  1.05287E+04 0.00432 
   61    1    1    1    1    1    1    1    6    6  0.00000E+00 0.00000 
   62    1    1    1    1    1    1    1    6    7  1.00666E+04 0.00451 
   63    1    1    1    1    1    1    1    6    8  0.00000E+00 0.00000 
   64    1    1    1    1    1    1    1    6    9  0.00000E+00 0.00000 
   65    1    1    1    1    1    1    1    6   10  9.71166E+03 0.00452 
   66    1    1    1    1    1    1    1    6   11  0.00000E+00 0.00000 
   67    1    1    1    1    1    1    1    7    1  0.00000E+00 0.00000 
   68    1    1    1    1    1    1    1    7    2  1.02335E+04 0.00437 
   69    1    1    1    1    1    1    1    7    3  1.03491E+04 0.00438 
   70    1    1    1    1    1    1    1    7    4  0.00000E+00 0.00000 
   71    1    1    1    1    1    1    1    7    5  1.00209E+04 0.00439 
   72    1    1    1    1    1    1    1    7    6  9.76863E+03 0.00436 
   73    1    1    1    1    1    1    1    7    7  0.00000E+00 0.00000 
   74    1    1    1    1    1    1    1    7    8  9.54661E+03 0.00444 
   75    1    1    1    1    1    1    1    7    9  9.38386E+03 0.00448 
   76    1    1    1    1    1    1    1    7   10  0.00000E+00 0.00000 
   77    1    1    1    1    1    1    1    7   11  9.77807E+03 0.00454 
   78    1    1    1    1    1    1    1    8    1  9.78976E+03 0.00437 
   79    1    1    1    1    1    1    1    8    2  0.00000E+00 0.00000 
   80    1    1    1    1    1    1    1    8    3  9.96996E+03 0.00443 
   81    1    1    1    1    1    1    1    8    4  0.00000E+00 0.00000 
   82    1    1    1    1    1    1    1    8    5  0.00000E+00 0.00000 
   83    1    1    1    1    1    1    1    8    6  9.41212E+03 0.00445 
   84    1    1    1    1    1    1    1    8    7  9.30097E+03 0.00451 
   85    1    1    1    1    1    1    1    8    8  0.00000E+00 0.00000 
   86    1    1    1    1    1    1    1    8    9  9.11707E+03 0.00450 
   87    1    1    1    1    1    1    1    8   10  9.16547E+03 0.00458 
   88    1    1    1    1    1    1    1    8   11  0.00000E+00 0.00000 
   89    1    1    1    1    1    1    1    9    1  9.62139E+03 0.00450 
   90    1    1    1    1    1    1    1    9    2  9.61088E+03 0.00440 
   91    1    1    1    1    1    1    1    9    3  0.00000E+00 0.00000 
   92    1    1    1    1    1    1    1    9    4  9.55449E+03 0.00443 
   93    1    1    1    1    1    1    1    9    5  9.32379E+03 0.00447 
   94    1    1    1    1    1    1    1    9    6  0.00000E+00 0.00000 
   95    1    1    1    1    1    1    1    9    7  9.20370E+03 0.00455 
   96    1    1    1    1    1    1    1    9    8  8.89211E+03 0.00468 
   97    1    1    1    1    1    1    1    9    9  0.00000E+00 0.00000 
   98    1    1    1    1    1    1    1    9   10  8.96201E+03 0.00452 
   99    1    1    1    1    1    1    1    9   11  9.03935E+03 0.00464 
  100    1    1    1    1    1    1    1   10    1  0.00000E+00 0.00000 
  101    1    1    1    1    1    1    1   10    2  9.76168E+03 0.00446 
  102    1    1    1    1    1    1    1   10    3  9.33800E+03 0.00456 
  103    1    1    1    1    1    1    1   10    4  0.00000E+00 0.00000 
  104    1    1    1    1    1    1    1   10    5  9.20284E+03 0.00463 
  105    1    1    1    1    1    1    1   10    6  0.00000E+00 0.00000 
  106    1    1    1    1    1    1    1   10    7  0.00000E+00 0.00000 
  107    1    1    1    1    1    1    1   10    8  8.64284E+03 0.00466 
  108    1    1    1    1    1    1    1   10    9  8.59496E+03 0.00471 
  109    1    1    1    1    1    1    1   10   10  0.00000E+00 0.00000 
