
DETassem1 = [
    1    1    1    1    1    1    1    1    1    1  0.00000E+00 0.00000 
    2    1    1    1    1    1    1    1    1    2  0.00000E+00 0.00000 
    3    1    1    1    1    1    1    1    1    3  0.00000E+00 0.00000 
    4    1    1    1    1    1    1    1    1    4  0.00000E+00 0.00000 
    5    1    1    1    1    1    1    1    1    5  0.00000E+00 0.00000 
    6    1    1    1    1    1    1    1    1    6  0.00000E+00 0.00000 
    7    1    1    1    1    1    1    1    1    7  0.00000E+00 0.00000 
    8    1    1    1    1    1    1    1    1    8  1.84407E+04 0.00358 
    9    1    1    1    1    1    1    1    1    9  1.44409E+04 0.00375 
   10    1    1    1    1    1    1    1    1   10  0.00000E+00 0.00000 
   11    1    1    1    1    1    1    1    1   11  1.10542E+04 0.00414 
   12    1    1    1    1    1    1    1    2    1  1.96551E+04 0.00344 
   13    1    1    1    1    1    1    1    2    2  0.00000E+00 0.00000 
   14    1    1    1    1    1    1    1    2    3  0.00000E+00 0.00000 
   15    1    1    1    1    1    1    1    2    4  0.00000E+00 0.00000 
   16    1    1    1    1    1    1    1    2    5  0.00000E+00 0.00000 
   17    1    1    1    1    1    1    1    2    6  1.96008E+04 0.00340 
   18    1    1    1    1    1    1    1    2    7  1.61245E+04 0.00371 
   19    1    1    1    1    1    1    1    2    8  0.00000E+00 0.00000 
   20    1    1    1    1    1    1    1    2    9  1.21275E+04 0.00400 
   21    1    1    1    1    1    1    1    2   10  1.11078E+04 0.00418 
   22    1    1    1    1    1    1    1    2   11  0.00000E+00 0.00000 
   23    1    1    1    1    1    1    1    3    1  1.60797E+04 0.00368 
   24    1    1    1    1    1    1    1    3    2  1.84147E+04 0.00352 
   25    1    1    1    1    1    1    1    3    3  0.00000E+00 0.00000 
   26    1    1    1    1    1    1    1    3    4  1.83551E+04 0.00350 
   27    1    1    1    1    1    1    1    3    5  1.60867E+04 0.00363 
   28    1    1    1    1    1    1    1    3    6  0.00000E+00 0.00000 
   29    1    1    1    1    1    1    1    3    7  1.26913E+04 0.00404 
   30    1    1    1    1    1    1    1    3    8  1.16594E+04 0.00399 
   31    1    1    1    1    1    1    1    3    9  0.00000E+00 0.00000 
   32    1    1    1    1    1    1    1    3   10  1.04944E+04 0.00418 
   33    1    1    1    1    1    1    1    3   11  9.98240E+03 0.00423 
   34    1    1    1    1    1    1    1    4    1  0.00000E+00 0.00000 
   35    1    1    1    1    1    1    1    4    2  1.44920E+04 0.00377 
   36    1    1    1    1    1    1    1    4    3  1.44682E+04 0.00386 
   37    1    1    1    1    1    1    1    4    4  0.00000E+00 0.00000 
   38    1    1    1    1    1    1    1    4    5  1.27486E+04 0.00400 
   39    1    1    1    1    1    1    1    4    6  1.19232E+04 0.00401 
   40    1    1    1    1    1    1    1    4    7  0.00000E+00 0.00000 
   41    1    1    1    1    1    1    1    4    8  1.07368E+04 0.00414 
   42    1    1    1    1    1    1    1    4    9  0.00000E+00 0.00000 
   43    1    1    1    1    1    1    1    4   10  0.00000E+00 0.00000 
   44    1    1    1    1    1    1    1    4   11  9.60087E+03 0.00434 
   45    1    1    1    1    1    1    1    5    1  1.20146E+04 0.00403 
   46    1    1    1    1    1    1    1    5    2  0.00000E+00 0.00000 
   47    1    1    1    1    1    1    1    5    3  1.20352E+04 0.00398 
   48    1    1    1    1    1    1    1    5    4  1.16312E+04 0.00412 
   49    1    1    1    1    1    1    1    5    5  0.00000E+00 0.00000 
   50    1    1    1    1    1    1    1    5    6  1.05699E+04 0.00419 
   51    1    1    1    1    1    1    1    5    7  1.02995E+04 0.00426 
   52    1    1    1    1    1    1    1    5    8  0.00000E+00 0.00000 
   53    1    1    1    1    1    1    1    5    9  9.99541E+03 0.00429 
   54    1    1    1    1    1    1    1    5   10  9.82264E+03 0.00437 
   55    1    1    1    1    1    1    1    5   11  0.00000E+00 0.00000 
   56    1    1    1    1    1    1    1    6    1  1.09738E+04 0.00418 
   57    1    1    1    1    1    1    1    6    2  1.09740E+04 0.00422 
   58    1    1    1    1    1    1    1    6    3  0.00000E+00 0.00000 
   59    1    1    1    1    1    1    1    6    4  1.06935E+04 0.00418 
   60    1    1    1    1    1    1    1    6    5  1.03304E+04 0.00416 
   61    1    1    1    1    1    1    1    6    6  0.00000E+00 0.00000 
   62    1    1    1    1    1    1    1    6    7  9.82146E+03 0.00439 
   63    1    1    1    1    1    1    1    6    8  9.61018E+03 0.00424 
   64    1    1    1    1    1    1    1    6    9  0.00000E+00 0.00000 
   65    1    1    1    1    1    1    1    6   10  0.00000E+00 0.00000 
   66    1    1    1    1    1    1    1    6   11  9.40247E+03 0.00443 
   67    1    1    1    1    1    1    1    7    1  0.00000E+00 0.00000 
   68    1    1    1    1    1    1    1    7    2  1.05208E+04 0.00417 
   69    1    1    1    1    1    1    1    7    3  0.00000E+00 0.00000 
   70    1    1    1    1    1    1    1    7    4  0.00000E+00 0.00000 
   71    1    1    1    1    1    1    1    7    5  9.70143E+03 0.00425 
   72    1    1    1    1    1    1    1    7    6  9.43495E+03 0.00432 
   73    1    1    1    1    1    1    1    7    7  0.00000E+00 0.00000 
   74    1    1    1    1    1    1    1    7    8  9.21164E+03 0.00436 
   75    1    1    1    1    1    1    1    7    9  9.34253E+03 0.00431 
   76    1    1    1    1    1    1    1    7   10  0.00000E+00 0.00000 
   77    1    1    1    1    1    1    1    7   11  8.94852E+03 0.00451 
   78    1    1    1    1    1    1    1    8    1  9.97545E+03 0.00423 
   79    1    1    1    1    1    1    1    8    2  0.00000E+00 0.00000 
   80    1    1    1    1    1    1    1    8    3  1.00149E+04 0.00429 
   81    1    1    1    1    1    1    1    8    4  9.63140E+03 0.00436 
   82    1    1    1    1    1    1    1    8    5  0.00000E+00 0.00000 
   83    1    1    1    1    1    1    1    8    6  9.17539E+03 0.00435 
   84    1    1    1    1    1    1    1    8    7  9.05606E+03 0.00437 
   85    1    1    1    1    1    1    1    8    8  0.00000E+00 0.00000 
   86    1    1    1    1    1    1    1    8    9  8.95430E+03 0.00444 
   87    1    1    1    1    1    1    1    8   10  8.79226E+03 0.00451 
   88    1    1    1    1    1    1    1    8   11  0.00000E+00 0.00000 
   89    1    1    1    1    1    1    1    9    1  9.73980E+03 0.00424 
   90    1    1    1    1    1    1    1    9    2  9.79229E+03 0.00429 
   91    1    1    1    1    1    1    1    9    3  0.00000E+00 0.00000 
   92    1    1    1    1    1    1    1    9    4  9.24910E+03 0.00441 
   93    1    1    1    1    1    1    1    9    5  8.96302E+03 0.00434 
   94    1    1    1    1    1    1    1    9    6  0.00000E+00 0.00000 
   95    1    1    1    1    1    1    1    9    7  8.91894E+03 0.00444 
   96    1    1    1    1    1    1    1    9    8  8.85985E+03 0.00452 
   97    1    1    1    1    1    1    1    9    9  0.00000E+00 0.00000 
   98    1    1    1    1    1    1    1    9   10  8.64456E+03 0.00455 
   99    1    1    1    1    1    1    1    9   11  8.59616E+03 0.00449 
  100    1    1    1    1    1    1    1   10    1  0.00000E+00 0.00000 
  101    1    1    1    1    1    1    1   10    2  0.00000E+00 0.00000 
  102    1    1    1    1    1    1    1   10    3  9.34466E+03 0.00439 
  103    1    1    1    1    1    1    1   10    4  0.00000E+00 0.00000 
  104    1    1    1    1    1    1    1   10    5  8.97314E+03 0.00445 
  105    1    1    1    1    1    1    1   10    6  8.93940E+03 0.00451 
  106    1    1    1    1    1    1    1   10    7  0.00000E+00 0.00000 
  107    1    1    1    1    1    1    1   10    8  8.57296E+03 0.00465 
  108    1    1    1    1    1    1    1   10    9  8.42032E+03 0.00449 
  109    1    1    1    1    1    1    1   10   10  0.00000E+00 0.00000 
