
DETassem1 = [
    1    1    1    1    1    1    1    1    1    1  0.00000E+00 0.00000 
    2    1    1    1    1    1    1    1    1    2  0.00000E+00 0.00000 
    3    1    1    1    1    1    1    1    1    3  0.00000E+00 0.00000 
    4    1    1    1    1    1    1    1    1    4  0.00000E+00 0.00000 
    5    1    1    1    1    1    1    1    1    5  0.00000E+00 0.00000 
    6    1    1    1    1    1    1    1    1    6  0.00000E+00 0.00000 
    7    1    1    1    1    1    1    1    1    7  0.00000E+00 0.00000 
    8    1    1    1    1    1    1    1    1    8  1.87378E+04 0.00360 
    9    1    1    1    1    1    1    1    1    9  1.43407E+04 0.00406 
   10    1    1    1    1    1    1    1    1   10  0.00000E+00 0.00000 
   11    1    1    1    1    1    1    1    1   11  1.04421E+04 0.00431 
   12    1    1    1    1    1    1    1    2    1  2.00916E+04 0.00351 
   13    1    1    1    1    1    1    1    2    2  0.00000E+00 0.00000 
   14    1    1    1    1    1    1    1    2    3  0.00000E+00 0.00000 
   15    1    1    1    1    1    1    1    2    4  0.00000E+00 0.00000 
   16    1    1    1    1    1    1    1    2    5  0.00000E+00 0.00000 
   17    1    1    1    1    1    1    1    2    6  2.01383E+04 0.00361 
   18    1    1    1    1    1    1    1    2    7  1.62862E+04 0.00383 
   19    1    1    1    1    1    1    1    2    8  0.00000E+00 0.00000 
   20    1    1    1    1    1    1    1    2    9  1.18092E+04 0.00422 
   21    1    1    1    1    1    1    1    2   10  1.05491E+04 0.00431 
   22    1    1    1    1    1    1    1    2   11  0.00000E+00 0.00000 
   23    1    1    1    1    1    1    1    3    1  1.62499E+04 0.00394 
   24    1    1    1    1    1    1    1    3    2  1.85876E+04 0.00367 
   25    1    1    1    1    1    1    1    3    3  0.00000E+00 0.00000 
   26    1    1    1    1    1    1    1    3    4  1.86599E+04 0.00371 
   27    1    1    1    1    1    1    1    3    5  1.62738E+04 0.00382 
   28    1    1    1    1    1    1    1    3    6  0.00000E+00 0.00000 
   29    1    1    1    1    1    1    1    3    7  1.25658E+04 0.00420 
   30    1    1    1    1    1    1    1    3    8  1.16244E+04 0.00422 
   31    1    1    1    1    1    1    1    3    9  0.00000E+00 0.00000 
   32    1    1    1    1    1    1    1    3   10  9.78471E+03 0.00446 
   33    1    1    1    1    1    1    1    3   11  9.23233E+03 0.00459 
   34    1    1    1    1    1    1    1    4    1  0.00000E+00 0.00000 
   35    1    1    1    1    1    1    1    4    2  1.42184E+04 0.00403 
   36    1    1    1    1    1    1    1    4    3  1.43231E+04 0.00398 
   37    1    1    1    1    1    1    1    4    4  0.00000E+00 0.00000 
   38    1    1    1    1    1    1    1    4    5  1.25691E+04 0.00421 
   39    1    1    1    1    1    1    1    4    6  1.17775E+04 0.00419 
   40    1    1    1    1    1    1    1    4    7  0.00000E+00 0.00000 
   41    1    1    1    1    1    1    1    4    8  0.00000E+00 0.00000 
   42    1    1    1    1    1    1    1    4    9  9.80305E+03 0.00454 
   43    1    1    1    1    1    1    1    4   10  0.00000E+00 0.00000 
   44    1    1    1    1    1    1    1    4   11  8.96317E+03 0.00462 
   45    1    1    1    1    1    1    1    5    1  1.16676E+04 0.00426 
   46    1    1    1    1    1    1    1    5    2  0.00000E+00 0.00000 
   47    1    1    1    1    1    1    1    5    3  1.16383E+04 0.00422 
   48    1    1    1    1    1    1    1    5    4  1.15588E+04 0.00429 
   49    1    1    1    1    1    1    1    5    5  0.00000E+00 0.00000 
   50    1    1    1    1    1    1    1    5    6  1.05332E+04 0.00426 
   51    1    1    1    1    1    1    1    5    7  1.02225E+04 0.00438 
   52    1    1    1    1    1    1    1    5    8  0.00000E+00 0.00000 
   53    1    1    1    1    1    1    1    5    9  9.19781E+03 0.00454 
   54    1    1    1    1    1    1    1    5   10  8.77399E+03 0.00452 
   55    1    1    1    1    1    1    1    5   11  0.00000E+00 0.00000 
   56    1    1    1    1    1    1    1    6    1  1.05494E+04 0.00422 
   57    1    1    1    1    1    1    1    6    2  1.04815E+04 0.00435 
   58    1    1    1    1    1    1    1    6    3  0.00000E+00 0.00000 
   59    1    1    1    1    1    1    1    6    4  0.00000E+00 0.00000 
   60    1    1    1    1    1    1    1    6    5  1.02769E+04 0.00439 
   61    1    1    1    1    1    1    1    6    6  0.00000E+00 0.00000 
   62    1    1    1    1    1    1    1    6    7  9.68945E+03 0.00451 
   63    1    1    1    1    1    1    1    6    8  9.13095E+03 0.00442 
   64    1    1    1    1    1    1    1    6    9  0.00000E+00 0.00000 
   65    1    1    1    1    1    1    1    6   10  8.57698E+03 0.00464 
   66    1    1    1    1    1    1    1    6   11  8.44043E+03 0.00473 
   67    1    1    1    1    1    1    1    7    1  0.00000E+00 0.00000 
   68    1    1    1    1    1    1    1    7    2  9.71856E+03 0.00446 
   69    1    1    1    1    1    1    1    7    3  9.90235E+03 0.00440 
   70    1    1    1    1    1    1    1    7    4  0.00000E+00 0.00000 
   71    1    1    1    1    1    1    1    7    5  9.63472E+03 0.00441 
   72    1    1    1    1    1    1    1    7    6  0.00000E+00 0.00000 
   73    1    1    1    1    1    1    1    7    7  0.00000E+00 0.00000 
   74    1    1    1    1    1    1    1    7    8  8.75213E+03 0.00452 
   75    1    1    1    1    1    1    1    7    9  8.53934E+03 0.00475 
   76    1    1    1    1    1    1    1    7   10  0.00000E+00 0.00000 
   77    1    1    1    1    1    1    1    7   11  8.29053E+03 0.00474 
   78    1    1    1    1    1    1    1    8    1  9.22908E+03 0.00444 
   79    1    1    1    1    1    1    1    8    2  0.00000E+00 0.00000 
   80    1    1    1    1    1    1    1    8    3  9.13140E+03 0.00454 
   81    1    1    1    1    1    1    1    8    4  9.22241E+03 0.00452 
   82    1    1    1    1    1    1    1    8    5  0.00000E+00 0.00000 
   83    1    1    1    1    1    1    1    8    6  9.02164E+03 0.00449 
   84    1    1    1    1    1    1    1    8    7  8.68371E+03 0.00458 
   85    1    1    1    1    1    1    1    8    8  0.00000E+00 0.00000 
   86    1    1    1    1    1    1    1    8    9  8.46986E+03 0.00471 
   87    1    1    1    1    1    1    1    8   10  8.45709E+03 0.00465 
   88    1    1    1    1    1    1    1    8   11  0.00000E+00 0.00000 
   89    1    1    1    1    1    1    1    9    1  8.86264E+03 0.00462 
   90    1    1    1    1    1    1    1    9    2  8.85396E+03 0.00465 
   91    1    1    1    1    1    1    1    9    3  0.00000E+00 0.00000 
   92    1    1    1    1    1    1    1    9    4  8.80347E+03 0.00461 
   93    1    1    1    1    1    1    1    9    5  8.70102E+03 0.00451 
   94    1    1    1    1    1    1    1    9    6  0.00000E+00 0.00000 
   95    1    1    1    1    1    1    1    9    7  8.42123E+03 0.00465 
   96    1    1    1    1    1    1    1    9    8  8.35371E+03 0.00468 
   97    1    1    1    1    1    1    1    9    9  0.00000E+00 0.00000 
   98    1    1    1    1    1    1    1    9   10  8.36501E+03 0.00459 
   99    1    1    1    1    1    1    1    9   11  8.11080E+03 0.00480 
  100    1    1    1    1    1    1    1   10    1  0.00000E+00 0.00000 
  101    1    1    1    1    1    1    1   10    2  8.58554E+03 0.00460 
  102    1    1    1    1    1    1    1   10    3  8.52519E+03 0.00467 
  103    1    1    1    1    1    1    1   10    4  0.00000E+00 0.00000 
  104    1    1    1    1    1    1    1   10    5  8.43757E+03 0.00468 
  105    1    1    1    1    1    1    1   10    6  8.30164E+03 0.00473 
  106    1    1    1    1    1    1    1   10    7  0.00000E+00 0.00000 
  107    1    1    1    1    1    1    1   10    8  8.38587E+03 0.00471 
  108    1    1    1    1    1    1    1   10    9  0.00000E+00 0.00000 
  109    1    1    1    1    1    1    1   10   10  0.00000E+00 0.00000 
