
DETassem1 = [
    1    1    1    1    1    1    1    1    1    1  0.00000E+00 0.00000 
    2    1    1    1    1    1    1    1    1    2  0.00000E+00 0.00000 
    3    1    1    1    1    1    1    1    1    3  0.00000E+00 0.00000 
    4    1    1    1    1    1    1    1    1    4  0.00000E+00 0.00000 
    5    1    1    1    1    1    1    1    1    5  0.00000E+00 0.00000 
    6    1    1    1    1    1    1    1    1    6  0.00000E+00 0.00000 
    7    1    1    1    1    1    1    1    1    7  0.00000E+00 0.00000 
    8    1    1    1    1    1    1    1    1    8  1.87609E+04 0.00349 
    9    1    1    1    1    1    1    1    1    9  1.47471E+04 0.00372 
   10    1    1    1    1    1    1    1    1   10  0.00000E+00 0.00000 
   11    1    1    1    1    1    1    1    1   11  1.11914E+04 0.00413 
   12    1    1    1    1    1    1    1    2    1  1.99045E+04 0.00343 
   13    1    1    1    1    1    1    1    2    2  0.00000E+00 0.00000 
   14    1    1    1    1    1    1    1    2    3  0.00000E+00 0.00000 
   15    1    1    1    1    1    1    1    2    4  0.00000E+00 0.00000 
   16    1    1    1    1    1    1    1    2    5  0.00000E+00 0.00000 
   17    1    1    1    1    1    1    1    2    6  1.99275E+04 0.00345 
   18    1    1    1    1    1    1    1    2    7  1.62115E+04 0.00369 
   19    1    1    1    1    1    1    1    2    8  0.00000E+00 0.00000 
   20    1    1    1    1    1    1    1    2    9  1.21780E+04 0.00392 
   21    1    1    1    1    1    1    1    2   10  1.12484E+04 0.00406 
   22    1    1    1    1    1    1    1    2   11  0.00000E+00 0.00000 
   23    1    1    1    1    1    1    1    3    1  1.64116E+04 0.00355 
   24    1    1    1    1    1    1    1    3    2  1.85907E+04 0.00349 
   25    1    1    1    1    1    1    1    3    3  0.00000E+00 0.00000 
   26    1    1    1    1    1    1    1    3    4  1.85056E+04 0.00347 
   27    1    1    1    1    1    1    1    3    5  1.62557E+04 0.00362 
   28    1    1    1    1    1    1    1    3    6  0.00000E+00 0.00000 
   29    1    1    1    1    1    1    1    3    7  1.29591E+04 0.00395 
   30    1    1    1    1    1    1    1    3    8  1.20536E+04 0.00396 
   31    1    1    1    1    1    1    1    3    9  0.00000E+00 0.00000 
   32    1    1    1    1    1    1    1    3   10  1.04712E+04 0.00425 
   33    1    1    1    1    1    1    1    3   11  1.02274E+04 0.00421 
   34    1    1    1    1    1    1    1    4    1  0.00000E+00 0.00000 
   35    1    1    1    1    1    1    1    4    2  1.46212E+04 0.00374 
   36    1    1    1    1    1    1    1    4    3  1.46631E+04 0.00376 
   37    1    1    1    1    1    1    1    4    4  0.00000E+00 0.00000 
   38    1    1    1    1    1    1    1    4    5  1.30242E+04 0.00395 
   39    1    1    1    1    1    1    1    4    6  1.22115E+04 0.00408 
   40    1    1    1    1    1    1    1    4    7  0.00000E+00 0.00000 
   41    1    1    1    1    1    1    1    4    8  0.00000E+00 0.00000 
   42    1    1    1    1    1    1    1    4    9  1.05266E+04 0.00418 
   43    1    1    1    1    1    1    1    4   10  0.00000E+00 0.00000 
   44    1    1    1    1    1    1    1    4   11  1.02286E+04 0.00425 
   45    1    1    1    1    1    1    1    5    1  1.22616E+04 0.00401 
   46    1    1    1    1    1    1    1    5    2  0.00000E+00 0.00000 
   47    1    1    1    1    1    1    1    5    3  1.22776E+04 0.00405 
   48    1    1    1    1    1    1    1    5    4  1.21810E+04 0.00406 
   49    1    1    1    1    1    1    1    5    5  0.00000E+00 0.00000 
   50    1    1    1    1    1    1    1    5    6  1.11406E+04 0.00418 
   51    1    1    1    1    1    1    1    5    7  1.07693E+04 0.00411 
   52    1    1    1    1    1    1    1    5    8  0.00000E+00 0.00000 
   53    1    1    1    1    1    1    1    5    9  1.00108E+04 0.00426 
   54    1    1    1    1    1    1    1    5   10  9.76914E+03 0.00423 
   55    1    1    1    1    1    1    1    5   11  0.00000E+00 0.00000 
   56    1    1    1    1    1    1    1    6    1  1.12620E+04 0.00408 
   57    1    1    1    1    1    1    1    6    2  1.11939E+04 0.00401 
   58    1    1    1    1    1    1    1    6    3  0.00000E+00 0.00000 
   59    1    1    1    1    1    1    1    6    4  0.00000E+00 0.00000 
   60    1    1    1    1    1    1    1    6    5  1.07616E+04 0.00413 
   61    1    1    1    1    1    1    1    6    6  0.00000E+00 0.00000 
   62    1    1    1    1    1    1    1    6    7  1.01192E+04 0.00416 
   63    1    1    1    1    1    1    1    6    8  9.89279E+03 0.00427 
   64    1    1    1    1    1    1    1    6    9  0.00000E+00 0.00000 
   65    1    1    1    1    1    1    1    6   10  9.69023E+03 0.00431 
   66    1    1    1    1    1    1    1    6   11  9.76921E+03 0.00440 
   67    1    1    1    1    1    1    1    7    1  0.00000E+00 0.00000 
   68    1    1    1    1    1    1    1    7    2  1.05742E+04 0.00414 
   69    1    1    1    1    1    1    1    7    3  1.06543E+04 0.00417 
   70    1    1    1    1    1    1    1    7    4  0.00000E+00 0.00000 
   71    1    1    1    1    1    1    1    7    5  1.00786E+04 0.00421 
   72    1    1    1    1    1    1    1    7    6  1.00042E+04 0.00426 
   73    1    1    1    1    1    1    1    7    7  0.00000E+00 0.00000 
   74    1    1    1    1    1    1    1    7    8  9.69774E+03 0.00433 
   75    1    1    1    1    1    1    1    7    9  9.45269E+03 0.00442 
   76    1    1    1    1    1    1    1    7   10  0.00000E+00 0.00000 
   77    1    1    1    1    1    1    1    7   11  0.00000E+00 0.00000 
   78    1    1    1    1    1    1    1    8    1  1.02748E+04 0.00410 
   79    1    1    1    1    1    1    1    8    2  0.00000E+00 0.00000 
   80    1    1    1    1    1    1    1    8    3  1.00516E+04 0.00425 
   81    1    1    1    1    1    1    1    8    4  9.88647E+03 0.00423 
   82    1    1    1    1    1    1    1    8    5  0.00000E+00 0.00000 
   83    1    1    1    1    1    1    1    8    6  9.96607E+03 0.00427 
   84    1    1    1    1    1    1    1    8    7  0.00000E+00 0.00000 
   85    1    1    1    1    1    1    1    8    8  0.00000E+00 0.00000 
   86    1    1    1    1    1    1    1    8    9  9.26732E+03 0.00442 
   87    1    1    1    1    1    1    1    8   10  9.28360E+03 0.00443 
   88    1    1    1    1    1    1    1    8   11  0.00000E+00 0.00000 
   89    1    1    1    1    1    1    1    9    1  1.03529E+04 0.00414 
   90    1    1    1    1    1    1    1    9    2  9.99953E+03 0.00438 
   91    1    1    1    1    1    1    1    9    3  0.00000E+00 0.00000 
   92    1    1    1    1    1    1    1    9    4  9.75328E+03 0.00421 
   93    1    1    1    1    1    1    1    9    5  0.00000E+00 0.00000 
   94    1    1    1    1    1    1    1    9    6  0.00000E+00 0.00000 
   95    1    1    1    1    1    1    1    9    7  9.37177E+03 0.00438 
   96    1    1    1    1    1    1    1    9    8  9.12740E+03 0.00448 
   97    1    1    1    1    1    1    1    9    9  0.00000E+00 0.00000 
   98    1    1    1    1    1    1    1    9   10  8.91157E+03 0.00442 
   99    1    1    1    1    1    1    1    9   11  8.96332E+03 0.00444 
  100    1    1    1    1    1    1    1   10    1  0.00000E+00 0.00000 
  101    1    1    1    1    1    1    1   10    2  9.73015E+03 0.00425 
  102    1    1    1    1    1    1    1   10    3  9.55936E+03 0.00423 
  103    1    1    1    1    1    1    1   10    4  0.00000E+00 0.00000 
  104    1    1    1    1    1    1    1   10    5  9.44367E+03 0.00441 
  105    1    1    1    1    1    1    1   10    6  9.07487E+03 0.00441 
  106    1    1    1    1    1    1    1   10    7  0.00000E+00 0.00000 
  107    1    1    1    1    1    1    1   10    8  8.68964E+03 0.00458 
  108    1    1    1    1    1    1    1   10    9  8.64685E+03 0.00445 
  109    1    1    1    1    1    1    1   10   10  0.00000E+00 0.00000 
