
DETassem1 = [
    1    1    1    1    1    1    1    1    1    1  0.00000E+00 0.00000 
    2    1    1    1    1    1    1    1    1    2  0.00000E+00 0.00000 
    3    1    1    1    1    1    1    1    1    3  0.00000E+00 0.00000 
    4    1    1    1    1    1    1    1    1    4  0.00000E+00 0.00000 
    5    1    1    1    1    1    1    1    1    5  0.00000E+00 0.00000 
    6    1    1    1    1    1    1    1    1    6  0.00000E+00 0.00000 
    7    1    1    1    1    1    1    1    1    7  0.00000E+00 0.00000 
    8    1    1    1    1    1    1    1    1    8  1.94982E+04 0.00366 
    9    1    1    1    1    1    1    1    1    9  1.49533E+04 0.00393 
   10    1    1    1    1    1    1    1    1   10  0.00000E+00 0.00000 
   11    1    1    1    1    1    1    1    1   11  1.06013E+04 0.00432 
   12    1    1    1    1    1    1    1    2    1  2.11019E+04 0.00337 
   13    1    1    1    1    1    1    1    2    2  0.00000E+00 0.00000 
   14    1    1    1    1    1    1    1    2    3  0.00000E+00 0.00000 
   15    1    1    1    1    1    1    1    2    4  0.00000E+00 0.00000 
   16    1    1    1    1    1    1    1    2    5  0.00000E+00 0.00000 
   17    1    1    1    1    1    1    1    2    6  2.11276E+04 0.00344 
   18    1    1    1    1    1    1    1    2    7  1.72620E+04 0.00377 
   19    1    1    1    1    1    1    1    2    8  0.00000E+00 0.00000 
   20    1    1    1    1    1    1    1    2    9  1.20719E+04 0.00414 
   21    1    1    1    1    1    1    1    2   10  1.06268E+04 0.00437 
   22    1    1    1    1    1    1    1    2   11  0.00000E+00 0.00000 
   23    1    1    1    1    1    1    1    3    1  1.73093E+04 0.00378 
   24    1    1    1    1    1    1    1    3    2  1.93598E+04 0.00371 
   25    1    1    1    1    1    1    1    3    3  0.00000E+00 0.00000 
   26    1    1    1    1    1    1    1    3    4  1.94929E+04 0.00361 
   27    1    1    1    1    1    1    1    3    5  1.73305E+04 0.00371 
   28    1    1    1    1    1    1    1    3    6  0.00000E+00 0.00000 
   29    1    1    1    1    1    1    1    3    7  0.00000E+00 0.00000 
   30    1    1    1    1    1    1    1    3    8  1.21169E+04 0.00410 
   31    1    1    1    1    1    1    1    3    9  0.00000E+00 0.00000 
   32    1    1    1    1    1    1    1    3   10  9.78367E+03 0.00441 
   33    1    1    1    1    1    1    1    3   11  9.29880E+03 0.00450 
   34    1    1    1    1    1    1    1    4    1  0.00000E+00 0.00000 
   35    1    1    1    1    1    1    1    4    2  1.48968E+04 0.00386 
   36    1    1    1    1    1    1    1    4    3  1.48939E+04 0.00399 
   37    1    1    1    1    1    1    1    4    4  0.00000E+00 0.00000 
   38    1    1    1    1    1    1    1    4    5  0.00000E+00 0.00000 
   39    1    1    1    1    1    1    1    4    6  1.29036E+04 0.00410 
   40    1    1    1    1    1    1    1    4    7  0.00000E+00 0.00000 
   41    1    1    1    1    1    1    1    4    8  1.03292E+04 0.00433 
   42    1    1    1    1    1    1    1    4    9  9.70207E+03 0.00444 
   43    1    1    1    1    1    1    1    4   10  0.00000E+00 0.00000 
   44    1    1    1    1    1    1    1    4   11  9.08526E+03 0.00460 
   45    1    1    1    1    1    1    1    5    1  1.20432E+04 0.00423 
   46    1    1    1    1    1    1    1    5    2  0.00000E+00 0.00000 
   47    1    1    1    1    1    1    1    5    3  1.20880E+04 0.00416 
   48    1    1    1    1    1    1    1    5    4  1.20067E+04 0.00414 
   49    1    1    1    1    1    1    1    5    5  0.00000E+00 0.00000 
   50    1    1    1    1    1    1    1    5    6  1.07239E+04 0.00440 
   51    1    1    1    1    1    1    1    5    7  1.00370E+04 0.00455 
   52    1    1    1    1    1    1    1    5    8  0.00000E+00 0.00000 
   53    1    1    1    1    1    1    1    5    9  9.13365E+03 0.00461 
   54    1    1    1    1    1    1    1    5   10  9.01929E+03 0.00471 
   55    1    1    1    1    1    1    1    5   11  0.00000E+00 0.00000 
   56    1    1    1    1    1    1    1    6    1  1.05463E+04 0.00447 
   57    1    1    1    1    1    1    1    6    2  1.05646E+04 0.00451 
   58    1    1    1    1    1    1    1    6    3  0.00000E+00 0.00000 
   59    1    1    1    1    1    1    1    6    4  1.03207E+04 0.00438 
   60    1    1    1    1    1    1    1    6    5  1.00511E+04 0.00443 
   61    1    1    1    1    1    1    1    6    6  0.00000E+00 0.00000 
   62    1    1    1    1    1    1    1    6    7  9.41348E+03 0.00431 
   63    1    1    1    1    1    1    1    6    8  9.11998E+03 0.00462 
   64    1    1    1    1    1    1    1    6    9  0.00000E+00 0.00000 
   65    1    1    1    1    1    1    1    6   10  9.03164E+03 0.00448 
   66    1    1    1    1    1    1    1    6   11  0.00000E+00 0.00000 
   67    1    1    1    1    1    1    1    7    1  0.00000E+00 0.00000 
   68    1    1    1    1    1    1    1    7    2  9.69373E+03 0.00445 
   69    1    1    1    1    1    1    1    7    3  9.67377E+03 0.00446 
   70    1    1    1    1    1    1    1    7    4  0.00000E+00 0.00000 
   71    1    1    1    1    1    1    1    7    5  9.34667E+03 0.00448 
   72    1    1    1    1    1    1    1    7    6  9.36197E+03 0.00452 
   73    1    1    1    1    1    1    1    7    7  0.00000E+00 0.00000 
   74    1    1    1    1    1    1    1    7    8  8.80692E+03 0.00462 
   75    1    1    1    1    1    1    1    7    9  8.72936E+03 0.00470 
   76    1    1    1    1    1    1    1    7   10  0.00000E+00 0.00000 
   77    1    1    1    1    1    1    1    7   11  8.80160E+03 0.00479 
   78    1    1    1    1    1    1    1    8    1  9.28487E+03 0.00454 
   79    1    1    1    1    1    1    1    8    2  0.00000E+00 0.00000 
   80    1    1    1    1    1    1    1    8    3  9.17988E+03 0.00442 
   81    1    1    1    1    1    1    1    8    4  9.03377E+03 0.00455 
   82    1    1    1    1    1    1    1    8    5  0.00000E+00 0.00000 
   83    1    1    1    1    1    1    1    8    6  0.00000E+00 0.00000 
   84    1    1    1    1    1    1    1    8    7  8.87883E+03 0.00473 
   85    1    1    1    1    1    1    1    8    8  0.00000E+00 0.00000 
   86    1    1    1    1    1    1    1    8    9  8.37562E+03 0.00464 
   87    1    1    1    1    1    1    1    8   10  8.40410E+03 0.00474 
   88    1    1    1    1    1    1    1    8   11  0.00000E+00 0.00000 
   89    1    1    1    1    1    1    1    9    1  9.05292E+03 0.00456 
   90    1    1    1    1    1    1    1    9    2  9.05614E+03 0.00465 
   91    1    1    1    1    1    1    1    9    3  0.00000E+00 0.00000 
   92    1    1    1    1    1    1    1    9    4  8.81619E+03 0.00461 
   93    1    1    1    1    1    1    1    9    5  8.80929E+03 0.00460 
   94    1    1    1    1    1    1    1    9    6  0.00000E+00 0.00000 
   95    1    1    1    1    1    1    1    9    7  8.49737E+03 0.00466 
   96    1    1    1    1    1    1    1    9    8  8.35021E+03 0.00474 
   97    1    1    1    1    1    1    1    9    9  0.00000E+00 0.00000 
   98    1    1    1    1    1    1    1    9   10  8.14928E+03 0.00476 
   99    1    1    1    1    1    1    1    9   11  8.00326E+03 0.00482 
  100    1    1    1    1    1    1    1   10    1  0.00000E+00 0.00000 
  101    1    1    1    1    1    1    1   10    2  8.98791E+03 0.00446 
  102    1    1    1    1    1    1    1   10    3  8.76898E+03 0.00464 
  103    1    1    1    1    1    1    1   10    4  0.00000E+00 0.00000 
  104    1    1    1    1    1    1    1   10    5  8.41665E+03 0.00475 
  105    1    1    1    1    1    1    1   10    6  8.40850E+03 0.00468 
  106    1    1    1    1    1    1    1   10    7  0.00000E+00 0.00000 
  107    1    1    1    1    1    1    1   10    8  8.00734E+03 0.00483 
  108    1    1    1    1    1    1    1   10    9  7.96045E+03 0.00483 
  109    1    1    1    1    1    1    1   10   10  0.00000E+00 0.00000 
