
ZAI = [
922350
922380
666
0
];

NAMES = [
'U235            '
'U238            '
'lost            '
'total           '
];

i922350 = 1; iU235             = 1;
i922380 = 2; iU238             = 2;
iLOST    = 3;
iTOT     = 4;

MAT_un_VOLUME = [ 2.43224E+05 2.43224E+05 ];

MAT_un_BURNUP = [ 0.00000E+00 4.71284E+01 ];

MAT_un_ADENS = [
4.83387E-03 3.39668E-03 % U235
1.93936E-02 1.88252E-02 % U238
0.00000E+00 4.71471E-30 % lost data
7.26897E-02 7.39120E-02 % total
];

MAT_un_MDENS = [
1.88669E+00 1.32575E+00 % U235
7.66628E+00 7.44158E+00 % U238
0.00000E+00 0.00000E+00 % lost data
1.08000E+01 1.07984E+01 % total
];

MAT_un_A = [
3.66922E+10 2.57830E+10 % U235
2.31891E+10 2.25094E+10 % U238
0.00000E+00 0.00000E+00 % lost data
5.98813E+10 3.26303E+18 % total
];

MAT_un_H = [
2.75060E-02 1.93280E-02 % U235
1.58646E-02 1.53996E-02 % U238
0.00000E+00 0.00000E+00 % lost data
4.33706E-02 9.60760E+05 % total
];

MAT_un_SF = [
2.64184E+00 1.85638E+00 % U235
1.26612E+04 1.22901E+04 % U238
0.00000E+00 0.00000E+00 % lost data
1.26639E+04 1.30529E+08 % total
];

MAT_un_GSRC = [
4.63609E+10 3.25770E+10 % U235
2.05348E+09 1.99329E+09 % U238
0.00000E+00 0.00000E+00 % lost data
4.84144E+10 3.50352E+18 % total
];

MAT_un_ING_TOX = [
1.72453E+03 1.21180E+03 % U235
1.04351E+03 1.01292E+03 % U238
0.00000E+00 0.00000E+00 % lost data
2.76804E+03 2.25015E+09 % total
];

MAT_un_INH_TOX = [
3.11884E+05 2.19156E+05 % U235
1.85513E+05 1.80075E+05 % U238
0.00000E+00 0.00000E+00 % lost data
4.97397E+05 8.80729E+10 % total
];

TOT_VOLUME = [ 2.43224E+05 2.43224E+05 ];

TOT_BURNUP = [ 0.00000E+00 4.71284E+01 ];

TOT_ADENS = [
4.83387E-03 3.39668E-03 % U235
1.93936E-02 1.88252E-02 % U238
0.00000E+00 4.71471E-30 % lost data
7.26897E-02 7.39120E-02 % total
];

TOT_MASS = [
4.58888E+05 3.22453E+05 % U235
1.86462E+06 1.80997E+06 % U238
0.00000E+00 0.00000E+00 % lost data
2.62682E+06 2.62644E+06 % total
];

TOT_A = [
3.66922E+10 2.57830E+10 % U235
2.31891E+10 2.25094E+10 % U238
0.00000E+00 0.00000E+00 % lost data
5.98813E+10 3.26303E+18 % total
];

TOT_H = [
2.75060E-02 1.93280E-02 % U235
1.58646E-02 1.53996E-02 % U238
0.00000E+00 0.00000E+00 % lost data
4.33706E-02 9.60760E+05 % total
];

TOT_SF = [
2.64184E+00 1.85638E+00 % U235
1.26612E+04 1.22901E+04 % U238
0.00000E+00 0.00000E+00 % lost data
1.26639E+04 1.30529E+08 % total
];

TOT_GSRC = [
4.63609E+10 3.25770E+10 % U235
2.05348E+09 1.99329E+09 % U238
0.00000E+00 0.00000E+00 % lost data
4.84144E+10 3.50352E+18 % total
];

TOT_ING_TOX = [
1.72453E+03 1.21180E+03 % U235
1.04351E+03 1.01292E+03 % U238
0.00000E+00 0.00000E+00 % lost data
2.76804E+03 2.25015E+09 % total
];

TOT_INH_TOX = [
3.11884E+05 2.19156E+05 % U235
1.85513E+05 1.80075E+05 % U238
0.00000E+00 0.00000E+00 % lost data
4.97397E+05 8.80729E+10 % total
];

BU = [ 0.00000E+00 4.71270E+01 ];

DAYS = [ 0.00000E+00 7.30000E+03 ];
