
DETassem1 = [
    1    1    1    1    1    1    1    1    1    1  0.00000E+00 0.00000 
    2    1    1    1    1    1    1    1    1    2  0.00000E+00 0.00000 
    3    1    1    1    1    1    1    1    1    3  0.00000E+00 0.00000 
    4    1    1    1    1    1    1    1    1    4  0.00000E+00 0.00000 
    5    1    1    1    1    1    1    1    1    5  0.00000E+00 0.00000 
    6    1    1    1    1    1    1    1    1    6  0.00000E+00 0.00000 
    7    1    1    1    1    1    1    1    1    7  0.00000E+00 0.00000 
    8    1    1    1    1    1    1    1    1    8  1.86052E+04 0.00353 
    9    1    1    1    1    1    1    1    1    9  1.43588E+04 0.00408 
   10    1    1    1    1    1    1    1    1   10  0.00000E+00 0.00000 
   11    1    1    1    1    1    1    1    1   11  1.05853E+04 0.00432 
   12    1    1    1    1    1    1    1    2    1  2.00172E+04 0.00353 
   13    1    1    1    1    1    1    1    2    2  0.00000E+00 0.00000 
   14    1    1    1    1    1    1    1    2    3  0.00000E+00 0.00000 
   15    1    1    1    1    1    1    1    2    4  0.00000E+00 0.00000 
   16    1    1    1    1    1    1    1    2    5  0.00000E+00 0.00000 
   17    1    1    1    1    1    1    1    2    6  2.00030E+04 0.00353 
   18    1    1    1    1    1    1    1    2    7  1.60285E+04 0.00382 
   19    1    1    1    1    1    1    1    2    8  0.00000E+00 0.00000 
   20    1    1    1    1    1    1    1    2    9  1.15844E+04 0.00419 
   21    1    1    1    1    1    1    1    2   10  1.06015E+04 0.00431 
   22    1    1    1    1    1    1    1    2   11  0.00000E+00 0.00000 
   23    1    1    1    1    1    1    1    3    1  1.60977E+04 0.00377 
   24    1    1    1    1    1    1    1    3    2  1.85963E+04 0.00366 
   25    1    1    1    1    1    1    1    3    3  0.00000E+00 0.00000 
   26    1    1    1    1    1    1    1    3    4  1.85285E+04 0.00361 
   27    1    1    1    1    1    1    1    3    5  1.60553E+04 0.00390 
   28    1    1    1    1    1    1    1    3    6  0.00000E+00 0.00000 
   29    1    1    1    1    1    1    1    3    7  1.22780E+04 0.00417 
   30    1    1    1    1    1    1    1    3    8  1.11524E+04 0.00424 
   31    1    1    1    1    1    1    1    3    9  0.00000E+00 0.00000 
   32    1    1    1    1    1    1    1    3   10  1.00794E+04 0.00444 
   33    1    1    1    1    1    1    1    3   11  1.04146E+04 0.00432 
   34    1    1    1    1    1    1    1    4    1  0.00000E+00 0.00000 
   35    1    1    1    1    1    1    1    4    2  1.42829E+04 0.00394 
   36    1    1    1    1    1    1    1    4    3  1.42935E+04 0.00389 
   37    1    1    1    1    1    1    1    4    4  0.00000E+00 0.00000 
   38    1    1    1    1    1    1    1    4    5  1.23830E+04 0.00410 
   39    1    1    1    1    1    1    1    4    6  1.13154E+04 0.00427 
   40    1    1    1    1    1    1    1    4    7  0.00000E+00 0.00000 
   41    1    1    1    1    1    1    1    4    8  9.94261E+03 0.00450 
   42    1    1    1    1    1    1    1    4    9  9.79826E+03 0.00445 
   43    1    1    1    1    1    1    1    4   10  0.00000E+00 0.00000 
   44    1    1    1    1    1    1    1    4   11  0.00000E+00 0.00000 
   45    1    1    1    1    1    1    1    5    1  1.17098E+04 0.00417 
   46    1    1    1    1    1    1    1    5    2  0.00000E+00 0.00000 
   47    1    1    1    1    1    1    1    5    3  1.15386E+04 0.00414 
   48    1    1    1    1    1    1    1    5    4  1.11654E+04 0.00430 
   49    1    1    1    1    1    1    1    5    5  0.00000E+00 0.00000 
   50    1    1    1    1    1    1    1    5    6  1.00238E+04 0.00443 
   51    1    1    1    1    1    1    1    5    7  9.66274E+03 0.00447 
   52    1    1    1    1    1    1    1    5    8  0.00000E+00 0.00000 
   53    1    1    1    1    1    1    1    5    9  9.45605E+03 0.00460 
   54    1    1    1    1    1    1    1    5   10  9.93885E+03 0.00439 
   55    1    1    1    1    1    1    1    5   11  0.00000E+00 0.00000 
   56    1    1    1    1    1    1    1    6    1  1.06203E+04 0.00428 
   57    1    1    1    1    1    1    1    6    2  1.06035E+04 0.00440 
   58    1    1    1    1    1    1    1    6    3  0.00000E+00 0.00000 
   59    1    1    1    1    1    1    1    6    4  1.00059E+04 0.00443 
   60    1    1    1    1    1    1    1    6    5  9.72526E+03 0.00446 
   61    1    1    1    1    1    1    1    6    6  0.00000E+00 0.00000 
   62    1    1    1    1    1    1    1    6    7  9.16855E+03 0.00453 
   63    1    1    1    1    1    1    1    6    8  8.99084E+03 0.00462 
   64    1    1    1    1    1    1    1    6    9  0.00000E+00 0.00000 
   65    1    1    1    1    1    1    1    6   10  9.46857E+03 0.00455 
   66    1    1    1    1    1    1    1    6   11  9.45947E+03 0.00455 
   67    1    1    1    1    1    1    1    7    1  0.00000E+00 0.00000 
   68    1    1    1    1    1    1    1    7    2  1.00674E+04 0.00440 
   69    1    1    1    1    1    1    1    7    3  9.77400E+03 0.00435 
   70    1    1    1    1    1    1    1    7    4  0.00000E+00 0.00000 
   71    1    1    1    1    1    1    1    7    5  9.23621E+03 0.00459 
   72    1    1    1    1    1    1    1    7    6  9.03236E+03 0.00457 
   73    1    1    1    1    1    1    1    7    7  0.00000E+00 0.00000 
   74    1    1    1    1    1    1    1    7    8  8.87557E+03 0.00462 
   75    1    1    1    1    1    1    1    7    9  8.95209E+03 0.00456 
   76    1    1    1    1    1    1    1    7   10  0.00000E+00 0.00000 
   77    1    1    1    1    1    1    1    7   11  8.98073E+03 0.00457 
   78    1    1    1    1    1    1    1    8    1  1.05276E+04 0.00442 
   79    1    1    1    1    1    1    1    8    2  0.00000E+00 0.00000 
   80    1    1    1    1    1    1    1    8    3  9.47822E+03 0.00447 
   81    1    1    1    1    1    1    1    8    4  9.08179E+03 0.00467 
   82    1    1    1    1    1    1    1    8    5  0.00000E+00 0.00000 
   83    1    1    1    1    1    1    1    8    6  8.72019E+03 0.00451 
   84    1    1    1    1    1    1    1    8    7  8.78075E+03 0.00457 
   85    1    1    1    1    1    1    1    8    8  0.00000E+00 0.00000 
   86    1    1    1    1    1    1    1    8    9  8.89970E+03 0.00460 
   87    1    1    1    1    1    1    1    8   10  8.71484E+03 0.00463 
   88    1    1    1    1    1    1    1    8   11  0.00000E+00 0.00000 
   89    1    1    1    1    1    1    1    9    1  0.00000E+00 0.00000 
   90    1    1    1    1    1    1    1    9    2  9.90893E+03 0.00439 
   91    1    1    1    1    1    1    1    9    3  0.00000E+00 0.00000 
   92    1    1    1    1    1    1    1    9    4  8.94302E+03 0.00455 
   93    1    1    1    1    1    1    1    9    5  8.64995E+03 0.00447 
   94    1    1    1    1    1    1    1    9    6  0.00000E+00 0.00000 
   95    1    1    1    1    1    1    1    9    7  8.80477E+03 0.00467 
   96    1    1    1    1    1    1    1    9    8  0.00000E+00 0.00000 
   97    1    1    1    1    1    1    1    9    9  0.00000E+00 0.00000 
   98    1    1    1    1    1    1    1    9   10  8.35571E+03 0.00468 
   99    1    1    1    1    1    1    1    9   11  8.18674E+03 0.00466 
  100    1    1    1    1    1    1    1   10    1  0.00000E+00 0.00000 
  101    1    1    1    1    1    1    1   10    2  9.40503E+03 0.00456 
  102    1    1    1    1    1    1    1   10    3  8.99671E+03 0.00452 
  103    1    1    1    1    1    1    1   10    4  0.00000E+00 0.00000 
  104    1    1    1    1    1    1    1   10    5  8.85023E+03 0.00457 
  105    1    1    1    1    1    1    1   10    6  8.60314E+03 0.00473 
  106    1    1    1    1    1    1    1   10    7  0.00000E+00 0.00000 
  107    1    1    1    1    1    1    1   10    8  8.47273E+03 0.00472 
  108    1    1    1    1    1    1    1   10    9  8.06761E+03 0.00489 
  109    1    1    1    1    1    1    1   10   10  0.00000E+00 0.00000 
