
ZAI = [
922350
922380
666
0
];

NAMES = [
'U235            '
'U238            '
'lost            '
'total           '
];

i922350 = 1; iU235             = 1;
i922380 = 2; iU238             = 2;
iLOST    = 3;
iTOT     = 4;

MAT_un_VOLUME = [ 2.55115E+05 2.55115E+05 ];

MAT_un_BURNUP = [ 0.00000E+00 4.49318E+01 ];

MAT_un_ADENS = [
4.83387E-03 3.45550E-03 % U235
1.93936E-02 1.88428E-02 % U238
0.00000E+00 4.51176E-30 % lost data
7.26897E-02 7.38545E-02 % total
];

MAT_un_MDENS = [
1.88669E+00 1.34870E+00 % U235
7.66628E+00 7.44855E+00 % U238
0.00000E+00 0.00000E+00 % lost data
1.08000E+01 1.07985E+01 % total
];

MAT_un_A = [
3.84860E+10 2.75118E+10 % U235
2.43228E+10 2.36320E+10 % U238
0.00000E+00 0.00000E+00 % lost data
6.28088E+10 3.27027E+18 % total
];

MAT_un_H = [
2.88507E-02 2.06240E-02 % U235
1.66402E-02 1.61676E-02 % U238
0.00000E+00 0.00000E+00 % lost data
4.54909E-02 9.62512E+05 % total
];

MAT_un_SF = [
2.77100E+00 1.98085E+00 % U235
1.32802E+04 1.29031E+04 % U238
0.00000E+00 0.00000E+00 % lost data
1.32830E+04 1.16149E+08 % total
];

MAT_un_GSRC = [
4.86274E+10 3.47614E+10 % U235
2.15387E+09 2.09270E+09 % U238
0.00000E+00 0.00000E+00 % lost data
5.07812E+10 3.51311E+18 % total
];

MAT_un_ING_TOX = [
1.80884E+03 1.29306E+03 % U235
1.09452E+03 1.06344E+03 % U238
0.00000E+00 0.00000E+00 % lost data
2.90337E+03 2.24025E+09 % total
];

MAT_un_INH_TOX = [
3.27131E+05 2.33850E+05 % U235
1.94582E+05 1.89056E+05 % U238
0.00000E+00 0.00000E+00 % lost data
5.21714E+05 8.36894E+10 % total
];

TOT_VOLUME = [ 2.55115E+05 2.55115E+05 ];

TOT_BURNUP = [ 0.00000E+00 4.49318E+01 ];

TOT_ADENS = [
4.83387E-03 3.45550E-03 % U235
1.93936E-02 1.88428E-02 % U238
0.00000E+00 4.51176E-30 % lost data
7.26897E-02 7.38545E-02 % total
];

TOT_MASS = [
4.81322E+05 3.44074E+05 % U235
1.95578E+06 1.90023E+06 % U238
0.00000E+00 0.00000E+00 % lost data
2.75524E+06 2.75486E+06 % total
];

TOT_A = [
3.84860E+10 2.75118E+10 % U235
2.43228E+10 2.36320E+10 % U238
0.00000E+00 0.00000E+00 % lost data
6.28088E+10 3.27027E+18 % total
];

TOT_H = [
2.88507E-02 2.06240E-02 % U235
1.66402E-02 1.61676E-02 % U238
0.00000E+00 0.00000E+00 % lost data
4.54909E-02 9.62512E+05 % total
];

TOT_SF = [
2.77100E+00 1.98085E+00 % U235
1.32802E+04 1.29031E+04 % U238
0.00000E+00 0.00000E+00 % lost data
1.32830E+04 1.16149E+08 % total
];

TOT_GSRC = [
4.86274E+10 3.47614E+10 % U235
2.15387E+09 2.09270E+09 % U238
0.00000E+00 0.00000E+00 % lost data
5.07812E+10 3.51311E+18 % total
];

TOT_ING_TOX = [
1.80884E+03 1.29306E+03 % U235
1.09452E+03 1.06344E+03 % U238
0.00000E+00 0.00000E+00 % lost data
2.90337E+03 2.24025E+09 % total
];

TOT_INH_TOX = [
3.27131E+05 2.33850E+05 % U235
1.94582E+05 1.89056E+05 % U238
0.00000E+00 0.00000E+00 % lost data
5.21714E+05 8.36894E+10 % total
];

BU = [ 0.00000E+00 4.49304E+01 ];

DAYS = [ 0.00000E+00 7.30000E+03 ];
