
ZAI = [
922350
922380
666
0
];

NAMES = [
'U235            '
'U238            '
'lost            '
'total           '
];

i922350 = 1; iU235             = 1;
i922380 = 2; iU238             = 2;
iLOST    = 3;
iTOT     = 4;

MAT_un_VOLUME = [ 2.54944E+05 2.54944E+05 ];

MAT_un_BURNUP = [ 0.00000E+00 4.49618E+01 ];

MAT_un_ADENS = [
4.83387E-03 3.45435E-03 % U235
1.93936E-02 1.88410E-02 % U238
0.00000E+00 3.65981E-30 % lost data
7.26897E-02 7.38553E-02 % total
];

MAT_un_MDENS = [
1.88669E+00 1.34825E+00 % U235
7.66628E+00 7.44782E+00 % U238
0.00000E+00 0.00000E+00 % lost data
1.08000E+01 1.07985E+01 % total
];

MAT_un_A = [
3.84604E+10 2.74843E+10 % U235
2.43065E+10 2.36139E+10 % U238
0.00000E+00 0.00000E+00 % lost data
6.27669E+10 3.27222E+18 % total
];

MAT_un_H = [
2.88314E-02 2.06033E-02 % U235
1.66291E-02 1.61553E-02 % U238
0.00000E+00 0.00000E+00 % lost data
4.54606E-02 9.62723E+05 % total
];

MAT_un_SF = [
2.76915E+00 1.97887E+00 % U235
1.32714E+04 1.28932E+04 % U238
0.00000E+00 0.00000E+00 % lost data
1.32741E+04 1.16575E+08 % total
];

MAT_un_GSRC = [
4.85949E+10 3.47266E+10 % U235
2.15243E+09 2.09110E+09 % U238
0.00000E+00 0.00000E+00 % lost data
5.07474E+10 3.51539E+18 % total
];

MAT_un_ING_TOX = [
1.80764E+03 1.29176E+03 % U235
1.09379E+03 1.06263E+03 % U238
0.00000E+00 0.00000E+00 % lost data
2.90143E+03 2.24196E+09 % total
];

MAT_un_INH_TOX = [
3.26913E+05 2.33616E+05 % U235
1.94452E+05 1.88911E+05 % U238
0.00000E+00 0.00000E+00 % lost data
5.21365E+05 8.39876E+10 % total
];

TOT_VOLUME = [ 2.54944E+05 2.54944E+05 ];

TOT_BURNUP = [ 0.00000E+00 4.49618E+01 ];

TOT_ADENS = [
4.83387E-03 3.45435E-03 % U235
1.93936E-02 1.88410E-02 % U238
0.00000E+00 3.65981E-30 % lost data
7.26897E-02 7.38553E-02 % total
];

TOT_MASS = [
4.81001E+05 3.43730E+05 % U235
1.95448E+06 1.89878E+06 % U238
0.00000E+00 0.00000E+00 % lost data
2.75340E+06 2.75302E+06 % total
];

TOT_A = [
3.84604E+10 2.74843E+10 % U235
2.43065E+10 2.36139E+10 % U238
0.00000E+00 0.00000E+00 % lost data
6.27669E+10 3.27222E+18 % total
];

TOT_H = [
2.88314E-02 2.06033E-02 % U235
1.66291E-02 1.61553E-02 % U238
0.00000E+00 0.00000E+00 % lost data
4.54606E-02 9.62723E+05 % total
];

TOT_SF = [
2.76915E+00 1.97887E+00 % U235
1.32714E+04 1.28932E+04 % U238
0.00000E+00 0.00000E+00 % lost data
1.32741E+04 1.16575E+08 % total
];

TOT_GSRC = [
4.85949E+10 3.47266E+10 % U235
2.15243E+09 2.09110E+09 % U238
0.00000E+00 0.00000E+00 % lost data
5.07474E+10 3.51539E+18 % total
];

TOT_ING_TOX = [
1.80764E+03 1.29176E+03 % U235
1.09379E+03 1.06263E+03 % U238
0.00000E+00 0.00000E+00 % lost data
2.90143E+03 2.24196E+09 % total
];

TOT_INH_TOX = [
3.26913E+05 2.33616E+05 % U235
1.94452E+05 1.88911E+05 % U238
0.00000E+00 0.00000E+00 % lost data
5.21365E+05 8.39876E+10 % total
];

BU = [ 0.00000E+00 4.49604E+01 ];

DAYS = [ 0.00000E+00 7.30000E+03 ];
