
DETassem1 = [
    1    1    1    1    1    1    1    1    1    1  0.00000E+00 0.00000 
    2    1    1    1    1    1    1    1    1    2  0.00000E+00 0.00000 
    3    1    1    1    1    1    1    1    1    3  0.00000E+00 0.00000 
    4    1    1    1    1    1    1    1    1    4  0.00000E+00 0.00000 
    5    1    1    1    1    1    1    1    1    5  0.00000E+00 0.00000 
    6    1    1    1    1    1    1    1    1    6  0.00000E+00 0.00000 
    7    1    1    1    1    1    1    1    1    7  0.00000E+00 0.00000 
    8    1    1    1    1    1    1    1    1    8  2.05192E+04 0.00352 
    9    1    1    1    1    1    1    1    1    9  0.00000E+00 0.00000 
   10    1    1    1    1    1    1    1    1   10  0.00000E+00 0.00000 
   11    1    1    1    1    1    1    1    1   11  1.11875E+04 0.00426 
   12    1    1    1    1    1    1    1    2    1  2.11796E+04 0.00346 
   13    1    1    1    1    1    1    1    2    2  0.00000E+00 0.00000 
   14    1    1    1    1    1    1    1    2    3  0.00000E+00 0.00000 
   15    1    1    1    1    1    1    1    2    4  0.00000E+00 0.00000 
   16    1    1    1    1    1    1    1    2    5  0.00000E+00 0.00000 
   17    1    1    1    1    1    1    1    2    6  2.12566E+04 0.00350 
   18    1    1    1    1    1    1    1    2    7  1.72705E+04 0.00372 
   19    1    1    1    1    1    1    1    2    8  0.00000E+00 0.00000 
   20    1    1    1    1    1    1    1    2    9  1.31502E+04 0.00409 
   21    1    1    1    1    1    1    1    2   10  1.12680E+04 0.00420 
   22    1    1    1    1    1    1    1    2   11  0.00000E+00 0.00000 
   23    1    1    1    1    1    1    1    3    1  1.71711E+04 0.00369 
   24    1    1    1    1    1    1    1    3    2  2.05714E+04 0.00352 
   25    1    1    1    1    1    1    1    3    3  0.00000E+00 0.00000 
   26    1    1    1    1    1    1    1    3    4  2.04271E+04 0.00353 
   27    1    1    1    1    1    1    1    3    5  1.71917E+04 0.00373 
   28    1    1    1    1    1    1    1    3    6  0.00000E+00 0.00000 
   29    1    1    1    1    1    1    1    3    7  1.31959E+04 0.00406 
   30    1    1    1    1    1    1    1    3    8  1.18626E+04 0.00424 
   31    1    1    1    1    1    1    1    3    9  0.00000E+00 0.00000 
   32    1    1    1    1    1    1    1    3   10  9.97233E+03 0.00436 
   33    1    1    1    1    1    1    1    3   11  9.45772E+03 0.00438 
   34    1    1    1    1    1    1    1    4    1  0.00000E+00 0.00000 
   35    1    1    1    1    1    1    1    4    2  0.00000E+00 0.00000 
   36    1    1    1    1    1    1    1    4    3  0.00000E+00 0.00000 
   37    1    1    1    1    1    1    1    4    4  0.00000E+00 0.00000 
   38    1    1    1    1    1    1    1    4    5  1.30180E+04 0.00404 
   39    1    1    1    1    1    1    1    4    6  1.18569E+04 0.00420 
   40    1    1    1    1    1    1    1    4    7  0.00000E+00 0.00000 
   41    1    1    1    1    1    1    1    4    8  1.01744E+04 0.00439 
   42    1    1    1    1    1    1    1    4    9  9.72766E+03 0.00445 
   43    1    1    1    1    1    1    1    4   10  0.00000E+00 0.00000 
   44    1    1    1    1    1    1    1    4   11  9.11823E+03 0.00455 
   45    1    1    1    1    1    1    1    5    1  1.31728E+04 0.00412 
   46    1    1    1    1    1    1    1    5    2  0.00000E+00 0.00000 
   47    1    1    1    1    1    1    1    5    3  1.31280E+04 0.00407 
   48    1    1    1    1    1    1    1    5    4  1.18676E+04 0.00423 
   49    1    1    1    1    1    1    1    5    5  0.00000E+00 0.00000 
   50    1    1    1    1    1    1    1    5    6  1.02090E+04 0.00438 
   51    1    1    1    1    1    1    1    5    7  9.76305E+03 0.00450 
   52    1    1    1    1    1    1    1    5    8  0.00000E+00 0.00000 
   53    1    1    1    1    1    1    1    5    9  9.25795E+03 0.00458 
   54    1    1    1    1    1    1    1    5   10  9.24944E+03 0.00457 
   55    1    1    1    1    1    1    1    5   11  0.00000E+00 0.00000 
   56    1    1    1    1    1    1    1    6    1  1.12213E+04 0.00431 
   57    1    1    1    1    1    1    1    6    2  1.12051E+04 0.00439 
   58    1    1    1    1    1    1    1    6    3  0.00000E+00 0.00000 
   59    1    1    1    1    1    1    1    6    4  1.01386E+04 0.00438 
   60    1    1    1    1    1    1    1    6    5  9.66096E+03 0.00444 
   61    1    1    1    1    1    1    1    6    6  0.00000E+00 0.00000 
   62    1    1    1    1    1    1    1    6    7  9.17189E+03 0.00451 
   63    1    1    1    1    1    1    1    6    8  8.98876E+03 0.00454 
   64    1    1    1    1    1    1    1    6    9  0.00000E+00 0.00000 
   65    1    1    1    1    1    1    1    6   10  0.00000E+00 0.00000 
   66    1    1    1    1    1    1    1    6   11  8.93551E+03 0.00468 
   67    1    1    1    1    1    1    1    7    1  0.00000E+00 0.00000 
   68    1    1    1    1    1    1    1    7    2  9.92860E+03 0.00444 
   69    1    1    1    1    1    1    1    7    3  9.74064E+03 0.00447 
   70    1    1    1    1    1    1    1    7    4  0.00000E+00 0.00000 
   71    1    1    1    1    1    1    1    7    5  9.12179E+03 0.00456 
   72    1    1    1    1    1    1    1    7    6  8.92834E+03 0.00468 
   73    1    1    1    1    1    1    1    7    7  0.00000E+00 0.00000 
   74    1    1    1    1    1    1    1    7    8  8.77933E+03 0.00465 
   75    1    1    1    1    1    1    1    7    9  8.88108E+03 0.00457 
   76    1    1    1    1    1    1    1    7   10  0.00000E+00 0.00000 
   77    1    1    1    1    1    1    1    7   11  8.62759E+03 0.00465 
   78    1    1    1    1    1    1    1    8    1  9.34204E+03 0.00442 
   79    1    1    1    1    1    1    1    8    2  0.00000E+00 0.00000 
   80    1    1    1    1    1    1    1    8    3  9.21669E+03 0.00452 
   81    1    1    1    1    1    1    1    8    4  8.98939E+03 0.00460 
   82    1    1    1    1    1    1    1    8    5  0.00000E+00 0.00000 
   83    1    1    1    1    1    1    1    8    6  8.70735E+03 0.00460 
   84    1    1    1    1    1    1    1    8    7  8.53845E+03 0.00458 
   85    1    1    1    1    1    1    1    8    8  0.00000E+00 0.00000 
   86    1    1    1    1    1    1    1    8    9  8.61876E+03 0.00458 
   87    1    1    1    1    1    1    1    8   10  8.59864E+03 0.00465 
   88    1    1    1    1    1    1    1    8   11  0.00000E+00 0.00000 
   89    1    1    1    1    1    1    1    9    1  9.16360E+03 0.00451 
   90    1    1    1    1    1    1    1    9    2  9.18436E+03 0.00447 
   91    1    1    1    1    1    1    1    9    3  0.00000E+00 0.00000 
   92    1    1    1    1    1    1    1    9    4  8.76291E+03 0.00456 
   93    1    1    1    1    1    1    1    9    5  8.63809E+03 0.00463 
   94    1    1    1    1    1    1    1    9    6  0.00000E+00 0.00000 
   95    1    1    1    1    1    1    1    9    7  8.50119E+03 0.00473 
   96    1    1    1    1    1    1    1    9    8  8.45971E+03 0.00475 
   97    1    1    1    1    1    1    1    9    9  0.00000E+00 0.00000 
   98    1    1    1    1    1    1    1    9   10  8.52286E+03 0.00474 
   99    1    1    1    1    1    1    1    9   11  8.63586E+03 0.00463 
  100    1    1    1    1    1    1    1   10    1  0.00000E+00 0.00000 
  101    1    1    1    1    1    1    1   10    2  0.00000E+00 0.00000 
  102    1    1    1    1    1    1    1   10    3  8.90947E+03 0.00454 
  103    1    1    1    1    1    1    1   10    4  0.00000E+00 0.00000 
  104    1    1    1    1    1    1    1   10    5  8.45279E+03 0.00467 
  105    1    1    1    1    1    1    1   10    6  8.40636E+03 0.00462 
  106    1    1    1    1    1    1    1   10    7  0.00000E+00 0.00000 
  107    1    1    1    1    1    1    1   10    8  8.41702E+03 0.00475 
  108    1    1    1    1    1    1    1   10    9  8.62541E+03 0.00465 
  109    1    1    1    1    1    1    1   10   10  0.00000E+00 0.00000 
