
ZAI = [
922350
922380
666
0
];

NAMES = [
'U235            '
'U238            '
'lost            '
'total           '
];

i922350 = 1; iU235             = 1;
i922380 = 2; iU238             = 2;
iLOST    = 3;
iTOT     = 4;

MAT_un_VOLUME = [ 2.38990E+05 2.38990E+05 ];

MAT_un_BURNUP = [ 0.00000E+00 4.79633E+01 ];

MAT_un_ADENS = [
4.83387E-03 3.37565E-03 % U235
1.93936E-02 1.88234E-02 % U238
0.00000E+00 4.16342E-30 % lost data
7.26897E-02 7.39337E-02 % total
];

MAT_un_MDENS = [
1.88669E+00 1.31754E+00 % U235
7.66628E+00 7.44087E+00 % U238
0.00000E+00 0.00000E+00 % lost data
1.08000E+01 1.07984E+01 % total
];

MAT_un_A = [
3.60536E+10 2.51774E+10 % U235
2.27855E+10 2.21155E+10 % U238
0.00000E+00 0.00000E+00 % lost data
5.88390E+10 3.25473E+18 % total
];

MAT_un_H = [
2.70272E-02 1.88740E-02 % U235
1.55885E-02 1.51301E-02 % U238
0.00000E+00 0.00000E+00 % lost data
4.26157E-02 9.59480E+05 % total
];

MAT_un_SF = [
2.59586E+00 1.81277E+00 % U235
1.24409E+04 1.20751E+04 % U238
0.00000E+00 0.00000E+00 % lost data
1.24435E+04 1.35180E+08 % total
];

MAT_un_GSRC = [
4.55539E+10 3.18118E+10 % U235
2.01774E+09 1.95841E+09 % U238
0.00000E+00 0.00000E+00 % lost data
4.75716E+10 3.49332E+18 % total
];

MAT_un_ING_TOX = [
1.69452E+03 1.18334E+03 % U235
1.02535E+03 9.95198E+02 % U238
0.00000E+00 0.00000E+00 % lost data
2.71986E+03 2.24885E+09 % total
];

MAT_un_INH_TOX = [
3.06455E+05 2.14008E+05 % U235
1.82284E+05 1.76924E+05 % U238
0.00000E+00 0.00000E+00 % lost data
4.88739E+05 8.89375E+10 % total
];

TOT_VOLUME = [ 2.38990E+05 2.38990E+05 ];

TOT_BURNUP = [ 0.00000E+00 4.79633E+01 ];

TOT_ADENS = [
4.83387E-03 3.37565E-03 % U235
1.93936E-02 1.88234E-02 % U238
0.00000E+00 4.16342E-30 % lost data
7.26897E-02 7.39337E-02 % total
];

TOT_MASS = [
4.50901E+05 3.14878E+05 % U235
1.83217E+06 1.77830E+06 % U238
0.00000E+00 0.00000E+00 % lost data
2.58110E+06 2.58071E+06 % total
];

TOT_A = [
3.60536E+10 2.51774E+10 % U235
2.27855E+10 2.21155E+10 % U238
0.00000E+00 0.00000E+00 % lost data
5.88390E+10 3.25473E+18 % total
];

TOT_H = [
2.70272E-02 1.88740E-02 % U235
1.55885E-02 1.51301E-02 % U238
0.00000E+00 0.00000E+00 % lost data
4.26157E-02 9.59480E+05 % total
];

TOT_SF = [
2.59586E+00 1.81277E+00 % U235
1.24409E+04 1.20751E+04 % U238
0.00000E+00 0.00000E+00 % lost data
1.24435E+04 1.35180E+08 % total
];

TOT_GSRC = [
4.55539E+10 3.18118E+10 % U235
2.01774E+09 1.95841E+09 % U238
0.00000E+00 0.00000E+00 % lost data
4.75716E+10 3.49332E+18 % total
];

TOT_ING_TOX = [
1.69452E+03 1.18334E+03 % U235
1.02535E+03 9.95198E+02 % U238
0.00000E+00 0.00000E+00 % lost data
2.71986E+03 2.24885E+09 % total
];

TOT_INH_TOX = [
3.06455E+05 2.14008E+05 % U235
1.82284E+05 1.76924E+05 % U238
0.00000E+00 0.00000E+00 % lost data
4.88739E+05 8.89375E+10 % total
];

BU = [ 0.00000E+00 4.79618E+01 ];

DAYS = [ 0.00000E+00 7.30000E+03 ];
