
DETassem1 = [
    1    1    1    1    1    1    1    1    1    1  0.00000E+00 0.00000 
    2    1    1    1    1    1    1    1    1    2  0.00000E+00 0.00000 
    3    1    1    1    1    1    1    1    1    3  0.00000E+00 0.00000 
    4    1    1    1    1    1    1    1    1    4  0.00000E+00 0.00000 
    5    1    1    1    1    1    1    1    1    5  0.00000E+00 0.00000 
    6    1    1    1    1    1    1    1    1    6  0.00000E+00 0.00000 
    7    1    1    1    1    1    1    1    1    7  0.00000E+00 0.00000 
    8    1    1    1    1    1    1    1    1    8  1.84183E+04 0.00368 
    9    1    1    1    1    1    1    1    1    9  1.41340E+04 0.00406 
   10    1    1    1    1    1    1    1    1   10  0.00000E+00 0.00000 
   11    1    1    1    1    1    1    1    1   11  1.03633E+04 0.00444 
   12    1    1    1    1    1    1    1    2    1  1.98900E+04 0.00353 
   13    1    1    1    1    1    1    1    2    2  0.00000E+00 0.00000 
   14    1    1    1    1    1    1    1    2    3  0.00000E+00 0.00000 
   15    1    1    1    1    1    1    1    2    4  0.00000E+00 0.00000 
   16    1    1    1    1    1    1    1    2    5  0.00000E+00 0.00000 
   17    1    1    1    1    1    1    1    2    6  1.97956E+04 0.00344 
   18    1    1    1    1    1    1    1    2    7  1.59362E+04 0.00385 
   19    1    1    1    1    1    1    1    2    8  0.00000E+00 0.00000 
   20    1    1    1    1    1    1    1    2    9  1.14706E+04 0.00427 
   21    1    1    1    1    1    1    1    2   10  1.03416E+04 0.00434 
   22    1    1    1    1    1    1    1    2   11  0.00000E+00 0.00000 
   23    1    1    1    1    1    1    1    3    1  1.60145E+04 0.00374 
   24    1    1    1    1    1    1    1    3    2  1.85257E+04 0.00358 
   25    1    1    1    1    1    1    1    3    3  0.00000E+00 0.00000 
   26    1    1    1    1    1    1    1    3    4  1.85388E+04 0.00361 
   27    1    1    1    1    1    1    1    3    5  1.60582E+04 0.00385 
   28    1    1    1    1    1    1    1    3    6  0.00000E+00 0.00000 
   29    1    1    1    1    1    1    1    3    7  1.20947E+04 0.00417 
   30    1    1    1    1    1    1    1    3    8  1.10897E+04 0.00438 
   31    1    1    1    1    1    1    1    3    9  0.00000E+00 0.00000 
   32    1    1    1    1    1    1    1    3   10  9.55101E+03 0.00445 
   33    1    1    1    1    1    1    1    3   11  9.38842E+03 0.00447 
   34    1    1    1    1    1    1    1    4    1  0.00000E+00 0.00000 
   35    1    1    1    1    1    1    1    4    2  1.40969E+04 0.00394 
   36    1    1    1    1    1    1    1    4    3  1.41231E+04 0.00402 
   37    1    1    1    1    1    1    1    4    4  0.00000E+00 0.00000 
   38    1    1    1    1    1    1    1    4    5  1.21432E+04 0.00421 
   39    1    1    1    1    1    1    1    4    6  1.13946E+04 0.00429 
   40    1    1    1    1    1    1    1    4    7  0.00000E+00 0.00000 
   41    1    1    1    1    1    1    1    4    8  9.91746E+03 0.00453 
   42    1    1    1    1    1    1    1    4    9  9.46890E+03 0.00454 
   43    1    1    1    1    1    1    1    4   10  0.00000E+00 0.00000 
   44    1    1    1    1    1    1    1    4   11  9.20274E+03 0.00460 
   45    1    1    1    1    1    1    1    5    1  1.13774E+04 0.00429 
   46    1    1    1    1    1    1    1    5    2  0.00000E+00 0.00000 
   47    1    1    1    1    1    1    1    5    3  1.14064E+04 0.00422 
   48    1    1    1    1    1    1    1    5    4  1.09864E+04 0.00425 
   49    1    1    1    1    1    1    1    5    5  0.00000E+00 0.00000 
   50    1    1    1    1    1    1    1    5    6  1.00375E+04 0.00441 
   51    1    1    1    1    1    1    1    5    7  9.61475E+03 0.00452 
   52    1    1    1    1    1    1    1    5    8  0.00000E+00 0.00000 
   53    1    1    1    1    1    1    1    5    9  9.35120E+03 0.00449 
   54    1    1    1    1    1    1    1    5   10  9.36680E+03 0.00453 
   55    1    1    1    1    1    1    1    5   11  0.00000E+00 0.00000 
   56    1    1    1    1    1    1    1    6    1  1.03942E+04 0.00433 
   57    1    1    1    1    1    1    1    6    2  1.02792E+04 0.00441 
   58    1    1    1    1    1    1    1    6    3  0.00000E+00 0.00000 
   59    1    1    1    1    1    1    1    6    4  9.87962E+03 0.00433 
   60    1    1    1    1    1    1    1    6    5  9.71614E+03 0.00443 
   61    1    1    1    1    1    1    1    6    6  0.00000E+00 0.00000 
   62    1    1    1    1    1    1    1    6    7  9.41537E+03 0.00449 
   63    1    1    1    1    1    1    1    6    8  9.45060E+03 0.00454 
   64    1    1    1    1    1    1    1    6    9  0.00000E+00 0.00000 
   65    1    1    1    1    1    1    1    6   10  9.70911E+03 0.00455 
   66    1    1    1    1    1    1    1    6   11  0.00000E+00 0.00000 
   67    1    1    1    1    1    1    1    7    1  0.00000E+00 0.00000 
   68    1    1    1    1    1    1    1    7    2  9.55698E+03 0.00448 
   69    1    1    1    1    1    1    1    7    3  9.50858E+03 0.00449 
   70    1    1    1    1    1    1    1    7    4  0.00000E+00 0.00000 
   71    1    1    1    1    1    1    1    7    5  9.47253E+03 0.00452 
   72    1    1    1    1    1    1    1    7    6  9.45838E+03 0.00440 
   73    1    1    1    1    1    1    1    7    7  0.00000E+00 0.00000 
   74    1    1    1    1    1    1    1    7    8  9.66693E+03 0.00451 
   75    1    1    1    1    1    1    1    7    9  0.00000E+00 0.00000 
   76    1    1    1    1    1    1    1    7   10  0.00000E+00 0.00000 
   77    1    1    1    1    1    1    1    7   11  9.11464E+03 0.00457 
   78    1    1    1    1    1    1    1    8    1  9.38040E+03 0.00447 
   79    1    1    1    1    1    1    1    8    2  0.00000E+00 0.00000 
   80    1    1    1    1    1    1    1    8    3  9.31635E+03 0.00446 
   81    1    1    1    1    1    1    1    8    4  9.37819E+03 0.00443 
   82    1    1    1    1    1    1    1    8    5  0.00000E+00 0.00000 
   83    1    1    1    1    1    1    1    8    6  9.69672E+03 0.00454 
   84    1    1    1    1    1    1    1    8    7  0.00000E+00 0.00000 
   85    1    1    1    1    1    1    1    8    8  0.00000E+00 0.00000 
   86    1    1    1    1    1    1    1    8    9  9.21609E+03 0.00452 
   87    1    1    1    1    1    1    1    8   10  8.91212E+03 0.00468 
   88    1    1    1    1    1    1    1    8   11  0.00000E+00 0.00000 
   89    1    1    1    1    1    1    1    9    1  9.22763E+03 0.00458 
   90    1    1    1    1    1    1    1    9    2  9.26582E+03 0.00454 
   91    1    1    1    1    1    1    1    9    3  0.00000E+00 0.00000 
   92    1    1    1    1    1    1    1    9    4  9.67785E+03 0.00446 
   93    1    1    1    1    1    1    1    9    5  0.00000E+00 0.00000 
   94    1    1    1    1    1    1    1    9    6  0.00000E+00 0.00000 
   95    1    1    1    1    1    1    1    9    7  9.28500E+03 0.00451 
   96    1    1    1    1    1    1    1    9    8  8.94715E+03 0.00460 
   97    1    1    1    1    1    1    1    9    9  0.00000E+00 0.00000 
   98    1    1    1    1    1    1    1    9   10  8.41464E+03 0.00476 
   99    1    1    1    1    1    1    1    9   11  8.29962E+03 0.00482 
  100    1    1    1    1    1    1    1   10    1  0.00000E+00 0.00000 
  101    1    1    1    1    1    1    1   10    2  9.68783E+03 0.00447 
  102    1    1    1    1    1    1    1   10    3  0.00000E+00 0.00000 
  103    1    1    1    1    1    1    1   10    4  0.00000E+00 0.00000 
  104    1    1    1    1    1    1    1   10    5  9.31156E+03 0.00458 
  105    1    1    1    1    1    1    1   10    6  8.95306E+03 0.00454 
  106    1    1    1    1    1    1    1   10    7  0.00000E+00 0.00000 
  107    1    1    1    1    1    1    1   10    8  8.60303E+03 0.00469 
  108    1    1    1    1    1    1    1   10    9  8.37204E+03 0.00468 
  109    1    1    1    1    1    1    1   10   10  0.00000E+00 0.00000 
