
ZAI = [
922350
922380
666
0
];

NAMES = [
'U235            '
'U238            '
'lost            '
'total           '
];

i922350 = 1; iU235             = 1;
i922380 = 2; iU238             = 2;
iLOST    = 3;
iTOT     = 4;

MAT_un_VOLUME = [ 2.37258E+05 2.37258E+05 ];

MAT_un_BURNUP = [ 0.00000E+00 4.83134E+01 ];

MAT_un_ADENS = [
4.83387E-03 3.36569E-03 % U235
1.93936E-02 1.88175E-02 % U238
0.00000E+00 5.52802E-30 % lost data
7.26897E-02 7.39430E-02 % total
];

MAT_un_MDENS = [
1.88669E+00 1.31365E+00 % U235
7.66628E+00 7.43855E+00 % U238
0.00000E+00 0.00000E+00 % lost data
1.08000E+01 1.07984E+01 % total
];

MAT_un_A = [
3.57923E+10 2.49212E+10 % U235
2.26204E+10 2.19484E+10 % U238
0.00000E+00 0.00000E+00 % lost data
5.84126E+10 3.25685E+18 % total
];

MAT_un_H = [
2.68313E-02 1.86819E-02 % U235
1.54755E-02 1.50158E-02 % U238
0.00000E+00 0.00000E+00 % lost data
4.23069E-02 9.59525E+05 % total
];

MAT_un_SF = [
2.57705E+00 1.79432E+00 % U235
1.23507E+04 1.19838E+04 % U238
0.00000E+00 0.00000E+00 % lost data
1.23533E+04 1.37735E+08 % total
];

MAT_un_GSRC = [
4.52238E+10 3.14881E+10 % U235
2.00311E+09 1.94361E+09 % U238
0.00000E+00 0.00000E+00 % lost data
4.72269E+10 3.49571E+18 % total
];

MAT_un_ING_TOX = [
1.68224E+03 1.17130E+03 % U235
1.01792E+03 9.87678E+02 % U238
0.00000E+00 0.00000E+00 % lost data
2.70015E+03 2.25293E+09 % total
];

MAT_un_INH_TOX = [
3.04234E+05 2.11830E+05 % U235
1.80963E+05 1.75587E+05 % U238
0.00000E+00 0.00000E+00 % lost data
4.85197E+05 8.99885E+10 % total
];

TOT_VOLUME = [ 2.37258E+05 2.37258E+05 ];

TOT_BURNUP = [ 0.00000E+00 4.83134E+01 ];

TOT_ADENS = [
4.83387E-03 3.36569E-03 % U235
1.93936E-02 1.88175E-02 % U238
0.00000E+00 5.52802E-30 % lost data
7.26897E-02 7.39430E-02 % total
];

TOT_MASS = [
4.47633E+05 3.11674E+05 % U235
1.81889E+06 1.76486E+06 % U238
0.00000E+00 0.00000E+00 % lost data
2.56239E+06 2.56201E+06 % total
];

TOT_A = [
3.57923E+10 2.49212E+10 % U235
2.26204E+10 2.19484E+10 % U238
0.00000E+00 0.00000E+00 % lost data
5.84126E+10 3.25685E+18 % total
];

TOT_H = [
2.68313E-02 1.86819E-02 % U235
1.54755E-02 1.50158E-02 % U238
0.00000E+00 0.00000E+00 % lost data
4.23069E-02 9.59525E+05 % total
];

TOT_SF = [
2.57705E+00 1.79432E+00 % U235
1.23507E+04 1.19838E+04 % U238
0.00000E+00 0.00000E+00 % lost data
1.23533E+04 1.37735E+08 % total
];

TOT_GSRC = [
4.52238E+10 3.14881E+10 % U235
2.00311E+09 1.94361E+09 % U238
0.00000E+00 0.00000E+00 % lost data
4.72269E+10 3.49571E+18 % total
];

TOT_ING_TOX = [
1.68224E+03 1.17130E+03 % U235
1.01792E+03 9.87678E+02 % U238
0.00000E+00 0.00000E+00 % lost data
2.70015E+03 2.25293E+09 % total
];

TOT_INH_TOX = [
3.04234E+05 2.11830E+05 % U235
1.80963E+05 1.75587E+05 % U238
0.00000E+00 0.00000E+00 % lost data
4.85197E+05 8.99885E+10 % total
];

BU = [ 0.00000E+00 4.83119E+01 ];

DAYS = [ 0.00000E+00 7.30000E+03 ];
