
DETassem1 = [
    1    1    1    1    1    1    1    1    1    1  0.00000E+00 0.00000 
    2    1    1    1    1    1    1    1    1    2  0.00000E+00 0.00000 
    3    1    1    1    1    1    1    1    1    3  0.00000E+00 0.00000 
    4    1    1    1    1    1    1    1    1    4  0.00000E+00 0.00000 
    5    1    1    1    1    1    1    1    1    5  0.00000E+00 0.00000 
    6    1    1    1    1    1    1    1    1    6  0.00000E+00 0.00000 
    7    1    1    1    1    1    1    1    1    7  0.00000E+00 0.00000 
    8    1    1    1    1    1    1    1    1    8  0.00000E+00 0.00000 
    9    1    1    1    1    1    1    1    1    9  1.68847E+04 0.00362 
   10    1    1    1    1    1    1    1    1   10  0.00000E+00 0.00000 
   11    1    1    1    1    1    1    1    1   11  1.13816E+04 0.00412 
   12    1    1    1    1    1    1    1    2    1  2.20416E+04 0.00329 
   13    1    1    1    1    1    1    1    2    2  0.00000E+00 0.00000 
   14    1    1    1    1    1    1    1    2    3  0.00000E+00 0.00000 
   15    1    1    1    1    1    1    1    2    4  0.00000E+00 0.00000 
   16    1    1    1    1    1    1    1    2    5  0.00000E+00 0.00000 
   17    1    1    1    1    1    1    1    2    6  2.21512E+04 0.00328 
   18    1    1    1    1    1    1    1    2    7  1.85222E+04 0.00349 
   19    1    1    1    1    1    1    1    2    8  0.00000E+00 0.00000 
   20    1    1    1    1    1    1    1    2    9  1.30448E+04 0.00393 
   21    1    1    1    1    1    1    1    2   10  1.13410E+04 0.00415 
   22    1    1    1    1    1    1    1    2   11  0.00000E+00 0.00000 
   23    1    1    1    1    1    1    1    3    1  1.85233E+04 0.00354 
   24    1    1    1    1    1    1    1    3    2  0.00000E+00 0.00000 
   25    1    1    1    1    1    1    1    3    3  0.00000E+00 0.00000 
   26    1    1    1    1    1    1    1    3    4  0.00000E+00 0.00000 
   27    1    1    1    1    1    1    1    3    5  1.85280E+04 0.00351 
   28    1    1    1    1    1    1    1    3    6  0.00000E+00 0.00000 
   29    1    1    1    1    1    1    1    3    7  1.38350E+04 0.00387 
   30    1    1    1    1    1    1    1    3    8  1.22665E+04 0.00400 
   31    1    1    1    1    1    1    1    3    9  0.00000E+00 0.00000 
   32    1    1    1    1    1    1    1    3   10  1.04722E+04 0.00404 
   33    1    1    1    1    1    1    1    3   11  1.00216E+04 0.00428 
   34    1    1    1    1    1    1    1    4    1  0.00000E+00 0.00000 
   35    1    1    1    1    1    1    1    4    2  1.69050E+04 0.00356 
   36    1    1    1    1    1    1    1    4    3  1.69907E+04 0.00362 
   37    1    1    1    1    1    1    1    4    4  0.00000E+00 0.00000 
   38    1    1    1    1    1    1    1    4    5  1.37904E+04 0.00397 
   39    1    1    1    1    1    1    1    4    6  1.25637E+04 0.00398 
   40    1    1    1    1    1    1    1    4    7  0.00000E+00 0.00000 
   41    1    1    1    1    1    1    1    4    8  1.08241E+04 0.00421 
   42    1    1    1    1    1    1    1    4    9  1.02425E+04 0.00426 
   43    1    1    1    1    1    1    1    4   10  0.00000E+00 0.00000 
   44    1    1    1    1    1    1    1    4   11  9.84426E+03 0.00437 
   45    1    1    1    1    1    1    1    5    1  1.31175E+04 0.00391 
   46    1    1    1    1    1    1    1    5    2  0.00000E+00 0.00000 
   47    1    1    1    1    1    1    1    5    3  1.30395E+04 0.00397 
   48    1    1    1    1    1    1    1    5    4  1.24552E+04 0.00399 
   49    1    1    1    1    1    1    1    5    5  0.00000E+00 0.00000 
   50    1    1    1    1    1    1    1    5    6  1.08906E+04 0.00419 
   51    1    1    1    1    1    1    1    5    7  1.03941E+04 0.00429 
   52    1    1    1    1    1    1    1    5    8  0.00000E+00 0.00000 
   53    1    1    1    1    1    1    1    5    9  9.94176E+03 0.00430 
   54    1    1    1    1    1    1    1    5   10  1.00708E+04 0.00429 
   55    1    1    1    1    1    1    1    5   11  0.00000E+00 0.00000 
   56    1    1    1    1    1    1    1    6    1  1.13115E+04 0.00417 
   57    1    1    1    1    1    1    1    6    2  1.14518E+04 0.00414 
   58    1    1    1    1    1    1    1    6    3  0.00000E+00 0.00000 
   59    1    1    1    1    1    1    1    6    4  1.08122E+04 0.00411 
   60    1    1    1    1    1    1    1    6    5  1.03351E+04 0.00422 
   61    1    1    1    1    1    1    1    6    6  0.00000E+00 0.00000 
   62    1    1    1    1    1    1    1    6    7  9.81691E+03 0.00431 
   63    1    1    1    1    1    1    1    6    8  9.86679E+03 0.00435 
   64    1    1    1    1    1    1    1    6    9  0.00000E+00 0.00000 
   65    1    1    1    1    1    1    1    6   10  0.00000E+00 0.00000 
   66    1    1    1    1    1    1    1    6   11  1.00974E+04 0.00429 
   67    1    1    1    1    1    1    1    7    1  0.00000E+00 0.00000 
   68    1    1    1    1    1    1    1    7    2  1.04865E+04 0.00416 
   69    1    1    1    1    1    1    1    7    3  1.03523E+04 0.00423 
   70    1    1    1    1    1    1    1    7    4  0.00000E+00 0.00000 
   71    1    1    1    1    1    1    1    7    5  9.89753E+03 0.00422 
   72    1    1    1    1    1    1    1    7    6  9.72598E+03 0.00423 
   73    1    1    1    1    1    1    1    7    7  0.00000E+00 0.00000 
   74    1    1    1    1    1    1    1    7    8  9.83521E+03 0.00422 
   75    1    1    1    1    1    1    1    7    9  0.00000E+00 0.00000 
   76    1    1    1    1    1    1    1    7   10  0.00000E+00 0.00000 
   77    1    1    1    1    1    1    1    7   11  0.00000E+00 0.00000 
   78    1    1    1    1    1    1    1    8    1  9.97509E+03 0.00431 
   79    1    1    1    1    1    1    1    8    2  0.00000E+00 0.00000 
   80    1    1    1    1    1    1    1    8    3  9.95581E+03 0.00427 
   81    1    1    1    1    1    1    1    8    4  9.91724E+03 0.00422 
   82    1    1    1    1    1    1    1    8    5  0.00000E+00 0.00000 
   83    1    1    1    1    1    1    1    8    6  9.43786E+03 0.00443 
   84    1    1    1    1    1    1    1    8    7  9.47062E+03 0.00428 
   85    1    1    1    1    1    1    1    8    8  0.00000E+00 0.00000 
   86    1    1    1    1    1    1    1    8    9  9.92383E+03 0.00426 
   87    1    1    1    1    1    1    1    8   10  9.74019E+03 0.00437 
   88    1    1    1    1    1    1    1    8   11  0.00000E+00 0.00000 
   89    1    1    1    1    1    1    1    9    1  9.88626E+03 0.00426 
   90    1    1    1    1    1    1    1    9    2  1.01071E+04 0.00423 
   91    1    1    1    1    1    1    1    9    3  0.00000E+00 0.00000 
   92    1    1    1    1    1    1    1    9    4  9.88025E+03 0.00424 
   93    1    1    1    1    1    1    1    9    5  9.44678E+03 0.00433 
   94    1    1    1    1    1    1    1    9    6  0.00000E+00 0.00000 
   95    1    1    1    1    1    1    1    9    7  9.47964E+03 0.00431 
   96    1    1    1    1    1    1    1    9    8  9.61633E+03 0.00436 
   97    1    1    1    1    1    1    1    9    9  0.00000E+00 0.00000 
   98    1    1    1    1    1    1    1    9   10  9.16864E+03 0.00441 
   99    1    1    1    1    1    1    1    9   11  8.96341E+03 0.00452 
  100    1    1    1    1    1    1    1   10    1  0.00000E+00 0.00000 
  101    1    1    1    1    1    1    1   10    2  0.00000E+00 0.00000 
  102    1    1    1    1    1    1    1   10    3  0.00000E+00 0.00000 
  103    1    1    1    1    1    1    1   10    4  0.00000E+00 0.00000 
  104    1    1    1    1    1    1    1   10    5  9.39297E+03 0.00437 
  105    1    1    1    1    1    1    1   10    6  9.25370E+03 0.00440 
  106    1    1    1    1    1    1    1   10    7  0.00000E+00 0.00000 
  107    1    1    1    1    1    1    1   10    8  0.00000E+00 0.00000 
  108    1    1    1    1    1    1    1   10    9  9.06783E+03 0.00453 
  109    1    1    1    1    1    1    1   10   10  0.00000E+00 0.00000 
