
DETassem1 = [
    1    1    1    1    1    1    1    1    1    1  0.00000E+00 0.00000 
    2    1    1    1    1    1    1    1    1    2  0.00000E+00 0.00000 
    3    1    1    1    1    1    1    1    1    3  0.00000E+00 0.00000 
    4    1    1    1    1    1    1    1    1    4  0.00000E+00 0.00000 
    5    1    1    1    1    1    1    1    1    5  0.00000E+00 0.00000 
    6    1    1    1    1    1    1    1    1    6  0.00000E+00 0.00000 
    7    1    1    1    1    1    1    1    1    7  0.00000E+00 0.00000 
    8    1    1    1    1    1    1    1    1    8  0.00000E+00 0.00000 
    9    1    1    1    1    1    1    1    1    9  1.86633E+04 0.00361 
   10    1    1    1    1    1    1    1    1   10  0.00000E+00 0.00000 
   11    1    1    1    1    1    1    1    1   11  1.23806E+04 0.00412 
   12    1    1    1    1    1    1    1    2    1  2.38858E+04 0.00337 
   13    1    1    1    1    1    1    1    2    2  0.00000E+00 0.00000 
   14    1    1    1    1    1    1    1    2    3  0.00000E+00 0.00000 
   15    1    1    1    1    1    1    1    2    4  0.00000E+00 0.00000 
   16    1    1    1    1    1    1    1    2    5  0.00000E+00 0.00000 
   17    1    1    1    1    1    1    1    2    6  2.39629E+04 0.00336 
   18    1    1    1    1    1    1    1    2    7  1.97765E+04 0.00359 
   19    1    1    1    1    1    1    1    2    8  0.00000E+00 0.00000 
   20    1    1    1    1    1    1    1    2    9  0.00000E+00 0.00000 
   21    1    1    1    1    1    1    1    2   10  1.23655E+04 0.00415 
   22    1    1    1    1    1    1    1    2   11  0.00000E+00 0.00000 
   23    1    1    1    1    1    1    1    3    1  1.98468E+04 0.00360 
   24    1    1    1    1    1    1    1    3    2  0.00000E+00 0.00000 
   25    1    1    1    1    1    1    1    3    3  0.00000E+00 0.00000 
   26    1    1    1    1    1    1    1    3    4  0.00000E+00 0.00000 
   27    1    1    1    1    1    1    1    3    5  1.97301E+04 0.00364 
   28    1    1    1    1    1    1    1    3    6  0.00000E+00 0.00000 
   29    1    1    1    1    1    1    1    3    7  1.44940E+04 0.00403 
   30    1    1    1    1    1    1    1    3    8  1.32447E+04 0.00407 
   31    1    1    1    1    1    1    1    3    9  0.00000E+00 0.00000 
   32    1    1    1    1    1    1    1    3   10  1.06190E+04 0.00439 
   33    1    1    1    1    1    1    1    3   11  9.88479E+03 0.00449 
   34    1    1    1    1    1    1    1    4    1  0.00000E+00 0.00000 
   35    1    1    1    1    1    1    1    4    2  1.87275E+04 0.00364 
   36    1    1    1    1    1    1    1    4    3  1.86807E+04 0.00354 
   37    1    1    1    1    1    1    1    4    4  0.00000E+00 0.00000 
   38    1    1    1    1    1    1    1    4    5  1.44623E+04 0.00391 
   39    1    1    1    1    1    1    1    4    6  1.28241E+04 0.00413 
   40    1    1    1    1    1    1    1    4    7  0.00000E+00 0.00000 
   41    1    1    1    1    1    1    1    4    8  1.09492E+04 0.00434 
   42    1    1    1    1    1    1    1    4    9  1.03135E+04 0.00433 
   43    1    1    1    1    1    1    1    4   10  0.00000E+00 0.00000 
   44    1    1    1    1    1    1    1    4   11  9.43216E+03 0.00443 
   45    1    1    1    1    1    1    1    5    1  0.00000E+00 0.00000 
   46    1    1    1    1    1    1    1    5    2  0.00000E+00 0.00000 
   47    1    1    1    1    1    1    1    5    3  0.00000E+00 0.00000 
   48    1    1    1    1    1    1    1    5    4  1.32547E+04 0.00413 
   49    1    1    1    1    1    1    1    5    5  0.00000E+00 0.00000 
   50    1    1    1    1    1    1    1    5    6  1.09041E+04 0.00436 
   51    1    1    1    1    1    1    1    5    7  1.02400E+04 0.00437 
   52    1    1    1    1    1    1    1    5    8  0.00000E+00 0.00000 
   53    1    1    1    1    1    1    1    5    9  9.59713E+03 0.00448 
   54    1    1    1    1    1    1    1    5   10  9.40426E+03 0.00452 
   55    1    1    1    1    1    1    1    5   11  0.00000E+00 0.00000 
   56    1    1    1    1    1    1    1    6    1  1.24078E+04 0.00427 
   57    1    1    1    1    1    1    1    6    2  1.24016E+04 0.00412 
   58    1    1    1    1    1    1    1    6    3  0.00000E+00 0.00000 
   59    1    1    1    1    1    1    1    6    4  1.10045E+04 0.00435 
   60    1    1    1    1    1    1    1    6    5  1.01733E+04 0.00442 
   61    1    1    1    1    1    1    1    6    6  0.00000E+00 0.00000 
   62    1    1    1    1    1    1    1    6    7  9.47769E+03 0.00447 
   63    1    1    1    1    1    1    1    6    8  9.43506E+03 0.00453 
   64    1    1    1    1    1    1    1    6    9  0.00000E+00 0.00000 
   65    1    1    1    1    1    1    1    6   10  9.42350E+03 0.00449 
   66    1    1    1    1    1    1    1    6   11  9.26826E+03 0.00448 
   67    1    1    1    1    1    1    1    7    1  0.00000E+00 0.00000 
   68    1    1    1    1    1    1    1    7    2  1.06069E+04 0.00433 
   69    1    1    1    1    1    1    1    7    3  1.03218E+04 0.00444 
   70    1    1    1    1    1    1    1    7    4  0.00000E+00 0.00000 
   71    1    1    1    1    1    1    1    7    5  9.56135E+03 0.00455 
   72    1    1    1    1    1    1    1    7    6  9.20848E+03 0.00450 
   73    1    1    1    1    1    1    1    7    7  0.00000E+00 0.00000 
   74    1    1    1    1    1    1    1    7    8  9.21650E+03 0.00457 
   75    1    1    1    1    1    1    1    7    9  0.00000E+00 0.00000 
   76    1    1    1    1    1    1    1    7   10  0.00000E+00 0.00000 
   77    1    1    1    1    1    1    1    7   11  9.12603E+03 0.00464 
   78    1    1    1    1    1    1    1    8    1  9.83596E+03 0.00444 
   79    1    1    1    1    1    1    1    8    2  0.00000E+00 0.00000 
   80    1    1    1    1    1    1    1    8    3  9.54952E+03 0.00447 
   81    1    1    1    1    1    1    1    8    4  9.33753E+03 0.00450 
   82    1    1    1    1    1    1    1    8    5  0.00000E+00 0.00000 
   83    1    1    1    1    1    1    1    8    6  8.91612E+03 0.00461 
   84    1    1    1    1    1    1    1    8    7  8.87345E+03 0.00462 
   85    1    1    1    1    1    1    1    8    8  0.00000E+00 0.00000 
   86    1    1    1    1    1    1    1    8    9  9.09338E+03 0.00467 
   87    1    1    1    1    1    1    1    8   10  8.93527E+03 0.00460 
   88    1    1    1    1    1    1    1    8   11  0.00000E+00 0.00000 
   89    1    1    1    1    1    1    1    9    1  9.45991E+03 0.00447 
   90    1    1    1    1    1    1    1    9    2  9.38088E+03 0.00450 
   91    1    1    1    1    1    1    1    9    3  0.00000E+00 0.00000 
   92    1    1    1    1    1    1    1    9    4  9.26440E+03 0.00446 
   93    1    1    1    1    1    1    1    9    5  8.96667E+03 0.00461 
   94    1    1    1    1    1    1    1    9    6  0.00000E+00 0.00000 
   95    1    1    1    1    1    1    1    9    7  8.76784E+03 0.00472 
   96    1    1    1    1    1    1    1    9    8  8.76635E+03 0.00458 
   97    1    1    1    1    1    1    1    9    9  0.00000E+00 0.00000 
   98    1    1    1    1    1    1    1    9   10  8.88306E+03 0.00461 
   99    1    1    1    1    1    1    1    9   11  8.63533E+03 0.00472 
  100    1    1    1    1    1    1    1   10    1  0.00000E+00 0.00000 
  101    1    1    1    1    1    1    1   10    2  9.30947E+03 0.00452 
  102    1    1    1    1    1    1    1   10    3  0.00000E+00 0.00000 
  103    1    1    1    1    1    1    1   10    4  0.00000E+00 0.00000 
  104    1    1    1    1    1    1    1   10    5  8.71096E+03 0.00469 
  105    1    1    1    1    1    1    1   10    6  8.66354E+03 0.00468 
  106    1    1    1    1    1    1    1   10    7  0.00000E+00 0.00000 
  107    1    1    1    1    1    1    1   10    8  8.72623E+03 0.00459 
  108    1    1    1    1    1    1    1   10    9  0.00000E+00 0.00000 
  109    1    1    1    1    1    1    1   10   10  0.00000E+00 0.00000 
