
DETassem1 = [
    1    1    1    1    1    1    1    1    1    1  0.00000E+00 0.00000 
    2    1    1    1    1    1    1    1    1    2  0.00000E+00 0.00000 
    3    1    1    1    1    1    1    1    1    3  0.00000E+00 0.00000 
    4    1    1    1    1    1    1    1    1    4  0.00000E+00 0.00000 
    5    1    1    1    1    1    1    1    1    5  0.00000E+00 0.00000 
    6    1    1    1    1    1    1    1    1    6  0.00000E+00 0.00000 
    7    1    1    1    1    1    1    1    1    7  0.00000E+00 0.00000 
    8    1    1    1    1    1    1    1    1    8  1.85471E+04 0.00366 
    9    1    1    1    1    1    1    1    1    9  1.41953E+04 0.00398 
   10    1    1    1    1    1    1    1    1   10  0.00000E+00 0.00000 
   11    1    1    1    1    1    1    1    1   11  1.04272E+04 0.00446 
   12    1    1    1    1    1    1    1    2    1  2.00453E+04 0.00360 
   13    1    1    1    1    1    1    1    2    2  0.00000E+00 0.00000 
   14    1    1    1    1    1    1    1    2    3  0.00000E+00 0.00000 
   15    1    1    1    1    1    1    1    2    4  0.00000E+00 0.00000 
   16    1    1    1    1    1    1    1    2    5  0.00000E+00 0.00000 
   17    1    1    1    1    1    1    1    2    6  2.00382E+04 0.00355 
   18    1    1    1    1    1    1    1    2    7  1.61829E+04 0.00383 
   19    1    1    1    1    1    1    1    2    8  0.00000E+00 0.00000 
   20    1    1    1    1    1    1    1    2    9  1.15414E+04 0.00424 
   21    1    1    1    1    1    1    1    2   10  1.03590E+04 0.00443 
   22    1    1    1    1    1    1    1    2   11  0.00000E+00 0.00000 
   23    1    1    1    1    1    1    1    3    1  1.60280E+04 0.00379 
   24    1    1    1    1    1    1    1    3    2  1.85436E+04 0.00362 
   25    1    1    1    1    1    1    1    3    3  0.00000E+00 0.00000 
   26    1    1    1    1    1    1    1    3    4  1.85572E+04 0.00360 
   27    1    1    1    1    1    1    1    3    5  1.61386E+04 0.00387 
   28    1    1    1    1    1    1    1    3    6  0.00000E+00 0.00000 
   29    1    1    1    1    1    1    1    3    7  1.24449E+04 0.00417 
   30    1    1    1    1    1    1    1    3    8  1.14872E+04 0.00429 
   31    1    1    1    1    1    1    1    3    9  0.00000E+00 0.00000 
   32    1    1    1    1    1    1    1    3   10  9.65626E+03 0.00435 
   33    1    1    1    1    1    1    1    3   11  9.06943E+03 0.00450 
   34    1    1    1    1    1    1    1    4    1  0.00000E+00 0.00000 
   35    1    1    1    1    1    1    1    4    2  1.42523E+04 0.00398 
   36    1    1    1    1    1    1    1    4    3  1.42574E+04 0.00400 
   37    1    1    1    1    1    1    1    4    4  0.00000E+00 0.00000 
   38    1    1    1    1    1    1    1    4    5  1.23601E+04 0.00421 
   39    1    1    1    1    1    1    1    4    6  1.15804E+04 0.00424 
   40    1    1    1    1    1    1    1    4    7  0.00000E+00 0.00000 
   41    1    1    1    1    1    1    1    4    8  0.00000E+00 0.00000 
   42    1    1    1    1    1    1    1    4    9  9.71767E+03 0.00449 
   43    1    1    1    1    1    1    1    4   10  0.00000E+00 0.00000 
   44    1    1    1    1    1    1    1    4   11  8.80242E+03 0.00467 
   45    1    1    1    1    1    1    1    5    1  1.16568E+04 0.00425 
   46    1    1    1    1    1    1    1    5    2  0.00000E+00 0.00000 
   47    1    1    1    1    1    1    1    5    3  1.16914E+04 0.00423 
   48    1    1    1    1    1    1    1    5    4  1.14301E+04 0.00424 
   49    1    1    1    1    1    1    1    5    5  0.00000E+00 0.00000 
   50    1    1    1    1    1    1    1    5    6  1.02528E+04 0.00431 
   51    1    1    1    1    1    1    1    5    7  1.00026E+04 0.00444 
   52    1    1    1    1    1    1    1    5    8  0.00000E+00 0.00000 
   53    1    1    1    1    1    1    1    5    9  9.09949E+03 0.00456 
   54    1    1    1    1    1    1    1    5   10  8.70196E+03 0.00461 
   55    1    1    1    1    1    1    1    5   11  0.00000E+00 0.00000 
   56    1    1    1    1    1    1    1    6    1  1.04085E+04 0.00436 
   57    1    1    1    1    1    1    1    6    2  1.04248E+04 0.00448 
   58    1    1    1    1    1    1    1    6    3  0.00000E+00 0.00000 
   59    1    1    1    1    1    1    1    6    4  0.00000E+00 0.00000 
   60    1    1    1    1    1    1    1    6    5  9.92952E+03 0.00442 
   61    1    1    1    1    1    1    1    6    6  0.00000E+00 0.00000 
   62    1    1    1    1    1    1    1    6    7  9.11209E+03 0.00456 
   63    1    1    1    1    1    1    1    6    8  8.83638E+03 0.00456 
   64    1    1    1    1    1    1    1    6    9  0.00000E+00 0.00000 
   65    1    1    1    1    1    1    1    6   10  8.42805E+03 0.00467 
   66    1    1    1    1    1    1    1    6   11  8.35439E+03 0.00458 
   67    1    1    1    1    1    1    1    7    1  0.00000E+00 0.00000 
   68    1    1    1    1    1    1    1    7    2  9.56777E+03 0.00437 
   69    1    1    1    1    1    1    1    7    3  9.76762E+03 0.00439 
   70    1    1    1    1    1    1    1    7    4  0.00000E+00 0.00000 
   71    1    1    1    1    1    1    1    7    5  9.21749E+03 0.00447 
   72    1    1    1    1    1    1    1    7    6  8.78317E+03 0.00454 
   73    1    1    1    1    1    1    1    7    7  0.00000E+00 0.00000 
   74    1    1    1    1    1    1    1    7    8  8.43663E+03 0.00470 
   75    1    1    1    1    1    1    1    7    9  8.29267E+03 0.00472 
   76    1    1    1    1    1    1    1    7   10  0.00000E+00 0.00000 
   77    1    1    1    1    1    1    1    7   11  8.09498E+03 0.00473 
   78    1    1    1    1    1    1    1    8    1  9.05709E+03 0.00451 
   79    1    1    1    1    1    1    1    8    2  0.00000E+00 0.00000 
   80    1    1    1    1    1    1    1    8    3  8.99775E+03 0.00452 
   81    1    1    1    1    1    1    1    8    4  8.76720E+03 0.00457 
   82    1    1    1    1    1    1    1    8    5  0.00000E+00 0.00000 
   83    1    1    1    1    1    1    1    8    6  8.45417E+03 0.00461 
   84    1    1    1    1    1    1    1    8    7  8.28738E+03 0.00469 
   85    1    1    1    1    1    1    1    8    8  0.00000E+00 0.00000 
   86    1    1    1    1    1    1    1    8    9  8.13679E+03 0.00475 
   87    1    1    1    1    1    1    1    8   10  7.99711E+03 0.00478 
   88    1    1    1    1    1    1    1    8   11  0.00000E+00 0.00000 
   89    1    1    1    1    1    1    1    9    1  8.71613E+03 0.00469 
   90    1    1    1    1    1    1    1    9    2  8.64575E+03 0.00467 
   91    1    1    1    1    1    1    1    9    3  0.00000E+00 0.00000 
   92    1    1    1    1    1    1    1    9    4  8.44285E+03 0.00469 
   93    1    1    1    1    1    1    1    9    5  8.27783E+03 0.00476 
   94    1    1    1    1    1    1    1    9    6  0.00000E+00 0.00000 
   95    1    1    1    1    1    1    1    9    7  8.03833E+03 0.00474 
   96    1    1    1    1    1    1    1    9    8  8.01894E+03 0.00473 
   97    1    1    1    1    1    1    1    9    9  0.00000E+00 0.00000 
   98    1    1    1    1    1    1    1    9   10  7.84080E+03 0.00488 
   99    1    1    1    1    1    1    1    9   11  7.72067E+03 0.00492 
  100    1    1    1    1    1    1    1   10    1  0.00000E+00 0.00000 
  101    1    1    1    1    1    1    1   10    2  8.45577E+03 0.00474 
  102    1    1    1    1    1    1    1   10    3  8.28090E+03 0.00466 
  103    1    1    1    1    1    1    1   10    4  0.00000E+00 0.00000 
  104    1    1    1    1    1    1    1   10    5  8.11945E+03 0.00473 
  105    1    1    1    1    1    1    1   10    6  8.02243E+03 0.00476 
  106    1    1    1    1    1    1    1   10    7  0.00000E+00 0.00000 
  107    1    1    1    1    1    1    1   10    8  7.85457E+03 0.00483 
  108    1    1    1    1    1    1    1   10    9  7.72641E+03 0.00498 
  109    1    1    1    1    1    1    1   10   10  0.00000E+00 0.00000 
