
DETassem1 = [
    1    1    1    1    1    1    1    1    1    1  0.00000E+00 0.00000 
    2    1    1    1    1    1    1    1    1    2  0.00000E+00 0.00000 
    3    1    1    1    1    1    1    1    1    3  0.00000E+00 0.00000 
    4    1    1    1    1    1    1    1    1    4  0.00000E+00 0.00000 
    5    1    1    1    1    1    1    1    1    5  0.00000E+00 0.00000 
    6    1    1    1    1    1    1    1    1    6  0.00000E+00 0.00000 
    7    1    1    1    1    1    1    1    1    7  0.00000E+00 0.00000 
    8    1    1    1    1    1    1    1    1    8  1.85876E+04 0.00341 
    9    1    1    1    1    1    1    1    1    9  1.45447E+04 0.00373 
   10    1    1    1    1    1    1    1    1   10  0.00000E+00 0.00000 
   11    1    1    1    1    1    1    1    1   11  1.08901E+04 0.00413 
   12    1    1    1    1    1    1    1    2    1  1.99802E+04 0.00333 
   13    1    1    1    1    1    1    1    2    2  0.00000E+00 0.00000 
   14    1    1    1    1    1    1    1    2    3  0.00000E+00 0.00000 
   15    1    1    1    1    1    1    1    2    4  0.00000E+00 0.00000 
   16    1    1    1    1    1    1    1    2    5  0.00000E+00 0.00000 
   17    1    1    1    1    1    1    1    2    6  1.98151E+04 0.00346 
   18    1    1    1    1    1    1    1    2    7  1.63544E+04 0.00365 
   19    1    1    1    1    1    1    1    2    8  0.00000E+00 0.00000 
   20    1    1    1    1    1    1    1    2    9  1.20520E+04 0.00398 
   21    1    1    1    1    1    1    1    2   10  1.09864E+04 0.00411 
   22    1    1    1    1    1    1    1    2   11  0.00000E+00 0.00000 
   23    1    1    1    1    1    1    1    3    1  1.63516E+04 0.00366 
   24    1    1    1    1    1    1    1    3    2  1.84795E+04 0.00351 
   25    1    1    1    1    1    1    1    3    3  0.00000E+00 0.00000 
   26    1    1    1    1    1    1    1    3    4  1.85569E+04 0.00349 
   27    1    1    1    1    1    1    1    3    5  1.62536E+04 0.00362 
   28    1    1    1    1    1    1    1    3    6  0.00000E+00 0.00000 
   29    1    1    1    1    1    1    1    3    7  1.28973E+04 0.00395 
   30    1    1    1    1    1    1    1    3    8  1.18337E+04 0.00401 
   31    1    1    1    1    1    1    1    3    9  0.00000E+00 0.00000 
   32    1    1    1    1    1    1    1    3   10  1.01555E+04 0.00420 
   33    1    1    1    1    1    1    1    3   11  9.78126E+03 0.00426 
   34    1    1    1    1    1    1    1    4    1  0.00000E+00 0.00000 
   35    1    1    1    1    1    1    1    4    2  1.45986E+04 0.00380 
   36    1    1    1    1    1    1    1    4    3  1.45481E+04 0.00378 
   37    1    1    1    1    1    1    1    4    4  0.00000E+00 0.00000 
   38    1    1    1    1    1    1    1    4    5  1.28657E+04 0.00390 
   39    1    1    1    1    1    1    1    4    6  1.22094E+04 0.00404 
   40    1    1    1    1    1    1    1    4    7  0.00000E+00 0.00000 
   41    1    1    1    1    1    1    1    4    8  1.09344E+04 0.00422 
   42    1    1    1    1    1    1    1    4    9  1.02240E+04 0.00430 
   43    1    1    1    1    1    1    1    4   10  0.00000E+00 0.00000 
   44    1    1    1    1    1    1    1    4   11  9.53251E+03 0.00430 
   45    1    1    1    1    1    1    1    5    1  1.20306E+04 0.00407 
   46    1    1    1    1    1    1    1    5    2  0.00000E+00 0.00000 
   47    1    1    1    1    1    1    1    5    3  1.20700E+04 0.00396 
   48    1    1    1    1    1    1    1    5    4  1.17687E+04 0.00404 
   49    1    1    1    1    1    1    1    5    5  0.00000E+00 0.00000 
   50    1    1    1    1    1    1    1    5    6  1.13680E+04 0.00406 
   51    1    1    1    1    1    1    1    5    7  0.00000E+00 0.00000 
   52    1    1    1    1    1    1    1    5    8  0.00000E+00 0.00000 
   53    1    1    1    1    1    1    1    5    9  9.75486E+03 0.00434 
   54    1    1    1    1    1    1    1    5   10  9.58475E+03 0.00427 
   55    1    1    1    1    1    1    1    5   11  0.00000E+00 0.00000 
   56    1    1    1    1    1    1    1    6    1  1.09041E+04 0.00420 
   57    1    1    1    1    1    1    1    6    2  1.09780E+04 0.00404 
   58    1    1    1    1    1    1    1    6    3  0.00000E+00 0.00000 
   59    1    1    1    1    1    1    1    6    4  1.09245E+04 0.00402 
   60    1    1    1    1    1    1    1    6    5  0.00000E+00 0.00000 
   61    1    1    1    1    1    1    1    6    6  0.00000E+00 0.00000 
   62    1    1    1    1    1    1    1    6    7  1.02521E+04 0.00422 
   63    1    1    1    1    1    1    1    6    8  9.73477E+03 0.00422 
   64    1    1    1    1    1    1    1    6    9  0.00000E+00 0.00000 
   65    1    1    1    1    1    1    1    6   10  9.46570E+03 0.00440 
   66    1    1    1    1    1    1    1    6   11  0.00000E+00 0.00000 
   67    1    1    1    1    1    1    1    7    1  0.00000E+00 0.00000 
   68    1    1    1    1    1    1    1    7    2  1.01708E+04 0.00417 
   69    1    1    1    1    1    1    1    7    3  1.01027E+04 0.00419 
   70    1    1    1    1    1    1    1    7    4  0.00000E+00 0.00000 
   71    1    1    1    1    1    1    1    7    5  1.03360E+04 0.00419 
   72    1    1    1    1    1    1    1    7    6  1.00801E+04 0.00423 
   73    1    1    1    1    1    1    1    7    7  0.00000E+00 0.00000 
   74    1    1    1    1    1    1    1    7    8  9.35143E+03 0.00436 
   75    1    1    1    1    1    1    1    7    9  9.22714E+03 0.00427 
   76    1    1    1    1    1    1    1    7   10  0.00000E+00 0.00000 
   77    1    1    1    1    1    1    1    7   11  9.01780E+03 0.00446 
   78    1    1    1    1    1    1    1    8    1  9.75284E+03 0.00432 
   79    1    1    1    1    1    1    1    8    2  0.00000E+00 0.00000 
   80    1    1    1    1    1    1    1    8    3  9.75478E+03 0.00426 
   81    1    1    1    1    1    1    1    8    4  9.73003E+03 0.00432 
   82    1    1    1    1    1    1    1    8    5  0.00000E+00 0.00000 
   83    1    1    1    1    1    1    1    8    6  0.00000E+00 0.00000 
   84    1    1    1    1    1    1    1    8    7  9.43696E+03 0.00431 
   85    1    1    1    1    1    1    1    8    8  0.00000E+00 0.00000 
   86    1    1    1    1    1    1    1    8    9  8.92139E+03 0.00444 
   87    1    1    1    1    1    1    1    8   10  8.73939E+03 0.00451 
   88    1    1    1    1    1    1    1    8   11  0.00000E+00 0.00000 
   89    1    1    1    1    1    1    1    9    1  9.49178E+03 0.00442 
   90    1    1    1    1    1    1    1    9    2  9.61009E+03 0.00431 
   91    1    1    1    1    1    1    1    9    3  0.00000E+00 0.00000 
   92    1    1    1    1    1    1    1    9    4  9.29571E+03 0.00433 
   93    1    1    1    1    1    1    1    9    5  9.40112E+03 0.00432 
   94    1    1    1    1    1    1    1    9    6  0.00000E+00 0.00000 
   95    1    1    1    1    1    1    1    9    7  8.95173E+03 0.00439 
   96    1    1    1    1    1    1    1    9    8  8.78630E+03 0.00444 
   97    1    1    1    1    1    1    1    9    9  0.00000E+00 0.00000 
   98    1    1    1    1    1    1    1    9   10  8.58713E+03 0.00449 
   99    1    1    1    1    1    1    1    9   11  8.53110E+03 0.00448 
  100    1    1    1    1    1    1    1   10    1  0.00000E+00 0.00000 
  101    1    1    1    1    1    1    1   10    2  9.47097E+03 0.00431 
  102    1    1    1    1    1    1    1   10    3  9.18241E+03 0.00443 
  103    1    1    1    1    1    1    1   10    4  0.00000E+00 0.00000 
  104    1    1    1    1    1    1    1   10    5  8.93163E+03 0.00430 
  105    1    1    1    1    1    1    1   10    6  8.76880E+03 0.00449 
  106    1    1    1    1    1    1    1   10    7  0.00000E+00 0.00000 
  107    1    1    1    1    1    1    1   10    8  8.44154E+03 0.00454 
  108    1    1    1    1    1    1    1   10    9  8.30385E+03 0.00457 
  109    1    1    1    1    1    1    1   10   10  0.00000E+00 0.00000 
