
ZAI = [
922350
922380
666
0
];

NAMES = [
'U235            '
'U238            '
'lost            '
'total           '
];

i922350 = 1; iU235             = 1;
i922380 = 2; iU238             = 2;
iLOST    = 3;
iTOT     = 4;

MAT_un_VOLUME = [ 2.44302E+05 2.44302E+05 ];

MAT_un_BURNUP = [ 0.00000E+00 4.69205E+01 ];

MAT_un_ADENS = [
4.83387E-03 3.40182E-03 % U235
1.93936E-02 1.88246E-02 % U238
0.00000E+00 4.63251E-30 % lost data
7.26897E-02 7.39066E-02 % total
];

MAT_un_MDENS = [
1.88669E+00 1.32775E+00 % U235
7.66628E+00 7.44135E+00 % U238
0.00000E+00 0.00000E+00 % lost data
1.08000E+01 1.07984E+01 % total
];

MAT_un_A = [
3.68548E+10 2.59365E+10 % U235
2.32919E+10 2.26085E+10 % U238
0.00000E+00 0.00000E+00 % lost data
6.01467E+10 3.26585E+18 % total
];

MAT_un_H = [
2.76279E-02 1.94430E-02 % U235
1.59349E-02 1.54674E-02 % U238
0.00000E+00 0.00000E+00 % lost data
4.35628E-02 9.61111E+05 % total
];

MAT_un_SF = [
2.65355E+00 1.86743E+00 % U235
1.27174E+04 1.23442E+04 % U238
0.00000E+00 0.00000E+00 % lost data
1.27200E+04 1.28350E+08 % total
];

MAT_un_GSRC = [
4.65663E+10 3.27709E+10 % U235
2.06258E+09 2.00206E+09 % U238
0.00000E+00 0.00000E+00 % lost data
4.86289E+10 3.50708E+18 % total
];

MAT_un_ING_TOX = [
1.73218E+03 1.21902E+03 % U235
1.04813E+03 1.01738E+03 % U238
0.00000E+00 0.00000E+00 % lost data
2.78031E+03 2.25005E+09 % total
];

MAT_un_INH_TOX = [
3.13266E+05 2.20460E+05 % U235
1.86335E+05 1.80868E+05 % U238
0.00000E+00 0.00000E+00 % lost data
4.99601E+05 8.75933E+10 % total
];

TOT_VOLUME = [ 2.44302E+05 2.44302E+05 ];

TOT_BURNUP = [ 0.00000E+00 4.69205E+01 ];

TOT_ADENS = [
4.83387E-03 3.40182E-03 % U235
1.93936E-02 1.88246E-02 % U238
0.00000E+00 4.63251E-30 % lost data
7.26897E-02 7.39066E-02 % total
];

TOT_MASS = [
4.60921E+05 3.24372E+05 % U235
1.87289E+06 1.81793E+06 % U238
0.00000E+00 0.00000E+00 % lost data
2.63846E+06 2.63808E+06 % total
];

TOT_A = [
3.68548E+10 2.59365E+10 % U235
2.32919E+10 2.26085E+10 % U238
0.00000E+00 0.00000E+00 % lost data
6.01467E+10 3.26585E+18 % total
];

TOT_H = [
2.76279E-02 1.94430E-02 % U235
1.59349E-02 1.54674E-02 % U238
0.00000E+00 0.00000E+00 % lost data
4.35628E-02 9.61111E+05 % total
];

TOT_SF = [
2.65355E+00 1.86743E+00 % U235
1.27174E+04 1.23442E+04 % U238
0.00000E+00 0.00000E+00 % lost data
1.27200E+04 1.28350E+08 % total
];

TOT_GSRC = [
4.65663E+10 3.27709E+10 % U235
2.06258E+09 2.00206E+09 % U238
0.00000E+00 0.00000E+00 % lost data
4.86289E+10 3.50708E+18 % total
];

TOT_ING_TOX = [
1.73218E+03 1.21902E+03 % U235
1.04813E+03 1.01738E+03 % U238
0.00000E+00 0.00000E+00 % lost data
2.78031E+03 2.25005E+09 % total
];

TOT_INH_TOX = [
3.13266E+05 2.20460E+05 % U235
1.86335E+05 1.80868E+05 % U238
0.00000E+00 0.00000E+00 % lost data
4.99601E+05 8.75933E+10 % total
];

BU = [ 0.00000E+00 4.69190E+01 ];

DAYS = [ 0.00000E+00 7.30000E+03 ];
