
DETassem1 = [
    1    1    1    1    1    1    1    1    1    1  0.00000E+00 0.00000 
    2    1    1    1    1    1    1    1    1    2  0.00000E+00 0.00000 
    3    1    1    1    1    1    1    1    1    3  0.00000E+00 0.00000 
    4    1    1    1    1    1    1    1    1    4  0.00000E+00 0.00000 
    5    1    1    1    1    1    1    1    1    5  0.00000E+00 0.00000 
    6    1    1    1    1    1    1    1    1    6  0.00000E+00 0.00000 
    7    1    1    1    1    1    1    1    1    7  0.00000E+00 0.00000 
    8    1    1    1    1    1    1    1    1    8  2.07294E+04 0.00349 
    9    1    1    1    1    1    1    1    1    9  0.00000E+00 0.00000 
   10    1    1    1    1    1    1    1    1   10  0.00000E+00 0.00000 
   11    1    1    1    1    1    1    1    1   11  1.13024E+04 0.00429 
   12    1    1    1    1    1    1    1    2    1  2.13007E+04 0.00345 
   13    1    1    1    1    1    1    1    2    2  0.00000E+00 0.00000 
   14    1    1    1    1    1    1    1    2    3  0.00000E+00 0.00000 
   15    1    1    1    1    1    1    1    2    4  0.00000E+00 0.00000 
   16    1    1    1    1    1    1    1    2    5  0.00000E+00 0.00000 
   17    1    1    1    1    1    1    1    2    6  2.12487E+04 0.00343 
   18    1    1    1    1    1    1    1    2    7  1.74172E+04 0.00373 
   19    1    1    1    1    1    1    1    2    8  0.00000E+00 0.00000 
   20    1    1    1    1    1    1    1    2    9  1.32850E+04 0.00408 
   21    1    1    1    1    1    1    1    2   10  1.13548E+04 0.00435 
   22    1    1    1    1    1    1    1    2   11  0.00000E+00 0.00000 
   23    1    1    1    1    1    1    1    3    1  1.73389E+04 0.00373 
   24    1    1    1    1    1    1    1    3    2  2.06021E+04 0.00346 
   25    1    1    1    1    1    1    1    3    3  0.00000E+00 0.00000 
   26    1    1    1    1    1    1    1    3    4  2.07846E+04 0.00345 
   27    1    1    1    1    1    1    1    3    5  1.72785E+04 0.00369 
   28    1    1    1    1    1    1    1    3    6  0.00000E+00 0.00000 
   29    1    1    1    1    1    1    1    3    7  1.32983E+04 0.00409 
   30    1    1    1    1    1    1    1    3    8  1.20045E+04 0.00427 
   31    1    1    1    1    1    1    1    3    9  0.00000E+00 0.00000 
   32    1    1    1    1    1    1    1    3   10  1.01188E+04 0.00436 
   33    1    1    1    1    1    1    1    3   11  9.81377E+03 0.00444 
   34    1    1    1    1    1    1    1    4    1  0.00000E+00 0.00000 
   35    1    1    1    1    1    1    1    4    2  0.00000E+00 0.00000 
   36    1    1    1    1    1    1    1    4    3  0.00000E+00 0.00000 
   37    1    1    1    1    1    1    1    4    4  0.00000E+00 0.00000 
   38    1    1    1    1    1    1    1    4    5  1.31643E+04 0.00412 
   39    1    1    1    1    1    1    1    4    6  1.20640E+04 0.00415 
   40    1    1    1    1    1    1    1    4    7  0.00000E+00 0.00000 
   41    1    1    1    1    1    1    1    4    8  1.05540E+04 0.00435 
   42    1    1    1    1    1    1    1    4    9  9.84464E+03 0.00449 
   43    1    1    1    1    1    1    1    4   10  0.00000E+00 0.00000 
   44    1    1    1    1    1    1    1    4   11  9.67115E+03 0.00461 
   45    1    1    1    1    1    1    1    5    1  1.33158E+04 0.00410 
   46    1    1    1    1    1    1    1    5    2  0.00000E+00 0.00000 
   47    1    1    1    1    1    1    1    5    3  1.31406E+04 0.00416 
   48    1    1    1    1    1    1    1    5    4  1.19780E+04 0.00417 
   49    1    1    1    1    1    1    1    5    5  0.00000E+00 0.00000 
   50    1    1    1    1    1    1    1    5    6  1.05818E+04 0.00445 
   51    1    1    1    1    1    1    1    5    7  1.02011E+04 0.00440 
   52    1    1    1    1    1    1    1    5    8  0.00000E+00 0.00000 
   53    1    1    1    1    1    1    1    5    9  9.43871E+03 0.00448 
   54    1    1    1    1    1    1    1    5   10  9.55055E+03 0.00459 
   55    1    1    1    1    1    1    1    5   11  0.00000E+00 0.00000 
   56    1    1    1    1    1    1    1    6    1  1.14388E+04 0.00425 
   57    1    1    1    1    1    1    1    6    2  1.14593E+04 0.00422 
   58    1    1    1    1    1    1    1    6    3  0.00000E+00 0.00000 
   59    1    1    1    1    1    1    1    6    4  1.04294E+04 0.00427 
   60    1    1    1    1    1    1    1    6    5  1.01592E+04 0.00447 
   61    1    1    1    1    1    1    1    6    6  0.00000E+00 0.00000 
   62    1    1    1    1    1    1    1    6    7  9.92445E+03 0.00444 
   63    1    1    1    1    1    1    1    6    8  9.53592E+03 0.00445 
   64    1    1    1    1    1    1    1    6    9  0.00000E+00 0.00000 
   65    1    1    1    1    1    1    1    6   10  9.52730E+03 0.00449 
   66    1    1    1    1    1    1    1    6   11  0.00000E+00 0.00000 
   67    1    1    1    1    1    1    1    7    1  0.00000E+00 0.00000 
   68    1    1    1    1    1    1    1    7    2  1.02118E+04 0.00448 
   69    1    1    1    1    1    1    1    7    3  9.97569E+03 0.00445 
   70    1    1    1    1    1    1    1    7    4  0.00000E+00 0.00000 
   71    1    1    1    1    1    1    1    7    5  9.94741E+03 0.00441 
   72    1    1    1    1    1    1    1    7    6  0.00000E+00 0.00000 
   73    1    1    1    1    1    1    1    7    7  0.00000E+00 0.00000 
   74    1    1    1    1    1    1    1    7    8  9.24260E+03 0.00456 
   75    1    1    1    1    1    1    1    7    9  9.08746E+03 0.00462 
   76    1    1    1    1    1    1    1    7   10  0.00000E+00 0.00000 
   77    1    1    1    1    1    1    1    7   11  9.36938E+03 0.00464 
   78    1    1    1    1    1    1    1    8    1  9.73486E+03 0.00437 
   79    1    1    1    1    1    1    1    8    2  0.00000E+00 0.00000 
   80    1    1    1    1    1    1    1    8    3  9.51817E+03 0.00451 
   81    1    1    1    1    1    1    1    8    4  9.47125E+03 0.00446 
   82    1    1    1    1    1    1    1    8    5  0.00000E+00 0.00000 
   83    1    1    1    1    1    1    1    8    6  0.00000E+00 0.00000 
   84    1    1    1    1    1    1    1    8    7  9.27581E+03 0.00457 
   85    1    1    1    1    1    1    1    8    8  0.00000E+00 0.00000 
   86    1    1    1    1    1    1    1    8    9  8.83998E+03 0.00457 
   87    1    1    1    1    1    1    1    8   10  8.76751E+03 0.00471 
   88    1    1    1    1    1    1    1    8   11  0.00000E+00 0.00000 
   89    1    1    1    1    1    1    1    9    1  9.70787E+03 0.00448 
   90    1    1    1    1    1    1    1    9    2  9.59419E+03 0.00452 
   91    1    1    1    1    1    1    1    9    3  0.00000E+00 0.00000 
   92    1    1    1    1    1    1    1    9    4  9.17931E+03 0.00446 
   93    1    1    1    1    1    1    1    9    5  9.28338E+03 0.00457 
   94    1    1    1    1    1    1    1    9    6  0.00000E+00 0.00000 
   95    1    1    1    1    1    1    1    9    7  8.66654E+03 0.00463 
   96    1    1    1    1    1    1    1    9    8  8.50613E+03 0.00474 
   97    1    1    1    1    1    1    1    9    9  0.00000E+00 0.00000 
   98    1    1    1    1    1    1    1    9   10  8.43809E+03 0.00477 
   99    1    1    1    1    1    1    1    9   11  8.50244E+03 0.00465 
  100    1    1    1    1    1    1    1   10    1  0.00000E+00 0.00000 
  101    1    1    1    1    1    1    1   10    2  9.57655E+03 0.00443 
  102    1    1    1    1    1    1    1   10    3  9.08448E+03 0.00454 
  103    1    1    1    1    1    1    1   10    4  0.00000E+00 0.00000 
  104    1    1    1    1    1    1    1   10    5  8.82520E+03 0.00456 
  105    1    1    1    1    1    1    1   10    6  8.58424E+03 0.00462 
  106    1    1    1    1    1    1    1   10    7  0.00000E+00 0.00000 
  107    1    1    1    1    1    1    1   10    8  8.20836E+03 0.00470 
  108    1    1    1    1    1    1    1   10    9  8.09501E+03 0.00493 
  109    1    1    1    1    1    1    1   10   10  0.00000E+00 0.00000 
