
DETassem1 = [
    1    1    1    1    1    1    1    1    1    1  0.00000E+00 0.00000 
    2    1    1    1    1    1    1    1    1    2  0.00000E+00 0.00000 
    3    1    1    1    1    1    1    1    1    3  0.00000E+00 0.00000 
    4    1    1    1    1    1    1    1    1    4  0.00000E+00 0.00000 
    5    1    1    1    1    1    1    1    1    5  0.00000E+00 0.00000 
    6    1    1    1    1    1    1    1    1    6  0.00000E+00 0.00000 
    7    1    1    1    1    1    1    1    1    7  0.00000E+00 0.00000 
    8    1    1    1    1    1    1    1    1    8  1.88608E+04 0.00347 
    9    1    1    1    1    1    1    1    1    9  1.48464E+04 0.00382 
   10    1    1    1    1    1    1    1    1   10  0.00000E+00 0.00000 
   11    1    1    1    1    1    1    1    1   11  1.10214E+04 0.00421 
   12    1    1    1    1    1    1    1    2    1  2.03128E+04 0.00332 
   13    1    1    1    1    1    1    1    2    2  0.00000E+00 0.00000 
   14    1    1    1    1    1    1    1    2    3  0.00000E+00 0.00000 
   15    1    1    1    1    1    1    1    2    4  0.00000E+00 0.00000 
   16    1    1    1    1    1    1    1    2    5  0.00000E+00 0.00000 
   17    1    1    1    1    1    1    1    2    6  2.02958E+04 0.00343 
   18    1    1    1    1    1    1    1    2    7  1.68926E+04 0.00363 
   19    1    1    1    1    1    1    1    2    8  0.00000E+00 0.00000 
   20    1    1    1    1    1    1    1    2    9  1.22914E+04 0.00407 
   21    1    1    1    1    1    1    1    2   10  1.11109E+04 0.00408 
   22    1    1    1    1    1    1    1    2   11  0.00000E+00 0.00000 
   23    1    1    1    1    1    1    1    3    1  1.66808E+04 0.00364 
   24    1    1    1    1    1    1    1    3    2  1.89066E+04 0.00344 
   25    1    1    1    1    1    1    1    3    3  0.00000E+00 0.00000 
   26    1    1    1    1    1    1    1    3    4  1.89737E+04 0.00340 
   27    1    1    1    1    1    1    1    3    5  1.66248E+04 0.00362 
   28    1    1    1    1    1    1    1    3    6  0.00000E+00 0.00000 
   29    1    1    1    1    1    1    1    3    7  1.36437E+04 0.00383 
   30    1    1    1    1    1    1    1    3    8  1.20867E+04 0.00408 
   31    1    1    1    1    1    1    1    3    9  0.00000E+00 0.00000 
   32    1    1    1    1    1    1    1    3   10  1.01884E+04 0.00414 
   33    1    1    1    1    1    1    1    3   11  9.72081E+03 0.00424 
   34    1    1    1    1    1    1    1    4    1  0.00000E+00 0.00000 
   35    1    1    1    1    1    1    1    4    2  1.47237E+04 0.00378 
   36    1    1    1    1    1    1    1    4    3  1.48021E+04 0.00380 
   37    1    1    1    1    1    1    1    4    4  0.00000E+00 0.00000 
   38    1    1    1    1    1    1    1    4    5  1.35060E+04 0.00391 
   39    1    1    1    1    1    1    1    4    6  0.00000E+00 0.00000 
   40    1    1    1    1    1    1    1    4    7  0.00000E+00 0.00000 
   41    1    1    1    1    1    1    1    4    8  1.11232E+04 0.00411 
   42    1    1    1    1    1    1    1    4    9  1.02341E+04 0.00418 
   43    1    1    1    1    1    1    1    4   10  0.00000E+00 0.00000 
   44    1    1    1    1    1    1    1    4   11  9.38262E+03 0.00435 
   45    1    1    1    1    1    1    1    5    1  1.22196E+04 0.00405 
   46    1    1    1    1    1    1    1    5    2  0.00000E+00 0.00000 
   47    1    1    1    1    1    1    1    5    3  1.21736E+04 0.00405 
   48    1    1    1    1    1    1    1    5    4  1.21916E+04 0.00401 
   49    1    1    1    1    1    1    1    5    5  0.00000E+00 0.00000 
   50    1    1    1    1    1    1    1    5    6  1.19350E+04 0.00405 
   51    1    1    1    1    1    1    1    5    7  0.00000E+00 0.00000 
   52    1    1    1    1    1    1    1    5    8  0.00000E+00 0.00000 
   53    1    1    1    1    1    1    1    5    9  9.71654E+03 0.00430 
   54    1    1    1    1    1    1    1    5   10  9.34705E+03 0.00434 
   55    1    1    1    1    1    1    1    5   11  0.00000E+00 0.00000 
   56    1    1    1    1    1    1    1    6    1  1.10486E+04 0.00410 
   57    1    1    1    1    1    1    1    6    2  1.10525E+04 0.00411 
   58    1    1    1    1    1    1    1    6    3  0.00000E+00 0.00000 
   59    1    1    1    1    1    1    1    6    4  1.11675E+04 0.00412 
   60    1    1    1    1    1    1    1    6    5  0.00000E+00 0.00000 
   61    1    1    1    1    1    1    1    6    6  0.00000E+00 0.00000 
   62    1    1    1    1    1    1    1    6    7  1.03178E+04 0.00424 
   63    1    1    1    1    1    1    1    6    8  9.61833E+03 0.00437 
   64    1    1    1    1    1    1    1    6    9  0.00000E+00 0.00000 
   65    1    1    1    1    1    1    1    6   10  9.01615E+03 0.00432 
   66    1    1    1    1    1    1    1    6   11  8.93904E+03 0.00445 
   67    1    1    1    1    1    1    1    7    1  0.00000E+00 0.00000 
   68    1    1    1    1    1    1    1    7    2  1.02347E+04 0.00425 
   69    1    1    1    1    1    1    1    7    3  1.02385E+04 0.00416 
   70    1    1    1    1    1    1    1    7    4  0.00000E+00 0.00000 
   71    1    1    1    1    1    1    1    7    5  1.03231E+04 0.00425 
   72    1    1    1    1    1    1    1    7    6  9.79586E+03 0.00427 
   73    1    1    1    1    1    1    1    7    7  0.00000E+00 0.00000 
   74    1    1    1    1    1    1    1    7    8  9.22474E+03 0.00429 
   75    1    1    1    1    1    1    1    7    9  8.99315E+03 0.00445 
   76    1    1    1    1    1    1    1    7   10  0.00000E+00 0.00000 
   77    1    1    1    1    1    1    1    7   11  8.74164E+03 0.00450 
   78    1    1    1    1    1    1    1    8    1  9.73116E+03 0.00429 
   79    1    1    1    1    1    1    1    8    2  0.00000E+00 0.00000 
   80    1    1    1    1    1    1    1    8    3  9.58286E+03 0.00426 
   81    1    1    1    1    1    1    1    8    4  9.55180E+03 0.00428 
   82    1    1    1    1    1    1    1    8    5  0.00000E+00 0.00000 
   83    1    1    1    1    1    1    1    8    6  9.21789E+03 0.00436 
   84    1    1    1    1    1    1    1    8    7  9.01789E+03 0.00437 
   85    1    1    1    1    1    1    1    8    8  0.00000E+00 0.00000 
   86    1    1    1    1    1    1    1    8    9  8.84208E+03 0.00437 
   87    1    1    1    1    1    1    1    8   10  8.80491E+03 0.00449 
   88    1    1    1    1    1    1    1    8   11  0.00000E+00 0.00000 
   89    1    1    1    1    1    1    1    9    1  9.29890E+03 0.00437 
   90    1    1    1    1    1    1    1    9    2  9.32103E+03 0.00432 
   91    1    1    1    1    1    1    1    9    3  0.00000E+00 0.00000 
   92    1    1    1    1    1    1    1    9    4  9.21636E+03 0.00445 
   93    1    1    1    1    1    1    1    9    5  9.08051E+03 0.00441 
   94    1    1    1    1    1    1    1    9    6  0.00000E+00 0.00000 
   95    1    1    1    1    1    1    1    9    7  8.79547E+03 0.00445 
   96    1    1    1    1    1    1    1    9    8  8.81354E+03 0.00449 
   97    1    1    1    1    1    1    1    9    9  0.00000E+00 0.00000 
   98    1    1    1    1    1    1    1    9   10  8.87337E+03 0.00447 
   99    1    1    1    1    1    1    1    9   11  8.55553E+03 0.00450 
  100    1    1    1    1    1    1    1   10    1  0.00000E+00 0.00000 
  101    1    1    1    1    1    1    1   10    2  9.10187E+03 0.00440 
  102    1    1    1    1    1    1    1   10    3  8.97462E+03 0.00445 
  103    1    1    1    1    1    1    1   10    4  0.00000E+00 0.00000 
  104    1    1    1    1    1    1    1   10    5  8.78049E+03 0.00440 
  105    1    1    1    1    1    1    1   10    6  8.80146E+03 0.00445 
  106    1    1    1    1    1    1    1   10    7  0.00000E+00 0.00000 
  107    1    1    1    1    1    1    1   10    8  8.78244E+03 0.00454 
  108    1    1    1    1    1    1    1   10    9  0.00000E+00 0.00000 
  109    1    1    1    1    1    1    1   10   10  0.00000E+00 0.00000 
