
ZAI = [
922350
922380
666
0
];

NAMES = [
'U235            '
'U238            '
'lost            '
'total           '
];

i922350 = 1; iU235             = 1;
i922380 = 2; iU238             = 2;
iLOST    = 3;
iTOT     = 4;

MAT_un_VOLUME = [ 2.39730E+05 2.39730E+05 ];

MAT_un_BURNUP = [ 0.00000E+00 4.78152E+01 ];

MAT_un_ADENS = [
4.83387E-03 3.37856E-03 % U235
1.93936E-02 1.88205E-02 % U238
0.00000E+00 6.15445E-30 % lost data
7.26897E-02 7.39301E-02 % total
];

MAT_un_MDENS = [
1.88669E+00 1.31867E+00 % U235
7.66628E+00 7.43974E+00 % U238
0.00000E+00 0.00000E+00 % lost data
1.08000E+01 1.07984E+01 % total
];

MAT_un_A = [
3.61652E+10 2.52771E+10 % U235
2.28560E+10 2.21806E+10 % U238
0.00000E+00 0.00000E+00 % lost data
5.90212E+10 3.26010E+18 % total
];

MAT_un_H = [
2.71109E-02 1.89488E-02 % U235
1.56368E-02 1.51747E-02 % U238
0.00000E+00 0.00000E+00 % lost data
4.27476E-02 9.60199E+05 % total
];

MAT_un_SF = [
2.60389E+00 1.81995E+00 % U235
1.24794E+04 1.21106E+04 % U238
0.00000E+00 0.00000E+00 % lost data
1.24820E+04 1.35009E+08 % total
];

MAT_un_GSRC = [
4.56950E+10 3.19378E+10 % U235
2.02398E+09 1.96417E+09 % U238
0.00000E+00 0.00000E+00 % lost data
4.77189E+10 3.49968E+18 % total
];

MAT_un_ING_TOX = [
1.69976E+03 1.18803E+03 % U235
1.02852E+03 9.98128E+02 % U238
0.00000E+00 0.00000E+00 % lost data
2.72828E+03 2.25227E+09 % total
];

MAT_un_INH_TOX = [
3.07404E+05 2.14856E+05 % U235
1.82848E+05 1.77445E+05 % U238
0.00000E+00 0.00000E+00 % lost data
4.90252E+05 8.92923E+10 % total
];

TOT_VOLUME = [ 2.39730E+05 2.39730E+05 ];

TOT_BURNUP = [ 0.00000E+00 4.78152E+01 ];

TOT_ADENS = [
4.83387E-03 3.37856E-03 % U235
1.93936E-02 1.88205E-02 % U238
0.00000E+00 6.15445E-30 % lost data
7.26897E-02 7.39301E-02 % total
];

TOT_MASS = [
4.52297E+05 3.16126E+05 % U235
1.83784E+06 1.78353E+06 % U238
0.00000E+00 0.00000E+00 % lost data
2.58909E+06 2.58870E+06 % total
];

TOT_A = [
3.61652E+10 2.52771E+10 % U235
2.28560E+10 2.21806E+10 % U238
0.00000E+00 0.00000E+00 % lost data
5.90212E+10 3.26010E+18 % total
];

TOT_H = [
2.71109E-02 1.89488E-02 % U235
1.56368E-02 1.51747E-02 % U238
0.00000E+00 0.00000E+00 % lost data
4.27476E-02 9.60199E+05 % total
];

TOT_SF = [
2.60389E+00 1.81995E+00 % U235
1.24794E+04 1.21106E+04 % U238
0.00000E+00 0.00000E+00 % lost data
1.24820E+04 1.35009E+08 % total
];

TOT_GSRC = [
4.56950E+10 3.19378E+10 % U235
2.02398E+09 1.96417E+09 % U238
0.00000E+00 0.00000E+00 % lost data
4.77189E+10 3.49968E+18 % total
];

TOT_ING_TOX = [
1.69976E+03 1.18803E+03 % U235
1.02852E+03 9.98128E+02 % U238
0.00000E+00 0.00000E+00 % lost data
2.72828E+03 2.25227E+09 % total
];

TOT_INH_TOX = [
3.07404E+05 2.14856E+05 % U235
1.82848E+05 1.77445E+05 % U238
0.00000E+00 0.00000E+00 % lost data
4.90252E+05 8.92923E+10 % total
];

BU = [ 0.00000E+00 4.78138E+01 ];

DAYS = [ 0.00000E+00 7.30000E+03 ];
