
DETassem1 = [
    1    1    1    1    1    1    1    1    1    1  0.00000E+00 0.00000 
    2    1    1    1    1    1    1    1    1    2  0.00000E+00 0.00000 
    3    1    1    1    1    1    1    1    1    3  0.00000E+00 0.00000 
    4    1    1    1    1    1    1    1    1    4  0.00000E+00 0.00000 
    5    1    1    1    1    1    1    1    1    5  0.00000E+00 0.00000 
    6    1    1    1    1    1    1    1    1    6  0.00000E+00 0.00000 
    7    1    1    1    1    1    1    1    1    7  0.00000E+00 0.00000 
    8    1    1    1    1    1    1    1    1    8  1.84179E+04 0.00345 
    9    1    1    1    1    1    1    1    1    9  1.44197E+04 0.00377 
   10    1    1    1    1    1    1    1    1   10  0.00000E+00 0.00000 
   11    1    1    1    1    1    1    1    1   11  1.09673E+04 0.00415 
   12    1    1    1    1    1    1    1    2    1  1.97776E+04 0.00347 
   13    1    1    1    1    1    1    1    2    2  0.00000E+00 0.00000 
   14    1    1    1    1    1    1    1    2    3  0.00000E+00 0.00000 
   15    1    1    1    1    1    1    1    2    4  0.00000E+00 0.00000 
   16    1    1    1    1    1    1    1    2    5  0.00000E+00 0.00000 
   17    1    1    1    1    1    1    1    2    6  1.96350E+04 0.00341 
   18    1    1    1    1    1    1    1    2    7  1.62315E+04 0.00358 
   19    1    1    1    1    1    1    1    2    8  0.00000E+00 0.00000 
   20    1    1    1    1    1    1    1    2    9  1.21048E+04 0.00400 
   21    1    1    1    1    1    1    1    2   10  1.10932E+04 0.00417 
   22    1    1    1    1    1    1    1    2   11  0.00000E+00 0.00000 
   23    1    1    1    1    1    1    1    3    1  1.61951E+04 0.00368 
   24    1    1    1    1    1    1    1    3    2  1.84700E+04 0.00352 
   25    1    1    1    1    1    1    1    3    3  0.00000E+00 0.00000 
   26    1    1    1    1    1    1    1    3    4  1.84175E+04 0.00355 
   27    1    1    1    1    1    1    1    3    5  1.62985E+04 0.00372 
   28    1    1    1    1    1    1    1    3    6  0.00000E+00 0.00000 
   29    1    1    1    1    1    1    1    3    7  1.28554E+04 0.00388 
   30    1    1    1    1    1    1    1    3    8  1.17862E+04 0.00393 
   31    1    1    1    1    1    1    1    3    9  0.00000E+00 0.00000 
   32    1    1    1    1    1    1    1    3   10  1.04569E+04 0.00418 
   33    1    1    1    1    1    1    1    3   11  9.84812E+03 0.00428 
   34    1    1    1    1    1    1    1    4    1  0.00000E+00 0.00000 
   35    1    1    1    1    1    1    1    4    2  1.44813E+04 0.00385 
   36    1    1    1    1    1    1    1    4    3  1.45164E+04 0.00383 
   37    1    1    1    1    1    1    1    4    4  0.00000E+00 0.00000 
   38    1    1    1    1    1    1    1    4    5  1.29058E+04 0.00395 
   39    1    1    1    1    1    1    1    4    6  1.23352E+04 0.00397 
   40    1    1    1    1    1    1    1    4    7  0.00000E+00 0.00000 
   41    1    1    1    1    1    1    1    4    8  1.09440E+04 0.00415 
   42    1    1    1    1    1    1    1    4    9  0.00000E+00 0.00000 
   43    1    1    1    1    1    1    1    4   10  0.00000E+00 0.00000 
   44    1    1    1    1    1    1    1    4   11  9.44322E+03 0.00446 
   45    1    1    1    1    1    1    1    5    1  1.21340E+04 0.00399 
   46    1    1    1    1    1    1    1    5    2  0.00000E+00 0.00000 
   47    1    1    1    1    1    1    1    5    3  1.20799E+04 0.00402 
   48    1    1    1    1    1    1    1    5    4  1.19080E+04 0.00407 
   49    1    1    1    1    1    1    1    5    5  0.00000E+00 0.00000 
   50    1    1    1    1    1    1    1    5    6  0.00000E+00 0.00000 
   51    1    1    1    1    1    1    1    5    7  1.06405E+04 0.00423 
   52    1    1    1    1    1    1    1    5    8  0.00000E+00 0.00000 
   53    1    1    1    1    1    1    1    5    9  9.82071E+03 0.00413 
   54    1    1    1    1    1    1    1    5   10  9.36271E+03 0.00436 
   55    1    1    1    1    1    1    1    5   11  0.00000E+00 0.00000 
   56    1    1    1    1    1    1    1    6    1  1.10433E+04 0.00418 
   57    1    1    1    1    1    1    1    6    2  1.11013E+04 0.00406 
   58    1    1    1    1    1    1    1    6    3  0.00000E+00 0.00000 
   59    1    1    1    1    1    1    1    6    4  1.09519E+04 0.00423 
   60    1    1    1    1    1    1    1    6    5  1.06506E+04 0.00414 
   61    1    1    1    1    1    1    1    6    6  0.00000E+00 0.00000 
   62    1    1    1    1    1    1    1    6    7  9.83790E+03 0.00420 
   63    1    1    1    1    1    1    1    6    8  9.53175E+03 0.00439 
   64    1    1    1    1    1    1    1    6    9  0.00000E+00 0.00000 
   65    1    1    1    1    1    1    1    6   10  9.09497E+03 0.00444 
   66    1    1    1    1    1    1    1    6   11  9.11483E+03 0.00440 
   67    1    1    1    1    1    1    1    7    1  0.00000E+00 0.00000 
   68    1    1    1    1    1    1    1    7    2  1.04734E+04 0.00416 
   69    1    1    1    1    1    1    1    7    3  0.00000E+00 0.00000 
   70    1    1    1    1    1    1    1    7    4  0.00000E+00 0.00000 
   71    1    1    1    1    1    1    1    7    5  9.91945E+03 0.00428 
   72    1    1    1    1    1    1    1    7    6  9.58923E+03 0.00426 
   73    1    1    1    1    1    1    1    7    7  0.00000E+00 0.00000 
   74    1    1    1    1    1    1    1    7    8  9.14151E+03 0.00443 
   75    1    1    1    1    1    1    1    7    9  9.08035E+03 0.00446 
   76    1    1    1    1    1    1    1    7   10  0.00000E+00 0.00000 
   77    1    1    1    1    1    1    1    7   11  8.93416E+03 0.00452 
   78    1    1    1    1    1    1    1    8    1  9.85560E+03 0.00425 
   79    1    1    1    1    1    1    1    8    2  0.00000E+00 0.00000 
   80    1    1    1    1    1    1    1    8    3  9.83833E+03 0.00429 
   81    1    1    1    1    1    1    1    8    4  9.57993E+03 0.00423 
   82    1    1    1    1    1    1    1    8    5  0.00000E+00 0.00000 
   83    1    1    1    1    1    1    1    8    6  9.21065E+03 0.00434 
   84    1    1    1    1    1    1    1    8    7  9.05143E+03 0.00443 
   85    1    1    1    1    1    1    1    8    8  0.00000E+00 0.00000 
   86    1    1    1    1    1    1    1    8    9  9.05015E+03 0.00444 
   87    1    1    1    1    1    1    1    8   10  9.03905E+03 0.00458 
   88    1    1    1    1    1    1    1    8   11  0.00000E+00 0.00000 
   89    1    1    1    1    1    1    1    9    1  9.49785E+03 0.00428 
   90    1    1    1    1    1    1    1    9    2  9.55857E+03 0.00437 
   91    1    1    1    1    1    1    1    9    3  0.00000E+00 0.00000 
   92    1    1    1    1    1    1    1    9    4  9.16079E+03 0.00442 
   93    1    1    1    1    1    1    1    9    5  9.07602E+03 0.00443 
   94    1    1    1    1    1    1    1    9    6  0.00000E+00 0.00000 
   95    1    1    1    1    1    1    1    9    7  8.98794E+03 0.00437 
   96    1    1    1    1    1    1    1    9    8  9.05125E+03 0.00446 
   97    1    1    1    1    1    1    1    9    9  0.00000E+00 0.00000 
   98    1    1    1    1    1    1    1    9   10  9.07749E+03 0.00449 
   99    1    1    1    1    1    1    1    9   11  9.03743E+03 0.00448 
  100    1    1    1    1    1    1    1   10    1  0.00000E+00 0.00000 
  101    1    1    1    1    1    1    1   10    2  9.17271E+03 0.00446 
  102    1    1    1    1    1    1    1   10    3  9.06834E+03 0.00432 
  103    1    1    1    1    1    1    1   10    4  0.00000E+00 0.00000 
  104    1    1    1    1    1    1    1   10    5  9.02497E+03 0.00446 
  105    1    1    1    1    1    1    1   10    6  9.23105E+03 0.00432 
  106    1    1    1    1    1    1    1   10    7  0.00000E+00 0.00000 
  107    1    1    1    1    1    1    1   10    8  9.20779E+03 0.00445 
  108    1    1    1    1    1    1    1   10    9  0.00000E+00 0.00000 
  109    1    1    1    1    1    1    1   10   10  0.00000E+00 0.00000 
