
DETassem1 = [
    1    1    1    1    1    1    1    1    1    1  0.00000E+00 0.00000 
    2    1    1    1    1    1    1    1    1    2  0.00000E+00 0.00000 
    3    1    1    1    1    1    1    1    1    3  0.00000E+00 0.00000 
    4    1    1    1    1    1    1    1    1    4  0.00000E+00 0.00000 
    5    1    1    1    1    1    1    1    1    5  0.00000E+00 0.00000 
    6    1    1    1    1    1    1    1    1    6  0.00000E+00 0.00000 
    7    1    1    1    1    1    1    1    1    7  0.00000E+00 0.00000 
    8    1    1    1    1    1    1    1    1    8  1.99909E+04 0.00340 
    9    1    1    1    1    1    1    1    1    9  1.66900E+04 0.00368 
   10    1    1    1    1    1    1    1    1   10  0.00000E+00 0.00000 
   11    1    1    1    1    1    1    1    1   11  0.00000E+00 0.00000 
   12    1    1    1    1    1    1    1    2    1  2.11254E+04 0.00327 
   13    1    1    1    1    1    1    1    2    2  0.00000E+00 0.00000 
   14    1    1    1    1    1    1    1    2    3  0.00000E+00 0.00000 
   15    1    1    1    1    1    1    1    2    4  0.00000E+00 0.00000 
   16    1    1    1    1    1    1    1    2    5  0.00000E+00 0.00000 
   17    1    1    1    1    1    1    1    2    6  2.10394E+04 0.00334 
   18    1    1    1    1    1    1    1    2    7  1.77283E+04 0.00349 
   19    1    1    1    1    1    1    1    2    8  0.00000E+00 0.00000 
   20    1    1    1    1    1    1    1    2    9  0.00000E+00 0.00000 
   21    1    1    1    1    1    1    1    2   10  0.00000E+00 0.00000 
   22    1    1    1    1    1    1    1    2   11  0.00000E+00 0.00000 
   23    1    1    1    1    1    1    1    3    1  1.75294E+04 0.00355 
   24    1    1    1    1    1    1    1    3    2  2.00664E+04 0.00341 
   25    1    1    1    1    1    1    1    3    3  0.00000E+00 0.00000 
   26    1    1    1    1    1    1    1    3    4  1.99599E+04 0.00340 
   27    1    1    1    1    1    1    1    3    5  1.75257E+04 0.00350 
   28    1    1    1    1    1    1    1    3    6  0.00000E+00 0.00000 
   29    1    1    1    1    1    1    1    3    7  1.41576E+04 0.00379 
   30    1    1    1    1    1    1    1    3    8  1.35749E+04 0.00388 
   31    1    1    1    1    1    1    1    3    9  0.00000E+00 0.00000 
   32    1    1    1    1    1    1    1    3   10  1.23625E+04 0.00400 
   33    1    1    1    1    1    1    1    3   11  1.17511E+04 0.00414 
   34    1    1    1    1    1    1    1    4    1  0.00000E+00 0.00000 
   35    1    1    1    1    1    1    1    4    2  1.66944E+04 0.00357 
   36    1    1    1    1    1    1    1    4    3  1.66937E+04 0.00362 
   37    1    1    1    1    1    1    1    4    4  0.00000E+00 0.00000 
   38    1    1    1    1    1    1    1    4    5  1.40819E+04 0.00378 
   39    1    1    1    1    1    1    1    4    6  1.33309E+04 0.00389 
   40    1    1    1    1    1    1    1    4    7  0.00000E+00 0.00000 
   41    1    1    1    1    1    1    1    4    8  1.22267E+04 0.00396 
   42    1    1    1    1    1    1    1    4    9  1.15754E+04 0.00399 
   43    1    1    1    1    1    1    1    4   10  0.00000E+00 0.00000 
   44    1    1    1    1    1    1    1    4   11  0.00000E+00 0.00000 
   45    1    1    1    1    1    1    1    5    1  0.00000E+00 0.00000 
   46    1    1    1    1    1    1    1    5    2  0.00000E+00 0.00000 
   47    1    1    1    1    1    1    1    5    3  0.00000E+00 0.00000 
   48    1    1    1    1    1    1    1    5    4  1.35016E+04 0.00387 
   49    1    1    1    1    1    1    1    5    5  0.00000E+00 0.00000 
   50    1    1    1    1    1    1    1    5    6  1.23071E+04 0.00392 
   51    1    1    1    1    1    1    1    5    7  0.00000E+00 0.00000 
   52    1    1    1    1    1    1    1    5    8  0.00000E+00 0.00000 
   53    1    1    1    1    1    1    1    5    9  1.05856E+04 0.00415 
   54    1    1    1    1    1    1    1    5   10  1.05846E+04 0.00409 
   55    1    1    1    1    1    1    1    5   11  0.00000E+00 0.00000 
   56    1    1    1    1    1    1    1    6    1  0.00000E+00 0.00000 
   57    1    1    1    1    1    1    1    6    2  0.00000E+00 0.00000 
   58    1    1    1    1    1    1    1    6    3  0.00000E+00 0.00000 
   59    1    1    1    1    1    1    1    6    4  1.21701E+04 0.00398 
   60    1    1    1    1    1    1    1    6    5  0.00000E+00 0.00000 
   61    1    1    1    1    1    1    1    6    6  0.00000E+00 0.00000 
   62    1    1    1    1    1    1    1    6    7  1.08102E+04 0.00419 
   63    1    1    1    1    1    1    1    6    8  1.01529E+04 0.00420 
   64    1    1    1    1    1    1    1    6    9  0.00000E+00 0.00000 
   65    1    1    1    1    1    1    1    6   10  9.86671E+03 0.00424 
   66    1    1    1    1    1    1    1    6   11  9.98688E+03 0.00426 
   67    1    1    1    1    1    1    1    7    1  0.00000E+00 0.00000 
   68    1    1    1    1    1    1    1    7    2  1.23940E+04 0.00402 
   69    1    1    1    1    1    1    1    7    3  1.15446E+04 0.00406 
   70    1    1    1    1    1    1    1    7    4  0.00000E+00 0.00000 
   71    1    1    1    1    1    1    1    7    5  1.08575E+04 0.00415 
   72    1    1    1    1    1    1    1    7    6  1.02192E+04 0.00417 
   73    1    1    1    1    1    1    1    7    7  0.00000E+00 0.00000 
   74    1    1    1    1    1    1    1    7    8  9.63749E+03 0.00437 
   75    1    1    1    1    1    1    1    7    9  9.44610E+03 0.00433 
   76    1    1    1    1    1    1    1    7   10  0.00000E+00 0.00000 
   77    1    1    1    1    1    1    1    7   11  9.34919E+03 0.00442 
   78    1    1    1    1    1    1    1    8    1  1.16041E+04 0.00401 
   79    1    1    1    1    1    1    1    8    2  0.00000E+00 0.00000 
   80    1    1    1    1    1    1    1    8    3  1.06155E+04 0.00419 
   81    1    1    1    1    1    1    1    8    4  1.02421E+04 0.00428 
   82    1    1    1    1    1    1    1    8    5  0.00000E+00 0.00000 
   83    1    1    1    1    1    1    1    8    6  9.63939E+03 0.00429 
   84    1    1    1    1    1    1    1    8    7  9.35968E+03 0.00432 
   85    1    1    1    1    1    1    1    8    8  0.00000E+00 0.00000 
   86    1    1    1    1    1    1    1    8    9  9.21575E+03 0.00436 
   87    1    1    1    1    1    1    1    8   10  9.03668E+03 0.00447 
   88    1    1    1    1    1    1    1    8   11  0.00000E+00 0.00000 
   89    1    1    1    1    1    1    1    9    1  0.00000E+00 0.00000 
   90    1    1    1    1    1    1    1    9    2  1.06290E+04 0.00425 
   91    1    1    1    1    1    1    1    9    3  0.00000E+00 0.00000 
   92    1    1    1    1    1    1    1    9    4  9.63007E+03 0.00423 
   93    1    1    1    1    1    1    1    9    5  9.37720E+03 0.00431 
   94    1    1    1    1    1    1    1    9    6  0.00000E+00 0.00000 
   95    1    1    1    1    1    1    1    9    7  9.17819E+03 0.00442 
   96    1    1    1    1    1    1    1    9    8  9.13890E+03 0.00438 
   97    1    1    1    1    1    1    1    9    9  0.00000E+00 0.00000 
   98    1    1    1    1    1    1    1    9   10  8.75728E+03 0.00445 
   99    1    1    1    1    1    1    1    9   11  8.67310E+03 0.00449 
  100    1    1    1    1    1    1    1   10    1  0.00000E+00 0.00000 
  101    1    1    1    1    1    1    1   10    2  9.88395E+03 0.00442 
  102    1    1    1    1    1    1    1   10    3  9.48647E+03 0.00435 
  103    1    1    1    1    1    1    1   10    4  0.00000E+00 0.00000 
  104    1    1    1    1    1    1    1   10    5  9.17661E+03 0.00443 
  105    1    1    1    1    1    1    1   10    6  9.18195E+03 0.00442 
  106    1    1    1    1    1    1    1   10    7  0.00000E+00 0.00000 
  107    1    1    1    1    1    1    1   10    8  9.02563E+03 0.00447 
  108    1    1    1    1    1    1    1   10    9  8.67852E+03 0.00450 
  109    1    1    1    1    1    1    1   10   10  0.00000E+00 0.00000 
