
DETassem1 = [
    1    1    1    1    1    1    1    1    1    1  0.00000E+00 0.00000 
    2    1    1    1    1    1    1    1    1    2  0.00000E+00 0.00000 
    3    1    1    1    1    1    1    1    1    3  0.00000E+00 0.00000 
    4    1    1    1    1    1    1    1    1    4  0.00000E+00 0.00000 
    5    1    1    1    1    1    1    1    1    5  0.00000E+00 0.00000 
    6    1    1    1    1    1    1    1    1    6  0.00000E+00 0.00000 
    7    1    1    1    1    1    1    1    1    7  0.00000E+00 0.00000 
    8    1    1    1    1    1    1    1    1    8  2.06902E+04 0.00351 
    9    1    1    1    1    1    1    1    1    9  1.54207E+04 0.00391 
   10    1    1    1    1    1    1    1    1   10  0.00000E+00 0.00000 
   11    1    1    1    1    1    1    1    1   11  1.06547E+04 0.00428 
   12    1    1    1    1    1    1    1    2    1  2.30131E+04 0.00331 
   13    1    1    1    1    1    1    1    2    2  0.00000E+00 0.00000 
   14    1    1    1    1    1    1    1    2    3  0.00000E+00 0.00000 
   15    1    1    1    1    1    1    1    2    4  0.00000E+00 0.00000 
   16    1    1    1    1    1    1    1    2    5  0.00000E+00 0.00000 
   17    1    1    1    1    1    1    1    2    6  2.30328E+04 0.00340 
   18    1    1    1    1    1    1    1    2    7  0.00000E+00 0.00000 
   19    1    1    1    1    1    1    1    2    8  0.00000E+00 0.00000 
   20    1    1    1    1    1    1    1    2    9  1.23426E+04 0.00415 
   21    1    1    1    1    1    1    1    2   10  1.06719E+04 0.00435 
   22    1    1    1    1    1    1    1    2   11  0.00000E+00 0.00000 
   23    1    1    1    1    1    1    1    3    1  0.00000E+00 0.00000 
   24    1    1    1    1    1    1    1    3    2  2.08168E+04 0.00352 
   25    1    1    1    1    1    1    1    3    3  0.00000E+00 0.00000 
   26    1    1    1    1    1    1    1    3    4  2.08139E+04 0.00348 
   27    1    1    1    1    1    1    1    3    5  0.00000E+00 0.00000 
   28    1    1    1    1    1    1    1    3    6  0.00000E+00 0.00000 
   29    1    1    1    1    1    1    1    3    7  1.41516E+04 0.00396 
   30    1    1    1    1    1    1    1    3    8  1.19099E+04 0.00417 
   31    1    1    1    1    1    1    1    3    9  0.00000E+00 0.00000 
   32    1    1    1    1    1    1    1    3   10  9.75622E+03 0.00451 
   33    1    1    1    1    1    1    1    3   11  9.29654E+03 0.00446 
   34    1    1    1    1    1    1    1    4    1  0.00000E+00 0.00000 
   35    1    1    1    1    1    1    1    4    2  1.54747E+04 0.00391 
   36    1    1    1    1    1    1    1    4    3  1.54976E+04 0.00396 
   37    1    1    1    1    1    1    1    4    4  0.00000E+00 0.00000 
   38    1    1    1    1    1    1    1    4    5  1.41009E+04 0.00395 
   39    1    1    1    1    1    1    1    4    6  1.24605E+04 0.00426 
   40    1    1    1    1    1    1    1    4    7  0.00000E+00 0.00000 
   41    1    1    1    1    1    1    1    4    8  1.02517E+04 0.00438 
   42    1    1    1    1    1    1    1    4    9  9.59031E+03 0.00446 
   43    1    1    1    1    1    1    1    4   10  0.00000E+00 0.00000 
   44    1    1    1    1    1    1    1    4   11  9.00225E+03 0.00461 
   45    1    1    1    1    1    1    1    5    1  1.23723E+04 0.00411 
   46    1    1    1    1    1    1    1    5    2  0.00000E+00 0.00000 
   47    1    1    1    1    1    1    1    5    3  1.23020E+04 0.00416 
   48    1    1    1    1    1    1    1    5    4  1.18872E+04 0.00422 
   49    1    1    1    1    1    1    1    5    5  0.00000E+00 0.00000 
   50    1    1    1    1    1    1    1    5    6  1.04635E+04 0.00438 
   51    1    1    1    1    1    1    1    5    7  9.96174E+03 0.00442 
   52    1    1    1    1    1    1    1    5    8  0.00000E+00 0.00000 
   53    1    1    1    1    1    1    1    5    9  9.22497E+03 0.00454 
   54    1    1    1    1    1    1    1    5   10  8.98864E+03 0.00462 
   55    1    1    1    1    1    1    1    5   11  0.00000E+00 0.00000 
   56    1    1    1    1    1    1    1    6    1  1.06892E+04 0.00434 
   57    1    1    1    1    1    1    1    6    2  1.07535E+04 0.00433 
   58    1    1    1    1    1    1    1    6    3  0.00000E+00 0.00000 
   59    1    1    1    1    1    1    1    6    4  1.02471E+04 0.00433 
   60    1    1    1    1    1    1    1    6    5  9.98299E+03 0.00442 
   61    1    1    1    1    1    1    1    6    6  0.00000E+00 0.00000 
   62    1    1    1    1    1    1    1    6    7  9.36622E+03 0.00452 
   63    1    1    1    1    1    1    1    6    8  9.26796E+03 0.00451 
   64    1    1    1    1    1    1    1    6    9  0.00000E+00 0.00000 
   65    1    1    1    1    1    1    1    6   10  8.85490E+03 0.00458 
   66    1    1    1    1    1    1    1    6   11  8.69130E+03 0.00466 
   67    1    1    1    1    1    1    1    7    1  0.00000E+00 0.00000 
   68    1    1    1    1    1    1    1    7    2  9.76596E+03 0.00456 
   69    1    1    1    1    1    1    1    7    3  9.68078E+03 0.00450 
   70    1    1    1    1    1    1    1    7    4  0.00000E+00 0.00000 
   71    1    1    1    1    1    1    1    7    5  9.33884E+03 0.00440 
   72    1    1    1    1    1    1    1    7    6  9.22353E+03 0.00446 
   73    1    1    1    1    1    1    1    7    7  0.00000E+00 0.00000 
   74    1    1    1    1    1    1    1    7    8  0.00000E+00 0.00000 
   75    1    1    1    1    1    1    1    7    9  8.92408E+03 0.00463 
   76    1    1    1    1    1    1    1    7   10  0.00000E+00 0.00000 
   77    1    1    1    1    1    1    1    7   11  8.65032E+03 0.00470 
   78    1    1    1    1    1    1    1    8    1  9.21433E+03 0.00453 
   79    1    1    1    1    1    1    1    8    2  0.00000E+00 0.00000 
   80    1    1    1    1    1    1    1    8    3  9.18714E+03 0.00451 
   81    1    1    1    1    1    1    1    8    4  9.39867E+03 0.00449 
   82    1    1    1    1    1    1    1    8    5  0.00000E+00 0.00000 
   83    1    1    1    1    1    1    1    8    6  9.01782E+03 0.00452 
   84    1    1    1    1    1    1    1    8    7  9.02214E+03 0.00453 
   85    1    1    1    1    1    1    1    8    8  0.00000E+00 0.00000 
   86    1    1    1    1    1    1    1    8    9  8.64961E+03 0.00471 
   87    1    1    1    1    1    1    1    8   10  8.57087E+03 0.00474 
   88    1    1    1    1    1    1    1    8   11  0.00000E+00 0.00000 
   89    1    1    1    1    1    1    1    9    1  8.91536E+03 0.00463 
   90    1    1    1    1    1    1    1    9    2  8.96579E+03 0.00468 
   91    1    1    1    1    1    1    1    9    3  0.00000E+00 0.00000 
   92    1    1    1    1    1    1    1    9    4  0.00000E+00 0.00000 
   93    1    1    1    1    1    1    1    9    5  8.99056E+03 0.00455 
   94    1    1    1    1    1    1    1    9    6  0.00000E+00 0.00000 
   95    1    1    1    1    1    1    1    9    7  8.66886E+03 0.00471 
   96    1    1    1    1    1    1    1    9    8  8.57273E+03 0.00470 
   97    1    1    1    1    1    1    1    9    9  0.00000E+00 0.00000 
   98    1    1    1    1    1    1    1    9   10  8.77279E+03 0.00475 
   99    1    1    1    1    1    1    1    9   11  0.00000E+00 0.00000 
  100    1    1    1    1    1    1    1   10    1  0.00000E+00 0.00000 
  101    1    1    1    1    1    1    1   10    2  8.89005E+03 0.00459 
  102    1    1    1    1    1    1    1   10    3  9.08210E+03 0.00462 
  103    1    1    1    1    1    1    1   10    4  0.00000E+00 0.00000 
  104    1    1    1    1    1    1    1   10    5  8.62163E+03 0.00463 
  105    1    1    1    1    1    1    1   10    6  8.52324E+03 0.00475 
  106    1    1    1    1    1    1    1   10    7  0.00000E+00 0.00000 
  107    1    1    1    1    1    1    1   10    8  8.35749E+03 0.00466 
  108    1    1    1    1    1    1    1   10    9  8.57398E+03 0.00463 
  109    1    1    1    1    1    1    1   10   10  0.00000E+00 0.00000 
