
DETassem1 = [
    1    1    1    1    1    1    1    1    1    1  0.00000E+00 0.00000 
    2    1    1    1    1    1    1    1    1    2  0.00000E+00 0.00000 
    3    1    1    1    1    1    1    1    1    3  0.00000E+00 0.00000 
    4    1    1    1    1    1    1    1    1    4  0.00000E+00 0.00000 
    5    1    1    1    1    1    1    1    1    5  0.00000E+00 0.00000 
    6    1    1    1    1    1    1    1    1    6  0.00000E+00 0.00000 
    7    1    1    1    1    1    1    1    1    7  0.00000E+00 0.00000 
    8    1    1    1    1    1    1    1    1    8  1.79765E+04 0.00351 
    9    1    1    1    1    1    1    1    1    9  1.41168E+04 0.00383 
   10    1    1    1    1    1    1    1    1   10  0.00000E+00 0.00000 
   11    1    1    1    1    1    1    1    1   11  1.05107E+04 0.00425 
   12    1    1    1    1    1    1    1    2    1  1.93186E+04 0.00343 
   13    1    1    1    1    1    1    1    2    2  0.00000E+00 0.00000 
   14    1    1    1    1    1    1    1    2    3  0.00000E+00 0.00000 
   15    1    1    1    1    1    1    1    2    4  0.00000E+00 0.00000 
   16    1    1    1    1    1    1    1    2    5  0.00000E+00 0.00000 
   17    1    1    1    1    1    1    1    2    6  1.91890E+04 0.00349 
   18    1    1    1    1    1    1    1    2    7  1.58001E+04 0.00362 
   19    1    1    1    1    1    1    1    2    8  0.00000E+00 0.00000 
   20    1    1    1    1    1    1    1    2    9  1.16079E+04 0.00406 
   21    1    1    1    1    1    1    1    2   10  1.05262E+04 0.00419 
   22    1    1    1    1    1    1    1    2   11  0.00000E+00 0.00000 
   23    1    1    1    1    1    1    1    3    1  1.58677E+04 0.00373 
   24    1    1    1    1    1    1    1    3    2  1.80503E+04 0.00356 
   25    1    1    1    1    1    1    1    3    3  0.00000E+00 0.00000 
   26    1    1    1    1    1    1    1    3    4  1.80234E+04 0.00348 
   27    1    1    1    1    1    1    1    3    5  1.58972E+04 0.00362 
   28    1    1    1    1    1    1    1    3    6  0.00000E+00 0.00000 
   29    1    1    1    1    1    1    1    3    7  1.23421E+04 0.00398 
   30    1    1    1    1    1    1    1    3    8  1.11825E+04 0.00401 
   31    1    1    1    1    1    1    1    3    9  0.00000E+00 0.00000 
   32    1    1    1    1    1    1    1    3   10  9.82990E+03 0.00421 
   33    1    1    1    1    1    1    1    3   11  9.50659E+03 0.00435 
   34    1    1    1    1    1    1    1    4    1  0.00000E+00 0.00000 
   35    1    1    1    1    1    1    1    4    2  1.42432E+04 0.00378 
   36    1    1    1    1    1    1    1    4    3  1.40499E+04 0.00391 
   37    1    1    1    1    1    1    1    4    4  0.00000E+00 0.00000 
   38    1    1    1    1    1    1    1    4    5  1.24600E+04 0.00390 
   39    1    1    1    1    1    1    1    4    6  1.15116E+04 0.00406 
   40    1    1    1    1    1    1    1    4    7  0.00000E+00 0.00000 
   41    1    1    1    1    1    1    1    4    8  1.00785E+04 0.00429 
   42    1    1    1    1    1    1    1    4    9  9.65883E+03 0.00431 
   43    1    1    1    1    1    1    1    4   10  0.00000E+00 0.00000 
   44    1    1    1    1    1    1    1    4   11  9.44009E+03 0.00437 
   45    1    1    1    1    1    1    1    5    1  1.17222E+04 0.00400 
   46    1    1    1    1    1    1    1    5    2  0.00000E+00 0.00000 
   47    1    1    1    1    1    1    1    5    3  1.16964E+04 0.00407 
   48    1    1    1    1    1    1    1    5    4  1.12285E+04 0.00415 
   49    1    1    1    1    1    1    1    5    5  0.00000E+00 0.00000 
   50    1    1    1    1    1    1    1    5    6  1.01332E+04 0.00430 
   51    1    1    1    1    1    1    1    5    7  9.81018E+03 0.00430 
   52    1    1    1    1    1    1    1    5    8  0.00000E+00 0.00000 
   53    1    1    1    1    1    1    1    5    9  9.24671E+03 0.00431 
   54    1    1    1    1    1    1    1    5   10  9.15608E+03 0.00432 
   55    1    1    1    1    1    1    1    5   11  0.00000E+00 0.00000 
   56    1    1    1    1    1    1    1    6    1  1.06331E+04 0.00426 
   57    1    1    1    1    1    1    1    6    2  1.05097E+04 0.00418 
   58    1    1    1    1    1    1    1    6    3  0.00000E+00 0.00000 
   59    1    1    1    1    1    1    1    6    4  1.01563E+04 0.00430 
   60    1    1    1    1    1    1    1    6    5  9.81790E+03 0.00434 
   61    1    1    1    1    1    1    1    6    6  0.00000E+00 0.00000 
   62    1    1    1    1    1    1    1    6    7  9.17718E+03 0.00443 
   63    1    1    1    1    1    1    1    6    8  9.11725E+03 0.00447 
   64    1    1    1    1    1    1    1    6    9  0.00000E+00 0.00000 
   65    1    1    1    1    1    1    1    6   10  9.08617E+03 0.00432 
   66    1    1    1    1    1    1    1    6   11  9.28296E+03 0.00438 
   67    1    1    1    1    1    1    1    7    1  0.00000E+00 0.00000 
   68    1    1    1    1    1    1    1    7    2  9.86375E+03 0.00424 
   69    1    1    1    1    1    1    1    7    3  9.62511E+03 0.00428 
   70    1    1    1    1    1    1    1    7    4  0.00000E+00 0.00000 
   71    1    1    1    1    1    1    1    7    5  9.35362E+03 0.00425 
   72    1    1    1    1    1    1    1    7    6  9.07727E+03 0.00429 
   73    1    1    1    1    1    1    1    7    7  0.00000E+00 0.00000 
   74    1    1    1    1    1    1    1    7    8  8.86636E+03 0.00447 
   75    1    1    1    1    1    1    1    7    9  8.85173E+03 0.00432 
   76    1    1    1    1    1    1    1    7   10  0.00000E+00 0.00000 
   77    1    1    1    1    1    1    1    7   11  8.75217E+03 0.00443 
   78    1    1    1    1    1    1    1    8    1  9.51271E+03 0.00432 
   79    1    1    1    1    1    1    1    8    2  0.00000E+00 0.00000 
   80    1    1    1    1    1    1    1    8    3  9.21112E+03 0.00445 
   81    1    1    1    1    1    1    1    8    4  9.07857E+03 0.00443 
   82    1    1    1    1    1    1    1    8    5  0.00000E+00 0.00000 
   83    1    1    1    1    1    1    1    8    6  8.78508E+03 0.00444 
   84    1    1    1    1    1    1    1    8    7  8.63216E+03 0.00449 
   85    1    1    1    1    1    1    1    8    8  0.00000E+00 0.00000 
   86    1    1    1    1    1    1    1    8    9  8.66702E+03 0.00447 
   87    1    1    1    1    1    1    1    8   10  8.54691E+03 0.00461 
   88    1    1    1    1    1    1    1    8   11  0.00000E+00 0.00000 
   89    1    1    1    1    1    1    1    9    1  9.39663E+03 0.00441 
   90    1    1    1    1    1    1    1    9    2  9.14899E+03 0.00421 
   91    1    1    1    1    1    1    1    9    3  0.00000E+00 0.00000 
   92    1    1    1    1    1    1    1    9    4  8.81220E+03 0.00439 
   93    1    1    1    1    1    1    1    9    5  8.63687E+03 0.00441 
   94    1    1    1    1    1    1    1    9    6  0.00000E+00 0.00000 
   95    1    1    1    1    1    1    1    9    7  8.50315E+03 0.00458 
   96    1    1    1    1    1    1    1    9    8  8.39051E+03 0.00452 
   97    1    1    1    1    1    1    1    9    9  0.00000E+00 0.00000 
   98    1    1    1    1    1    1    1    9   10  8.39097E+03 0.00449 
   99    1    1    1    1    1    1    1    9   11  8.34039E+03 0.00451 
  100    1    1    1    1    1    1    1   10    1  0.00000E+00 0.00000 
  101    1    1    1    1    1    1    1   10    2  9.06062E+03 0.00439 
  102    1    1    1    1    1    1    1   10    3  8.74527E+03 0.00445 
  103    1    1    1    1    1    1    1   10    4  0.00000E+00 0.00000 
  104    1    1    1    1    1    1    1   10    5  8.42080E+03 0.00450 
  105    1    1    1    1    1    1    1   10    6  8.38132E+03 0.00457 
  106    1    1    1    1    1    1    1   10    7  0.00000E+00 0.00000 
  107    1    1    1    1    1    1    1   10    8  8.16982E+03 0.00458 
  108    1    1    1    1    1    1    1   10    9  8.17483E+03 0.00468 
  109    1    1    1    1    1    1    1   10   10  0.00000E+00 0.00000 
