
DETassem1 = [
    1    1    1    1    1    1    1    1    1    1  0.00000E+00 0.00000 
    2    1    1    1    1    1    1    1    1    2  0.00000E+00 0.00000 
    3    1    1    1    1    1    1    1    1    3  0.00000E+00 0.00000 
    4    1    1    1    1    1    1    1    1    4  0.00000E+00 0.00000 
    5    1    1    1    1    1    1    1    1    5  0.00000E+00 0.00000 
    6    1    1    1    1    1    1    1    1    6  0.00000E+00 0.00000 
    7    1    1    1    1    1    1    1    1    7  0.00000E+00 0.00000 
    8    1    1    1    1    1    1    1    1    8  2.05569E+04 0.00340 
    9    1    1    1    1    1    1    1    1    9  1.55556E+04 0.00368 
   10    1    1    1    1    1    1    1    1   10  0.00000E+00 0.00000 
   11    1    1    1    1    1    1    1    1   11  1.13418E+04 0.00411 
   12    1    1    1    1    1    1    1    2    1  2.24279E+04 0.00328 
   13    1    1    1    1    1    1    1    2    2  0.00000E+00 0.00000 
   14    1    1    1    1    1    1    1    2    3  0.00000E+00 0.00000 
   15    1    1    1    1    1    1    1    2    4  0.00000E+00 0.00000 
   16    1    1    1    1    1    1    1    2    5  0.00000E+00 0.00000 
   17    1    1    1    1    1    1    1    2    6  2.27165E+04 0.00332 
   18    1    1    1    1    1    1    1    2    7  0.00000E+00 0.00000 
   19    1    1    1    1    1    1    1    2    8  0.00000E+00 0.00000 
   20    1    1    1    1    1    1    1    2    9  1.28096E+04 0.00391 
   21    1    1    1    1    1    1    1    2   10  1.13646E+04 0.00410 
   22    1    1    1    1    1    1    1    2   11  0.00000E+00 0.00000 
   23    1    1    1    1    1    1    1    3    1  0.00000E+00 0.00000 
   24    1    1    1    1    1    1    1    3    2  2.04689E+04 0.00335 
   25    1    1    1    1    1    1    1    3    3  0.00000E+00 0.00000 
   26    1    1    1    1    1    1    1    3    4  2.06926E+04 0.00329 
   27    1    1    1    1    1    1    1    3    5  0.00000E+00 0.00000 
   28    1    1    1    1    1    1    1    3    6  0.00000E+00 0.00000 
   29    1    1    1    1    1    1    1    3    7  1.45411E+04 0.00381 
   30    1    1    1    1    1    1    1    3    8  1.24240E+04 0.00398 
   31    1    1    1    1    1    1    1    3    9  0.00000E+00 0.00000 
   32    1    1    1    1    1    1    1    3   10  1.05210E+04 0.00418 
   33    1    1    1    1    1    1    1    3   11  1.00891E+04 0.00418 
   34    1    1    1    1    1    1    1    4    1  0.00000E+00 0.00000 
   35    1    1    1    1    1    1    1    4    2  1.57098E+04 0.00371 
   36    1    1    1    1    1    1    1    4    3  1.57602E+04 0.00362 
   37    1    1    1    1    1    1    1    4    4  0.00000E+00 0.00000 
   38    1    1    1    1    1    1    1    4    5  1.44670E+04 0.00371 
   39    1    1    1    1    1    1    1    4    6  1.30169E+04 0.00391 
   40    1    1    1    1    1    1    1    4    7  0.00000E+00 0.00000 
   41    1    1    1    1    1    1    1    4    8  1.08972E+04 0.00416 
   42    1    1    1    1    1    1    1    4    9  1.03719E+04 0.00421 
   43    1    1    1    1    1    1    1    4   10  0.00000E+00 0.00000 
   44    1    1    1    1    1    1    1    4   11  1.00732E+04 0.00423 
   45    1    1    1    1    1    1    1    5    1  1.27354E+04 0.00395 
   46    1    1    1    1    1    1    1    5    2  0.00000E+00 0.00000 
   47    1    1    1    1    1    1    1    5    3  1.28240E+04 0.00391 
   48    1    1    1    1    1    1    1    5    4  1.24814E+04 0.00395 
   49    1    1    1    1    1    1    1    5    5  0.00000E+00 0.00000 
   50    1    1    1    1    1    1    1    5    6  1.12610E+04 0.00408 
   51    1    1    1    1    1    1    1    5    7  1.07956E+04 0.00424 
   52    1    1    1    1    1    1    1    5    8  0.00000E+00 0.00000 
   53    1    1    1    1    1    1    1    5    9  1.00288E+04 0.00420 
   54    1    1    1    1    1    1    1    5   10  1.00507E+04 0.00438 
   55    1    1    1    1    1    1    1    5   11  0.00000E+00 0.00000 
   56    1    1    1    1    1    1    1    6    1  1.13047E+04 0.00412 
   57    1    1    1    1    1    1    1    6    2  1.13851E+04 0.00405 
   58    1    1    1    1    1    1    1    6    3  0.00000E+00 0.00000 
   59    1    1    1    1    1    1    1    6    4  1.08702E+04 0.00408 
   60    1    1    1    1    1    1    1    6    5  1.06973E+04 0.00417 
   61    1    1    1    1    1    1    1    6    6  0.00000E+00 0.00000 
   62    1    1    1    1    1    1    1    6    7  1.02907E+04 0.00418 
   63    1    1    1    1    1    1    1    6    8  9.94037E+03 0.00428 
   64    1    1    1    1    1    1    1    6    9  0.00000E+00 0.00000 
   65    1    1    1    1    1    1    1    6   10  0.00000E+00 0.00000 
   66    1    1    1    1    1    1    1    6   11  1.02335E+04 0.00425 
   67    1    1    1    1    1    1    1    7    1  0.00000E+00 0.00000 
   68    1    1    1    1    1    1    1    7    2  1.04100E+04 0.00414 
   69    1    1    1    1    1    1    1    7    3  1.03186E+04 0.00426 
   70    1    1    1    1    1    1    1    7    4  0.00000E+00 0.00000 
   71    1    1    1    1    1    1    1    7    5  1.02131E+04 0.00428 
   72    1    1    1    1    1    1    1    7    6  0.00000E+00 0.00000 
   73    1    1    1    1    1    1    1    7    7  0.00000E+00 0.00000 
   74    1    1    1    1    1    1    1    7    8  9.57589E+03 0.00439 
   75    1    1    1    1    1    1    1    7    9  9.80565E+03 0.00434 
   76    1    1    1    1    1    1    1    7   10  0.00000E+00 0.00000 
   77    1    1    1    1    1    1    1    7   11  9.85335E+03 0.00427 
   78    1    1    1    1    1    1    1    8    1  1.01391E+04 0.00422 
   79    1    1    1    1    1    1    1    8    2  0.00000E+00 0.00000 
   80    1    1    1    1    1    1    1    8    3  9.91442E+03 0.00430 
   81    1    1    1    1    1    1    1    8    4  9.91907E+03 0.00421 
   82    1    1    1    1    1    1    1    8    5  0.00000E+00 0.00000 
   83    1    1    1    1    1    1    1    8    6  9.78149E+03 0.00425 
   84    1    1    1    1    1    1    1    8    7  9.50099E+03 0.00432 
   85    1    1    1    1    1    1    1    8    8  0.00000E+00 0.00000 
   86    1    1    1    1    1    1    1    8    9  9.42848E+03 0.00435 
   87    1    1    1    1    1    1    1    8   10  9.40679E+03 0.00438 
   88    1    1    1    1    1    1    1    8   11  0.00000E+00 0.00000 
   89    1    1    1    1    1    1    1    9    1  1.00892E+04 0.00429 
   90    1    1    1    1    1    1    1    9    2  1.00601E+04 0.00431 
   91    1    1    1    1    1    1    1    9    3  0.00000E+00 0.00000 
   92    1    1    1    1    1    1    1    9    4  9.66523E+03 0.00430 
   93    1    1    1    1    1    1    1    9    5  9.55241E+03 0.00427 
   94    1    1    1    1    1    1    1    9    6  0.00000E+00 0.00000 
   95    1    1    1    1    1    1    1    9    7  9.44516E+03 0.00435 
   96    1    1    1    1    1    1    1    9    8  9.16047E+03 0.00432 
   97    1    1    1    1    1    1    1    9    9  0.00000E+00 0.00000 
   98    1    1    1    1    1    1    1    9   10  9.12747E+03 0.00444 
   99    1    1    1    1    1    1    1    9   11  9.38615E+03 0.00443 
  100    1    1    1    1    1    1    1   10    1  0.00000E+00 0.00000 
  101    1    1    1    1    1    1    1   10    2  0.00000E+00 0.00000 
  102    1    1    1    1    1    1    1   10    3  9.73772E+03 0.00431 
  103    1    1    1    1    1    1    1   10    4  0.00000E+00 0.00000 
  104    1    1    1    1    1    1    1   10    5  9.43945E+03 0.00439 
  105    1    1    1    1    1    1    1   10    6  0.00000E+00 0.00000 
  106    1    1    1    1    1    1    1   10    7  0.00000E+00 0.00000 
  107    1    1    1    1    1    1    1   10    8  8.90569E+03 0.00451 
  108    1    1    1    1    1    1    1   10    9  8.91455E+03 0.00455 
  109    1    1    1    1    1    1    1   10   10  0.00000E+00 0.00000 
