
DETassem1 = [
    1    1    1    1    1    1    1    1    1    1  0.00000E+00 0.00000 
    2    1    1    1    1    1    1    1    1    2  0.00000E+00 0.00000 
    3    1    1    1    1    1    1    1    1    3  0.00000E+00 0.00000 
    4    1    1    1    1    1    1    1    1    4  0.00000E+00 0.00000 
    5    1    1    1    1    1    1    1    1    5  0.00000E+00 0.00000 
    6    1    1    1    1    1    1    1    1    6  0.00000E+00 0.00000 
    7    1    1    1    1    1    1    1    1    7  0.00000E+00 0.00000 
    8    1    1    1    1    1    1    1    1    8  2.04695E+04 0.00334 
    9    1    1    1    1    1    1    1    1    9  0.00000E+00 0.00000 
   10    1    1    1    1    1    1    1    1   10  0.00000E+00 0.00000 
   11    1    1    1    1    1    1    1    1   11  1.21600E+04 0.00398 
   12    1    1    1    1    1    1    1    2    1  2.11002E+04 0.00332 
   13    1    1    1    1    1    1    1    2    2  0.00000E+00 0.00000 
   14    1    1    1    1    1    1    1    2    3  0.00000E+00 0.00000 
   15    1    1    1    1    1    1    1    2    4  0.00000E+00 0.00000 
   16    1    1    1    1    1    1    1    2    5  0.00000E+00 0.00000 
   17    1    1    1    1    1    1    1    2    6  2.11022E+04 0.00342 
   18    1    1    1    1    1    1    1    2    7  1.74520E+04 0.00354 
   19    1    1    1    1    1    1    1    2    8  0.00000E+00 0.00000 
   20    1    1    1    1    1    1    1    2    9  1.38091E+04 0.00385 
   21    1    1    1    1    1    1    1    2   10  1.22814E+04 0.00398 
   22    1    1    1    1    1    1    1    2   11  0.00000E+00 0.00000 
   23    1    1    1    1    1    1    1    3    1  1.73958E+04 0.00347 
   24    1    1    1    1    1    1    1    3    2  2.04299E+04 0.00338 
   25    1    1    1    1    1    1    1    3    3  0.00000E+00 0.00000 
   26    1    1    1    1    1    1    1    3    4  2.03502E+04 0.00337 
   27    1    1    1    1    1    1    1    3    5  1.74724E+04 0.00362 
   28    1    1    1    1    1    1    1    3    6  0.00000E+00 0.00000 
   29    1    1    1    1    1    1    1    3    7  1.36777E+04 0.00383 
   30    1    1    1    1    1    1    1    3    8  1.25432E+04 0.00406 
   31    1    1    1    1    1    1    1    3    9  0.00000E+00 0.00000 
   32    1    1    1    1    1    1    1    3   10  1.12303E+04 0.00409 
   33    1    1    1    1    1    1    1    3   11  0.00000E+00 0.00000 
   34    1    1    1    1    1    1    1    4    1  0.00000E+00 0.00000 
   35    1    1    1    1    1    1    1    4    2  0.00000E+00 0.00000 
   36    1    1    1    1    1    1    1    4    3  0.00000E+00 0.00000 
   37    1    1    1    1    1    1    1    4    4  0.00000E+00 0.00000 
   38    1    1    1    1    1    1    1    4    5  1.36871E+04 0.00387 
   39    1    1    1    1    1    1    1    4    6  1.25966E+04 0.00394 
   40    1    1    1    1    1    1    1    4    7  0.00000E+00 0.00000 
   41    1    1    1    1    1    1    1    4    8  1.10303E+04 0.00409 
   42    1    1    1    1    1    1    1    4    9  1.06337E+04 0.00413 
   43    1    1    1    1    1    1    1    4   10  0.00000E+00 0.00000 
   44    1    1    1    1    1    1    1    4   11  1.02446E+04 0.00421 
   45    1    1    1    1    1    1    1    5    1  1.36878E+04 0.00390 
   46    1    1    1    1    1    1    1    5    2  0.00000E+00 0.00000 
   47    1    1    1    1    1    1    1    5    3  1.37554E+04 0.00387 
   48    1    1    1    1    1    1    1    5    4  1.24684E+04 0.00398 
   49    1    1    1    1    1    1    1    5    5  0.00000E+00 0.00000 
   50    1    1    1    1    1    1    1    5    6  1.12000E+04 0.00407 
   51    1    1    1    1    1    1    1    5    7  1.07697E+04 0.00414 
   52    1    1    1    1    1    1    1    5    8  0.00000E+00 0.00000 
   53    1    1    1    1    1    1    1    5    9  1.00303E+04 0.00424 
   54    1    1    1    1    1    1    1    5   10  9.82240E+03 0.00424 
   55    1    1    1    1    1    1    1    5   11  0.00000E+00 0.00000 
   56    1    1    1    1    1    1    1    6    1  1.22017E+04 0.00398 
   57    1    1    1    1    1    1    1    6    2  1.21572E+04 0.00414 
   58    1    1    1    1    1    1    1    6    3  0.00000E+00 0.00000 
   59    1    1    1    1    1    1    1    6    4  1.11118E+04 0.00410 
   60    1    1    1    1    1    1    1    6    5  1.07788E+04 0.00409 
   61    1    1    1    1    1    1    1    6    6  0.00000E+00 0.00000 
   62    1    1    1    1    1    1    1    6    7  1.02952E+04 0.00421 
   63    1    1    1    1    1    1    1    6    8  9.87200E+03 0.00428 
   64    1    1    1    1    1    1    1    6    9  0.00000E+00 0.00000 
   65    1    1    1    1    1    1    1    6   10  9.41056E+03 0.00423 
   66    1    1    1    1    1    1    1    6   11  9.19227E+03 0.00433 
   67    1    1    1    1    1    1    1    7    1  0.00000E+00 0.00000 
   68    1    1    1    1    1    1    1    7    2  1.12052E+04 0.00409 
   69    1    1    1    1    1    1    1    7    3  1.07221E+04 0.00430 
   70    1    1    1    1    1    1    1    7    4  0.00000E+00 0.00000 
   71    1    1    1    1    1    1    1    7    5  1.04597E+04 0.00422 
   72    1    1    1    1    1    1    1    7    6  0.00000E+00 0.00000 
   73    1    1    1    1    1    1    1    7    7  0.00000E+00 0.00000 
   74    1    1    1    1    1    1    1    7    8  9.58667E+03 0.00432 
   75    1    1    1    1    1    1    1    7    9  9.24352E+03 0.00426 
   76    1    1    1    1    1    1    1    7   10  0.00000E+00 0.00000 
   77    1    1    1    1    1    1    1    7   11  9.02999E+03 0.00450 
   78    1    1    1    1    1    1    1    8    1  0.00000E+00 0.00000 
   79    1    1    1    1    1    1    1    8    2  0.00000E+00 0.00000 
   80    1    1    1    1    1    1    1    8    3  1.00560E+04 0.00425 
   81    1    1    1    1    1    1    1    8    4  9.96257E+03 0.00424 
   82    1    1    1    1    1    1    1    8    5  0.00000E+00 0.00000 
   83    1    1    1    1    1    1    1    8    6  0.00000E+00 0.00000 
   84    1    1    1    1    1    1    1    8    7  9.64593E+03 0.00437 
   85    1    1    1    1    1    1    1    8    8  0.00000E+00 0.00000 
   86    1    1    1    1    1    1    1    8    9  8.94735E+03 0.00450 
   87    1    1    1    1    1    1    1    8   10  8.85792E+03 0.00442 
   88    1    1    1    1    1    1    1    8   11  0.00000E+00 0.00000 
   89    1    1    1    1    1    1    1    9    1  1.02324E+04 0.00421 
   90    1    1    1    1    1    1    1    9    2  9.80150E+03 0.00435 
   91    1    1    1    1    1    1    1    9    3  0.00000E+00 0.00000 
   92    1    1    1    1    1    1    1    9    4  9.51575E+03 0.00442 
   93    1    1    1    1    1    1    1    9    5  9.62389E+03 0.00437 
   94    1    1    1    1    1    1    1    9    6  0.00000E+00 0.00000 
   95    1    1    1    1    1    1    1    9    7  9.12183E+03 0.00432 
   96    1    1    1    1    1    1    1    9    8  8.94557E+03 0.00445 
   97    1    1    1    1    1    1    1    9    9  0.00000E+00 0.00000 
   98    1    1    1    1    1    1    1    9   10  8.81881E+03 0.00455 
   99    1    1    1    1    1    1    1    9   11  8.83597E+03 0.00455 
  100    1    1    1    1    1    1    1   10    1  0.00000E+00 0.00000 
  101    1    1    1    1    1    1    1   10    2  9.39735E+03 0.00434 
  102    1    1    1    1    1    1    1   10    3  9.27993E+03 0.00435 
  103    1    1    1    1    1    1    1   10    4  0.00000E+00 0.00000 
  104    1    1    1    1    1    1    1   10    5  9.14805E+03 0.00435 
  105    1    1    1    1    1    1    1   10    6  8.98986E+03 0.00432 
  106    1    1    1    1    1    1    1   10    7  0.00000E+00 0.00000 
  107    1    1    1    1    1    1    1   10    8  8.71851E+03 0.00450 
  108    1    1    1    1    1    1    1   10    9  8.60941E+03 0.00455 
  109    1    1    1    1    1    1    1   10   10  0.00000E+00 0.00000 
