
DETassem1 = [
    1    1    1    1    1    1    1    1    1    1  0.00000E+00 0.00000 
    2    1    1    1    1    1    1    1    1    2  0.00000E+00 0.00000 
    3    1    1    1    1    1    1    1    1    3  0.00000E+00 0.00000 
    4    1    1    1    1    1    1    1    1    4  0.00000E+00 0.00000 
    5    1    1    1    1    1    1    1    1    5  0.00000E+00 0.00000 
    6    1    1    1    1    1    1    1    1    6  0.00000E+00 0.00000 
    7    1    1    1    1    1    1    1    1    7  0.00000E+00 0.00000 
    8    1    1    1    1    1    1    1    1    8  0.00000E+00 0.00000 
    9    1    1    1    1    1    1    1    1    9  1.86013E+04 0.00346 
   10    1    1    1    1    1    1    1    1   10  0.00000E+00 0.00000 
   11    1    1    1    1    1    1    1    1   11  1.30918E+04 0.00395 
   12    1    1    1    1    1    1    1    2    1  2.33763E+04 0.00322 
   13    1    1    1    1    1    1    1    2    2  0.00000E+00 0.00000 
   14    1    1    1    1    1    1    1    2    3  0.00000E+00 0.00000 
   15    1    1    1    1    1    1    1    2    4  0.00000E+00 0.00000 
   16    1    1    1    1    1    1    1    2    5  0.00000E+00 0.00000 
   17    1    1    1    1    1    1    1    2    6  2.32918E+04 0.00323 
   18    1    1    1    1    1    1    1    2    7  1.97520E+04 0.00347 
   19    1    1    1    1    1    1    1    2    8  0.00000E+00 0.00000 
   20    1    1    1    1    1    1    1    2    9  0.00000E+00 0.00000 
   21    1    1    1    1    1    1    1    2   10  1.31061E+04 0.00388 
   22    1    1    1    1    1    1    1    2   11  0.00000E+00 0.00000 
   23    1    1    1    1    1    1    1    3    1  1.97432E+04 0.00339 
   24    1    1    1    1    1    1    1    3    2  0.00000E+00 0.00000 
   25    1    1    1    1    1    1    1    3    3  0.00000E+00 0.00000 
   26    1    1    1    1    1    1    1    3    4  0.00000E+00 0.00000 
   27    1    1    1    1    1    1    1    3    5  1.96614E+04 0.00344 
   28    1    1    1    1    1    1    1    3    6  0.00000E+00 0.00000 
   29    1    1    1    1    1    1    1    3    7  1.47292E+04 0.00377 
   30    1    1    1    1    1    1    1    3    8  1.37007E+04 0.00382 
   31    1    1    1    1    1    1    1    3    9  0.00000E+00 0.00000 
   32    1    1    1    1    1    1    1    3   10  1.17226E+04 0.00410 
   33    1    1    1    1    1    1    1    3   11  0.00000E+00 0.00000 
   34    1    1    1    1    1    1    1    4    1  0.00000E+00 0.00000 
   35    1    1    1    1    1    1    1    4    2  1.86522E+04 0.00348 
   36    1    1    1    1    1    1    1    4    3  1.85748E+04 0.00352 
   37    1    1    1    1    1    1    1    4    4  0.00000E+00 0.00000 
   38    1    1    1    1    1    1    1    4    5  1.48520E+04 0.00371 
   39    1    1    1    1    1    1    1    4    6  1.32793E+04 0.00385 
   40    1    1    1    1    1    1    1    4    7  0.00000E+00 0.00000 
   41    1    1    1    1    1    1    1    4    8  1.15666E+04 0.00405 
   42    1    1    1    1    1    1    1    4    9  1.10543E+04 0.00408 
   43    1    1    1    1    1    1    1    4   10  0.00000E+00 0.00000 
   44    1    1    1    1    1    1    1    4   11  1.03978E+04 0.00423 
   45    1    1    1    1    1    1    1    5    1  0.00000E+00 0.00000 
   46    1    1    1    1    1    1    1    5    2  0.00000E+00 0.00000 
   47    1    1    1    1    1    1    1    5    3  0.00000E+00 0.00000 
   48    1    1    1    1    1    1    1    5    4  1.37422E+04 0.00390 
   49    1    1    1    1    1    1    1    5    5  0.00000E+00 0.00000 
   50    1    1    1    1    1    1    1    5    6  1.13811E+04 0.00403 
   51    1    1    1    1    1    1    1    5    7  1.07469E+04 0.00410 
   52    1    1    1    1    1    1    1    5    8  0.00000E+00 0.00000 
   53    1    1    1    1    1    1    1    5    9  1.01269E+04 0.00415 
   54    1    1    1    1    1    1    1    5   10  9.88840E+03 0.00429 
   55    1    1    1    1    1    1    1    5   11  0.00000E+00 0.00000 
   56    1    1    1    1    1    1    1    6    1  1.31699E+04 0.00393 
   57    1    1    1    1    1    1    1    6    2  1.31097E+04 0.00395 
   58    1    1    1    1    1    1    1    6    3  0.00000E+00 0.00000 
   59    1    1    1    1    1    1    1    6    4  1.15213E+04 0.00418 
   60    1    1    1    1    1    1    1    6    5  1.09215E+04 0.00419 
   61    1    1    1    1    1    1    1    6    6  0.00000E+00 0.00000 
   62    1    1    1    1    1    1    1    6    7  9.99613E+03 0.00415 
   63    1    1    1    1    1    1    1    6    8  9.72663E+03 0.00428 
   64    1    1    1    1    1    1    1    6    9  0.00000E+00 0.00000 
   65    1    1    1    1    1    1    1    6   10  9.48489E+03 0.00440 
   66    1    1    1    1    1    1    1    6   11  9.41860E+03 0.00431 
   67    1    1    1    1    1    1    1    7    1  0.00000E+00 0.00000 
   68    1    1    1    1    1    1    1    7    2  1.16844E+04 0.00408 
   69    1    1    1    1    1    1    1    7    3  1.10982E+04 0.00415 
   70    1    1    1    1    1    1    1    7    4  0.00000E+00 0.00000 
   71    1    1    1    1    1    1    1    7    5  9.99708E+03 0.00423 
   72    1    1    1    1    1    1    1    7    6  9.68276E+03 0.00430 
   73    1    1    1    1    1    1    1    7    7  0.00000E+00 0.00000 
   74    1    1    1    1    1    1    1    7    8  9.26283E+03 0.00445 
   75    1    1    1    1    1    1    1    7    9  9.27388E+03 0.00437 
   76    1    1    1    1    1    1    1    7   10  0.00000E+00 0.00000 
   77    1    1    1    1    1    1    1    7   11  9.27833E+03 0.00440 
   78    1    1    1    1    1    1    1    8    1  0.00000E+00 0.00000 
   79    1    1    1    1    1    1    1    8    2  0.00000E+00 0.00000 
   80    1    1    1    1    1    1    1    8    3  1.01019E+04 0.00418 
   81    1    1    1    1    1    1    1    8    4  9.73435E+03 0.00422 
   82    1    1    1    1    1    1    1    8    5  0.00000E+00 0.00000 
   83    1    1    1    1    1    1    1    8    6  9.32533E+03 0.00448 
   84    1    1    1    1    1    1    1    8    7  9.27455E+03 0.00428 
   85    1    1    1    1    1    1    1    8    8  0.00000E+00 0.00000 
   86    1    1    1    1    1    1    1    8    9  9.18766E+03 0.00437 
   87    1    1    1    1    1    1    1    8   10  9.31924E+03 0.00441 
   88    1    1    1    1    1    1    1    8   11  0.00000E+00 0.00000 
   89    1    1    1    1    1    1    1    9    1  1.04963E+04 0.00421 
   90    1    1    1    1    1    1    1    9    2  9.94320E+03 0.00427 
   91    1    1    1    1    1    1    1    9    3  0.00000E+00 0.00000 
   92    1    1    1    1    1    1    1    9    4  9.30891E+03 0.00444 
   93    1    1    1    1    1    1    1    9    5  9.29907E+03 0.00439 
   94    1    1    1    1    1    1    1    9    6  0.00000E+00 0.00000 
   95    1    1    1    1    1    1    1    9    7  9.09191E+03 0.00444 
   96    1    1    1    1    1    1    1    9    8  9.19381E+03 0.00441 
   97    1    1    1    1    1    1    1    9    9  0.00000E+00 0.00000 
   98    1    1    1    1    1    1    1    9   10  0.00000E+00 0.00000 
   99    1    1    1    1    1    1    1    9   11  9.19803E+03 0.00455 
  100    1    1    1    1    1    1    1   10    1  0.00000E+00 0.00000 
  101    1    1    1    1    1    1    1   10    2  9.52761E+03 0.00439 
  102    1    1    1    1    1    1    1   10    3  9.37306E+03 0.00429 
  103    1    1    1    1    1    1    1   10    4  0.00000E+00 0.00000 
  104    1    1    1    1    1    1    1   10    5  9.17701E+03 0.00440 
  105    1    1    1    1    1    1    1   10    6  9.26656E+03 0.00436 
  106    1    1    1    1    1    1    1   10    7  0.00000E+00 0.00000 
  107    1    1    1    1    1    1    1   10    8  8.99562E+03 0.00439 
  108    1    1    1    1    1    1    1   10    9  9.17338E+03 0.00437 
  109    1    1    1    1    1    1    1   10   10  0.00000E+00 0.00000 
