
ZAI = [
922350
922380
666
0
];

NAMES = [
'U235            '
'U238            '
'lost            '
'total           '
];

i922350 = 1; iU235             = 1;
i922380 = 2; iU238             = 2;
iLOST    = 3;
iTOT     = 4;

MAT_un_VOLUME = [ 2.42477E+05 2.42477E+05 ];

MAT_un_BURNUP = [ 0.00000E+00 4.72736E+01 ];

MAT_un_ADENS = [
4.83387E-03 3.39265E-03 % U235
1.93936E-02 1.88225E-02 % U238
0.00000E+00 4.52884E-30 % lost data
7.26897E-02 7.39158E-02 % total
];

MAT_un_MDENS = [
1.88669E+00 1.32417E+00 % U235
7.66628E+00 7.44050E+00 % U238
0.00000E+00 0.00000E+00 % lost data
1.08000E+01 1.07984E+01 % total
];

MAT_un_A = [
3.65795E+10 2.56733E+10 % U235
2.31179E+10 2.24370E+10 % U238
0.00000E+00 0.00000E+00 % lost data
5.96974E+10 3.26375E+18 % total
];

MAT_un_H = [
2.74215E-02 1.92458E-02 % U235
1.58159E-02 1.53501E-02 % U238
0.00000E+00 0.00000E+00 % lost data
4.32374E-02 9.60725E+05 % total
];

MAT_un_SF = [
2.63372E+00 1.84848E+00 % U235
1.26224E+04 1.22506E+04 % U238
0.00000E+00 0.00000E+00 % lost data
1.26250E+04 1.30932E+08 % total
];

MAT_un_GSRC = [
4.62184E+10 3.24384E+10 % U235
2.04717E+09 1.98688E+09 % U238
0.00000E+00 0.00000E+00 % lost data
4.82656E+10 3.50439E+18 % total
];

MAT_un_ING_TOX = [
1.71924E+03 1.20665E+03 % U235
1.04030E+03 1.00967E+03 % U238
0.00000E+00 0.00000E+00 % lost data
2.75954E+03 2.25103E+09 % total
];

MAT_un_INH_TOX = [
3.10926E+05 2.18223E+05 % U235
1.84943E+05 1.79496E+05 % U238
0.00000E+00 0.00000E+00 % lost data
4.95869E+05 8.83005E+10 % total
];

TOT_VOLUME = [ 2.42477E+05 2.42477E+05 ];

TOT_BURNUP = [ 0.00000E+00 4.72736E+01 ];

TOT_ADENS = [
4.83387E-03 3.39265E-03 % U235
1.93936E-02 1.88225E-02 % U238
0.00000E+00 4.52884E-30 % lost data
7.26897E-02 7.39158E-02 % total
];

TOT_MASS = [
4.57478E+05 3.21081E+05 % U235
1.85889E+06 1.80415E+06 % U238
0.00000E+00 0.00000E+00 % lost data
2.61875E+06 2.61837E+06 % total
];

TOT_A = [
3.65795E+10 2.56733E+10 % U235
2.31179E+10 2.24370E+10 % U238
0.00000E+00 0.00000E+00 % lost data
5.96974E+10 3.26375E+18 % total
];

TOT_H = [
2.74215E-02 1.92458E-02 % U235
1.58159E-02 1.53501E-02 % U238
0.00000E+00 0.00000E+00 % lost data
4.32374E-02 9.60725E+05 % total
];

TOT_SF = [
2.63372E+00 1.84848E+00 % U235
1.26224E+04 1.22506E+04 % U238
0.00000E+00 0.00000E+00 % lost data
1.26250E+04 1.30932E+08 % total
];

TOT_GSRC = [
4.62184E+10 3.24384E+10 % U235
2.04717E+09 1.98688E+09 % U238
0.00000E+00 0.00000E+00 % lost data
4.82656E+10 3.50439E+18 % total
];

TOT_ING_TOX = [
1.71924E+03 1.20665E+03 % U235
1.04030E+03 1.00967E+03 % U238
0.00000E+00 0.00000E+00 % lost data
2.75954E+03 2.25103E+09 % total
];

TOT_INH_TOX = [
3.10926E+05 2.18223E+05 % U235
1.84943E+05 1.79496E+05 % U238
0.00000E+00 0.00000E+00 % lost data
4.95869E+05 8.83005E+10 % total
];

BU = [ 0.00000E+00 4.72722E+01 ];

DAYS = [ 0.00000E+00 7.30000E+03 ];
