
DETassem1 = [
    1    1    1    1    1    1    1    1    1    1  0.00000E+00 0.00000 
    2    1    1    1    1    1    1    1    1    2  0.00000E+00 0.00000 
    3    1    1    1    1    1    1    1    1    3  0.00000E+00 0.00000 
    4    1    1    1    1    1    1    1    1    4  0.00000E+00 0.00000 
    5    1    1    1    1    1    1    1    1    5  0.00000E+00 0.00000 
    6    1    1    1    1    1    1    1    1    6  0.00000E+00 0.00000 
    7    1    1    1    1    1    1    1    1    7  0.00000E+00 0.00000 
    8    1    1    1    1    1    1    1    1    8  1.84582E+04 0.00363 
    9    1    1    1    1    1    1    1    1    9  1.40754E+04 0.00392 
   10    1    1    1    1    1    1    1    1   10  0.00000E+00 0.00000 
   11    1    1    1    1    1    1    1    1   11  1.02459E+04 0.00439 
   12    1    1    1    1    1    1    1    2    1  1.97687E+04 0.00362 
   13    1    1    1    1    1    1    1    2    2  0.00000E+00 0.00000 
   14    1    1    1    1    1    1    1    2    3  0.00000E+00 0.00000 
   15    1    1    1    1    1    1    1    2    4  0.00000E+00 0.00000 
   16    1    1    1    1    1    1    1    2    5  0.00000E+00 0.00000 
   17    1    1    1    1    1    1    1    2    6  1.98489E+04 0.00357 
   18    1    1    1    1    1    1    1    2    7  1.57445E+04 0.00388 
   19    1    1    1    1    1    1    1    2    8  0.00000E+00 0.00000 
   20    1    1    1    1    1    1    1    2    9  1.13806E+04 0.00423 
   21    1    1    1    1    1    1    1    2   10  1.02273E+04 0.00440 
   22    1    1    1    1    1    1    1    2   11  0.00000E+00 0.00000 
   23    1    1    1    1    1    1    1    3    1  1.58850E+04 0.00381 
   24    1    1    1    1    1    1    1    3    2  1.83553E+04 0.00370 
   25    1    1    1    1    1    1    1    3    3  0.00000E+00 0.00000 
   26    1    1    1    1    1    1    1    3    4  1.82855E+04 0.00370 
   27    1    1    1    1    1    1    1    3    5  1.59725E+04 0.00382 
   28    1    1    1    1    1    1    1    3    6  0.00000E+00 0.00000 
   29    1    1    1    1    1    1    1    3    7  1.22056E+04 0.00405 
   30    1    1    1    1    1    1    1    3    8  1.10424E+04 0.00428 
   31    1    1    1    1    1    1    1    3    9  0.00000E+00 0.00000 
   32    1    1    1    1    1    1    1    3   10  9.44894E+03 0.00441 
   33    1    1    1    1    1    1    1    3   11  9.09978E+03 0.00444 
   34    1    1    1    1    1    1    1    4    1  0.00000E+00 0.00000 
   35    1    1    1    1    1    1    1    4    2  1.40543E+04 0.00400 
   36    1    1    1    1    1    1    1    4    3  1.40621E+04 0.00399 
   37    1    1    1    1    1    1    1    4    4  0.00000E+00 0.00000 
   38    1    1    1    1    1    1    1    4    5  1.21051E+04 0.00415 
   39    1    1    1    1    1    1    1    4    6  1.13092E+04 0.00430 
   40    1    1    1    1    1    1    1    4    7  0.00000E+00 0.00000 
   41    1    1    1    1    1    1    1    4    8  9.86155E+03 0.00435 
   42    1    1    1    1    1    1    1    4    9  9.36929E+03 0.00450 
   43    1    1    1    1    1    1    1    4   10  0.00000E+00 0.00000 
   44    1    1    1    1    1    1    1    4   11  8.78164E+03 0.00459 
   45    1    1    1    1    1    1    1    5    1  1.14305E+04 0.00423 
   46    1    1    1    1    1    1    1    5    2  0.00000E+00 0.00000 
   47    1    1    1    1    1    1    1    5    3  1.13471E+04 0.00420 
   48    1    1    1    1    1    1    1    5    4  1.09830E+04 0.00435 
   49    1    1    1    1    1    1    1    5    5  0.00000E+00 0.00000 
   50    1    1    1    1    1    1    1    5    6  9.98467E+03 0.00442 
   51    1    1    1    1    1    1    1    5    7  9.69098E+03 0.00439 
   52    1    1    1    1    1    1    1    5    8  0.00000E+00 0.00000 
   53    1    1    1    1    1    1    1    5    9  9.12114E+03 0.00458 
   54    1    1    1    1    1    1    1    5   10  8.80635E+03 0.00457 
   55    1    1    1    1    1    1    1    5   11  0.00000E+00 0.00000 
   56    1    1    1    1    1    1    1    6    1  1.01943E+04 0.00445 
   57    1    1    1    1    1    1    1    6    2  1.02324E+04 0.00443 
   58    1    1    1    1    1    1    1    6    3  0.00000E+00 0.00000 
   59    1    1    1    1    1    1    1    6    4  9.79212E+03 0.00442 
   60    1    1    1    1    1    1    1    6    5  9.64882E+03 0.00452 
   61    1    1    1    1    1    1    1    6    6  0.00000E+00 0.00000 
   62    1    1    1    1    1    1    1    6    7  9.32725E+03 0.00443 
   63    1    1    1    1    1    1    1    6    8  0.00000E+00 0.00000 
   64    1    1    1    1    1    1    1    6    9  0.00000E+00 0.00000 
   65    1    1    1    1    1    1    1    6   10  8.61437E+03 0.00457 
   66    1    1    1    1    1    1    1    6   11  8.44208E+03 0.00479 
   67    1    1    1    1    1    1    1    7    1  0.00000E+00 0.00000 
   68    1    1    1    1    1    1    1    7    2  9.42477E+03 0.00456 
   69    1    1    1    1    1    1    1    7    3  9.48139E+03 0.00452 
   70    1    1    1    1    1    1    1    7    4  0.00000E+00 0.00000 
   71    1    1    1    1    1    1    1    7    5  9.34219E+03 0.00451 
   72    1    1    1    1    1    1    1    7    6  9.02669E+03 0.00455 
   73    1    1    1    1    1    1    1    7    7  0.00000E+00 0.00000 
   74    1    1    1    1    1    1    1    7    8  8.93607E+03 0.00455 
   75    1    1    1    1    1    1    1    7    9  8.50728E+03 0.00455 
   76    1    1    1    1    1    1    1    7   10  0.00000E+00 0.00000 
   77    1    1    1    1    1    1    1    7   11  8.22608E+03 0.00467 
   78    1    1    1    1    1    1    1    8    1  9.04984E+03 0.00451 
   79    1    1    1    1    1    1    1    8    2  0.00000E+00 0.00000 
   80    1    1    1    1    1    1    1    8    3  9.19840E+03 0.00465 
   81    1    1    1    1    1    1    1    8    4  0.00000E+00 0.00000 
   82    1    1    1    1    1    1    1    8    5  0.00000E+00 0.00000 
   83    1    1    1    1    1    1    1    8    6  8.63625E+03 0.00459 
   84    1    1    1    1    1    1    1    8    7  8.62669E+03 0.00457 
   85    1    1    1    1    1    1    1    8    8  0.00000E+00 0.00000 
   86    1    1    1    1    1    1    1    8    9  8.33971E+03 0.00465 
   87    1    1    1    1    1    1    1    8   10  8.27214E+03 0.00473 
   88    1    1    1    1    1    1    1    8   11  0.00000E+00 0.00000 
   89    1    1    1    1    1    1    1    9    1  8.69997E+03 0.00461 
   90    1    1    1    1    1    1    1    9    2  8.80727E+03 0.00460 
   91    1    1    1    1    1    1    1    9    3  0.00000E+00 0.00000 
   92    1    1    1    1    1    1    1    9    4  8.84921E+03 0.00469 
   93    1    1    1    1    1    1    1    9    5  8.55020E+03 0.00469 
   94    1    1    1    1    1    1    1    9    6  0.00000E+00 0.00000 
   95    1    1    1    1    1    1    1    9    7  8.28739E+03 0.00464 
   96    1    1    1    1    1    1    1    9    8  8.22561E+03 0.00476 
   97    1    1    1    1    1    1    1    9    9  0.00000E+00 0.00000 
   98    1    1    1    1    1    1    1    9   10  8.03242E+03 0.00474 
   99    1    1    1    1    1    1    1    9   11  7.91166E+03 0.00488 
  100    1    1    1    1    1    1    1   10    1  0.00000E+00 0.00000 
  101    1    1    1    1    1    1    1   10    2  8.58855E+03 0.00468 
  102    1    1    1    1    1    1    1   10    3  8.52786E+03 0.00461 
  103    1    1    1    1    1    1    1   10    4  0.00000E+00 0.00000 
  104    1    1    1    1    1    1    1   10    5  8.30119E+03 0.00465 
  105    1    1    1    1    1    1    1   10    6  8.28050E+03 0.00466 
  106    1    1    1    1    1    1    1   10    7  0.00000E+00 0.00000 
  107    1    1    1    1    1    1    1   10    8  8.00054E+03 0.00481 
  108    1    1    1    1    1    1    1   10    9  7.93352E+03 0.00479 
  109    1    1    1    1    1    1    1   10   10  0.00000E+00 0.00000 
