
DETassem1 = [
    1    1    1    1    1    1    1    1    1    1  0.00000E+00 0.00000 
    2    1    1    1    1    1    1    1    1    2  0.00000E+00 0.00000 
    3    1    1    1    1    1    1    1    1    3  0.00000E+00 0.00000 
    4    1    1    1    1    1    1    1    1    4  0.00000E+00 0.00000 
    5    1    1    1    1    1    1    1    1    5  0.00000E+00 0.00000 
    6    1    1    1    1    1    1    1    1    6  0.00000E+00 0.00000 
    7    1    1    1    1    1    1    1    1    7  0.00000E+00 0.00000 
    8    1    1    1    1    1    1    1    1    8  1.91428E+04 0.00346 
    9    1    1    1    1    1    1    1    1    9  1.48846E+04 0.00376 
   10    1    1    1    1    1    1    1    1   10  0.00000E+00 0.00000 
   11    1    1    1    1    1    1    1    1   11  1.16786E+04 0.00398 
   12    1    1    1    1    1    1    1    2    1  2.03043E+04 0.00346 
   13    1    1    1    1    1    1    1    2    2  0.00000E+00 0.00000 
   14    1    1    1    1    1    1    1    2    3  0.00000E+00 0.00000 
   15    1    1    1    1    1    1    1    2    4  0.00000E+00 0.00000 
   16    1    1    1    1    1    1    1    2    5  0.00000E+00 0.00000 
   17    1    1    1    1    1    1    1    2    6  2.03618E+04 0.00335 
   18    1    1    1    1    1    1    1    2    7  1.67171E+04 0.00371 
   19    1    1    1    1    1    1    1    2    8  0.00000E+00 0.00000 
   20    1    1    1    1    1    1    1    2    9  1.25640E+04 0.00398 
   21    1    1    1    1    1    1    1    2   10  1.17239E+04 0.00398 
   22    1    1    1    1    1    1    1    2   11  0.00000E+00 0.00000 
   23    1    1    1    1    1    1    1    3    1  1.68537E+04 0.00362 
   24    1    1    1    1    1    1    1    3    2  1.89736E+04 0.00347 
   25    1    1    1    1    1    1    1    3    3  0.00000E+00 0.00000 
   26    1    1    1    1    1    1    1    3    4  1.89544E+04 0.00344 
   27    1    1    1    1    1    1    1    3    5  1.67693E+04 0.00360 
   28    1    1    1    1    1    1    1    3    6  0.00000E+00 0.00000 
   29    1    1    1    1    1    1    1    3    7  1.35296E+04 0.00387 
   30    1    1    1    1    1    1    1    3    8  1.21989E+04 0.00398 
   31    1    1    1    1    1    1    1    3    9  0.00000E+00 0.00000 
   32    1    1    1    1    1    1    1    3   10  0.00000E+00 0.00000 
   33    1    1    1    1    1    1    1    3   11  1.04544E+04 0.00416 
   34    1    1    1    1    1    1    1    4    1  0.00000E+00 0.00000 
   35    1    1    1    1    1    1    1    4    2  1.50622E+04 0.00373 
   36    1    1    1    1    1    1    1    4    3  1.49135E+04 0.00377 
   37    1    1    1    1    1    1    1    4    4  0.00000E+00 0.00000 
   38    1    1    1    1    1    1    1    4    5  1.35460E+04 0.00386 
   39    1    1    1    1    1    1    1    4    6  0.00000E+00 0.00000 
   40    1    1    1    1    1    1    1    4    7  0.00000E+00 0.00000 
   41    1    1    1    1    1    1    1    4    8  1.09998E+04 0.00405 
   42    1    1    1    1    1    1    1    4    9  1.06757E+04 0.00418 
   43    1    1    1    1    1    1    1    4   10  0.00000E+00 0.00000 
   44    1    1    1    1    1    1    1    4   11  9.83545E+03 0.00434 
   45    1    1    1    1    1    1    1    5    1  1.25338E+04 0.00394 
   46    1    1    1    1    1    1    1    5    2  0.00000E+00 0.00000 
   47    1    1    1    1    1    1    1    5    3  1.24476E+04 0.00392 
   48    1    1    1    1    1    1    1    5    4  1.21866E+04 0.00405 
   49    1    1    1    1    1    1    1    5    5  0.00000E+00 0.00000 
   50    1    1    1    1    1    1    1    5    6  1.14010E+04 0.00405 
   51    1    1    1    1    1    1    1    5    7  1.06063E+04 0.00420 
   52    1    1    1    1    1    1    1    5    8  0.00000E+00 0.00000 
   53    1    1    1    1    1    1    1    5    9  9.93312E+03 0.00435 
   54    1    1    1    1    1    1    1    5   10  9.66592E+03 0.00426 
   55    1    1    1    1    1    1    1    5   11  0.00000E+00 0.00000 
   56    1    1    1    1    1    1    1    6    1  1.16507E+04 0.00413 
   57    1    1    1    1    1    1    1    6    2  1.17215E+04 0.00411 
   58    1    1    1    1    1    1    1    6    3  0.00000E+00 0.00000 
   59    1    1    1    1    1    1    1    6    4  1.09616E+04 0.00420 
   60    1    1    1    1    1    1    1    6    5  1.06053E+04 0.00419 
   61    1    1    1    1    1    1    1    6    6  0.00000E+00 0.00000 
   62    1    1    1    1    1    1    1    6    7  1.00219E+04 0.00427 
   63    1    1    1    1    1    1    1    6    8  9.72286E+03 0.00433 
   64    1    1    1    1    1    1    1    6    9  0.00000E+00 0.00000 
   65    1    1    1    1    1    1    1    6   10  9.23899E+03 0.00432 
   66    1    1    1    1    1    1    1    6   11  8.99550E+03 0.00444 
   67    1    1    1    1    1    1    1    7    1  0.00000E+00 0.00000 
   68    1    1    1    1    1    1    1    7    2  0.00000E+00 0.00000 
   69    1    1    1    1    1    1    1    7    3  1.06583E+04 0.00426 
   70    1    1    1    1    1    1    1    7    4  0.00000E+00 0.00000 
   71    1    1    1    1    1    1    1    7    5  1.00647E+04 0.00432 
   72    1    1    1    1    1    1    1    7    6  9.89870E+03 0.00427 
   73    1    1    1    1    1    1    1    7    7  0.00000E+00 0.00000 
   74    1    1    1    1    1    1    1    7    8  9.63681E+03 0.00444 
   75    1    1    1    1    1    1    1    7    9  9.21299E+03 0.00442 
   76    1    1    1    1    1    1    1    7   10  0.00000E+00 0.00000 
   77    1    1    1    1    1    1    1    7   11  8.80795E+03 0.00442 
   78    1    1    1    1    1    1    1    8    1  1.04601E+04 0.00420 
   79    1    1    1    1    1    1    1    8    2  0.00000E+00 0.00000 
   80    1    1    1    1    1    1    1    8    3  9.92635E+03 0.00420 
   81    1    1    1    1    1    1    1    8    4  9.71242E+03 0.00426 
   82    1    1    1    1    1    1    1    8    5  0.00000E+00 0.00000 
   83    1    1    1    1    1    1    1    8    6  9.98215E+03 0.00423 
   84    1    1    1    1    1    1    1    8    7  0.00000E+00 0.00000 
   85    1    1    1    1    1    1    1    8    8  0.00000E+00 0.00000 
   86    1    1    1    1    1    1    1    8    9  8.97856E+03 0.00445 
   87    1    1    1    1    1    1    1    8   10  8.68806E+03 0.00443 
   88    1    1    1    1    1    1    1    8   11  0.00000E+00 0.00000 
   89    1    1    1    1    1    1    1    9    1  9.64698E+03 0.00436 
   90    1    1    1    1    1    1    1    9    2  9.63516E+03 0.00434 
   91    1    1    1    1    1    1    1    9    3  0.00000E+00 0.00000 
   92    1    1    1    1    1    1    1    9    4  9.64328E+03 0.00435 
   93    1    1    1    1    1    1    1    9    5  0.00000E+00 0.00000 
   94    1    1    1    1    1    1    1    9    6  0.00000E+00 0.00000 
   95    1    1    1    1    1    1    1    9    7  9.30446E+03 0.00429 
   96    1    1    1    1    1    1    1    9    8  8.89255E+03 0.00436 
   97    1    1    1    1    1    1    1    9    9  0.00000E+00 0.00000 
   98    1    1    1    1    1    1    1    9   10  8.51040E+03 0.00450 
   99    1    1    1    1    1    1    1    9   11  8.46512E+03 0.00452 
  100    1    1    1    1    1    1    1   10    1  0.00000E+00 0.00000 
  101    1    1    1    1    1    1    1   10    2  9.27995E+03 0.00436 
  102    1    1    1    1    1    1    1   10    3  9.29228E+03 0.00448 
  103    1    1    1    1    1    1    1   10    4  0.00000E+00 0.00000 
  104    1    1    1    1    1    1    1   10    5  9.32711E+03 0.00434 
  105    1    1    1    1    1    1    1   10    6  9.10845E+03 0.00430 
  106    1    1    1    1    1    1    1   10    7  0.00000E+00 0.00000 
  107    1    1    1    1    1    1    1   10    8  8.54937E+03 0.00451 
  108    1    1    1    1    1    1    1   10    9  8.45444E+03 0.00444 
  109    1    1    1    1    1    1    1   10   10  0.00000E+00 0.00000 
