
DETassem1 = [
    1    1    1    1    1    1    1    1    1    1  0.00000E+00 0.00000 
    2    1    1    1    1    1    1    1    1    2  0.00000E+00 0.00000 
    3    1    1    1    1    1    1    1    1    3  0.00000E+00 0.00000 
    4    1    1    1    1    1    1    1    1    4  0.00000E+00 0.00000 
    5    1    1    1    1    1    1    1    1    5  0.00000E+00 0.00000 
    6    1    1    1    1    1    1    1    1    6  0.00000E+00 0.00000 
    7    1    1    1    1    1    1    1    1    7  0.00000E+00 0.00000 
    8    1    1    1    1    1    1    1    1    8  2.12853E+04 0.00327 
    9    1    1    1    1    1    1    1    1    9  1.64372E+04 0.00369 
   10    1    1    1    1    1    1    1    1   10  0.00000E+00 0.00000 
   11    1    1    1    1    1    1    1    1   11  0.00000E+00 0.00000 
   12    1    1    1    1    1    1    1    2    1  2.32523E+04 0.00325 
   13    1    1    1    1    1    1    1    2    2  0.00000E+00 0.00000 
   14    1    1    1    1    1    1    1    2    3  0.00000E+00 0.00000 
   15    1    1    1    1    1    1    1    2    4  0.00000E+00 0.00000 
   16    1    1    1    1    1    1    1    2    5  0.00000E+00 0.00000 
   17    1    1    1    1    1    1    1    2    6  2.32105E+04 0.00317 
   18    1    1    1    1    1    1    1    2    7  0.00000E+00 0.00000 
   19    1    1    1    1    1    1    1    2    8  0.00000E+00 0.00000 
   20    1    1    1    1    1    1    1    2    9  1.38647E+04 0.00383 
   21    1    1    1    1    1    1    1    2   10  0.00000E+00 0.00000 
   22    1    1    1    1    1    1    1    2   11  0.00000E+00 0.00000 
   23    1    1    1    1    1    1    1    3    1  0.00000E+00 0.00000 
   24    1    1    1    1    1    1    1    3    2  2.11991E+04 0.00338 
   25    1    1    1    1    1    1    1    3    3  0.00000E+00 0.00000 
   26    1    1    1    1    1    1    1    3    4  2.11961E+04 0.00324 
   27    1    1    1    1    1    1    1    3    5  0.00000E+00 0.00000 
   28    1    1    1    1    1    1    1    3    6  0.00000E+00 0.00000 
   29    1    1    1    1    1    1    1    3    7  1.49924E+04 0.00373 
   30    1    1    1    1    1    1    1    3    8  1.30728E+04 0.00386 
   31    1    1    1    1    1    1    1    3    9  0.00000E+00 0.00000 
   32    1    1    1    1    1    1    1    3   10  1.14016E+04 0.00412 
   33    1    1    1    1    1    1    1    3   11  1.04817E+04 0.00424 
   34    1    1    1    1    1    1    1    4    1  0.00000E+00 0.00000 
   35    1    1    1    1    1    1    1    4    2  1.64846E+04 0.00362 
   36    1    1    1    1    1    1    1    4    3  1.65251E+04 0.00355 
   37    1    1    1    1    1    1    1    4    4  0.00000E+00 0.00000 
   38    1    1    1    1    1    1    1    4    5  1.49215E+04 0.00370 
   39    1    1    1    1    1    1    1    4    6  1.34651E+04 0.00391 
   40    1    1    1    1    1    1    1    4    7  0.00000E+00 0.00000 
   41    1    1    1    1    1    1    1    4    8  1.13491E+04 0.00409 
   42    1    1    1    1    1    1    1    4    9  1.07607E+04 0.00413 
   43    1    1    1    1    1    1    1    4   10  0.00000E+00 0.00000 
   44    1    1    1    1    1    1    1    4   11  9.88601E+03 0.00422 
   45    1    1    1    1    1    1    1    5    1  1.39135E+04 0.00370 
   46    1    1    1    1    1    1    1    5    2  0.00000E+00 0.00000 
   47    1    1    1    1    1    1    1    5    3  1.39037E+04 0.00385 
   48    1    1    1    1    1    1    1    5    4  1.30755E+04 0.00389 
   49    1    1    1    1    1    1    1    5    5  0.00000E+00 0.00000 
   50    1    1    1    1    1    1    1    5    6  1.14568E+04 0.00400 
   51    1    1    1    1    1    1    1    5    7  1.09124E+04 0.00416 
   52    1    1    1    1    1    1    1    5    8  0.00000E+00 0.00000 
   53    1    1    1    1    1    1    1    5    9  1.00533E+04 0.00425 
   54    1    1    1    1    1    1    1    5   10  9.83538E+03 0.00431 
   55    1    1    1    1    1    1    1    5   11  0.00000E+00 0.00000 
   56    1    1    1    1    1    1    1    6    1  0.00000E+00 0.00000 
   57    1    1    1    1    1    1    1    6    2  0.00000E+00 0.00000 
   58    1    1    1    1    1    1    1    6    3  0.00000E+00 0.00000 
   59    1    1    1    1    1    1    1    6    4  1.13756E+04 0.00413 
   60    1    1    1    1    1    1    1    6    5  1.08490E+04 0.00418 
   61    1    1    1    1    1    1    1    6    6  0.00000E+00 0.00000 
   62    1    1    1    1    1    1    1    6    7  1.02292E+04 0.00417 
   63    1    1    1    1    1    1    1    6    8  9.89856E+03 0.00428 
   64    1    1    1    1    1    1    1    6    9  0.00000E+00 0.00000 
   65    1    1    1    1    1    1    1    6   10  9.59637E+03 0.00428 
   66    1    1    1    1    1    1    1    6   11  9.65296E+03 0.00434 
   67    1    1    1    1    1    1    1    7    1  0.00000E+00 0.00000 
   68    1    1    1    1    1    1    1    7    2  1.13440E+04 0.00407 
   69    1    1    1    1    1    1    1    7    3  1.07556E+04 0.00412 
   70    1    1    1    1    1    1    1    7    4  0.00000E+00 0.00000 
   71    1    1    1    1    1    1    1    7    5  1.01527E+04 0.00429 
   72    1    1    1    1    1    1    1    7    6  1.00879E+04 0.00427 
   73    1    1    1    1    1    1    1    7    7  0.00000E+00 0.00000 
   74    1    1    1    1    1    1    1    7    8  9.83088E+03 0.00433 
   75    1    1    1    1    1    1    1    7    9  9.60455E+03 0.00434 
   76    1    1    1    1    1    1    1    7   10  0.00000E+00 0.00000 
   77    1    1    1    1    1    1    1    7   11  0.00000E+00 0.00000 
   78    1    1    1    1    1    1    1    8    1  1.04737E+04 0.00418 
   79    1    1    1    1    1    1    1    8    2  0.00000E+00 0.00000 
   80    1    1    1    1    1    1    1    8    3  1.00864E+04 0.00431 
   81    1    1    1    1    1    1    1    8    4  9.92086E+03 0.00419 
   82    1    1    1    1    1    1    1    8    5  0.00000E+00 0.00000 
   83    1    1    1    1    1    1    1    8    6  1.00723E+04 0.00427 
   84    1    1    1    1    1    1    1    8    7  0.00000E+00 0.00000 
   85    1    1    1    1    1    1    1    8    8  0.00000E+00 0.00000 
   86    1    1    1    1    1    1    1    8    9  9.40206E+03 0.00430 
   87    1    1    1    1    1    1    1    8   10  9.45319E+03 0.00448 
   88    1    1    1    1    1    1    1    8   11  0.00000E+00 0.00000 
   89    1    1    1    1    1    1    1    9    1  9.93726E+03 0.00421 
   90    1    1    1    1    1    1    1    9    2  9.76352E+03 0.00432 
   91    1    1    1    1    1    1    1    9    3  0.00000E+00 0.00000 
   92    1    1    1    1    1    1    1    9    4  9.82851E+03 0.00424 
   93    1    1    1    1    1    1    1    9    5  0.00000E+00 0.00000 
   94    1    1    1    1    1    1    1    9    6  0.00000E+00 0.00000 
   95    1    1    1    1    1    1    1    9    7  9.60856E+03 0.00435 
   96    1    1    1    1    1    1    1    9    8  9.23672E+03 0.00431 
   97    1    1    1    1    1    1    1    9    9  0.00000E+00 0.00000 
   98    1    1    1    1    1    1    1    9   10  9.02939E+03 0.00439 
   99    1    1    1    1    1    1    1    9   11  9.02516E+03 0.00443 
  100    1    1    1    1    1    1    1   10    1  0.00000E+00 0.00000 
  101    1    1    1    1    1    1    1   10    2  9.62583E+03 0.00434 
  102    1    1    1    1    1    1    1   10    3  9.60027E+03 0.00424 
  103    1    1    1    1    1    1    1   10    4  0.00000E+00 0.00000 
  104    1    1    1    1    1    1    1   10    5  9.59646E+03 0.00431 
  105    1    1    1    1    1    1    1   10    6  9.36477E+03 0.00431 
  106    1    1    1    1    1    1    1   10    7  0.00000E+00 0.00000 
  107    1    1    1    1    1    1    1   10    8  8.94261E+03 0.00453 
  108    1    1    1    1    1    1    1   10    9  8.80527E+03 0.00448 
  109    1    1    1    1    1    1    1   10   10  0.00000E+00 0.00000 
