
DETassem1 = [
    1    1    1    1    1    1    1    1    1    1  0.00000E+00 0.00000 
    2    1    1    1    1    1    1    1    1    2  0.00000E+00 0.00000 
    3    1    1    1    1    1    1    1    1    3  0.00000E+00 0.00000 
    4    1    1    1    1    1    1    1    1    4  0.00000E+00 0.00000 
    5    1    1    1    1    1    1    1    1    5  0.00000E+00 0.00000 
    6    1    1    1    1    1    1    1    1    6  0.00000E+00 0.00000 
    7    1    1    1    1    1    1    1    1    7  0.00000E+00 0.00000 
    8    1    1    1    1    1    1    1    1    8  0.00000E+00 0.00000 
    9    1    1    1    1    1    1    1    1    9  1.71556E+04 0.00373 
   10    1    1    1    1    1    1    1    1   10  0.00000E+00 0.00000 
   11    1    1    1    1    1    1    1    1   11  1.10508E+04 0.00434 
   12    1    1    1    1    1    1    1    2    1  2.30040E+04 0.00339 
   13    1    1    1    1    1    1    1    2    2  0.00000E+00 0.00000 
   14    1    1    1    1    1    1    1    2    3  0.00000E+00 0.00000 
   15    1    1    1    1    1    1    1    2    4  0.00000E+00 0.00000 
   16    1    1    1    1    1    1    1    2    5  0.00000E+00 0.00000 
   17    1    1    1    1    1    1    1    2    6  2.29321E+04 0.00343 
   18    1    1    1    1    1    1    1    2    7  1.90045E+04 0.00364 
   19    1    1    1    1    1    1    1    2    8  0.00000E+00 0.00000 
   20    1    1    1    1    1    1    1    2    9  1.28903E+04 0.00410 
   21    1    1    1    1    1    1    1    2   10  1.10614E+04 0.00433 
   22    1    1    1    1    1    1    1    2   11  0.00000E+00 0.00000 
   23    1    1    1    1    1    1    1    3    1  1.89708E+04 0.00360 
   24    1    1    1    1    1    1    1    3    2  0.00000E+00 0.00000 
   25    1    1    1    1    1    1    1    3    3  0.00000E+00 0.00000 
   26    1    1    1    1    1    1    1    3    4  0.00000E+00 0.00000 
   27    1    1    1    1    1    1    1    3    5  1.88910E+04 0.00362 
   28    1    1    1    1    1    1    1    3    6  0.00000E+00 0.00000 
   29    1    1    1    1    1    1    1    3    7  1.37724E+04 0.00406 
   30    1    1    1    1    1    1    1    3    8  1.22343E+04 0.00422 
   31    1    1    1    1    1    1    1    3    9  0.00000E+00 0.00000 
   32    1    1    1    1    1    1    1    3   10  1.00375E+04 0.00447 
   33    1    1    1    1    1    1    1    3   11  9.59181E+03 0.00451 
   34    1    1    1    1    1    1    1    4    1  0.00000E+00 0.00000 
   35    1    1    1    1    1    1    1    4    2  1.71795E+04 0.00371 
   36    1    1    1    1    1    1    1    4    3  1.71543E+04 0.00380 
   37    1    1    1    1    1    1    1    4    4  0.00000E+00 0.00000 
   38    1    1    1    1    1    1    1    4    5  1.37457E+04 0.00399 
   39    1    1    1    1    1    1    1    4    6  1.23149E+04 0.00423 
   40    1    1    1    1    1    1    1    4    7  0.00000E+00 0.00000 
   41    1    1    1    1    1    1    1    4    8  1.04798E+04 0.00428 
   42    1    1    1    1    1    1    1    4    9  1.00082E+04 0.00448 
   43    1    1    1    1    1    1    1    4   10  0.00000E+00 0.00000 
   44    1    1    1    1    1    1    1    4   11  9.55718E+03 0.00452 
   45    1    1    1    1    1    1    1    5    1  1.28995E+04 0.00408 
   46    1    1    1    1    1    1    1    5    2  0.00000E+00 0.00000 
   47    1    1    1    1    1    1    1    5    3  1.29365E+04 0.00418 
   48    1    1    1    1    1    1    1    5    4  1.22109E+04 0.00422 
   49    1    1    1    1    1    1    1    5    5  0.00000E+00 0.00000 
   50    1    1    1    1    1    1    1    5    6  1.05116E+04 0.00439 
   51    1    1    1    1    1    1    1    5    7  1.00277E+04 0.00451 
   52    1    1    1    1    1    1    1    5    8  0.00000E+00 0.00000 
   53    1    1    1    1    1    1    1    5    9  9.72127E+03 0.00450 
   54    1    1    1    1    1    1    1    5   10  9.78293E+03 0.00454 
   55    1    1    1    1    1    1    1    5   11  0.00000E+00 0.00000 
   56    1    1    1    1    1    1    1    6    1  1.10623E+04 0.00429 
   57    1    1    1    1    1    1    1    6    2  1.10614E+04 0.00434 
   58    1    1    1    1    1    1    1    6    3  0.00000E+00 0.00000 
   59    1    1    1    1    1    1    1    6    4  1.04335E+04 0.00446 
   60    1    1    1    1    1    1    1    6    5  1.01557E+04 0.00452 
   61    1    1    1    1    1    1    1    6    6  0.00000E+00 0.00000 
   62    1    1    1    1    1    1    1    6    7  9.45009E+03 0.00462 
   63    1    1    1    1    1    1    1    6    8  9.47181E+03 0.00446 
   64    1    1    1    1    1    1    1    6    9  0.00000E+00 0.00000 
   65    1    1    1    1    1    1    1    6   10  0.00000E+00 0.00000 
   66    1    1    1    1    1    1    1    6   11  9.98728E+03 0.00446 
   67    1    1    1    1    1    1    1    7    1  0.00000E+00 0.00000 
   68    1    1    1    1    1    1    1    7    2  1.01019E+04 0.00439 
   69    1    1    1    1    1    1    1    7    3  9.81848E+03 0.00443 
   70    1    1    1    1    1    1    1    7    4  0.00000E+00 0.00000 
   71    1    1    1    1    1    1    1    7    5  9.44685E+03 0.00451 
   72    1    1    1    1    1    1    1    7    6  9.28957E+03 0.00452 
   73    1    1    1    1    1    1    1    7    7  0.00000E+00 0.00000 
   74    1    1    1    1    1    1    1    7    8  9.67109E+03 0.00446 
   75    1    1    1    1    1    1    1    7    9  0.00000E+00 0.00000 
   76    1    1    1    1    1    1    1    7   10  0.00000E+00 0.00000 
   77    1    1    1    1    1    1    1    7   11  0.00000E+00 0.00000 
   78    1    1    1    1    1    1    1    8    1  9.58215E+03 0.00446 
   79    1    1    1    1    1    1    1    8    2  0.00000E+00 0.00000 
   80    1    1    1    1    1    1    1    8    3  9.64600E+03 0.00449 
   81    1    1    1    1    1    1    1    8    4  9.44621E+03 0.00447 
   82    1    1    1    1    1    1    1    8    5  0.00000E+00 0.00000 
   83    1    1    1    1    1    1    1    8    6  9.13601E+03 0.00454 
   84    1    1    1    1    1    1    1    8    7  9.13048E+03 0.00455 
   85    1    1    1    1    1    1    1    8    8  0.00000E+00 0.00000 
   86    1    1    1    1    1    1    1    8    9  9.65997E+03 0.00452 
   87    1    1    1    1    1    1    1    8   10  9.52880E+03 0.00452 
   88    1    1    1    1    1    1    1    8   11  0.00000E+00 0.00000 
   89    1    1    1    1    1    1    1    9    1  9.56881E+03 0.00459 
   90    1    1    1    1    1    1    1    9    2  9.72797E+03 0.00455 
   91    1    1    1    1    1    1    1    9    3  0.00000E+00 0.00000 
   92    1    1    1    1    1    1    1    9    4  9.57804E+03 0.00445 
   93    1    1    1    1    1    1    1    9    5  9.10712E+03 0.00450 
   94    1    1    1    1    1    1    1    9    6  0.00000E+00 0.00000 
   95    1    1    1    1    1    1    1    9    7  9.16350E+03 0.00446 
   96    1    1    1    1    1    1    1    9    8  9.36834E+03 0.00457 
   97    1    1    1    1    1    1    1    9    9  0.00000E+00 0.00000 
   98    1    1    1    1    1    1    1    9   10  8.93991E+03 0.00458 
   99    1    1    1    1    1    1    1    9   11  8.72541E+03 0.00456 
  100    1    1    1    1    1    1    1   10    1  0.00000E+00 0.00000 
  101    1    1    1    1    1    1    1   10    2  0.00000E+00 0.00000 
  102    1    1    1    1    1    1    1   10    3  0.00000E+00 0.00000 
  103    1    1    1    1    1    1    1   10    4  0.00000E+00 0.00000 
  104    1    1    1    1    1    1    1   10    5  9.10162E+03 0.00465 
  105    1    1    1    1    1    1    1   10    6  9.02204E+03 0.00460 
  106    1    1    1    1    1    1    1   10    7  0.00000E+00 0.00000 
  107    1    1    1    1    1    1    1   10    8  0.00000E+00 0.00000 
  108    1    1    1    1    1    1    1   10    9  8.86244E+03 0.00469 
  109    1    1    1    1    1    1    1   10   10  0.00000E+00 0.00000 
