
DETassem1 = [
    1    1    1    1    1    1    1    1    1    1  0.00000E+00 0.00000 
    2    1    1    1    1    1    1    1    1    2  0.00000E+00 0.00000 
    3    1    1    1    1    1    1    1    1    3  0.00000E+00 0.00000 
    4    1    1    1    1    1    1    1    1    4  0.00000E+00 0.00000 
    5    1    1    1    1    1    1    1    1    5  0.00000E+00 0.00000 
    6    1    1    1    1    1    1    1    1    6  0.00000E+00 0.00000 
    7    1    1    1    1    1    1    1    1    7  0.00000E+00 0.00000 
    8    1    1    1    1    1    1    1    1    8  1.90093E+04 0.00341 
    9    1    1    1    1    1    1    1    1    9  1.50097E+04 0.00374 
   10    1    1    1    1    1    1    1    1   10  0.00000E+00 0.00000 
   11    1    1    1    1    1    1    1    1   11  1.16590E+04 0.00404 
   12    1    1    1    1    1    1    1    2    1  2.03877E+04 0.00334 
   13    1    1    1    1    1    1    1    2    2  0.00000E+00 0.00000 
   14    1    1    1    1    1    1    1    2    3  0.00000E+00 0.00000 
   15    1    1    1    1    1    1    1    2    4  0.00000E+00 0.00000 
   16    1    1    1    1    1    1    1    2    5  0.00000E+00 0.00000 
   17    1    1    1    1    1    1    1    2    6  2.03506E+04 0.00335 
   18    1    1    1    1    1    1    1    2    7  1.66431E+04 0.00359 
   19    1    1    1    1    1    1    1    2    8  0.00000E+00 0.00000 
   20    1    1    1    1    1    1    1    2    9  1.26377E+04 0.00400 
   21    1    1    1    1    1    1    1    2   10  1.16433E+04 0.00406 
   22    1    1    1    1    1    1    1    2   11  0.00000E+00 0.00000 
   23    1    1    1    1    1    1    1    3    1  1.67291E+04 0.00366 
   24    1    1    1    1    1    1    1    3    2  1.90795E+04 0.00350 
   25    1    1    1    1    1    1    1    3    3  0.00000E+00 0.00000 
   26    1    1    1    1    1    1    1    3    4  1.89763E+04 0.00349 
   27    1    1    1    1    1    1    1    3    5  1.68089E+04 0.00357 
   28    1    1    1    1    1    1    1    3    6  0.00000E+00 0.00000 
   29    1    1    1    1    1    1    1    3    7  1.33427E+04 0.00383 
   30    1    1    1    1    1    1    1    3    8  1.25387E+04 0.00393 
   31    1    1    1    1    1    1    1    3    9  0.00000E+00 0.00000 
   32    1    1    1    1    1    1    1    3   10  1.11400E+04 0.00410 
   33    1    1    1    1    1    1    1    3   11  1.09326E+04 0.00410 
   34    1    1    1    1    1    1    1    4    1  0.00000E+00 0.00000 
   35    1    1    1    1    1    1    1    4    2  1.50312E+04 0.00375 
   36    1    1    1    1    1    1    1    4    3  1.50489E+04 0.00373 
   37    1    1    1    1    1    1    1    4    4  0.00000E+00 0.00000 
   38    1    1    1    1    1    1    1    4    5  1.34430E+04 0.00389 
   39    1    1    1    1    1    1    1    4    6  1.27092E+04 0.00394 
   40    1    1    1    1    1    1    1    4    7  0.00000E+00 0.00000 
   41    1    1    1    1    1    1    1    4    8  0.00000E+00 0.00000 
   42    1    1    1    1    1    1    1    4    9  1.10889E+04 0.00412 
   43    1    1    1    1    1    1    1    4   10  0.00000E+00 0.00000 
   44    1    1    1    1    1    1    1    4   11  1.12679E+04 0.00406 
   45    1    1    1    1    1    1    1    5    1  1.27058E+04 0.00391 
   46    1    1    1    1    1    1    1    5    2  0.00000E+00 0.00000 
   47    1    1    1    1    1    1    1    5    3  1.27028E+04 0.00397 
   48    1    1    1    1    1    1    1    5    4  1.25502E+04 0.00392 
   49    1    1    1    1    1    1    1    5    5  0.00000E+00 0.00000 
   50    1    1    1    1    1    1    1    5    6  1.13295E+04 0.00413 
   51    1    1    1    1    1    1    1    5    7  1.11679E+04 0.00412 
   52    1    1    1    1    1    1    1    5    8  0.00000E+00 0.00000 
   53    1    1    1    1    1    1    1    5    9  1.07741E+04 0.00415 
   54    1    1    1    1    1    1    1    5   10  1.12087E+04 0.00415 
   55    1    1    1    1    1    1    1    5   11  0.00000E+00 0.00000 
   56    1    1    1    1    1    1    1    6    1  1.15760E+04 0.00404 
   57    1    1    1    1    1    1    1    6    2  1.15553E+04 0.00408 
   58    1    1    1    1    1    1    1    6    3  0.00000E+00 0.00000 
   59    1    1    1    1    1    1    1    6    4  0.00000E+00 0.00000 
   60    1    1    1    1    1    1    1    6    5  1.11859E+04 0.00410 
   61    1    1    1    1    1    1    1    6    6  0.00000E+00 0.00000 
   62    1    1    1    1    1    1    1    6    7  1.04779E+04 0.00410 
   63    1    1    1    1    1    1    1    6    8  1.05683E+04 0.00410 
   64    1    1    1    1    1    1    1    6    9  0.00000E+00 0.00000 
   65    1    1    1    1    1    1    1    6   10  0.00000E+00 0.00000 
   66    1    1    1    1    1    1    1    6   11  0.00000E+00 0.00000 
   67    1    1    1    1    1    1    1    7    1  0.00000E+00 0.00000 
   68    1    1    1    1    1    1    1    7    2  1.11140E+04 0.00407 
   69    1    1    1    1    1    1    1    7    3  1.12149E+04 0.00403 
   70    1    1    1    1    1    1    1    7    4  0.00000E+00 0.00000 
   71    1    1    1    1    1    1    1    7    5  1.04589E+04 0.00410 
   72    1    1    1    1    1    1    1    7    6  1.02577E+04 0.00425 
   73    1    1    1    1    1    1    1    7    7  0.00000E+00 0.00000 
   74    1    1    1    1    1    1    1    7    8  1.05866E+04 0.00415 
   75    1    1    1    1    1    1    1    7    9  0.00000E+00 0.00000 
   76    1    1    1    1    1    1    1    7   10  0.00000E+00 0.00000 
   77    1    1    1    1    1    1    1    7   11  1.08869E+04 0.00423 
   78    1    1    1    1    1    1    1    8    1  1.08987E+04 0.00415 
   79    1    1    1    1    1    1    1    8    2  0.00000E+00 0.00000 
   80    1    1    1    1    1    1    1    8    3  1.08627E+04 0.00415 
   81    1    1    1    1    1    1    1    8    4  1.06331E+04 0.00427 
   82    1    1    1    1    1    1    1    8    5  0.00000E+00 0.00000 
   83    1    1    1    1    1    1    1    8    6  9.97844E+03 0.00422 
   84    1    1    1    1    1    1    1    8    7  1.00161E+04 0.00431 
   85    1    1    1    1    1    1    1    8    8  0.00000E+00 0.00000 
   86    1    1    1    1    1    1    1    8    9  1.07766E+04 0.00417 
   87    1    1    1    1    1    1    1    8   10  0.00000E+00 0.00000 
   88    1    1    1    1    1    1    1    8   11  0.00000E+00 0.00000 
   89    1    1    1    1    1    1    1    9    1  1.13281E+04 0.00399 
   90    1    1    1    1    1    1    1    9    2  1.11981E+04 0.00412 
   91    1    1    1    1    1    1    1    9    3  0.00000E+00 0.00000 
   92    1    1    1    1    1    1    1    9    4  1.05831E+04 0.00421 
   93    1    1    1    1    1    1    1    9    5  1.00436E+04 0.00427 
   94    1    1    1    1    1    1    1    9    6  0.00000E+00 0.00000 
   95    1    1    1    1    1    1    1    9    7  9.83101E+03 0.00432 
   96    1    1    1    1    1    1    1    9    8  9.92983E+03 0.00423 
   97    1    1    1    1    1    1    1    9    9  0.00000E+00 0.00000 
   98    1    1    1    1    1    1    1    9   10  9.99716E+03 0.00428 
   99    1    1    1    1    1    1    1    9   11  9.69696E+03 0.00443 
  100    1    1    1    1    1    1    1   10    1  0.00000E+00 0.00000 
  101    1    1    1    1    1    1    1   10    2  0.00000E+00 0.00000 
  102    1    1    1    1    1    1    1   10    3  0.00000E+00 0.00000 
  103    1    1    1    1    1    1    1   10    4  0.00000E+00 0.00000 
  104    1    1    1    1    1    1    1   10    5  9.85227E+03 0.00429 
  105    1    1    1    1    1    1    1   10    6  9.63224E+03 0.00431 
  106    1    1    1    1    1    1    1   10    7  0.00000E+00 0.00000 
  107    1    1    1    1    1    1    1   10    8  9.75307E+03 0.00441 
  108    1    1    1    1    1    1    1   10    9  9.93295E+03 0.00429 
  109    1    1    1    1    1    1    1   10   10  0.00000E+00 0.00000 
