
ZAI = [
922350
922380
666
0
];

NAMES = [
'U235            '
'U238            '
'lost            '
'total           '
];

i922350 = 1; iU235             = 1;
i922380 = 2; iU238             = 2;
iLOST    = 3;
iTOT     = 4;

MAT_un_VOLUME = [ 2.44405E+05 2.44405E+05 ];

MAT_un_BURNUP = [ 0.00000E+00 4.69005E+01 ];

MAT_un_ADENS = [
4.83387E-03 3.40377E-03 % U235
1.93936E-02 1.88309E-02 % U238
0.00000E+00 3.96224E-30 % lost data
7.26897E-02 7.39057E-02 % total
];

MAT_un_MDENS = [
1.88669E+00 1.32851E+00 % U235
7.66628E+00 7.44384E+00 % U238
0.00000E+00 0.00000E+00 % lost data
1.08000E+01 1.07984E+01 % total
];

MAT_un_A = [
3.68705E+10 2.59624E+10 % U235
2.33018E+10 2.26256E+10 % U238
0.00000E+00 0.00000E+00 % lost data
6.01722E+10 3.25854E+18 % total
];

MAT_un_H = [
2.76396E-02 1.94624E-02 % U235
1.59417E-02 1.54792E-02 % U238
0.00000E+00 0.00000E+00 % lost data
4.35813E-02 9.60370E+05 % total
];

MAT_un_SF = [
2.65467E+00 1.86929E+00 % U235
1.27228E+04 1.23536E+04 % U238
0.00000E+00 0.00000E+00 % lost data
1.27254E+04 1.26142E+08 % total
];

MAT_un_GSRC = [
4.65861E+10 3.28036E+10 % U235
2.06345E+09 2.00358E+09 % U238
0.00000E+00 0.00000E+00 % lost data
4.86495E+10 3.49849E+18 % total
];

MAT_un_ING_TOX = [
1.73291E+03 1.22023E+03 % U235
1.04858E+03 1.01815E+03 % U238
0.00000E+00 0.00000E+00 % lost data
2.78149E+03 2.24281E+09 % total
];

MAT_un_INH_TOX = [
3.13399E+05 2.20680E+05 % U235
1.86414E+05 1.81005E+05 % U238
0.00000E+00 0.00000E+00 % lost data
4.99813E+05 8.62292E+10 % total
];

TOT_VOLUME = [ 2.44405E+05 2.44405E+05 ];

TOT_BURNUP = [ 0.00000E+00 4.69005E+01 ];

TOT_ADENS = [
4.83387E-03 3.40377E-03 % U235
1.93936E-02 1.88309E-02 % U238
0.00000E+00 3.96224E-30 % lost data
7.26897E-02 7.39057E-02 % total
];

TOT_MASS = [
4.61117E+05 3.24696E+05 % U235
1.87368E+06 1.81932E+06 % U238
0.00000E+00 0.00000E+00 % lost data
2.63958E+06 2.63919E+06 % total
];

TOT_A = [
3.68705E+10 2.59624E+10 % U235
2.33018E+10 2.26256E+10 % U238
0.00000E+00 0.00000E+00 % lost data
6.01722E+10 3.25854E+18 % total
];

TOT_H = [
2.76396E-02 1.94624E-02 % U235
1.59417E-02 1.54792E-02 % U238
0.00000E+00 0.00000E+00 % lost data
4.35813E-02 9.60370E+05 % total
];

TOT_SF = [
2.65467E+00 1.86929E+00 % U235
1.27228E+04 1.23536E+04 % U238
0.00000E+00 0.00000E+00 % lost data
1.27254E+04 1.26142E+08 % total
];

TOT_GSRC = [
4.65861E+10 3.28036E+10 % U235
2.06345E+09 2.00358E+09 % U238
0.00000E+00 0.00000E+00 % lost data
4.86495E+10 3.49849E+18 % total
];

TOT_ING_TOX = [
1.73291E+03 1.22023E+03 % U235
1.04858E+03 1.01815E+03 % U238
0.00000E+00 0.00000E+00 % lost data
2.78149E+03 2.24281E+09 % total
];

TOT_INH_TOX = [
3.13399E+05 2.20680E+05 % U235
1.86414E+05 1.81005E+05 % U238
0.00000E+00 0.00000E+00 % lost data
4.99813E+05 8.62292E+10 % total
];

BU = [ 0.00000E+00 4.68991E+01 ];

DAYS = [ 0.00000E+00 7.30000E+03 ];
