
ZAI = [
922350
922380
666
0
];

NAMES = [
'U235            '
'U238            '
'lost            '
'total           '
];

i922350 = 1; iU235             = 1;
i922380 = 2; iU238             = 2;
iLOST    = 3;
iTOT     = 4;

MAT_un_VOLUME = [ 2.35183E+05 2.35183E+05 ];

MAT_un_BURNUP = [ 0.00000E+00 4.87398E+01 ];

MAT_un_ADENS = [
4.83387E-03 3.35433E-03 % U235
1.93936E-02 1.88136E-02 % U238
0.00000E+00 4.22636E-30 % lost data
7.26897E-02 7.39540E-02 % total
];

MAT_un_MDENS = [
1.88669E+00 1.30922E+00 % U235
7.66628E+00 7.43700E+00 % U238
0.00000E+00 0.00000E+00 % lost data
1.08000E+01 1.07984E+01 % total
];

MAT_un_A = [
3.54791E+10 2.46198E+10 % U235
2.24224E+10 2.17518E+10 % U238
0.00000E+00 0.00000E+00 % lost data
5.79016E+10 3.25564E+18 % total
];

MAT_un_H = [
2.65966E-02 1.84560E-02 % U235
1.53401E-02 1.48813E-02 % U238
0.00000E+00 0.00000E+00 % lost data
4.19367E-02 9.59150E+05 % total
];

MAT_un_SF = [
2.55450E+00 1.77262E+00 % U235
1.22426E+04 1.18765E+04 % U238
0.00000E+00 0.00000E+00 % lost data
1.22452E+04 1.39592E+08 % total
];

MAT_un_GSRC = [
4.48281E+10 3.11072E+10 % U235
1.98559E+09 1.92620E+09 % U238
0.00000E+00 0.00000E+00 % lost data
4.68137E+10 3.49420E+18 % total
];

MAT_un_ING_TOX = [
1.66752E+03 1.15713E+03 % U235
1.00901E+03 9.78833E+02 % U238
0.00000E+00 0.00000E+00 % lost data
2.67653E+03 2.25403E+09 % total
];

MAT_un_INH_TOX = [
3.01573E+05 2.09268E+05 % U235
1.79379E+05 1.74015E+05 % U238
0.00000E+00 0.00000E+00 % lost data
4.80952E+05 9.05309E+10 % total
];

TOT_VOLUME = [ 2.35183E+05 2.35183E+05 ];

TOT_BURNUP = [ 0.00000E+00 4.87398E+01 ];

TOT_ADENS = [
4.83387E-03 3.35433E-03 % U235
1.93936E-02 1.88136E-02 % U238
0.00000E+00 4.22636E-30 % lost data
7.26897E-02 7.39540E-02 % total
];

TOT_MASS = [
4.43716E+05 3.07905E+05 % U235
1.80298E+06 1.74905E+06 % U238
0.00000E+00 0.00000E+00 % lost data
2.53997E+06 2.53959E+06 % total
];

TOT_A = [
3.54791E+10 2.46198E+10 % U235
2.24224E+10 2.17518E+10 % U238
0.00000E+00 0.00000E+00 % lost data
5.79016E+10 3.25564E+18 % total
];

TOT_H = [
2.65966E-02 1.84560E-02 % U235
1.53401E-02 1.48813E-02 % U238
0.00000E+00 0.00000E+00 % lost data
4.19367E-02 9.59150E+05 % total
];

TOT_SF = [
2.55450E+00 1.77262E+00 % U235
1.22426E+04 1.18765E+04 % U238
0.00000E+00 0.00000E+00 % lost data
1.22452E+04 1.39592E+08 % total
];

TOT_GSRC = [
4.48281E+10 3.11072E+10 % U235
1.98559E+09 1.92620E+09 % U238
0.00000E+00 0.00000E+00 % lost data
4.68137E+10 3.49420E+18 % total
];

TOT_ING_TOX = [
1.66752E+03 1.15713E+03 % U235
1.00901E+03 9.78833E+02 % U238
0.00000E+00 0.00000E+00 % lost data
2.67653E+03 2.25403E+09 % total
];

TOT_INH_TOX = [
3.01573E+05 2.09268E+05 % U235
1.79379E+05 1.74015E+05 % U238
0.00000E+00 0.00000E+00 % lost data
4.80952E+05 9.05309E+10 % total
];

BU = [ 0.00000E+00 4.87383E+01 ];

DAYS = [ 0.00000E+00 7.30000E+03 ];
