
ZAI = [
922350
922380
666
0
];

NAMES = [
'U235            '
'U238            '
'lost            '
'total           '
];

i922350 = 1; iU235             = 1;
i922380 = 2; iU238             = 2;
iLOST    = 3;
iTOT     = 4;

MAT_un_VOLUME = [ 2.59570E+05 2.59570E+05 ];

MAT_un_BURNUP = [ 0.00000E+00 4.41606E+01 ];

MAT_un_ADENS = [
4.83387E-03 3.47599E-03 % U235
1.93936E-02 1.88486E-02 % U238
0.00000E+00 3.93531E-30 % lost data
7.26897E-02 7.38343E-02 % total
];

MAT_un_MDENS = [
1.88669E+00 1.35670E+00 % U235
7.66628E+00 7.45084E+00 % U238
0.00000E+00 0.00000E+00 % lost data
1.08000E+01 1.07985E+01 % total
];

MAT_un_A = [
3.91582E+10 2.81583E+10 % U235
2.47476E+10 2.40521E+10 % U238
0.00000E+00 0.00000E+00 % lost data
6.39058E+10 3.27386E+18 % total
];

MAT_un_H = [
2.93546E-02 2.11086E-02 % U235
1.69309E-02 1.64551E-02 % U238
0.00000E+00 0.00000E+00 % lost data
4.62854E-02 9.63264E+05 % total
];

MAT_un_SF = [
2.81939E+00 2.02740E+00 % U235
1.35122E+04 1.31325E+04 % U238
0.00000E+00 0.00000E+00 % lost data
1.35150E+04 1.11491E+08 % total
];

MAT_un_GSRC = [
4.94767E+10 3.55782E+10 % U235
2.19149E+09 2.12990E+09 % U238
0.00000E+00 0.00000E+00 % lost data
5.16682E+10 3.51770E+18 % total
];

MAT_un_ING_TOX = [
1.84044E+03 1.32344E+03 % U235
1.11364E+03 1.08235E+03 % U238
0.00000E+00 0.00000E+00 % lost data
2.95408E+03 2.23752E+09 % total
];

MAT_un_INH_TOX = [
3.32845E+05 2.39346E+05 % U235
1.97981E+05 1.92417E+05 % U238
0.00000E+00 0.00000E+00 % lost data
5.30826E+05 8.22408E+10 % total
];

TOT_VOLUME = [ 2.59570E+05 2.59570E+05 ];

TOT_BURNUP = [ 0.00000E+00 4.41606E+01 ];

TOT_ADENS = [
4.83387E-03 3.47599E-03 % U235
1.93936E-02 1.88486E-02 % U238
0.00000E+00 3.93531E-30 % lost data
7.26897E-02 7.38343E-02 % total
];

TOT_MASS = [
4.89729E+05 3.52160E+05 % U235
1.98994E+06 1.93402E+06 % U238
0.00000E+00 0.00000E+00 % lost data
2.80336E+06 2.80298E+06 % total
];

TOT_A = [
3.91582E+10 2.81583E+10 % U235
2.47476E+10 2.40521E+10 % U238
0.00000E+00 0.00000E+00 % lost data
6.39058E+10 3.27386E+18 % total
];

TOT_H = [
2.93546E-02 2.11086E-02 % U235
1.69309E-02 1.64551E-02 % U238
0.00000E+00 0.00000E+00 % lost data
4.62854E-02 9.63264E+05 % total
];

TOT_SF = [
2.81939E+00 2.02740E+00 % U235
1.35122E+04 1.31325E+04 % U238
0.00000E+00 0.00000E+00 % lost data
1.35150E+04 1.11491E+08 % total
];

TOT_GSRC = [
4.94767E+10 3.55782E+10 % U235
2.19149E+09 2.12990E+09 % U238
0.00000E+00 0.00000E+00 % lost data
5.16682E+10 3.51770E+18 % total
];

TOT_ING_TOX = [
1.84044E+03 1.32344E+03 % U235
1.11364E+03 1.08235E+03 % U238
0.00000E+00 0.00000E+00 % lost data
2.95408E+03 2.23752E+09 % total
];

TOT_INH_TOX = [
3.32845E+05 2.39346E+05 % U235
1.97981E+05 1.92417E+05 % U238
0.00000E+00 0.00000E+00 % lost data
5.30826E+05 8.22408E+10 % total
];

BU = [ 0.00000E+00 4.41591E+01 ];

DAYS = [ 0.00000E+00 7.30000E+03 ];
