
DETassem1 = [
    1    1    1    1    1    1    1    1    1    1  0.00000E+00 0.00000 
    2    1    1    1    1    1    1    1    1    2  0.00000E+00 0.00000 
    3    1    1    1    1    1    1    1    1    3  0.00000E+00 0.00000 
    4    1    1    1    1    1    1    1    1    4  0.00000E+00 0.00000 
    5    1    1    1    1    1    1    1    1    5  0.00000E+00 0.00000 
    6    1    1    1    1    1    1    1    1    6  0.00000E+00 0.00000 
    7    1    1    1    1    1    1    1    1    7  0.00000E+00 0.00000 
    8    1    1    1    1    1    1    1    1    8  2.12314E+04 0.00330 
    9    1    1    1    1    1    1    1    1    9  1.67123E+04 0.00367 
   10    1    1    1    1    1    1    1    1   10  0.00000E+00 0.00000 
   11    1    1    1    1    1    1    1    1   11  1.22718E+04 0.00393 
   12    1    1    1    1    1    1    1    2    1  2.30294E+04 0.00321 
   13    1    1    1    1    1    1    1    2    2  0.00000E+00 0.00000 
   14    1    1    1    1    1    1    1    2    3  0.00000E+00 0.00000 
   15    1    1    1    1    1    1    1    2    4  0.00000E+00 0.00000 
   16    1    1    1    1    1    1    1    2    5  0.00000E+00 0.00000 
   17    1    1    1    1    1    1    1    2    6  2.31986E+04 0.00328 
   18    1    1    1    1    1    1    1    2    7  0.00000E+00 0.00000 
   19    1    1    1    1    1    1    1    2    8  0.00000E+00 0.00000 
   20    1    1    1    1    1    1    1    2    9  0.00000E+00 0.00000 
   21    1    1    1    1    1    1    1    2   10  1.21846E+04 0.00397 
   22    1    1    1    1    1    1    1    2   11  0.00000E+00 0.00000 
   23    1    1    1    1    1    1    1    3    1  0.00000E+00 0.00000 
   24    1    1    1    1    1    1    1    3    2  2.11128E+04 0.00334 
   25    1    1    1    1    1    1    1    3    3  0.00000E+00 0.00000 
   26    1    1    1    1    1    1    1    3    4  2.10937E+04 0.00332 
   27    1    1    1    1    1    1    1    3    5  0.00000E+00 0.00000 
   28    1    1    1    1    1    1    1    3    6  0.00000E+00 0.00000 
   29    1    1    1    1    1    1    1    3    7  1.49697E+04 0.00383 
   30    1    1    1    1    1    1    1    3    8  1.32668E+04 0.00390 
   31    1    1    1    1    1    1    1    3    9  0.00000E+00 0.00000 
   32    1    1    1    1    1    1    1    3   10  1.06956E+04 0.00420 
   33    1    1    1    1    1    1    1    3   11  9.99052E+03 0.00426 
   34    1    1    1    1    1    1    1    4    1  0.00000E+00 0.00000 
   35    1    1    1    1    1    1    1    4    2  1.67168E+04 0.00367 
   36    1    1    1    1    1    1    1    4    3  1.66739E+04 0.00360 
   37    1    1    1    1    1    1    1    4    4  0.00000E+00 0.00000 
   38    1    1    1    1    1    1    1    4    5  1.49257E+04 0.00373 
   39    1    1    1    1    1    1    1    4    6  1.34180E+04 0.00390 
   40    1    1    1    1    1    1    1    4    7  0.00000E+00 0.00000 
   41    1    1    1    1    1    1    1    4    8  1.10694E+04 0.00407 
   42    1    1    1    1    1    1    1    4    9  1.04068E+04 0.00419 
   43    1    1    1    1    1    1    1    4   10  0.00000E+00 0.00000 
   44    1    1    1    1    1    1    1    4   11  9.39160E+03 0.00435 
   45    1    1    1    1    1    1    1    5    1  0.00000E+00 0.00000 
   46    1    1    1    1    1    1    1    5    2  0.00000E+00 0.00000 
   47    1    1    1    1    1    1    1    5    3  0.00000E+00 0.00000 
   48    1    1    1    1    1    1    1    5    4  1.31328E+04 0.00396 
   49    1    1    1    1    1    1    1    5    5  0.00000E+00 0.00000 
   50    1    1    1    1    1    1    1    5    6  1.13049E+04 0.00409 
   51    1    1    1    1    1    1    1    5    7  1.06833E+04 0.00423 
   52    1    1    1    1    1    1    1    5    8  0.00000E+00 0.00000 
   53    1    1    1    1    1    1    1    5    9  9.74251E+03 0.00429 
   54    1    1    1    1    1    1    1    5   10  9.37561E+03 0.00439 
   55    1    1    1    1    1    1    1    5   11  0.00000E+00 0.00000 
   56    1    1    1    1    1    1    1    6    1  1.22438E+04 0.00394 
   57    1    1    1    1    1    1    1    6    2  1.22253E+04 0.00397 
   58    1    1    1    1    1    1    1    6    3  0.00000E+00 0.00000 
   59    1    1    1    1    1    1    1    6    4  1.11480E+04 0.00422 
   60    1    1    1    1    1    1    1    6    5  1.06101E+04 0.00418 
   61    1    1    1    1    1    1    1    6    6  0.00000E+00 0.00000 
   62    1    1    1    1    1    1    1    6    7  9.95758E+03 0.00429 
   63    1    1    1    1    1    1    1    6    8  9.68804E+03 0.00432 
   64    1    1    1    1    1    1    1    6    9  0.00000E+00 0.00000 
   65    1    1    1    1    1    1    1    6   10  9.14081E+03 0.00433 
   66    1    1    1    1    1    1    1    6   11  8.97070E+03 0.00437 
   67    1    1    1    1    1    1    1    7    1  0.00000E+00 0.00000 
   68    1    1    1    1    1    1    1    7    2  1.06502E+04 0.00414 
   69    1    1    1    1    1    1    1    7    3  1.04502E+04 0.00421 
   70    1    1    1    1    1    1    1    7    4  0.00000E+00 0.00000 
   71    1    1    1    1    1    1    1    7    5  9.96271E+03 0.00429 
   72    1    1    1    1    1    1    1    7    6  9.86066E+03 0.00428 
   73    1    1    1    1    1    1    1    7    7  0.00000E+00 0.00000 
   74    1    1    1    1    1    1    1    7    8  9.59474E+03 0.00435 
   75    1    1    1    1    1    1    1    7    9  9.21788E+03 0.00431 
   76    1    1    1    1    1    1    1    7   10  0.00000E+00 0.00000 
   77    1    1    1    1    1    1    1    7   11  8.90040E+03 0.00435 
   78    1    1    1    1    1    1    1    8    1  1.00384E+04 0.00437 
   79    1    1    1    1    1    1    1    8    2  0.00000E+00 0.00000 
   80    1    1    1    1    1    1    1    8    3  9.67433E+03 0.00433 
   81    1    1    1    1    1    1    1    8    4  9.70831E+03 0.00419 
   82    1    1    1    1    1    1    1    8    5  0.00000E+00 0.00000 
   83    1    1    1    1    1    1    1    8    6  9.88373E+03 0.00429 
   84    1    1    1    1    1    1    1    8    7  0.00000E+00 0.00000 
   85    1    1    1    1    1    1    1    8    8  0.00000E+00 0.00000 
   86    1    1    1    1    1    1    1    8    9  9.11181E+03 0.00448 
   87    1    1    1    1    1    1    1    8   10  8.88454E+03 0.00450 
   88    1    1    1    1    1    1    1    8   11  0.00000E+00 0.00000 
   89    1    1    1    1    1    1    1    9    1  9.35540E+03 0.00441 
   90    1    1    1    1    1    1    1    9    2  9.47313E+03 0.00431 
   91    1    1    1    1    1    1    1    9    3  0.00000E+00 0.00000 
   92    1    1    1    1    1    1    1    9    4  9.51532E+03 0.00433 
   93    1    1    1    1    1    1    1    9    5  0.00000E+00 0.00000 
   94    1    1    1    1    1    1    1    9    6  0.00000E+00 0.00000 
   95    1    1    1    1    1    1    1    9    7  9.40745E+03 0.00436 
   96    1    1    1    1    1    1    1    9    8  9.16908E+03 0.00443 
   97    1    1    1    1    1    1    1    9    9  0.00000E+00 0.00000 
   98    1    1    1    1    1    1    1    9   10  8.89898E+03 0.00445 
   99    1    1    1    1    1    1    1    9   11  8.60151E+03 0.00457 
  100    1    1    1    1    1    1    1   10    1  0.00000E+00 0.00000 
  101    1    1    1    1    1    1    1   10    2  9.13120E+03 0.00438 
  102    1    1    1    1    1    1    1   10    3  9.16447E+03 0.00440 
  103    1    1    1    1    1    1    1   10    4  0.00000E+00 0.00000 
  104    1    1    1    1    1    1    1   10    5  9.43108E+03 0.00449 
  105    1    1    1    1    1    1    1   10    6  9.21330E+03 0.00437 
  106    1    1    1    1    1    1    1   10    7  0.00000E+00 0.00000 
  107    1    1    1    1    1    1    1   10    8  9.09137E+03 0.00448 
  108    1    1    1    1    1    1    1   10    9  0.00000E+00 0.00000 
  109    1    1    1    1    1    1    1   10   10  0.00000E+00 0.00000 
