
DETassem1 = [
    1    1    1    1    1    1    1    1    1    1  0.00000E+00 0.00000 
    2    1    1    1    1    1    1    1    1    2  0.00000E+00 0.00000 
    3    1    1    1    1    1    1    1    1    3  0.00000E+00 0.00000 
    4    1    1    1    1    1    1    1    1    4  0.00000E+00 0.00000 
    5    1    1    1    1    1    1    1    1    5  0.00000E+00 0.00000 
    6    1    1    1    1    1    1    1    1    6  0.00000E+00 0.00000 
    7    1    1    1    1    1    1    1    1    7  0.00000E+00 0.00000 
    8    1    1    1    1    1    1    1    1    8  1.85811E+04 0.00361 
    9    1    1    1    1    1    1    1    1    9  1.44172E+04 0.00392 
   10    1    1    1    1    1    1    1    1   10  0.00000E+00 0.00000 
   11    1    1    1    1    1    1    1    1   11  1.08602E+04 0.00440 
   12    1    1    1    1    1    1    1    2    1  2.00564E+04 0.00361 
   13    1    1    1    1    1    1    1    2    2  0.00000E+00 0.00000 
   14    1    1    1    1    1    1    1    2    3  0.00000E+00 0.00000 
   15    1    1    1    1    1    1    1    2    4  0.00000E+00 0.00000 
   16    1    1    1    1    1    1    1    2    5  0.00000E+00 0.00000 
   17    1    1    1    1    1    1    1    2    6  2.01108E+04 0.00349 
   18    1    1    1    1    1    1    1    2    7  1.61988E+04 0.00377 
   19    1    1    1    1    1    1    1    2    8  0.00000E+00 0.00000 
   20    1    1    1    1    1    1    1    2    9  1.16643E+04 0.00425 
   21    1    1    1    1    1    1    1    2   10  1.08734E+04 0.00435 
   22    1    1    1    1    1    1    1    2   11  0.00000E+00 0.00000 
   23    1    1    1    1    1    1    1    3    1  1.61406E+04 0.00383 
   24    1    1    1    1    1    1    1    3    2  1.86201E+04 0.00359 
   25    1    1    1    1    1    1    1    3    3  0.00000E+00 0.00000 
   26    1    1    1    1    1    1    1    3    4  1.86677E+04 0.00364 
   27    1    1    1    1    1    1    1    3    5  1.62605E+04 0.00386 
   28    1    1    1    1    1    1    1    3    6  0.00000E+00 0.00000 
   29    1    1    1    1    1    1    1    3    7  1.23206E+04 0.00412 
   30    1    1    1    1    1    1    1    3    8  1.13255E+04 0.00438 
   31    1    1    1    1    1    1    1    3    9  0.00000E+00 0.00000 
   32    1    1    1    1    1    1    1    3   10  1.05008E+04 0.00441 
   33    1    1    1    1    1    1    1    3   11  0.00000E+00 0.00000 
   34    1    1    1    1    1    1    1    4    1  0.00000E+00 0.00000 
   35    1    1    1    1    1    1    1    4    2  1.43993E+04 0.00392 
   36    1    1    1    1    1    1    1    4    3  1.43861E+04 0.00391 
   37    1    1    1    1    1    1    1    4    4  0.00000E+00 0.00000 
   38    1    1    1    1    1    1    1    4    5  1.23258E+04 0.00423 
   39    1    1    1    1    1    1    1    4    6  1.14247E+04 0.00418 
   40    1    1    1    1    1    1    1    4    7  0.00000E+00 0.00000 
   41    1    1    1    1    1    1    1    4    8  1.01409E+04 0.00439 
   42    1    1    1    1    1    1    1    4    9  9.88564E+03 0.00449 
   43    1    1    1    1    1    1    1    4   10  0.00000E+00 0.00000 
   44    1    1    1    1    1    1    1    4   11  1.02457E+04 0.00429 
   45    1    1    1    1    1    1    1    5    1  1.17348E+04 0.00431 
   46    1    1    1    1    1    1    1    5    2  0.00000E+00 0.00000 
   47    1    1    1    1    1    1    1    5    3  1.17543E+04 0.00417 
   48    1    1    1    1    1    1    1    5    4  1.12171E+04 0.00429 
   49    1    1    1    1    1    1    1    5    5  0.00000E+00 0.00000 
   50    1    1    1    1    1    1    1    5    6  1.01609E+04 0.00449 
   51    1    1    1    1    1    1    1    5    7  9.72337E+03 0.00448 
   52    1    1    1    1    1    1    1    5    8  0.00000E+00 0.00000 
   53    1    1    1    1    1    1    1    5    9  9.49409E+03 0.00443 
   54    1    1    1    1    1    1    1    5   10  9.63736E+03 0.00452 
   55    1    1    1    1    1    1    1    5   11  0.00000E+00 0.00000 
   56    1    1    1    1    1    1    1    6    1  1.09434E+04 0.00421 
   57    1    1    1    1    1    1    1    6    2  1.09133E+04 0.00438 
   58    1    1    1    1    1    1    1    6    3  0.00000E+00 0.00000 
   59    1    1    1    1    1    1    1    6    4  9.99774E+03 0.00448 
   60    1    1    1    1    1    1    1    6    5  9.80944E+03 0.00439 
   61    1    1    1    1    1    1    1    6    6  0.00000E+00 0.00000 
   62    1    1    1    1    1    1    1    6    7  9.47005E+03 0.00443 
   63    1    1    1    1    1    1    1    6    8  9.26795E+03 0.00457 
   64    1    1    1    1    1    1    1    6    9  0.00000E+00 0.00000 
   65    1    1    1    1    1    1    1    6   10  9.44167E+03 0.00455 
   66    1    1    1    1    1    1    1    6   11  9.80318E+03 0.00445 
   67    1    1    1    1    1    1    1    7    1  0.00000E+00 0.00000 
   68    1    1    1    1    1    1    1    7    2  1.04404E+04 0.00437 
   69    1    1    1    1    1    1    1    7    3  9.96596E+03 0.00447 
   70    1    1    1    1    1    1    1    7    4  0.00000E+00 0.00000 
   71    1    1    1    1    1    1    1    7    5  9.36381E+03 0.00444 
   72    1    1    1    1    1    1    1    7    6  9.43472E+03 0.00448 
   73    1    1    1    1    1    1    1    7    7  0.00000E+00 0.00000 
   74    1    1    1    1    1    1    1    7    8  9.10124E+03 0.00459 
   75    1    1    1    1    1    1    1    7    9  9.13173E+03 0.00456 
   76    1    1    1    1    1    1    1    7   10  0.00000E+00 0.00000 
   77    1    1    1    1    1    1    1    7   11  9.58685E+03 0.00461 
   78    1    1    1    1    1    1    1    8    1  0.00000E+00 0.00000 
   79    1    1    1    1    1    1    1    8    2  0.00000E+00 0.00000 
   80    1    1    1    1    1    1    1    8    3  9.52467E+03 0.00450 
   81    1    1    1    1    1    1    1    8    4  9.27359E+03 0.00447 
   82    1    1    1    1    1    1    1    8    5  0.00000E+00 0.00000 
   83    1    1    1    1    1    1    1    8    6  0.00000E+00 0.00000 
   84    1    1    1    1    1    1    1    8    7  9.03937E+03 0.00470 
   85    1    1    1    1    1    1    1    8    8  0.00000E+00 0.00000 
   86    1    1    1    1    1    1    1    8    9  9.10909E+03 0.00453 
   87    1    1    1    1    1    1    1    8   10  0.00000E+00 0.00000 
   88    1    1    1    1    1    1    1    8   11  0.00000E+00 0.00000 
   89    1    1    1    1    1    1    1    9    1  1.01688E+04 0.00447 
   90    1    1    1    1    1    1    1    9    2  9.54951E+03 0.00450 
   91    1    1    1    1    1    1    1    9    3  0.00000E+00 0.00000 
   92    1    1    1    1    1    1    1    9    4  9.02461E+03 0.00459 
   93    1    1    1    1    1    1    1    9    5  9.13240E+03 0.00458 
   94    1    1    1    1    1    1    1    9    6  0.00000E+00 0.00000 
   95    1    1    1    1    1    1    1    9    7  8.70930E+03 0.00461 
   96    1    1    1    1    1    1    1    9    8  8.71674E+03 0.00462 
   97    1    1    1    1    1    1    1    9    9  0.00000E+00 0.00000 
   98    1    1    1    1    1    1    1    9   10  9.00729E+03 0.00468 
   99    1    1    1    1    1    1    1    9   11  8.65704E+03 0.00471 
  100    1    1    1    1    1    1    1   10    1  0.00000E+00 0.00000 
  101    1    1    1    1    1    1    1   10    2  9.43537E+03 0.00444 
  102    1    1    1    1    1    1    1   10    3  9.13463E+03 0.00458 
  103    1    1    1    1    1    1    1   10    4  0.00000E+00 0.00000 
  104    1    1    1    1    1    1    1   10    5  8.82357E+03 0.00469 
  105    1    1    1    1    1    1    1   10    6  8.68552E+03 0.00475 
  106    1    1    1    1    1    1    1   10    7  0.00000E+00 0.00000 
  107    1    1    1    1    1    1    1   10    8  8.60901E+03 0.00462 
  108    1    1    1    1    1    1    1   10    9  8.65111E+03 0.00464 
  109    1    1    1    1    1    1    1   10   10  0.00000E+00 0.00000 
