
DETassem1 = [
    1    1    1    1    1    1    1    1    1    1  0.00000E+00 0.00000 
    2    1    1    1    1    1    1    1    1    2  0.00000E+00 0.00000 
    3    1    1    1    1    1    1    1    1    3  0.00000E+00 0.00000 
    4    1    1    1    1    1    1    1    1    4  0.00000E+00 0.00000 
    5    1    1    1    1    1    1    1    1    5  0.00000E+00 0.00000 
    6    1    1    1    1    1    1    1    1    6  0.00000E+00 0.00000 
    7    1    1    1    1    1    1    1    1    7  0.00000E+00 0.00000 
    8    1    1    1    1    1    1    1    1    8  1.88007E+04 0.00342 
    9    1    1    1    1    1    1    1    1    9  1.48817E+04 0.00373 
   10    1    1    1    1    1    1    1    1   10  0.00000E+00 0.00000 
   11    1    1    1    1    1    1    1    1   11  1.19238E+04 0.00409 
   12    1    1    1    1    1    1    1    2    1  2.00413E+04 0.00337 
   13    1    1    1    1    1    1    1    2    2  0.00000E+00 0.00000 
   14    1    1    1    1    1    1    1    2    3  0.00000E+00 0.00000 
   15    1    1    1    1    1    1    1    2    4  0.00000E+00 0.00000 
   16    1    1    1    1    1    1    1    2    5  0.00000E+00 0.00000 
   17    1    1    1    1    1    1    1    2    6  1.99278E+04 0.00342 
   18    1    1    1    1    1    1    1    2    7  1.65005E+04 0.00359 
   19    1    1    1    1    1    1    1    2    8  0.00000E+00 0.00000 
   20    1    1    1    1    1    1    1    2    9  1.26934E+04 0.00401 
   21    1    1    1    1    1    1    1    2   10  1.18966E+04 0.00401 
   22    1    1    1    1    1    1    1    2   11  0.00000E+00 0.00000 
   23    1    1    1    1    1    1    1    3    1  1.63463E+04 0.00365 
   24    1    1    1    1    1    1    1    3    2  1.88475E+04 0.00352 
   25    1    1    1    1    1    1    1    3    3  0.00000E+00 0.00000 
   26    1    1    1    1    1    1    1    3    4  1.87318E+04 0.00350 
   27    1    1    1    1    1    1    1    3    5  1.65127E+04 0.00363 
   28    1    1    1    1    1    1    1    3    6  0.00000E+00 0.00000 
   29    1    1    1    1    1    1    1    3    7  1.30391E+04 0.00382 
   30    1    1    1    1    1    1    1    3    8  1.21967E+04 0.00403 
   31    1    1    1    1    1    1    1    3    9  0.00000E+00 0.00000 
   32    1    1    1    1    1    1    1    3   10  1.19086E+04 0.00410 
   33    1    1    1    1    1    1    1    3   11  0.00000E+00 0.00000 
   34    1    1    1    1    1    1    1    4    1  0.00000E+00 0.00000 
   35    1    1    1    1    1    1    1    4    2  1.49398E+04 0.00385 
   36    1    1    1    1    1    1    1    4    3  1.49555E+04 0.00377 
   37    1    1    1    1    1    1    1    4    4  0.00000E+00 0.00000 
   38    1    1    1    1    1    1    1    4    5  1.31321E+04 0.00382 
   39    1    1    1    1    1    1    1    4    6  1.22790E+04 0.00396 
   40    1    1    1    1    1    1    1    4    7  0.00000E+00 0.00000 
   41    1    1    1    1    1    1    1    4    8  1.14757E+04 0.00407 
   42    1    1    1    1    1    1    1    4    9  0.00000E+00 0.00000 
   43    1    1    1    1    1    1    1    4   10  0.00000E+00 0.00000 
   44    1    1    1    1    1    1    1    4   11  1.14150E+04 0.00407 
   45    1    1    1    1    1    1    1    5    1  1.25920E+04 0.00391 
   46    1    1    1    1    1    1    1    5    2  0.00000E+00 0.00000 
   47    1    1    1    1    1    1    1    5    3  1.27095E+04 0.00381 
   48    1    1    1    1    1    1    1    5    4  1.22183E+04 0.00390 
   49    1    1    1    1    1    1    1    5    5  0.00000E+00 0.00000 
   50    1    1    1    1    1    1    1    5    6  1.12147E+04 0.00408 
   51    1    1    1    1    1    1    1    5    7  1.10371E+04 0.00411 
   52    1    1    1    1    1    1    1    5    8  0.00000E+00 0.00000 
   53    1    1    1    1    1    1    1    5    9  1.11234E+04 0.00414 
   54    1    1    1    1    1    1    1    5   10  0.00000E+00 0.00000 
   55    1    1    1    1    1    1    1    5   11  0.00000E+00 0.00000 
   56    1    1    1    1    1    1    1    6    1  1.18697E+04 0.00405 
   57    1    1    1    1    1    1    1    6    2  1.19085E+04 0.00400 
   58    1    1    1    1    1    1    1    6    3  0.00000E+00 0.00000 
   59    1    1    1    1    1    1    1    6    4  1.14134E+04 0.00409 
   60    1    1    1    1    1    1    1    6    5  1.09918E+04 0.00412 
   61    1    1    1    1    1    1    1    6    6  0.00000E+00 0.00000 
   62    1    1    1    1    1    1    1    6    7  1.08295E+04 0.00413 
   63    1    1    1    1    1    1    1    6    8  1.05260E+04 0.00412 
   64    1    1    1    1    1    1    1    6    9  0.00000E+00 0.00000 
   65    1    1    1    1    1    1    1    6   10  1.02511E+04 0.00428 
   66    1    1    1    1    1    1    1    6   11  9.96229E+03 0.00424 
   67    1    1    1    1    1    1    1    7    1  0.00000E+00 0.00000 
   68    1    1    1    1    1    1    1    7    2  1.19546E+04 0.00399 
   69    1    1    1    1    1    1    1    7    3  0.00000E+00 0.00000 
   70    1    1    1    1    1    1    1    7    4  0.00000E+00 0.00000 
   71    1    1    1    1    1    1    1    7    5  1.08052E+04 0.00414 
   72    1    1    1    1    1    1    1    7    6  0.00000E+00 0.00000 
   73    1    1    1    1    1    1    1    7    7  0.00000E+00 0.00000 
   74    1    1    1    1    1    1    1    7    8  1.00468E+04 0.00428 
   75    1    1    1    1    1    1    1    7    9  9.82709E+03 0.00433 
   76    1    1    1    1    1    1    1    7   10  0.00000E+00 0.00000 
   77    1    1    1    1    1    1    1    7   11  9.53704E+03 0.00435 
   78    1    1    1    1    1    1    1    8    1  0.00000E+00 0.00000 
   79    1    1    1    1    1    1    1    8    2  0.00000E+00 0.00000 
   80    1    1    1    1    1    1    1    8    3  1.10877E+04 0.00419 
   81    1    1    1    1    1    1    1    8    4  1.05029E+04 0.00420 
   82    1    1    1    1    1    1    1    8    5  0.00000E+00 0.00000 
   83    1    1    1    1    1    1    1    8    6  0.00000E+00 0.00000 
   84    1    1    1    1    1    1    1    8    7  9.99995E+03 0.00428 
   85    1    1    1    1    1    1    1    8    8  0.00000E+00 0.00000 
   86    1    1    1    1    1    1    1    8    9  9.33333E+03 0.00442 
   87    1    1    1    1    1    1    1    8   10  9.19073E+03 0.00444 
   88    1    1    1    1    1    1    1    8   11  0.00000E+00 0.00000 
   89    1    1    1    1    1    1    1    9    1  1.13173E+04 0.00419 
   90    1    1    1    1    1    1    1    9    2  0.00000E+00 0.00000 
   91    1    1    1    1    1    1    1    9    3  0.00000E+00 0.00000 
   92    1    1    1    1    1    1    1    9    4  1.00458E+04 0.00424 
   93    1    1    1    1    1    1    1    9    5  1.00338E+04 0.00423 
   94    1    1    1    1    1    1    1    9    6  0.00000E+00 0.00000 
   95    1    1    1    1    1    1    1    9    7  9.41566E+03 0.00427 
   96    1    1    1    1    1    1    1    9    8  9.23873E+03 0.00434 
   97    1    1    1    1    1    1    1    9    9  0.00000E+00 0.00000 
   98    1    1    1    1    1    1    1    9   10  9.06569E+03 0.00453 
   99    1    1    1    1    1    1    1    9   11  9.01463E+03 0.00434 
  100    1    1    1    1    1    1    1   10    1  0.00000E+00 0.00000 
  101    1    1    1    1    1    1    1   10    2  1.02882E+04 0.00420 
  102    1    1    1    1    1    1    1   10    3  9.73819E+03 0.00428 
  103    1    1    1    1    1    1    1   10    4  0.00000E+00 0.00000 
  104    1    1    1    1    1    1    1   10    5  9.40174E+03 0.00440 
  105    1    1    1    1    1    1    1   10    6  9.24443E+03 0.00441 
  106    1    1    1    1    1    1    1   10    7  0.00000E+00 0.00000 
  107    1    1    1    1    1    1    1   10    8  8.97746E+03 0.00451 
  108    1    1    1    1    1    1    1   10    9  8.98048E+03 0.00448 
  109    1    1    1    1    1    1    1   10   10  0.00000E+00 0.00000 
