
DETassem1 = [
    1    1    1    1    1    1    1    1    1    1  0.00000E+00 0.00000 
    2    1    1    1    1    1    1    1    1    2  0.00000E+00 0.00000 
    3    1    1    1    1    1    1    1    1    3  0.00000E+00 0.00000 
    4    1    1    1    1    1    1    1    1    4  0.00000E+00 0.00000 
    5    1    1    1    1    1    1    1    1    5  0.00000E+00 0.00000 
    6    1    1    1    1    1    1    1    1    6  0.00000E+00 0.00000 
    7    1    1    1    1    1    1    1    1    7  0.00000E+00 0.00000 
    8    1    1    1    1    1    1    1    1    8  1.84008E+04 0.00343 
    9    1    1    1    1    1    1    1    1    9  1.43341E+04 0.00381 
   10    1    1    1    1    1    1    1    1   10  0.00000E+00 0.00000 
   11    1    1    1    1    1    1    1    1   11  1.08452E+04 0.00417 
   12    1    1    1    1    1    1    1    2    1  1.97169E+04 0.00339 
   13    1    1    1    1    1    1    1    2    2  0.00000E+00 0.00000 
   14    1    1    1    1    1    1    1    2    3  0.00000E+00 0.00000 
   15    1    1    1    1    1    1    1    2    4  0.00000E+00 0.00000 
   16    1    1    1    1    1    1    1    2    5  0.00000E+00 0.00000 
   17    1    1    1    1    1    1    1    2    6  1.96328E+04 0.00337 
   18    1    1    1    1    1    1    1    2    7  1.61508E+04 0.00370 
   19    1    1    1    1    1    1    1    2    8  0.00000E+00 0.00000 
   20    1    1    1    1    1    1    1    2    9  1.19533E+04 0.00394 
   21    1    1    1    1    1    1    1    2   10  1.08757E+04 0.00422 
   22    1    1    1    1    1    1    1    2   11  0.00000E+00 0.00000 
   23    1    1    1    1    1    1    1    3    1  1.60702E+04 0.00370 
   24    1    1    1    1    1    1    1    3    2  1.83649E+04 0.00346 
   25    1    1    1    1    1    1    1    3    3  0.00000E+00 0.00000 
   26    1    1    1    1    1    1    1    3    4  1.83792E+04 0.00346 
   27    1    1    1    1    1    1    1    3    5  1.62308E+04 0.00359 
   28    1    1    1    1    1    1    1    3    6  0.00000E+00 0.00000 
   29    1    1    1    1    1    1    1    3    7  1.27520E+04 0.00390 
   30    1    1    1    1    1    1    1    3    8  1.16459E+04 0.00403 
   31    1    1    1    1    1    1    1    3    9  0.00000E+00 0.00000 
   32    1    1    1    1    1    1    1    3   10  1.02327E+04 0.00420 
   33    1    1    1    1    1    1    1    3   11  9.74295E+03 0.00426 
   34    1    1    1    1    1    1    1    4    1  0.00000E+00 0.00000 
   35    1    1    1    1    1    1    1    4    2  1.45468E+04 0.00393 
   36    1    1    1    1    1    1    1    4    3  1.44322E+04 0.00381 
   37    1    1    1    1    1    1    1    4    4  0.00000E+00 0.00000 
   38    1    1    1    1    1    1    1    4    5  1.28055E+04 0.00393 
   39    1    1    1    1    1    1    1    4    6  1.20118E+04 0.00397 
   40    1    1    1    1    1    1    1    4    7  0.00000E+00 0.00000 
   41    1    1    1    1    1    1    1    4    8  1.07272E+04 0.00413 
   42    1    1    1    1    1    1    1    4    9  1.01572E+04 0.00434 
   43    1    1    1    1    1    1    1    4   10  0.00000E+00 0.00000 
   44    1    1    1    1    1    1    1    4   11  9.47665E+03 0.00435 
   45    1    1    1    1    1    1    1    5    1  1.19896E+04 0.00391 
   46    1    1    1    1    1    1    1    5    2  0.00000E+00 0.00000 
   47    1    1    1    1    1    1    1    5    3  1.19829E+04 0.00403 
   48    1    1    1    1    1    1    1    5    4  1.16987E+04 0.00407 
   49    1    1    1    1    1    1    1    5    5  0.00000E+00 0.00000 
   50    1    1    1    1    1    1    1    5    6  1.10025E+04 0.00414 
   51    1    1    1    1    1    1    1    5    7  1.07931E+04 0.00420 
   52    1    1    1    1    1    1    1    5    8  0.00000E+00 0.00000 
   53    1    1    1    1    1    1    1    5    9  9.86806E+03 0.00429 
   54    1    1    1    1    1    1    1    5   10  9.46312E+03 0.00427 
   55    1    1    1    1    1    1    1    5   11  0.00000E+00 0.00000 
   56    1    1    1    1    1    1    1    6    1  1.08452E+04 0.00405 
   57    1    1    1    1    1    1    1    6    2  1.08094E+04 0.00423 
   58    1    1    1    1    1    1    1    6    3  0.00000E+00 0.00000 
   59    1    1    1    1    1    1    1    6    4  1.06428E+04 0.00429 
   60    1    1    1    1    1    1    1    6    5  1.08030E+04 0.00412 
   61    1    1    1    1    1    1    1    6    6  0.00000E+00 0.00000 
   62    1    1    1    1    1    1    1    6    7  0.00000E+00 0.00000 
   63    1    1    1    1    1    1    1    6    8  1.01840E+04 0.00423 
   64    1    1    1    1    1    1    1    6    9  0.00000E+00 0.00000 
   65    1    1    1    1    1    1    1    6   10  9.38030E+03 0.00448 
   66    1    1    1    1    1    1    1    6   11  9.28340E+03 0.00450 
   67    1    1    1    1    1    1    1    7    1  0.00000E+00 0.00000 
   68    1    1    1    1    1    1    1    7    2  1.01152E+04 0.00419 
   69    1    1    1    1    1    1    1    7    3  1.01134E+04 0.00425 
   70    1    1    1    1    1    1    1    7    4  0.00000E+00 0.00000 
   71    1    1    1    1    1    1    1    7    5  0.00000E+00 0.00000 
   72    1    1    1    1    1    1    1    7    6  1.07389E+04 0.00415 
   73    1    1    1    1    1    1    1    7    7  0.00000E+00 0.00000 
   74    1    1    1    1    1    1    1    7    8  1.00885E+04 0.00432 
   75    1    1    1    1    1    1    1    7    9  9.56907E+03 0.00431 
   76    1    1    1    1    1    1    1    7   10  0.00000E+00 0.00000 
   77    1    1    1    1    1    1    1    7   11  9.27714E+03 0.00444 
   78    1    1    1    1    1    1    1    8    1  9.73809E+03 0.00424 
   79    1    1    1    1    1    1    1    8    2  0.00000E+00 0.00000 
   80    1    1    1    1    1    1    1    8    3  9.79684E+03 0.00429 
   81    1    1    1    1    1    1    1    8    4  1.02095E+04 0.00424 
   82    1    1    1    1    1    1    1    8    5  0.00000E+00 0.00000 
   83    1    1    1    1    1    1    1    8    6  1.06222E+04 0.00422 
   84    1    1    1    1    1    1    1    8    7  0.00000E+00 0.00000 
   85    1    1    1    1    1    1    1    8    8  0.00000E+00 0.00000 
   86    1    1    1    1    1    1    1    8    9  9.57207E+03 0.00432 
   87    1    1    1    1    1    1    1    8   10  9.47069E+03 0.00430 
   88    1    1    1    1    1    1    1    8   11  0.00000E+00 0.00000 
   89    1    1    1    1    1    1    1    9    1  9.54061E+03 0.00429 
   90    1    1    1    1    1    1    1    9    2  9.50037E+03 0.00434 
   91    1    1    1    1    1    1    1    9    3  0.00000E+00 0.00000 
   92    1    1    1    1    1    1    1    9    4  1.02036E+04 0.00424 
   93    1    1    1    1    1    1    1    9    5  0.00000E+00 0.00000 
   94    1    1    1    1    1    1    1    9    6  0.00000E+00 0.00000 
   95    1    1    1    1    1    1    1    9    7  1.04661E+04 0.00419 
   96    1    1    1    1    1    1    1    9    8  9.77459E+03 0.00426 
   97    1    1    1    1    1    1    1    9    9  0.00000E+00 0.00000 
   98    1    1    1    1    1    1    1    9   10  9.49604E+03 0.00446 
   99    1    1    1    1    1    1    1    9   11  0.00000E+00 0.00000 
  100    1    1    1    1    1    1    1   10    1  0.00000E+00 0.00000 
  101    1    1    1    1    1    1    1   10    2  9.42766E+03 0.00434 
  102    1    1    1    1    1    1    1   10    3  9.60962E+03 0.00425 
  103    1    1    1    1    1    1    1   10    4  0.00000E+00 0.00000 
  104    1    1    1    1    1    1    1   10    5  1.03649E+04 0.00421 
  105    1    1    1    1    1    1    1   10    6  0.00000E+00 0.00000 
  106    1    1    1    1    1    1    1   10    7  0.00000E+00 0.00000 
  107    1    1    1    1    1    1    1   10    8  9.73108E+03 0.00443 
  108    1    1    1    1    1    1    1   10    9  9.41836E+03 0.00446 
  109    1    1    1    1    1    1    1   10   10  0.00000E+00 0.00000 
