
DETassem1 = [
    1    1    1    1    1    1    1    1    1    1  0.00000E+00 0.00000 
    2    1    1    1    1    1    1    1    1    2  0.00000E+00 0.00000 
    3    1    1    1    1    1    1    1    1    3  0.00000E+00 0.00000 
    4    1    1    1    1    1    1    1    1    4  0.00000E+00 0.00000 
    5    1    1    1    1    1    1    1    1    5  0.00000E+00 0.00000 
    6    1    1    1    1    1    1    1    1    6  0.00000E+00 0.00000 
    7    1    1    1    1    1    1    1    1    7  0.00000E+00 0.00000 
    8    1    1    1    1    1    1    1    1    8  1.81589E+04 0.00355 
    9    1    1    1    1    1    1    1    1    9  1.43763E+04 0.00383 
   10    1    1    1    1    1    1    1    1   10  0.00000E+00 0.00000 
   11    1    1    1    1    1    1    1    1   11  1.12203E+04 0.00411 
   12    1    1    1    1    1    1    1    2    1  1.94959E+04 0.00345 
   13    1    1    1    1    1    1    1    2    2  0.00000E+00 0.00000 
   14    1    1    1    1    1    1    1    2    3  0.00000E+00 0.00000 
   15    1    1    1    1    1    1    1    2    4  0.00000E+00 0.00000 
   16    1    1    1    1    1    1    1    2    5  0.00000E+00 0.00000 
   17    1    1    1    1    1    1    1    2    6  1.94376E+04 0.00344 
   18    1    1    1    1    1    1    1    2    7  1.59720E+04 0.00369 
   19    1    1    1    1    1    1    1    2    8  0.00000E+00 0.00000 
   20    1    1    1    1    1    1    1    2    9  1.20203E+04 0.00403 
   21    1    1    1    1    1    1    1    2   10  1.11894E+04 0.00412 
   22    1    1    1    1    1    1    1    2   11  0.00000E+00 0.00000 
   23    1    1    1    1    1    1    1    3    1  1.58871E+04 0.00377 
   24    1    1    1    1    1    1    1    3    2  1.80776E+04 0.00353 
   25    1    1    1    1    1    1    1    3    3  0.00000E+00 0.00000 
   26    1    1    1    1    1    1    1    3    4  1.81615E+04 0.00352 
   27    1    1    1    1    1    1    1    3    5  1.59056E+04 0.00366 
   28    1    1    1    1    1    1    1    3    6  0.00000E+00 0.00000 
   29    1    1    1    1    1    1    1    3    7  1.25506E+04 0.00392 
   30    1    1    1    1    1    1    1    3    8  1.16118E+04 0.00401 
   31    1    1    1    1    1    1    1    3    9  0.00000E+00 0.00000 
   32    1    1    1    1    1    1    1    3   10  0.00000E+00 0.00000 
   33    1    1    1    1    1    1    1    3   11  1.02191E+04 0.00421 
   34    1    1    1    1    1    1    1    4    1  0.00000E+00 0.00000 
   35    1    1    1    1    1    1    1    4    2  1.45226E+04 0.00384 
   36    1    1    1    1    1    1    1    4    3  1.43288E+04 0.00376 
   37    1    1    1    1    1    1    1    4    4  0.00000E+00 0.00000 
   38    1    1    1    1    1    1    1    4    5  1.24957E+04 0.00394 
   39    1    1    1    1    1    1    1    4    6  1.17851E+04 0.00401 
   40    1    1    1    1    1    1    1    4    7  0.00000E+00 0.00000 
   41    1    1    1    1    1    1    1    4    8  1.05773E+04 0.00411 
   42    1    1    1    1    1    1    1    4    9  1.04356E+04 0.00420 
   43    1    1    1    1    1    1    1    4   10  0.00000E+00 0.00000 
   44    1    1    1    1    1    1    1    4   11  9.47703E+03 0.00426 
   45    1    1    1    1    1    1    1    5    1  1.21202E+04 0.00405 
   46    1    1    1    1    1    1    1    5    2  0.00000E+00 0.00000 
   47    1    1    1    1    1    1    1    5    3  1.20778E+04 0.00406 
   48    1    1    1    1    1    1    1    5    4  1.16206E+04 0.00405 
   49    1    1    1    1    1    1    1    5    5  0.00000E+00 0.00000 
   50    1    1    1    1    1    1    1    5    6  1.05166E+04 0.00423 
   51    1    1    1    1    1    1    1    5    7  1.01395E+04 0.00422 
   52    1    1    1    1    1    1    1    5    8  0.00000E+00 0.00000 
   53    1    1    1    1    1    1    1    5    9  9.91192E+03 0.00425 
   54    1    1    1    1    1    1    1    5   10  9.43823E+03 0.00432 
   55    1    1    1    1    1    1    1    5   11  0.00000E+00 0.00000 
   56    1    1    1    1    1    1    1    6    1  1.12453E+04 0.00403 
   57    1    1    1    1    1    1    1    6    2  1.12888E+04 0.00415 
   58    1    1    1    1    1    1    1    6    3  0.00000E+00 0.00000 
   59    1    1    1    1    1    1    1    6    4  1.04971E+04 0.00416 
   60    1    1    1    1    1    1    1    6    5  1.01720E+04 0.00419 
   61    1    1    1    1    1    1    1    6    6  0.00000E+00 0.00000 
   62    1    1    1    1    1    1    1    6    7  9.83824E+03 0.00436 
   63    1    1    1    1    1    1    1    6    8  0.00000E+00 0.00000 
   64    1    1    1    1    1    1    1    6    9  0.00000E+00 0.00000 
   65    1    1    1    1    1    1    1    6   10  8.96976E+03 0.00433 
   66    1    1    1    1    1    1    1    6   11  8.81406E+03 0.00454 
   67    1    1    1    1    1    1    1    7    1  0.00000E+00 0.00000 
   68    1    1    1    1    1    1    1    7    2  0.00000E+00 0.00000 
   69    1    1    1    1    1    1    1    7    3  1.03878E+04 0.00421 
   70    1    1    1    1    1    1    1    7    4  0.00000E+00 0.00000 
   71    1    1    1    1    1    1    1    7    5  9.81029E+03 0.00431 
   72    1    1    1    1    1    1    1    7    6  9.52448E+03 0.00425 
   73    1    1    1    1    1    1    1    7    7  0.00000E+00 0.00000 
   74    1    1    1    1    1    1    1    7    8  9.25659E+03 0.00448 
   75    1    1    1    1    1    1    1    7    9  8.92967E+03 0.00445 
   76    1    1    1    1    1    1    1    7   10  0.00000E+00 0.00000 
   77    1    1    1    1    1    1    1    7   11  8.46517E+03 0.00452 
   78    1    1    1    1    1    1    1    8    1  1.00921E+04 0.00423 
   79    1    1    1    1    1    1    1    8    2  0.00000E+00 0.00000 
   80    1    1    1    1    1    1    1    8    3  9.75391E+03 0.00432 
   81    1    1    1    1    1    1    1    8    4  0.00000E+00 0.00000 
   82    1    1    1    1    1    1    1    8    5  0.00000E+00 0.00000 
   83    1    1    1    1    1    1    1    8    6  9.14737E+03 0.00431 
   84    1    1    1    1    1    1    1    8    7  8.91759E+03 0.00446 
   85    1    1    1    1    1    1    1    8    8  0.00000E+00 0.00000 
   86    1    1    1    1    1    1    1    8    9  8.59956E+03 0.00451 
   87    1    1    1    1    1    1    1    8   10  8.40334E+03 0.00463 
   88    1    1    1    1    1    1    1    8   11  0.00000E+00 0.00000 
   89    1    1    1    1    1    1    1    9    1  9.53053E+03 0.00437 
   90    1    1    1    1    1    1    1    9    2  9.40376E+03 0.00433 
   91    1    1    1    1    1    1    1    9    3  0.00000E+00 0.00000 
   92    1    1    1    1    1    1    1    9    4  9.15800E+03 0.00440 
   93    1    1    1    1    1    1    1    9    5  8.89557E+03 0.00444 
   94    1    1    1    1    1    1    1    9    6  0.00000E+00 0.00000 
   95    1    1    1    1    1    1    1    9    7  8.53890E+03 0.00454 
   96    1    1    1    1    1    1    1    9    8  8.40563E+03 0.00453 
   97    1    1    1    1    1    1    1    9    9  0.00000E+00 0.00000 
   98    1    1    1    1    1    1    1    9   10  8.14754E+03 0.00455 
   99    1    1    1    1    1    1    1    9   11  8.01337E+03 0.00457 
  100    1    1    1    1    1    1    1   10    1  0.00000E+00 0.00000 
  101    1    1    1    1    1    1    1   10    2  9.03809E+03 0.00434 
  102    1    1    1    1    1    1    1   10    3  8.89138E+03 0.00441 
  103    1    1    1    1    1    1    1   10    4  0.00000E+00 0.00000 
  104    1    1    1    1    1    1    1   10    5  8.51986E+03 0.00459 
  105    1    1    1    1    1    1    1   10    6  8.37914E+03 0.00451 
  106    1    1    1    1    1    1    1   10    7  0.00000E+00 0.00000 
  107    1    1    1    1    1    1    1   10    8  8.03649E+03 0.00470 
  108    1    1    1    1    1    1    1   10    9  7.97703E+03 0.00469 
  109    1    1    1    1    1    1    1   10   10  0.00000E+00 0.00000 
