
DETassem1 = [
    1    1    1    1    1    1    1    1    1    1  0.00000E+00 0.00000 
    2    1    1    1    1    1    1    1    1    2  0.00000E+00 0.00000 
    3    1    1    1    1    1    1    1    1    3  0.00000E+00 0.00000 
    4    1    1    1    1    1    1    1    1    4  0.00000E+00 0.00000 
    5    1    1    1    1    1    1    1    1    5  0.00000E+00 0.00000 
    6    1    1    1    1    1    1    1    1    6  0.00000E+00 0.00000 
    7    1    1    1    1    1    1    1    1    7  0.00000E+00 0.00000 
    8    1    1    1    1    1    1    1    1    8  1.85746E+04 0.00363 
    9    1    1    1    1    1    1    1    1    9  1.42979E+04 0.00399 
   10    1    1    1    1    1    1    1    1   10  0.00000E+00 0.00000 
   11    1    1    1    1    1    1    1    1   11  1.10641E+04 0.00418 
   12    1    1    1    1    1    1    1    2    1  2.00367E+04 0.00350 
   13    1    1    1    1    1    1    1    2    2  0.00000E+00 0.00000 
   14    1    1    1    1    1    1    1    2    3  0.00000E+00 0.00000 
   15    1    1    1    1    1    1    1    2    4  0.00000E+00 0.00000 
   16    1    1    1    1    1    1    1    2    5  0.00000E+00 0.00000 
   17    1    1    1    1    1    1    1    2    6  2.01766E+04 0.00345 
   18    1    1    1    1    1    1    1    2    7  1.61714E+04 0.00373 
   19    1    1    1    1    1    1    1    2    8  0.00000E+00 0.00000 
   20    1    1    1    1    1    1    1    2    9  1.18468E+04 0.00426 
   21    1    1    1    1    1    1    1    2   10  1.09973E+04 0.00436 
   22    1    1    1    1    1    1    1    2   11  0.00000E+00 0.00000 
   23    1    1    1    1    1    1    1    3    1  1.60347E+04 0.00381 
   24    1    1    1    1    1    1    1    3    2  1.85642E+04 0.00368 
   25    1    1    1    1    1    1    1    3    3  0.00000E+00 0.00000 
   26    1    1    1    1    1    1    1    3    4  1.85768E+04 0.00361 
   27    1    1    1    1    1    1    1    3    5  1.60708E+04 0.00382 
   28    1    1    1    1    1    1    1    3    6  0.00000E+00 0.00000 
   29    1    1    1    1    1    1    1    3    7  1.22244E+04 0.00415 
   30    1    1    1    1    1    1    1    3    8  1.13021E+04 0.00438 
   31    1    1    1    1    1    1    1    3    9  0.00000E+00 0.00000 
   32    1    1    1    1    1    1    1    3   10  0.00000E+00 0.00000 
   33    1    1    1    1    1    1    1    3   11  9.82114E+03 0.00448 
   34    1    1    1    1    1    1    1    4    1  0.00000E+00 0.00000 
   35    1    1    1    1    1    1    1    4    2  1.43017E+04 0.00386 
   36    1    1    1    1    1    1    1    4    3  1.43143E+04 0.00394 
   37    1    1    1    1    1    1    1    4    4  0.00000E+00 0.00000 
   38    1    1    1    1    1    1    1    4    5  1.23808E+04 0.00412 
   39    1    1    1    1    1    1    1    4    6  1.15020E+04 0.00411 
   40    1    1    1    1    1    1    1    4    7  0.00000E+00 0.00000 
   41    1    1    1    1    1    1    1    4    8  1.02083E+04 0.00434 
   42    1    1    1    1    1    1    1    4    9  1.00919E+04 0.00444 
   43    1    1    1    1    1    1    1    4   10  0.00000E+00 0.00000 
   44    1    1    1    1    1    1    1    4   11  9.09422E+03 0.00452 
   45    1    1    1    1    1    1    1    5    1  1.17369E+04 0.00420 
   46    1    1    1    1    1    1    1    5    2  0.00000E+00 0.00000 
   47    1    1    1    1    1    1    1    5    3  1.17529E+04 0.00419 
   48    1    1    1    1    1    1    1    5    4  1.13873E+04 0.00425 
   49    1    1    1    1    1    1    1    5    5  0.00000E+00 0.00000 
   50    1    1    1    1    1    1    1    5    6  1.02183E+04 0.00434 
   51    1    1    1    1    1    1    1    5    7  9.79093E+03 0.00440 
   52    1    1    1    1    1    1    1    5    8  0.00000E+00 0.00000 
   53    1    1    1    1    1    1    1    5    9  9.42847E+03 0.00458 
   54    1    1    1    1    1    1    1    5   10  9.04111E+03 0.00460 
   55    1    1    1    1    1    1    1    5   11  0.00000E+00 0.00000 
   56    1    1    1    1    1    1    1    6    1  1.10447E+04 0.00430 
   57    1    1    1    1    1    1    1    6    2  1.09311E+04 0.00439 
   58    1    1    1    1    1    1    1    6    3  0.00000E+00 0.00000 
   59    1    1    1    1    1    1    1    6    4  1.02243E+04 0.00440 
   60    1    1    1    1    1    1    1    6    5  9.92107E+03 0.00439 
   61    1    1    1    1    1    1    1    6    6  0.00000E+00 0.00000 
   62    1    1    1    1    1    1    1    6    7  9.53976E+03 0.00447 
   63    1    1    1    1    1    1    1    6    8  0.00000E+00 0.00000 
   64    1    1    1    1    1    1    1    6    9  0.00000E+00 0.00000 
   65    1    1    1    1    1    1    1    6   10  8.68643E+03 0.00463 
   66    1    1    1    1    1    1    1    6   11  8.47300E+03 0.00470 
   67    1    1    1    1    1    1    1    7    1  0.00000E+00 0.00000 
   68    1    1    1    1    1    1    1    7    2  0.00000E+00 0.00000 
   69    1    1    1    1    1    1    1    7    3  1.00710E+04 0.00446 
   70    1    1    1    1    1    1    1    7    4  0.00000E+00 0.00000 
   71    1    1    1    1    1    1    1    7    5  9.58307E+03 0.00455 
   72    1    1    1    1    1    1    1    7    6  9.25667E+03 0.00444 
   73    1    1    1    1    1    1    1    7    7  0.00000E+00 0.00000 
   74    1    1    1    1    1    1    1    7    8  8.92034E+03 0.00459 
   75    1    1    1    1    1    1    1    7    9  8.57026E+03 0.00463 
   76    1    1    1    1    1    1    1    7   10  0.00000E+00 0.00000 
   77    1    1    1    1    1    1    1    7   11  8.25303E+03 0.00475 
   78    1    1    1    1    1    1    1    8    1  9.84460E+03 0.00451 
   79    1    1    1    1    1    1    1    8    2  0.00000E+00 0.00000 
   80    1    1    1    1    1    1    1    8    3  9.60847E+03 0.00449 
   81    1    1    1    1    1    1    1    8    4  0.00000E+00 0.00000 
   82    1    1    1    1    1    1    1    8    5  0.00000E+00 0.00000 
   83    1    1    1    1    1    1    1    8    6  8.85752E+03 0.00460 
   84    1    1    1    1    1    1    1    8    7  8.64429E+03 0.00471 
   85    1    1    1    1    1    1    1    8    8  0.00000E+00 0.00000 
   86    1    1    1    1    1    1    1    8    9  8.26983E+03 0.00475 
   87    1    1    1    1    1    1    1    8   10  8.12801E+03 0.00466 
   88    1    1    1    1    1    1    1    8   11  0.00000E+00 0.00000 
   89    1    1    1    1    1    1    1    9    1  9.14418E+03 0.00453 
   90    1    1    1    1    1    1    1    9    2  9.09694E+03 0.00455 
   91    1    1    1    1    1    1    1    9    3  0.00000E+00 0.00000 
   92    1    1    1    1    1    1    1    9    4  8.98517E+03 0.00458 
   93    1    1    1    1    1    1    1    9    5  8.60020E+03 0.00467 
   94    1    1    1    1    1    1    1    9    6  0.00000E+00 0.00000 
   95    1    1    1    1    1    1    1    9    7  8.25672E+03 0.00475 
   96    1    1    1    1    1    1    1    9    8  8.24004E+03 0.00470 
   97    1    1    1    1    1    1    1    9    9  0.00000E+00 0.00000 
   98    1    1    1    1    1    1    1    9   10  7.94991E+03 0.00483 
   99    1    1    1    1    1    1    1    9   11  7.83093E+03 0.00490 
  100    1    1    1    1    1    1    1   10    1  0.00000E+00 0.00000 
  101    1    1    1    1    1    1    1   10    2  8.69529E+03 0.00449 
  102    1    1    1    1    1    1    1   10    3  8.52567E+03 0.00463 
  103    1    1    1    1    1    1    1   10    4  0.00000E+00 0.00000 
  104    1    1    1    1    1    1    1   10    5  8.30412E+03 0.00466 
  105    1    1    1    1    1    1    1   10    6  8.17205E+03 0.00464 
  106    1    1    1    1    1    1    1   10    7  0.00000E+00 0.00000 
  107    1    1    1    1    1    1    1   10    8  7.87029E+03 0.00476 
  108    1    1    1    1    1    1    1   10    9  7.74687E+03 0.00487 
  109    1    1    1    1    1    1    1   10   10  0.00000E+00 0.00000 
