
DETassem1 = [
    1    1    1    1    1    1    1    1    1    1  0.00000E+00 0.00000 
    2    1    1    1    1    1    1    1    1    2  0.00000E+00 0.00000 
    3    1    1    1    1    1    1    1    1    3  0.00000E+00 0.00000 
    4    1    1    1    1    1    1    1    1    4  0.00000E+00 0.00000 
    5    1    1    1    1    1    1    1    1    5  0.00000E+00 0.00000 
    6    1    1    1    1    1    1    1    1    6  0.00000E+00 0.00000 
    7    1    1    1    1    1    1    1    1    7  0.00000E+00 0.00000 
    8    1    1    1    1    1    1    1    1    8  0.00000E+00 0.00000 
    9    1    1    1    1    1    1    1    1    9  1.70907E+04 0.00354 
   10    1    1    1    1    1    1    1    1   10  0.00000E+00 0.00000 
   11    1    1    1    1    1    1    1    1   11  1.18763E+04 0.00410 
   12    1    1    1    1    1    1    1    2    1  2.23958E+04 0.00331 
   13    1    1    1    1    1    1    1    2    2  0.00000E+00 0.00000 
   14    1    1    1    1    1    1    1    2    3  0.00000E+00 0.00000 
   15    1    1    1    1    1    1    1    2    4  0.00000E+00 0.00000 
   16    1    1    1    1    1    1    1    2    5  0.00000E+00 0.00000 
   17    1    1    1    1    1    1    1    2    6  2.24817E+04 0.00323 
   18    1    1    1    1    1    1    1    2    7  1.88177E+04 0.00346 
   19    1    1    1    1    1    1    1    2    8  0.00000E+00 0.00000 
   20    1    1    1    1    1    1    1    2    9  1.33771E+04 0.00376 
   21    1    1    1    1    1    1    1    2   10  1.19212E+04 0.00409 
   22    1    1    1    1    1    1    1    2   11  0.00000E+00 0.00000 
   23    1    1    1    1    1    1    1    3    1  1.87480E+04 0.00345 
   24    1    1    1    1    1    1    1    3    2  0.00000E+00 0.00000 
   25    1    1    1    1    1    1    1    3    3  0.00000E+00 0.00000 
   26    1    1    1    1    1    1    1    3    4  0.00000E+00 0.00000 
   27    1    1    1    1    1    1    1    3    5  1.89164E+04 0.00351 
   28    1    1    1    1    1    1    1    3    6  0.00000E+00 0.00000 
   29    1    1    1    1    1    1    1    3    7  1.41050E+04 0.00374 
   30    1    1    1    1    1    1    1    3    8  1.27087E+04 0.00397 
   31    1    1    1    1    1    1    1    3    9  0.00000E+00 0.00000 
   32    1    1    1    1    1    1    1    3   10  1.10685E+04 0.00413 
   33    1    1    1    1    1    1    1    3   11  0.00000E+00 0.00000 
   34    1    1    1    1    1    1    1    4    1  0.00000E+00 0.00000 
   35    1    1    1    1    1    1    1    4    2  1.71130E+04 0.00360 
   36    1    1    1    1    1    1    1    4    3  1.71979E+04 0.00354 
   37    1    1    1    1    1    1    1    4    4  0.00000E+00 0.00000 
   38    1    1    1    1    1    1    1    4    5  1.40690E+04 0.00387 
   39    1    1    1    1    1    1    1    4    6  1.28866E+04 0.00385 
   40    1    1    1    1    1    1    1    4    7  0.00000E+00 0.00000 
   41    1    1    1    1    1    1    1    4    8  1.09812E+04 0.00408 
   42    1    1    1    1    1    1    1    4    9  1.06555E+04 0.00421 
   43    1    1    1    1    1    1    1    4   10  0.00000E+00 0.00000 
   44    1    1    1    1    1    1    1    4   11  1.02701E+04 0.00437 
   45    1    1    1    1    1    1    1    5    1  1.33474E+04 0.00385 
   46    1    1    1    1    1    1    1    5    2  0.00000E+00 0.00000 
   47    1    1    1    1    1    1    1    5    3  1.33202E+04 0.00385 
   48    1    1    1    1    1    1    1    5    4  1.26498E+04 0.00398 
   49    1    1    1    1    1    1    1    5    5  0.00000E+00 0.00000 
   50    1    1    1    1    1    1    1    5    6  1.11596E+04 0.00408 
   51    1    1    1    1    1    1    1    5    7  1.06904E+04 0.00415 
   52    1    1    1    1    1    1    1    5    8  0.00000E+00 0.00000 
   53    1    1    1    1    1    1    1    5    9  9.94706E+03 0.00435 
   54    1    1    1    1    1    1    1    5   10  9.84609E+03 0.00436 
   55    1    1    1    1    1    1    1    5   11  0.00000E+00 0.00000 
   56    1    1    1    1    1    1    1    6    1  1.18905E+04 0.00399 
   57    1    1    1    1    1    1    1    6    2  1.18699E+04 0.00417 
   58    1    1    1    1    1    1    1    6    3  0.00000E+00 0.00000 
   59    1    1    1    1    1    1    1    6    4  1.10101E+04 0.00415 
   60    1    1    1    1    1    1    1    6    5  1.05969E+04 0.00421 
   61    1    1    1    1    1    1    1    6    6  0.00000E+00 0.00000 
   62    1    1    1    1    1    1    1    6    7  1.02149E+04 0.00430 
   63    1    1    1    1    1    1    1    6    8  9.83825E+03 0.00429 
   64    1    1    1    1    1    1    1    6    9  0.00000E+00 0.00000 
   65    1    1    1    1    1    1    1    6   10  9.48048E+03 0.00430 
   66    1    1    1    1    1    1    1    6   11  9.26822E+03 0.00447 
   67    1    1    1    1    1    1    1    7    1  0.00000E+00 0.00000 
   68    1    1    1    1    1    1    1    7    2  1.11695E+04 0.00406 
   69    1    1    1    1    1    1    1    7    3  1.05979E+04 0.00419 
   70    1    1    1    1    1    1    1    7    4  0.00000E+00 0.00000 
   71    1    1    1    1    1    1    1    7    5  1.02231E+04 0.00418 
   72    1    1    1    1    1    1    1    7    6  0.00000E+00 0.00000 
   73    1    1    1    1    1    1    1    7    7  0.00000E+00 0.00000 
   74    1    1    1    1    1    1    1    7    8  9.46438E+03 0.00439 
   75    1    1    1    1    1    1    1    7    9  9.58708E+03 0.00437 
   76    1    1    1    1    1    1    1    7   10  0.00000E+00 0.00000 
   77    1    1    1    1    1    1    1    7   11  9.09894E+03 0.00447 
   78    1    1    1    1    1    1    1    8    1  0.00000E+00 0.00000 
   79    1    1    1    1    1    1    1    8    2  0.00000E+00 0.00000 
   80    1    1    1    1    1    1    1    8    3  9.99117E+03 0.00421 
   81    1    1    1    1    1    1    1    8    4  9.80365E+03 0.00424 
   82    1    1    1    1    1    1    1    8    5  0.00000E+00 0.00000 
   83    1    1    1    1    1    1    1    8    6  9.73373E+03 0.00431 
   84    1    1    1    1    1    1    1    8    7  9.42961E+03 0.00440 
   85    1    1    1    1    1    1    1    8    8  0.00000E+00 0.00000 
   86    1    1    1    1    1    1    1    8    9  0.00000E+00 0.00000 
   87    1    1    1    1    1    1    1    8   10  9.22023E+03 0.00443 
   88    1    1    1    1    1    1    1    8   11  0.00000E+00 0.00000 
   89    1    1    1    1    1    1    1    9    1  1.02006E+04 0.00426 
   90    1    1    1    1    1    1    1    9    2  9.80868E+03 0.00434 
   91    1    1    1    1    1    1    1    9    3  0.00000E+00 0.00000 
   92    1    1    1    1    1    1    1    9    4  9.50205E+03 0.00431 
   93    1    1    1    1    1    1    1    9    5  9.43879E+03 0.00437 
   94    1    1    1    1    1    1    1    9    6  0.00000E+00 0.00000 
   95    1    1    1    1    1    1    1    9    7  9.15363E+03 0.00431 
   96    1    1    1    1    1    1    1    9    8  9.24774E+03 0.00442 
   97    1    1    1    1    1    1    1    9    9  0.00000E+00 0.00000 
   98    1    1    1    1    1    1    1    9   10  8.94489E+03 0.00449 
   99    1    1    1    1    1    1    1    9   11  8.78887E+03 0.00440 
  100    1    1    1    1    1    1    1   10    1  0.00000E+00 0.00000 
  101    1    1    1    1    1    1    1   10    2  9.54016E+03 0.00434 
  102    1    1    1    1    1    1    1   10    3  9.59202E+03 0.00426 
  103    1    1    1    1    1    1    1   10    4  0.00000E+00 0.00000 
  104    1    1    1    1    1    1    1   10    5  9.10756E+03 0.00439 
  105    1    1    1    1    1    1    1   10    6  9.00084E+03 0.00442 
  106    1    1    1    1    1    1    1   10    7  0.00000E+00 0.00000 
  107    1    1    1    1    1    1    1   10    8  8.83886E+03 0.00444 
  108    1    1    1    1    1    1    1   10    9  8.78037E+03 0.00454 
  109    1    1    1    1    1    1    1   10   10  0.00000E+00 0.00000 
