
ZAI = [
922350
922380
666
0
];

NAMES = [
'U235            '
'U238            '
'lost            '
'total           '
];

i922350 = 1; iU235             = 1;
i922380 = 2; iU238             = 2;
iLOST    = 3;
iTOT     = 4;

MAT_un_VOLUME = [ 2.40667E+05 2.40667E+05 ];

MAT_un_BURNUP = [ 0.00000E+00 4.76292E+01 ];

MAT_un_ADENS = [
4.83387E-03 3.38416E-03 % U235
1.93936E-02 1.88250E-02 % U238
0.00000E+00 4.52778E-30 % lost data
7.26897E-02 7.39250E-02 % total
];

MAT_un_MDENS = [
1.88669E+00 1.32086E+00 % U235
7.66628E+00 7.44151E+00 % U238
0.00000E+00 0.00000E+00 % lost data
1.08000E+01 1.07984E+01 % total
];

MAT_un_A = [
3.63064E+10 2.54179E+10 % U235
2.29453E+10 2.22725E+10 % U238
0.00000E+00 0.00000E+00 % lost data
5.92517E+10 3.25696E+18 % total
];

MAT_un_H = [
2.72168E-02 1.90543E-02 % U235
1.56978E-02 1.52376E-02 % U238
0.00000E+00 0.00000E+00 % lost data
4.29146E-02 9.59882E+05 % total
];

MAT_un_SF = [
2.61406E+00 1.83009E+00 % U235
1.25281E+04 1.21608E+04 % U238
0.00000E+00 0.00000E+00 % lost data
1.25307E+04 1.32939E+08 % total
];

MAT_un_GSRC = [
4.58734E+10 3.21157E+10 % U235
2.03189E+09 1.97231E+09 % U238
0.00000E+00 0.00000E+00 % lost data
4.79053E+10 3.49611E+18 % total
];

MAT_un_ING_TOX = [
1.70640E+03 1.19464E+03 % U235
1.03254E+03 1.00226E+03 % U238
0.00000E+00 0.00000E+00 % lost data
2.73894E+03 2.24815E+09 % total
];

MAT_un_INH_TOX = [
3.08605E+05 2.16052E+05 % U235
1.83562E+05 1.78180E+05 % U238
0.00000E+00 0.00000E+00 % lost data
4.92167E+05 8.83800E+10 % total
];

TOT_VOLUME = [ 2.40667E+05 2.40667E+05 ];

TOT_BURNUP = [ 0.00000E+00 4.76292E+01 ];

TOT_ADENS = [
4.83387E-03 3.38416E-03 % U235
1.93936E-02 1.88250E-02 % U238
0.00000E+00 4.52778E-30 % lost data
7.26897E-02 7.39250E-02 % total
];

TOT_MASS = [
4.54063E+05 3.17887E+05 % U235
1.84502E+06 1.79092E+06 % U238
0.00000E+00 0.00000E+00 % lost data
2.59920E+06 2.59881E+06 % total
];

TOT_A = [
3.63064E+10 2.54179E+10 % U235
2.29453E+10 2.22725E+10 % U238
0.00000E+00 0.00000E+00 % lost data
5.92517E+10 3.25696E+18 % total
];

TOT_H = [
2.72168E-02 1.90543E-02 % U235
1.56978E-02 1.52376E-02 % U238
0.00000E+00 0.00000E+00 % lost data
4.29146E-02 9.59882E+05 % total
];

TOT_SF = [
2.61406E+00 1.83009E+00 % U235
1.25281E+04 1.21608E+04 % U238
0.00000E+00 0.00000E+00 % lost data
1.25307E+04 1.32939E+08 % total
];

TOT_GSRC = [
4.58734E+10 3.21157E+10 % U235
2.03189E+09 1.97231E+09 % U238
0.00000E+00 0.00000E+00 % lost data
4.79053E+10 3.49611E+18 % total
];

TOT_ING_TOX = [
1.70640E+03 1.19464E+03 % U235
1.03254E+03 1.00226E+03 % U238
0.00000E+00 0.00000E+00 % lost data
2.73894E+03 2.24815E+09 % total
];

TOT_INH_TOX = [
3.08605E+05 2.16052E+05 % U235
1.83562E+05 1.78180E+05 % U238
0.00000E+00 0.00000E+00 % lost data
4.92167E+05 8.83800E+10 % total
];

BU = [ 0.00000E+00 4.76277E+01 ];

DAYS = [ 0.00000E+00 7.30000E+03 ];
