
ZAI = [
922350
922380
666
0
];

NAMES = [
'U235            '
'U238            '
'lost            '
'total           '
];

i922350 = 1; iU235             = 1;
i922380 = 2; iU238             = 2;
iLOST    = 3;
iTOT     = 4;

MAT_un_VOLUME = [ 2.38300E+05 2.38300E+05 ];

MAT_un_BURNUP = [ 0.00000E+00 4.81022E+01 ];

MAT_un_ADENS = [
4.83387E-03 3.37073E-03 % U235
1.93936E-02 1.88159E-02 % U238
0.00000E+00 4.75320E-30 % lost data
7.26897E-02 7.39375E-02 % total
];

MAT_un_MDENS = [
1.88669E+00 1.31562E+00 % U235
7.66628E+00 7.43789E+00 % U238
0.00000E+00 0.00000E+00 % lost data
1.08000E+01 1.07984E+01 % total
];

MAT_un_A = [
3.59494E+10 2.50681E+10 % U235
2.27196E+10 2.20428E+10 % U238
0.00000E+00 0.00000E+00 % lost data
5.86691E+10 3.26098E+18 % total
];

MAT_un_H = [
2.69491E-02 1.87921E-02 % U235
1.55435E-02 1.50804E-02 % U238
0.00000E+00 0.00000E+00 % lost data
4.24926E-02 9.60028E+05 % total
];

MAT_un_SF = [
2.58836E+00 1.80490E+00 % U235
1.24049E+04 1.20354E+04 % U238
0.00000E+00 0.00000E+00 % lost data
1.24075E+04 1.36339E+08 % total
];

MAT_un_GSRC = [
4.54223E+10 3.16737E+10 % U235
2.01191E+09 1.95197E+09 % U238
0.00000E+00 0.00000E+00 % lost data
4.74342E+10 3.50076E+18 % total
];

MAT_un_ING_TOX = [
1.68962E+03 1.17820E+03 % U235
1.02238E+03 9.91926E+02 % U238
0.00000E+00 0.00000E+00 % lost data
2.71201E+03 2.25454E+09 % total
];

MAT_un_INH_TOX = [
3.05570E+05 2.13079E+05 % U235
1.81757E+05 1.76342E+05 % U238
0.00000E+00 0.00000E+00 % lost data
4.87327E+05 8.98876E+10 % total
];

TOT_VOLUME = [ 2.38300E+05 2.38300E+05 ];

TOT_BURNUP = [ 0.00000E+00 4.81022E+01 ];

TOT_ADENS = [
4.83387E-03 3.37073E-03 % U235
1.93936E-02 1.88159E-02 % U238
0.00000E+00 4.75320E-30 % lost data
7.26897E-02 7.39375E-02 % total
];

TOT_MASS = [
4.49598E+05 3.13512E+05 % U235
1.82687E+06 1.77245E+06 % U238
0.00000E+00 0.00000E+00 % lost data
2.57364E+06 2.57326E+06 % total
];

TOT_A = [
3.59494E+10 2.50681E+10 % U235
2.27196E+10 2.20428E+10 % U238
0.00000E+00 0.00000E+00 % lost data
5.86691E+10 3.26098E+18 % total
];

TOT_H = [
2.69491E-02 1.87921E-02 % U235
1.55435E-02 1.50804E-02 % U238
0.00000E+00 0.00000E+00 % lost data
4.24926E-02 9.60028E+05 % total
];

TOT_SF = [
2.58836E+00 1.80490E+00 % U235
1.24049E+04 1.20354E+04 % U238
0.00000E+00 0.00000E+00 % lost data
1.24075E+04 1.36339E+08 % total
];

TOT_GSRC = [
4.54223E+10 3.16737E+10 % U235
2.01191E+09 1.95197E+09 % U238
0.00000E+00 0.00000E+00 % lost data
4.74342E+10 3.50076E+18 % total
];

TOT_ING_TOX = [
1.68962E+03 1.17820E+03 % U235
1.02238E+03 9.91926E+02 % U238
0.00000E+00 0.00000E+00 % lost data
2.71201E+03 2.25454E+09 % total
];

TOT_INH_TOX = [
3.05570E+05 2.13079E+05 % U235
1.81757E+05 1.76342E+05 % U238
0.00000E+00 0.00000E+00 % lost data
4.87327E+05 8.98876E+10 % total
];

BU = [ 0.00000E+00 4.81007E+01 ];

DAYS = [ 0.00000E+00 7.30000E+03 ];
