
DETassem1 = [
    1    1    1    1    1    1    1    1    1    1  0.00000E+00 0.00000 
    2    1    1    1    1    1    1    1    1    2  0.00000E+00 0.00000 
    3    1    1    1    1    1    1    1    1    3  0.00000E+00 0.00000 
    4    1    1    1    1    1    1    1    1    4  0.00000E+00 0.00000 
    5    1    1    1    1    1    1    1    1    5  0.00000E+00 0.00000 
    6    1    1    1    1    1    1    1    1    6  0.00000E+00 0.00000 
    7    1    1    1    1    1    1    1    1    7  0.00000E+00 0.00000 
    8    1    1    1    1    1    1    1    1    8  1.97071E+04 0.00349 
    9    1    1    1    1    1    1    1    1    9  1.52144E+04 0.00373 
   10    1    1    1    1    1    1    1    1   10  0.00000E+00 0.00000 
   11    1    1    1    1    1    1    1    1   11  1.10423E+04 0.00405 
   12    1    1    1    1    1    1    1    2    1  0.00000E+00 0.00000 
   13    1    1    1    1    1    1    1    2    2  0.00000E+00 0.00000 
   14    1    1    1    1    1    1    1    2    3  0.00000E+00 0.00000 
   15    1    1    1    1    1    1    1    2    4  0.00000E+00 0.00000 
   16    1    1    1    1    1    1    1    2    5  0.00000E+00 0.00000 
   17    1    1    1    1    1    1    1    2    6  0.00000E+00 0.00000 
   18    1    1    1    1    1    1    1    2    7  1.80127E+04 0.00351 
   19    1    1    1    1    1    1    1    2    8  0.00000E+00 0.00000 
   20    1    1    1    1    1    1    1    2    9  1.22840E+04 0.00396 
   21    1    1    1    1    1    1    1    2   10  1.10527E+04 0.00417 
   22    1    1    1    1    1    1    1    2   11  0.00000E+00 0.00000 
   23    1    1    1    1    1    1    1    3    1  1.79821E+04 0.00352 
   24    1    1    1    1    1    1    1    3    2  1.98018E+04 0.00337 
   25    1    1    1    1    1    1    1    3    3  0.00000E+00 0.00000 
   26    1    1    1    1    1    1    1    3    4  1.97303E+04 0.00343 
   27    1    1    1    1    1    1    1    3    5  1.78936E+04 0.00351 
   28    1    1    1    1    1    1    1    3    6  0.00000E+00 0.00000 
   29    1    1    1    1    1    1    1    3    7  1.36040E+04 0.00383 
   30    1    1    1    1    1    1    1    3    8  1.18740E+04 0.00405 
   31    1    1    1    1    1    1    1    3    9  0.00000E+00 0.00000 
   32    1    1    1    1    1    1    1    3   10  1.02427E+04 0.00423 
   33    1    1    1    1    1    1    1    3   11  9.78299E+03 0.00429 
   34    1    1    1    1    1    1    1    4    1  0.00000E+00 0.00000 
   35    1    1    1    1    1    1    1    4    2  1.50943E+04 0.00366 
   36    1    1    1    1    1    1    1    4    3  1.52052E+04 0.00375 
   37    1    1    1    1    1    1    1    4    4  0.00000E+00 0.00000 
   38    1    1    1    1    1    1    1    4    5  1.35002E+04 0.00391 
   39    1    1    1    1    1    1    1    4    6  1.25747E+04 0.00399 
   40    1    1    1    1    1    1    1    4    7  0.00000E+00 0.00000 
   41    1    1    1    1    1    1    1    4    8  1.07023E+04 0.00420 
   42    1    1    1    1    1    1    1    4    9  1.01309E+04 0.00420 
   43    1    1    1    1    1    1    1    4   10  0.00000E+00 0.00000 
   44    1    1    1    1    1    1    1    4   11  9.66334E+03 0.00433 
   45    1    1    1    1    1    1    1    5    1  1.23270E+04 0.00395 
   46    1    1    1    1    1    1    1    5    2  0.00000E+00 0.00000 
   47    1    1    1    1    1    1    1    5    3  1.22624E+04 0.00398 
   48    1    1    1    1    1    1    1    5    4  1.20140E+04 0.00402 
   49    1    1    1    1    1    1    1    5    5  0.00000E+00 0.00000 
   50    1    1    1    1    1    1    1    5    6  1.09101E+04 0.00410 
   51    1    1    1    1    1    1    1    5    7  1.04474E+04 0.00425 
   52    1    1    1    1    1    1    1    5    8  0.00000E+00 0.00000 
   53    1    1    1    1    1    1    1    5    9  9.87357E+03 0.00430 
   54    1    1    1    1    1    1    1    5   10  9.54389E+03 0.00427 
   55    1    1    1    1    1    1    1    5   11  0.00000E+00 0.00000 
   56    1    1    1    1    1    1    1    6    1  1.10796E+04 0.00417 
   57    1    1    1    1    1    1    1    6    2  1.09402E+04 0.00416 
   58    1    1    1    1    1    1    1    6    3  0.00000E+00 0.00000 
   59    1    1    1    1    1    1    1    6    4  1.06700E+04 0.00425 
   60    1    1    1    1    1    1    1    6    5  1.04328E+04 0.00415 
   61    1    1    1    1    1    1    1    6    6  0.00000E+00 0.00000 
   62    1    1    1    1    1    1    1    6    7  1.00747E+04 0.00433 
   63    1    1    1    1    1    1    1    6    8  0.00000E+00 0.00000 
   64    1    1    1    1    1    1    1    6    9  0.00000E+00 0.00000 
   65    1    1    1    1    1    1    1    6   10  9.42646E+03 0.00437 
   66    1    1    1    1    1    1    1    6   11  9.38152E+03 0.00424 
   67    1    1    1    1    1    1    1    7    1  0.00000E+00 0.00000 
   68    1    1    1    1    1    1    1    7    2  1.02014E+04 0.00421 
   69    1    1    1    1    1    1    1    7    3  1.02182E+04 0.00419 
   70    1    1    1    1    1    1    1    7    4  0.00000E+00 0.00000 
   71    1    1    1    1    1    1    1    7    5  9.94157E+03 0.00424 
   72    1    1    1    1    1    1    1    7    6  9.73753E+03 0.00425 
   73    1    1    1    1    1    1    1    7    7  0.00000E+00 0.00000 
   74    1    1    1    1    1    1    1    7    8  9.53218E+03 0.00426 
   75    1    1    1    1    1    1    1    7    9  9.30954E+03 0.00437 
   76    1    1    1    1    1    1    1    7   10  0.00000E+00 0.00000 
   77    1    1    1    1    1    1    1    7   11  9.47038E+03 0.00446 
   78    1    1    1    1    1    1    1    8    1  9.74720E+03 0.00428 
   79    1    1    1    1    1    1    1    8    2  0.00000E+00 0.00000 
   80    1    1    1    1    1    1    1    8    3  9.81284E+03 0.00422 
   81    1    1    1    1    1    1    1    8    4  0.00000E+00 0.00000 
   82    1    1    1    1    1    1    1    8    5  0.00000E+00 0.00000 
   83    1    1    1    1    1    1    1    8    6  9.35426E+03 0.00428 
   84    1    1    1    1    1    1    1    8    7  9.27974E+03 0.00440 
   85    1    1    1    1    1    1    1    8    8  0.00000E+00 0.00000 
   86    1    1    1    1    1    1    1    8    9  9.10553E+03 0.00443 
   87    1    1    1    1    1    1    1    8   10  9.28723E+03 0.00442 
   88    1    1    1    1    1    1    1    8   11  0.00000E+00 0.00000 
   89    1    1    1    1    1    1    1    9    1  9.55035E+03 0.00440 
   90    1    1    1    1    1    1    1    9    2  9.52491E+03 0.00429 
   91    1    1    1    1    1    1    1    9    3  0.00000E+00 0.00000 
   92    1    1    1    1    1    1    1    9    4  9.56012E+03 0.00435 
   93    1    1    1    1    1    1    1    9    5  9.25062E+03 0.00436 
   94    1    1    1    1    1    1    1    9    6  0.00000E+00 0.00000 
   95    1    1    1    1    1    1    1    9    7  9.06162E+03 0.00442 
   96    1    1    1    1    1    1    1    9    8  9.02377E+03 0.00433 
   97    1    1    1    1    1    1    1    9    9  0.00000E+00 0.00000 
   98    1    1    1    1    1    1    1    9   10  9.30130E+03 0.00453 
   99    1    1    1    1    1    1    1    9   11  9.28353E+03 0.00434 
  100    1    1    1    1    1    1    1   10    1  0.00000E+00 0.00000 
  101    1    1    1    1    1    1    1   10    2  9.38916E+03 0.00429 
  102    1    1    1    1    1    1    1   10    3  9.24811E+03 0.00440 
  103    1    1    1    1    1    1    1   10    4  0.00000E+00 0.00000 
  104    1    1    1    1    1    1    1   10    5  9.05159E+03 0.00448 
  105    1    1    1    1    1    1    1   10    6  8.94153E+03 0.00445 
  106    1    1    1    1    1    1    1   10    7  0.00000E+00 0.00000 
  107    1    1    1    1    1    1    1   10    8  9.12325E+03 0.00436 
  108    1    1    1    1    1    1    1   10    9  0.00000E+00 0.00000 
  109    1    1    1    1    1    1    1   10   10  0.00000E+00 0.00000 
