
ZAI = [
922350
922380
666
0
];

NAMES = [
'U235            '
'U238            '
'lost            '
'total           '
];

i922350 = 1; iU235             = 1;
i922380 = 2; iU238             = 2;
iLOST    = 3;
iTOT     = 4;

MAT_un_VOLUME = [ 2.59310E+05 2.59310E+05 ];

MAT_un_BURNUP = [ 0.00000E+00 4.42049E+01 ];

MAT_un_ADENS = [
4.83387E-03 3.47481E-03 % U235
1.93936E-02 1.88480E-02 % U238
0.00000E+00 4.31400E-30 % lost data
7.26897E-02 7.38355E-02 % total
];

MAT_un_MDENS = [
1.88669E+00 1.35624E+00 % U235
7.66628E+00 7.45058E+00 % U238
0.00000E+00 0.00000E+00 % lost data
1.08000E+01 1.07985E+01 % total
];

MAT_un_A = [
3.91189E+10 2.81205E+10 % U235
2.47227E+10 2.40271E+10 % U238
0.00000E+00 0.00000E+00 % lost data
6.38417E+10 3.27420E+18 % total
];

MAT_un_H = [
2.93251E-02 2.10803E-02 % U235
1.69139E-02 1.64380E-02 % U238
0.00000E+00 0.00000E+00 % lost data
4.62390E-02 9.63288E+05 % total
];

MAT_un_SF = [
2.81656E+00 2.02468E+00 % U235
1.34986E+04 1.31188E+04 % U238
0.00000E+00 0.00000E+00 % lost data
1.35014E+04 1.12201E+08 % total
];

MAT_un_GSRC = [
4.94270E+10 3.55305E+10 % U235
2.18929E+09 2.12769E+09 % U238
0.00000E+00 0.00000E+00 % lost data
5.16163E+10 3.51804E+18 % total
];

MAT_un_ING_TOX = [
1.83859E+03 1.32167E+03 % U235
1.11252E+03 1.08122E+03 % U238
0.00000E+00 0.00000E+00 % lost data
2.95111E+03 2.23854E+09 % total
];

MAT_un_INH_TOX = [
3.32511E+05 2.39025E+05 % U235
1.97782E+05 1.92217E+05 % U238
0.00000E+00 0.00000E+00 % lost data
5.30293E+05 8.25297E+10 % total
];

TOT_VOLUME = [ 2.59310E+05 2.59310E+05 ];

TOT_BURNUP = [ 0.00000E+00 4.42049E+01 ];

TOT_ADENS = [
4.83387E-03 3.47481E-03 % U235
1.93936E-02 1.88480E-02 % U238
0.00000E+00 4.31400E-30 % lost data
7.26897E-02 7.38355E-02 % total
];

TOT_MASS = [
4.89237E+05 3.51687E+05 % U235
1.98794E+06 1.93201E+06 % U238
0.00000E+00 0.00000E+00 % lost data
2.80055E+06 2.80017E+06 % total
];

TOT_A = [
3.91189E+10 2.81205E+10 % U235
2.47227E+10 2.40271E+10 % U238
0.00000E+00 0.00000E+00 % lost data
6.38417E+10 3.27420E+18 % total
];

TOT_H = [
2.93251E-02 2.10803E-02 % U235
1.69139E-02 1.64380E-02 % U238
0.00000E+00 0.00000E+00 % lost data
4.62390E-02 9.63288E+05 % total
];

TOT_SF = [
2.81656E+00 2.02468E+00 % U235
1.34986E+04 1.31188E+04 % U238
0.00000E+00 0.00000E+00 % lost data
1.35014E+04 1.12201E+08 % total
];

TOT_GSRC = [
4.94270E+10 3.55305E+10 % U235
2.18929E+09 2.12769E+09 % U238
0.00000E+00 0.00000E+00 % lost data
5.16163E+10 3.51804E+18 % total
];

TOT_ING_TOX = [
1.83859E+03 1.32167E+03 % U235
1.11252E+03 1.08122E+03 % U238
0.00000E+00 0.00000E+00 % lost data
2.95111E+03 2.23854E+09 % total
];

TOT_INH_TOX = [
3.32511E+05 2.39025E+05 % U235
1.97782E+05 1.92217E+05 % U238
0.00000E+00 0.00000E+00 % lost data
5.30293E+05 8.25297E+10 % total
];

BU = [ 0.00000E+00 4.42035E+01 ];

DAYS = [ 0.00000E+00 7.30000E+03 ];
