
DETassem1 = [
    1    1    1    1    1    1    1    1    1    1  0.00000E+00 0.00000 
    2    1    1    1    1    1    1    1    1    2  0.00000E+00 0.00000 
    3    1    1    1    1    1    1    1    1    3  0.00000E+00 0.00000 
    4    1    1    1    1    1    1    1    1    4  0.00000E+00 0.00000 
    5    1    1    1    1    1    1    1    1    5  0.00000E+00 0.00000 
    6    1    1    1    1    1    1    1    1    6  0.00000E+00 0.00000 
    7    1    1    1    1    1    1    1    1    7  0.00000E+00 0.00000 
    8    1    1    1    1    1    1    1    1    8  1.89921E+04 0.00344 
    9    1    1    1    1    1    1    1    1    9  1.54217E+04 0.00364 
   10    1    1    1    1    1    1    1    1   10  0.00000E+00 0.00000 
   11    1    1    1    1    1    1    1    1   11  1.17937E+04 0.00410 
   12    1    1    1    1    1    1    1    2    1  2.02470E+04 0.00343 
   13    1    1    1    1    1    1    1    2    2  0.00000E+00 0.00000 
   14    1    1    1    1    1    1    1    2    3  0.00000E+00 0.00000 
   15    1    1    1    1    1    1    1    2    4  0.00000E+00 0.00000 
   16    1    1    1    1    1    1    1    2    5  0.00000E+00 0.00000 
   17    1    1    1    1    1    1    1    2    6  2.01712E+04 0.00334 
   18    1    1    1    1    1    1    1    2    7  1.67513E+04 0.00358 
   19    1    1    1    1    1    1    1    2    8  0.00000E+00 0.00000 
   20    1    1    1    1    1    1    1    2    9  0.00000E+00 0.00000 
   21    1    1    1    1    1    1    1    2   10  1.17653E+04 0.00404 
   22    1    1    1    1    1    1    1    2   11  0.00000E+00 0.00000 
   23    1    1    1    1    1    1    1    3    1  1.67537E+04 0.00355 
   24    1    1    1    1    1    1    1    3    2  1.89331E+04 0.00341 
   25    1    1    1    1    1    1    1    3    3  0.00000E+00 0.00000 
   26    1    1    1    1    1    1    1    3    4  1.91880E+04 0.00344 
   27    1    1    1    1    1    1    1    3    5  1.66176E+04 0.00355 
   28    1    1    1    1    1    1    1    3    6  0.00000E+00 0.00000 
   29    1    1    1    1    1    1    1    3    7  1.31477E+04 0.00394 
   30    1    1    1    1    1    1    1    3    8  1.22327E+04 0.00398 
   31    1    1    1    1    1    1    1    3    9  0.00000E+00 0.00000 
   32    1    1    1    1    1    1    1    3   10  1.05590E+04 0.00418 
   33    1    1    1    1    1    1    1    3   11  1.00296E+04 0.00420 
   34    1    1    1    1    1    1    1    4    1  0.00000E+00 0.00000 
   35    1    1    1    1    1    1    1    4    2  1.53801E+04 0.00369 
   36    1    1    1    1    1    1    1    4    3  1.53765E+04 0.00379 
   37    1    1    1    1    1    1    1    4    4  0.00000E+00 0.00000 
   38    1    1    1    1    1    1    1    4    5  1.31744E+04 0.00392 
   39    1    1    1    1    1    1    1    4    6  1.21748E+04 0.00400 
   40    1    1    1    1    1    1    1    4    7  0.00000E+00 0.00000 
   41    1    1    1    1    1    1    1    4    8  1.07720E+04 0.00412 
   42    1    1    1    1    1    1    1    4    9  1.03006E+04 0.00412 
   43    1    1    1    1    1    1    1    4   10  0.00000E+00 0.00000 
   44    1    1    1    1    1    1    1    4   11  9.57275E+03 0.00425 
   45    1    1    1    1    1    1    1    5    1  0.00000E+00 0.00000 
   46    1    1    1    1    1    1    1    5    2  0.00000E+00 0.00000 
   47    1    1    1    1    1    1    1    5    3  0.00000E+00 0.00000 
   48    1    1    1    1    1    1    1    5    4  1.22343E+04 0.00386 
   49    1    1    1    1    1    1    1    5    5  0.00000E+00 0.00000 
   50    1    1    1    1    1    1    1    5    6  1.07761E+04 0.00401 
   51    1    1    1    1    1    1    1    5    7  1.03685E+04 0.00414 
   52    1    1    1    1    1    1    1    5    8  0.00000E+00 0.00000 
   53    1    1    1    1    1    1    1    5    9  9.69444E+03 0.00437 
   54    1    1    1    1    1    1    1    5   10  9.53163E+03 0.00434 
   55    1    1    1    1    1    1    1    5   11  0.00000E+00 0.00000 
   56    1    1    1    1    1    1    1    6    1  1.17047E+04 0.00408 
   57    1    1    1    1    1    1    1    6    2  1.16914E+04 0.00403 
   58    1    1    1    1    1    1    1    6    3  0.00000E+00 0.00000 
   59    1    1    1    1    1    1    1    6    4  1.07646E+04 0.00410 
   60    1    1    1    1    1    1    1    6    5  1.03696E+04 0.00421 
   61    1    1    1    1    1    1    1    6    6  0.00000E+00 0.00000 
   62    1    1    1    1    1    1    1    6    7  9.81764E+03 0.00430 
   63    1    1    1    1    1    1    1    6    8  9.71927E+03 0.00434 
   64    1    1    1    1    1    1    1    6    9  0.00000E+00 0.00000 
   65    1    1    1    1    1    1    1    6   10  9.37735E+03 0.00431 
   66    1    1    1    1    1    1    1    6   11  9.31633E+03 0.00430 
   67    1    1    1    1    1    1    1    7    1  0.00000E+00 0.00000 
   68    1    1    1    1    1    1    1    7    2  1.05163E+04 0.00407 
   69    1    1    1    1    1    1    1    7    3  1.03142E+04 0.00415 
   70    1    1    1    1    1    1    1    7    4  0.00000E+00 0.00000 
   71    1    1    1    1    1    1    1    7    5  9.82136E+03 0.00420 
   72    1    1    1    1    1    1    1    7    6  9.65318E+03 0.00424 
   73    1    1    1    1    1    1    1    7    7  0.00000E+00 0.00000 
   74    1    1    1    1    1    1    1    7    8  0.00000E+00 0.00000 
   75    1    1    1    1    1    1    1    7    9  9.41611E+03 0.00436 
   76    1    1    1    1    1    1    1    7   10  0.00000E+00 0.00000 
   77    1    1    1    1    1    1    1    7   11  9.20144E+03 0.00442 
   78    1    1    1    1    1    1    1    8    1  9.88718E+03 0.00422 
   79    1    1    1    1    1    1    1    8    2  0.00000E+00 0.00000 
   80    1    1    1    1    1    1    1    8    3  9.68500E+03 0.00435 
   81    1    1    1    1    1    1    1    8    4  9.85705E+03 0.00431 
   82    1    1    1    1    1    1    1    8    5  0.00000E+00 0.00000 
   83    1    1    1    1    1    1    1    8    6  9.34147E+03 0.00431 
   84    1    1    1    1    1    1    1    8    7  9.40638E+03 0.00440 
   85    1    1    1    1    1    1    1    8    8  0.00000E+00 0.00000 
   86    1    1    1    1    1    1    1    8    9  9.10852E+03 0.00446 
   87    1    1    1    1    1    1    1    8   10  9.03796E+03 0.00439 
   88    1    1    1    1    1    1    1    8   11  0.00000E+00 0.00000 
   89    1    1    1    1    1    1    1    9    1  9.54401E+03 0.00440 
   90    1    1    1    1    1    1    1    9    2  9.52049E+03 0.00433 
   91    1    1    1    1    1    1    1    9    3  0.00000E+00 0.00000 
   92    1    1    1    1    1    1    1    9    4  0.00000E+00 0.00000 
   93    1    1    1    1    1    1    1    9    5  9.38093E+03 0.00437 
   94    1    1    1    1    1    1    1    9    6  0.00000E+00 0.00000 
   95    1    1    1    1    1    1    1    9    7  8.99881E+03 0.00440 
   96    1    1    1    1    1    1    1    9    8  9.00665E+03 0.00438 
   97    1    1    1    1    1    1    1    9    9  0.00000E+00 0.00000 
   98    1    1    1    1    1    1    1    9   10  8.80820E+03 0.00452 
   99    1    1    1    1    1    1    1    9   11  8.76694E+03 0.00451 
  100    1    1    1    1    1    1    1   10    1  0.00000E+00 0.00000 
  101    1    1    1    1    1    1    1   10    2  9.36715E+03 0.00428 
  102    1    1    1    1    1    1    1   10    3  9.38550E+03 0.00435 
  103    1    1    1    1    1    1    1   10    4  0.00000E+00 0.00000 
  104    1    1    1    1    1    1    1   10    5  9.09939E+03 0.00445 
  105    1    1    1    1    1    1    1   10    6  8.85058E+03 0.00442 
  106    1    1    1    1    1    1    1   10    7  0.00000E+00 0.00000 
  107    1    1    1    1    1    1    1   10    8  8.63445E+03 0.00452 
  108    1    1    1    1    1    1    1   10    9  8.67744E+03 0.00456 
  109    1    1    1    1    1    1    1   10   10  0.00000E+00 0.00000 
