
DETassem1 = [
    1    1    1    1    1    1    1    1    1    1  0.00000E+00 0.00000 
    2    1    1    1    1    1    1    1    1    2  0.00000E+00 0.00000 
    3    1    1    1    1    1    1    1    1    3  0.00000E+00 0.00000 
    4    1    1    1    1    1    1    1    1    4  0.00000E+00 0.00000 
    5    1    1    1    1    1    1    1    1    5  0.00000E+00 0.00000 
    6    1    1    1    1    1    1    1    1    6  0.00000E+00 0.00000 
    7    1    1    1    1    1    1    1    1    7  0.00000E+00 0.00000 
    8    1    1    1    1    1    1    1    1    8  2.01202E+04 0.00337 
    9    1    1    1    1    1    1    1    1    9  0.00000E+00 0.00000 
   10    1    1    1    1    1    1    1    1   10  0.00000E+00 0.00000 
   11    1    1    1    1    1    1    1    1   11  1.16722E+04 0.00410 
   12    1    1    1    1    1    1    1    2    1  2.08544E+04 0.00335 
   13    1    1    1    1    1    1    1    2    2  0.00000E+00 0.00000 
   14    1    1    1    1    1    1    1    2    3  0.00000E+00 0.00000 
   15    1    1    1    1    1    1    1    2    4  0.00000E+00 0.00000 
   16    1    1    1    1    1    1    1    2    5  0.00000E+00 0.00000 
   17    1    1    1    1    1    1    1    2    6  2.07256E+04 0.00328 
   18    1    1    1    1    1    1    1    2    7  1.72591E+04 0.00357 
   19    1    1    1    1    1    1    1    2    8  0.00000E+00 0.00000 
   20    1    1    1    1    1    1    1    2    9  1.33805E+04 0.00383 
   21    1    1    1    1    1    1    1    2   10  1.15937E+04 0.00408 
   22    1    1    1    1    1    1    1    2   11  0.00000E+00 0.00000 
   23    1    1    1    1    1    1    1    3    1  1.71238E+04 0.00362 
   24    1    1    1    1    1    1    1    3    2  2.02722E+04 0.00351 
   25    1    1    1    1    1    1    1    3    3  0.00000E+00 0.00000 
   26    1    1    1    1    1    1    1    3    4  2.01873E+04 0.00342 
   27    1    1    1    1    1    1    1    3    5  1.71570E+04 0.00356 
   28    1    1    1    1    1    1    1    3    6  0.00000E+00 0.00000 
   29    1    1    1    1    1    1    1    3    7  1.34759E+04 0.00395 
   30    1    1    1    1    1    1    1    3    8  1.22615E+04 0.00395 
   31    1    1    1    1    1    1    1    3    9  0.00000E+00 0.00000 
   32    1    1    1    1    1    1    1    3   10  1.04194E+04 0.00422 
   33    1    1    1    1    1    1    1    3   11  9.82922E+03 0.00432 
   34    1    1    1    1    1    1    1    4    1  0.00000E+00 0.00000 
   35    1    1    1    1    1    1    1    4    2  0.00000E+00 0.00000 
   36    1    1    1    1    1    1    1    4    3  0.00000E+00 0.00000 
   37    1    1    1    1    1    1    1    4    4  0.00000E+00 0.00000 
   38    1    1    1    1    1    1    1    4    5  1.34786E+04 0.00385 
   39    1    1    1    1    1    1    1    4    6  1.23570E+04 0.00400 
   40    1    1    1    1    1    1    1    4    7  0.00000E+00 0.00000 
   41    1    1    1    1    1    1    1    4    8  1.07802E+04 0.00417 
   42    1    1    1    1    1    1    1    4    9  1.01256E+04 0.00427 
   43    1    1    1    1    1    1    1    4   10  0.00000E+00 0.00000 
   44    1    1    1    1    1    1    1    4   11  9.36945E+03 0.00442 
   45    1    1    1    1    1    1    1    5    1  1.34172E+04 0.00396 
   46    1    1    1    1    1    1    1    5    2  0.00000E+00 0.00000 
   47    1    1    1    1    1    1    1    5    3  1.33856E+04 0.00389 
   48    1    1    1    1    1    1    1    5    4  1.21920E+04 0.00399 
   49    1    1    1    1    1    1    1    5    5  0.00000E+00 0.00000 
   50    1    1    1    1    1    1    1    5    6  1.09081E+04 0.00406 
   51    1    1    1    1    1    1    1    5    7  1.05593E+04 0.00421 
   52    1    1    1    1    1    1    1    5    8  0.00000E+00 0.00000 
   53    1    1    1    1    1    1    1    5    9  9.68426E+03 0.00430 
   54    1    1    1    1    1    1    1    5   10  9.36905E+03 0.00428 
   55    1    1    1    1    1    1    1    5   11  0.00000E+00 0.00000 
   56    1    1    1    1    1    1    1    6    1  1.16435E+04 0.00401 
   57    1    1    1    1    1    1    1    6    2  1.16816E+04 0.00412 
   58    1    1    1    1    1    1    1    6    3  0.00000E+00 0.00000 
   59    1    1    1    1    1    1    1    6    4  1.07876E+04 0.00420 
   60    1    1    1    1    1    1    1    6    5  1.05260E+04 0.00418 
   61    1    1    1    1    1    1    1    6    6  0.00000E+00 0.00000 
   62    1    1    1    1    1    1    1    6    7  1.01046E+04 0.00427 
   63    1    1    1    1    1    1    1    6    8  9.74758E+03 0.00427 
   64    1    1    1    1    1    1    1    6    9  0.00000E+00 0.00000 
   65    1    1    1    1    1    1    1    6   10  9.13926E+03 0.00437 
   66    1    1    1    1    1    1    1    6   11  8.94286E+03 0.00434 
   67    1    1    1    1    1    1    1    7    1  0.00000E+00 0.00000 
   68    1    1    1    1    1    1    1    7    2  1.04081E+04 0.00417 
   69    1    1    1    1    1    1    1    7    3  1.01714E+04 0.00424 
   70    1    1    1    1    1    1    1    7    4  0.00000E+00 0.00000 
   71    1    1    1    1    1    1    1    7    5  1.00505E+04 0.00416 
   72    1    1    1    1    1    1    1    7    6  0.00000E+00 0.00000 
   73    1    1    1    1    1    1    1    7    7  0.00000E+00 0.00000 
   74    1    1    1    1    1    1    1    7    8  9.40368E+03 0.00431 
   75    1    1    1    1    1    1    1    7    9  9.20128E+03 0.00431 
   76    1    1    1    1    1    1    1    7   10  0.00000E+00 0.00000 
   77    1    1    1    1    1    1    1    7   11  8.86387E+03 0.00442 
   78    1    1    1    1    1    1    1    8    1  9.71553E+03 0.00434 
   79    1    1    1    1    1    1    1    8    2  0.00000E+00 0.00000 
   80    1    1    1    1    1    1    1    8    3  9.54099E+03 0.00419 
   81    1    1    1    1    1    1    1    8    4  9.66724E+03 0.00420 
   82    1    1    1    1    1    1    1    8    5  0.00000E+00 0.00000 
   83    1    1    1    1    1    1    1    8    6  9.79692E+03 0.00423 
   84    1    1    1    1    1    1    1    8    7  9.68235E+03 0.00426 
   85    1    1    1    1    1    1    1    8    8  0.00000E+00 0.00000 
   86    1    1    1    1    1    1    1    8    9  9.11915E+03 0.00454 
   87    1    1    1    1    1    1    1    8   10  8.97384E+03 0.00441 
   88    1    1    1    1    1    1    1    8   11  0.00000E+00 0.00000 
   89    1    1    1    1    1    1    1    9    1  9.40356E+03 0.00441 
   90    1    1    1    1    1    1    1    9    2  9.40461E+03 0.00435 
   91    1    1    1    1    1    1    1    9    3  0.00000E+00 0.00000 
   92    1    1    1    1    1    1    1    9    4  9.44903E+03 0.00444 
   93    1    1    1    1    1    1    1    9    5  9.68296E+03 0.00425 
   94    1    1    1    1    1    1    1    9    6  0.00000E+00 0.00000 
   95    1    1    1    1    1    1    1    9    7  0.00000E+00 0.00000 
   96    1    1    1    1    1    1    1    9    8  9.22750E+03 0.00438 
   97    1    1    1    1    1    1    1    9    9  0.00000E+00 0.00000 
   98    1    1    1    1    1    1    1    9   10  8.87254E+03 0.00448 
   99    1    1    1    1    1    1    1    9   11  9.02657E+03 0.00456 
  100    1    1    1    1    1    1    1   10    1  0.00000E+00 0.00000 
  101    1    1    1    1    1    1    1   10    2  9.12068E+03 0.00432 
  102    1    1    1    1    1    1    1   10    3  9.21212E+03 0.00434 
  103    1    1    1    1    1    1    1   10    4  0.00000E+00 0.00000 
  104    1    1    1    1    1    1    1   10    5  0.00000E+00 0.00000 
  105    1    1    1    1    1    1    1   10    6  9.55538E+03 0.00444 
  106    1    1    1    1    1    1    1   10    7  0.00000E+00 0.00000 
  107    1    1    1    1    1    1    1   10    8  8.81481E+03 0.00446 
  108    1    1    1    1    1    1    1   10    9  8.76288E+03 0.00457 
  109    1    1    1    1    1    1    1   10   10  0.00000E+00 0.00000 
