
ZAI = [
922350
922380
666
0
];

NAMES = [
'U235            '
'U238            '
'lost            '
'total           '
];

i922350 = 1; iU235             = 1;
i922380 = 2; iU238             = 2;
iLOST    = 3;
iTOT     = 4;

MAT_un_VOLUME = [ 2.52607E+05 2.52607E+05 ];

MAT_un_BURNUP = [ 0.00000E+00 4.53778E+01 ];

MAT_un_ADENS = [
4.83387E-03 3.44319E-03 % U235
1.93936E-02 1.88380E-02 % U238
0.00000E+00 4.27897E-30 % lost data
7.26897E-02 7.38662E-02 % total
];

MAT_un_MDENS = [
1.88669E+00 1.34390E+00 % U235
7.66628E+00 7.44664E+00 % U238
0.00000E+00 0.00000E+00 % lost data
1.08000E+01 1.07985E+01 % total
];

MAT_un_A = [
3.81077E+10 2.71443E+10 % U235
2.40837E+10 2.33937E+10 % U238
0.00000E+00 0.00000E+00 % lost data
6.21914E+10 3.27028E+18 % total
];

MAT_un_H = [
2.85671E-02 2.03485E-02 % U235
1.64767E-02 1.60046E-02 % U238
0.00000E+00 0.00000E+00 % lost data
4.50437E-02 9.62306E+05 % total
];

MAT_un_SF = [
2.74376E+00 1.95439E+00 % U235
1.31497E+04 1.27729E+04 % U238
0.00000E+00 0.00000E+00 % lost data
1.31524E+04 1.19152E+08 % total
];

MAT_un_GSRC = [
4.81494E+10 3.42970E+10 % U235
2.13270E+09 2.07159E+09 % U238
0.00000E+00 0.00000E+00 % lost data
5.02820E+10 3.51293E+18 % total
];

MAT_un_ING_TOX = [
1.79106E+03 1.27578E+03 % U235
1.08377E+03 1.05271E+03 % U238
0.00000E+00 0.00000E+00 % lost data
2.87483E+03 2.24350E+09 % total
];

MAT_un_INH_TOX = [
3.23916E+05 2.30727E+05 % U235
1.92669E+05 1.87149E+05 % U238
0.00000E+00 0.00000E+00 % lost data
5.16585E+05 8.47374E+10 % total
];

TOT_VOLUME = [ 2.52607E+05 2.52607E+05 ];

TOT_BURNUP = [ 0.00000E+00 4.53778E+01 ];

TOT_ADENS = [
4.83387E-03 3.44319E-03 % U235
1.93936E-02 1.88380E-02 % U238
0.00000E+00 4.27897E-30 % lost data
7.26897E-02 7.38662E-02 % total
];

TOT_MASS = [
4.76591E+05 3.39478E+05 % U235
1.93655E+06 1.88107E+06 % U238
0.00000E+00 0.00000E+00 % lost data
2.72815E+06 2.72777E+06 % total
];

TOT_A = [
3.81077E+10 2.71443E+10 % U235
2.40837E+10 2.33937E+10 % U238
0.00000E+00 0.00000E+00 % lost data
6.21914E+10 3.27028E+18 % total
];

TOT_H = [
2.85671E-02 2.03485E-02 % U235
1.64767E-02 1.60046E-02 % U238
0.00000E+00 0.00000E+00 % lost data
4.50437E-02 9.62306E+05 % total
];

TOT_SF = [
2.74376E+00 1.95439E+00 % U235
1.31497E+04 1.27729E+04 % U238
0.00000E+00 0.00000E+00 % lost data
1.31524E+04 1.19152E+08 % total
];

TOT_GSRC = [
4.81494E+10 3.42970E+10 % U235
2.13270E+09 2.07159E+09 % U238
0.00000E+00 0.00000E+00 % lost data
5.02820E+10 3.51293E+18 % total
];

TOT_ING_TOX = [
1.79106E+03 1.27578E+03 % U235
1.08377E+03 1.05271E+03 % U238
0.00000E+00 0.00000E+00 % lost data
2.87483E+03 2.24350E+09 % total
];

TOT_INH_TOX = [
3.23916E+05 2.30727E+05 % U235
1.92669E+05 1.87149E+05 % U238
0.00000E+00 0.00000E+00 % lost data
5.16585E+05 8.47374E+10 % total
];

BU = [ 0.00000E+00 4.53765E+01 ];

DAYS = [ 0.00000E+00 7.30000E+03 ];
