
ZAI = [
922350
922380
666
0
];

NAMES = [
'U235            '
'U238            '
'lost            '
'total           '
];

i922350 = 1; iU235             = 1;
i922380 = 2; iU238             = 2;
iLOST    = 3;
iTOT     = 4;

MAT_un_VOLUME = [ 2.62302E+05 2.62302E+05 ];

MAT_un_BURNUP = [ 0.00000E+00 4.37007E+01 ];

MAT_un_ADENS = [
4.83387E-03 3.48791E-03 % U235
1.93936E-02 1.88503E-02 % U238
0.00000E+00 4.46632E-30 % lost data
7.26897E-02 7.38223E-02 % total
];

MAT_un_MDENS = [
1.88669E+00 1.36135E+00 % U235
7.66628E+00 7.45149E+00 % U238
0.00000E+00 0.00000E+00 % lost data
1.08000E+01 1.07986E+01 % total
];

MAT_un_A = [
3.95703E+10 2.85522E+10 % U235
2.50080E+10 2.43073E+10 % U238
0.00000E+00 0.00000E+00 % lost data
6.45783E+10 3.27758E+18 % total
];

MAT_un_H = [
2.96635E-02 2.14039E-02 % U235
1.71090E-02 1.66297E-02 % U238
0.00000E+00 0.00000E+00 % lost data
4.67725E-02 9.63792E+05 % total
];

MAT_un_SF = [
2.84906E+00 2.05576E+00 % U235
1.36544E+04 1.32718E+04 % U238
0.00000E+00 0.00000E+00 % lost data
1.36572E+04 1.08577E+08 % total
];

MAT_un_GSRC = [
4.99973E+10 3.60759E+10 % U235
2.21455E+09 2.15250E+09 % U238
0.00000E+00 0.00000E+00 % lost data
5.22119E+10 3.52241E+18 % total
];

MAT_un_ING_TOX = [
1.85980E+03 1.34195E+03 % U235
1.12536E+03 1.09383E+03 % U238
0.00000E+00 0.00000E+00 % lost data
2.98516E+03 2.23707E+09 % total
];

MAT_un_INH_TOX = [
3.36347E+05 2.42694E+05 % U235
2.00064E+05 1.94459E+05 % U238
0.00000E+00 0.00000E+00 % lost data
5.36411E+05 8.15327E+10 % total
];

TOT_VOLUME = [ 2.62302E+05 2.62302E+05 ];

TOT_BURNUP = [ 0.00000E+00 4.37007E+01 ];

TOT_ADENS = [
4.83387E-03 3.48791E-03 % U235
1.93936E-02 1.88503E-02 % U238
0.00000E+00 4.46632E-30 % lost data
7.26897E-02 7.38223E-02 % total
];

TOT_MASS = [
4.94882E+05 3.57085E+05 % U235
2.01088E+06 1.95454E+06 % U238
0.00000E+00 0.00000E+00 % lost data
2.83286E+06 2.83248E+06 % total
];

TOT_A = [
3.95703E+10 2.85522E+10 % U235
2.50080E+10 2.43073E+10 % U238
0.00000E+00 0.00000E+00 % lost data
6.45783E+10 3.27758E+18 % total
];

TOT_H = [
2.96635E-02 2.14039E-02 % U235
1.71090E-02 1.66297E-02 % U238
0.00000E+00 0.00000E+00 % lost data
4.67725E-02 9.63792E+05 % total
];

TOT_SF = [
2.84906E+00 2.05576E+00 % U235
1.36544E+04 1.32718E+04 % U238
0.00000E+00 0.00000E+00 % lost data
1.36572E+04 1.08577E+08 % total
];

TOT_GSRC = [
4.99973E+10 3.60759E+10 % U235
2.21455E+09 2.15250E+09 % U238
0.00000E+00 0.00000E+00 % lost data
5.22119E+10 3.52241E+18 % total
];

TOT_ING_TOX = [
1.85980E+03 1.34195E+03 % U235
1.12536E+03 1.09383E+03 % U238
0.00000E+00 0.00000E+00 % lost data
2.98516E+03 2.23707E+09 % total
];

TOT_INH_TOX = [
3.36347E+05 2.42694E+05 % U235
2.00064E+05 1.94459E+05 % U238
0.00000E+00 0.00000E+00 % lost data
5.36411E+05 8.15327E+10 % total
];

BU = [ 0.00000E+00 4.36993E+01 ];

DAYS = [ 0.00000E+00 7.30000E+03 ];
