
DETassem1 = [
    1    1    1    1    1    1    1    1    1    1  0.00000E+00 0.00000 
    2    1    1    1    1    1    1    1    1    2  0.00000E+00 0.00000 
    3    1    1    1    1    1    1    1    1    3  0.00000E+00 0.00000 
    4    1    1    1    1    1    1    1    1    4  0.00000E+00 0.00000 
    5    1    1    1    1    1    1    1    1    5  0.00000E+00 0.00000 
    6    1    1    1    1    1    1    1    1    6  0.00000E+00 0.00000 
    7    1    1    1    1    1    1    1    1    7  0.00000E+00 0.00000 
    8    1    1    1    1    1    1    1    1    8  1.91890E+04 0.00360 
    9    1    1    1    1    1    1    1    1    9  1.47203E+04 0.00393 
   10    1    1    1    1    1    1    1    1   10  0.00000E+00 0.00000 
   11    1    1    1    1    1    1    1    1   11  1.15629E+04 0.00422 
   12    1    1    1    1    1    1    1    2    1  2.05695E+04 0.00343 
   13    1    1    1    1    1    1    1    2    2  0.00000E+00 0.00000 
   14    1    1    1    1    1    1    1    2    3  0.00000E+00 0.00000 
   15    1    1    1    1    1    1    1    2    4  0.00000E+00 0.00000 
   16    1    1    1    1    1    1    1    2    5  0.00000E+00 0.00000 
   17    1    1    1    1    1    1    1    2    6  2.06526E+04 0.00349 
   18    1    1    1    1    1    1    1    2    7  1.66303E+04 0.00377 
   19    1    1    1    1    1    1    1    2    8  0.00000E+00 0.00000 
   20    1    1    1    1    1    1    1    2    9  1.22636E+04 0.00407 
   21    1    1    1    1    1    1    1    2   10  1.15789E+04 0.00428 
   22    1    1    1    1    1    1    1    2   11  0.00000E+00 0.00000 
   23    1    1    1    1    1    1    1    3    1  1.64719E+04 0.00377 
   24    1    1    1    1    1    1    1    3    2  1.90387E+04 0.00366 
   25    1    1    1    1    1    1    1    3    3  0.00000E+00 0.00000 
   26    1    1    1    1    1    1    1    3    4  1.89405E+04 0.00363 
   27    1    1    1    1    1    1    1    3    5  1.65410E+04 0.00374 
   28    1    1    1    1    1    1    1    3    6  0.00000E+00 0.00000 
   29    1    1    1    1    1    1    1    3    7  1.29664E+04 0.00413 
   30    1    1    1    1    1    1    1    3    8  1.19157E+04 0.00429 
   31    1    1    1    1    1    1    1    3    9  0.00000E+00 0.00000 
   32    1    1    1    1    1    1    1    3   10  1.16435E+04 0.00419 
   33    1    1    1    1    1    1    1    3   11  0.00000E+00 0.00000 
   34    1    1    1    1    1    1    1    4    1  0.00000E+00 0.00000 
   35    1    1    1    1    1    1    1    4    2  1.47340E+04 0.00401 
   36    1    1    1    1    1    1    1    4    3  1.48506E+04 0.00387 
   37    1    1    1    1    1    1    1    4    4  0.00000E+00 0.00000 
   38    1    1    1    1    1    1    1    4    5  1.28036E+04 0.00412 
   39    1    1    1    1    1    1    1    4    6  1.20216E+04 0.00421 
   40    1    1    1    1    1    1    1    4    7  0.00000E+00 0.00000 
   41    1    1    1    1    1    1    1    4    8  1.12013E+04 0.00424 
   42    1    1    1    1    1    1    1    4    9  0.00000E+00 0.00000 
   43    1    1    1    1    1    1    1    4   10  0.00000E+00 0.00000 
   44    1    1    1    1    1    1    1    4   11  1.10575E+04 0.00431 
   45    1    1    1    1    1    1    1    5    1  1.23327E+04 0.00414 
   46    1    1    1    1    1    1    1    5    2  0.00000E+00 0.00000 
   47    1    1    1    1    1    1    1    5    3  1.22771E+04 0.00407 
   48    1    1    1    1    1    1    1    5    4  1.19020E+04 0.00423 
   49    1    1    1    1    1    1    1    5    5  0.00000E+00 0.00000 
   50    1    1    1    1    1    1    1    5    6  1.08519E+04 0.00433 
   51    1    1    1    1    1    1    1    5    7  1.06972E+04 0.00441 
   52    1    1    1    1    1    1    1    5    8  0.00000E+00 0.00000 
   53    1    1    1    1    1    1    1    5    9  1.08015E+04 0.00429 
   54    1    1    1    1    1    1    1    5   10  0.00000E+00 0.00000 
   55    1    1    1    1    1    1    1    5   11  0.00000E+00 0.00000 
   56    1    1    1    1    1    1    1    6    1  1.15472E+04 0.00432 
   57    1    1    1    1    1    1    1    6    2  1.16303E+04 0.00427 
   58    1    1    1    1    1    1    1    6    3  0.00000E+00 0.00000 
   59    1    1    1    1    1    1    1    6    4  1.11462E+04 0.00423 
   60    1    1    1    1    1    1    1    6    5  1.06082E+04 0.00433 
   61    1    1    1    1    1    1    1    6    6  0.00000E+00 0.00000 
   62    1    1    1    1    1    1    1    6    7  1.05020E+04 0.00423 
   63    1    1    1    1    1    1    1    6    8  1.01038E+04 0.00435 
   64    1    1    1    1    1    1    1    6    9  0.00000E+00 0.00000 
   65    1    1    1    1    1    1    1    6   10  9.99634E+03 0.00446 
   66    1    1    1    1    1    1    1    6   11  9.68289E+03 0.00455 
   67    1    1    1    1    1    1    1    7    1  0.00000E+00 0.00000 
   68    1    1    1    1    1    1    1    7    2  1.15282E+04 0.00422 
   69    1    1    1    1    1    1    1    7    3  0.00000E+00 0.00000 
   70    1    1    1    1    1    1    1    7    4  0.00000E+00 0.00000 
   71    1    1    1    1    1    1    1    7    5  1.04282E+04 0.00450 
   72    1    1    1    1    1    1    1    7    6  0.00000E+00 0.00000 
   73    1    1    1    1    1    1    1    7    7  0.00000E+00 0.00000 
   74    1    1    1    1    1    1    1    7    8  9.73002E+03 0.00447 
   75    1    1    1    1    1    1    1    7    9  9.38918E+03 0.00448 
   76    1    1    1    1    1    1    1    7   10  0.00000E+00 0.00000 
   77    1    1    1    1    1    1    1    7   11  9.17917E+03 0.00461 
   78    1    1    1    1    1    1    1    8    1  0.00000E+00 0.00000 
   79    1    1    1    1    1    1    1    8    2  0.00000E+00 0.00000 
   80    1    1    1    1    1    1    1    8    3  1.08687E+04 0.00437 
   81    1    1    1    1    1    1    1    8    4  1.00964E+04 0.00439 
   82    1    1    1    1    1    1    1    8    5  0.00000E+00 0.00000 
   83    1    1    1    1    1    1    1    8    6  0.00000E+00 0.00000 
   84    1    1    1    1    1    1    1    8    7  9.63789E+03 0.00448 
   85    1    1    1    1    1    1    1    8    8  0.00000E+00 0.00000 
   86    1    1    1    1    1    1    1    8    9  9.02354E+03 0.00460 
   87    1    1    1    1    1    1    1    8   10  8.92225E+03 0.00460 
   88    1    1    1    1    1    1    1    8   11  0.00000E+00 0.00000 
   89    1    1    1    1    1    1    1    9    1  1.10924E+04 0.00436 
   90    1    1    1    1    1    1    1    9    2  0.00000E+00 0.00000 
   91    1    1    1    1    1    1    1    9    3  0.00000E+00 0.00000 
   92    1    1    1    1    1    1    1    9    4  9.68751E+03 0.00450 
   93    1    1    1    1    1    1    1    9    5  9.67869E+03 0.00454 
   94    1    1    1    1    1    1    1    9    6  0.00000E+00 0.00000 
   95    1    1    1    1    1    1    1    9    7  9.06098E+03 0.00456 
   96    1    1    1    1    1    1    1    9    8  8.89256E+03 0.00465 
   97    1    1    1    1    1    1    1    9    9  0.00000E+00 0.00000 
   98    1    1    1    1    1    1    1    9   10  8.71755E+03 0.00481 
   99    1    1    1    1    1    1    1    9   11  8.73896E+03 0.00468 
  100    1    1    1    1    1    1    1   10    1  0.00000E+00 0.00000 
  101    1    1    1    1    1    1    1   10    2  9.98228E+03 0.00452 
  102    1    1    1    1    1    1    1   10    3  9.42841E+03 0.00454 
  103    1    1    1    1    1    1    1   10    4  0.00000E+00 0.00000 
  104    1    1    1    1    1    1    1   10    5  9.03524E+03 0.00457 
  105    1    1    1    1    1    1    1   10    6  8.90632E+03 0.00460 
  106    1    1    1    1    1    1    1   10    7  0.00000E+00 0.00000 
  107    1    1    1    1    1    1    1   10    8  8.71460E+03 0.00471 
  108    1    1    1    1    1    1    1   10    9  8.70728E+03 0.00473 
  109    1    1    1    1    1    1    1   10   10  0.00000E+00 0.00000 
