
DETassem1 = [
    1    1    1    1    1    1    1    1    1    1  0.00000E+00 0.00000 
    2    1    1    1    1    1    1    1    1    2  0.00000E+00 0.00000 
    3    1    1    1    1    1    1    1    1    3  0.00000E+00 0.00000 
    4    1    1    1    1    1    1    1    1    4  0.00000E+00 0.00000 
    5    1    1    1    1    1    1    1    1    5  0.00000E+00 0.00000 
    6    1    1    1    1    1    1    1    1    6  0.00000E+00 0.00000 
    7    1    1    1    1    1    1    1    1    7  0.00000E+00 0.00000 
    8    1    1    1    1    1    1    1    1    8  1.81112E+04 0.00349 
    9    1    1    1    1    1    1    1    1    9  1.41429E+04 0.00385 
   10    1    1    1    1    1    1    1    1   10  0.00000E+00 0.00000 
   11    1    1    1    1    1    1    1    1   11  1.07162E+04 0.00420 
   12    1    1    1    1    1    1    1    2    1  1.95057E+04 0.00342 
   13    1    1    1    1    1    1    1    2    2  0.00000E+00 0.00000 
   14    1    1    1    1    1    1    1    2    3  0.00000E+00 0.00000 
   15    1    1    1    1    1    1    1    2    4  0.00000E+00 0.00000 
   16    1    1    1    1    1    1    1    2    5  0.00000E+00 0.00000 
   17    1    1    1    1    1    1    1    2    6  1.94503E+04 0.00341 
   18    1    1    1    1    1    1    1    2    7  1.59456E+04 0.00372 
   19    1    1    1    1    1    1    1    2    8  0.00000E+00 0.00000 
   20    1    1    1    1    1    1    1    2    9  1.17942E+04 0.00412 
   21    1    1    1    1    1    1    1    2   10  1.07091E+04 0.00421 
   22    1    1    1    1    1    1    1    2   11  0.00000E+00 0.00000 
   23    1    1    1    1    1    1    1    3    1  1.58299E+04 0.00367 
   24    1    1    1    1    1    1    1    3    2  1.82339E+04 0.00353 
   25    1    1    1    1    1    1    1    3    3  0.00000E+00 0.00000 
   26    1    1    1    1    1    1    1    3    4  1.80949E+04 0.00349 
   27    1    1    1    1    1    1    1    3    5  1.59653E+04 0.00366 
   28    1    1    1    1    1    1    1    3    6  0.00000E+00 0.00000 
   29    1    1    1    1    1    1    1    3    7  1.25856E+04 0.00390 
   30    1    1    1    1    1    1    1    3    8  1.13901E+04 0.00415 
   31    1    1    1    1    1    1    1    3    9  0.00000E+00 0.00000 
   32    1    1    1    1    1    1    1    3   10  1.00266E+04 0.00430 
   33    1    1    1    1    1    1    1    3   11  9.68360E+03 0.00433 
   34    1    1    1    1    1    1    1    4    1  0.00000E+00 0.00000 
   35    1    1    1    1    1    1    1    4    2  1.42647E+04 0.00381 
   36    1    1    1    1    1    1    1    4    3  1.43163E+04 0.00384 
   37    1    1    1    1    1    1    1    4    4  0.00000E+00 0.00000 
   38    1    1    1    1    1    1    1    4    5  1.25354E+04 0.00401 
   39    1    1    1    1    1    1    1    4    6  1.16808E+04 0.00405 
   40    1    1    1    1    1    1    1    4    7  0.00000E+00 0.00000 
   41    1    1    1    1    1    1    1    4    8  1.03192E+04 0.00427 
   42    1    1    1    1    1    1    1    4    9  9.91285E+03 0.00416 
   43    1    1    1    1    1    1    1    4   10  0.00000E+00 0.00000 
   44    1    1    1    1    1    1    1    4   11  9.58099E+03 0.00434 
   45    1    1    1    1    1    1    1    5    1  1.18697E+04 0.00405 
   46    1    1    1    1    1    1    1    5    2  0.00000E+00 0.00000 
   47    1    1    1    1    1    1    1    5    3  1.17451E+04 0.00401 
   48    1    1    1    1    1    1    1    5    4  1.14197E+04 0.00403 
   49    1    1    1    1    1    1    1    5    5  0.00000E+00 0.00000 
   50    1    1    1    1    1    1    1    5    6  1.04972E+04 0.00419 
   51    1    1    1    1    1    1    1    5    7  1.01025E+04 0.00428 
   52    1    1    1    1    1    1    1    5    8  0.00000E+00 0.00000 
   53    1    1    1    1    1    1    1    5    9  9.69485E+03 0.00435 
   54    1    1    1    1    1    1    1    5   10  9.59593E+03 0.00427 
   55    1    1    1    1    1    1    1    5   11  0.00000E+00 0.00000 
   56    1    1    1    1    1    1    1    6    1  1.07188E+04 0.00420 
   57    1    1    1    1    1    1    1    6    2  1.07034E+04 0.00402 
   58    1    1    1    1    1    1    1    6    3  0.00000E+00 0.00000 
   59    1    1    1    1    1    1    1    6    4  1.03650E+04 0.00417 
   60    1    1    1    1    1    1    1    6    5  1.02341E+04 0.00417 
   61    1    1    1    1    1    1    1    6    6  0.00000E+00 0.00000 
   62    1    1    1    1    1    1    1    6    7  9.78231E+03 0.00439 
   63    1    1    1    1    1    1    1    6    8  9.79615E+03 0.00430 
   64    1    1    1    1    1    1    1    6    9  0.00000E+00 0.00000 
   65    1    1    1    1    1    1    1    6   10  9.95288E+03 0.00425 
   66    1    1    1    1    1    1    1    6   11  0.00000E+00 0.00000 
   67    1    1    1    1    1    1    1    7    1  0.00000E+00 0.00000 
   68    1    1    1    1    1    1    1    7    2  9.99399E+03 0.00431 
   69    1    1    1    1    1    1    1    7    3  9.95964E+03 0.00438 
   70    1    1    1    1    1    1    1    7    4  0.00000E+00 0.00000 
   71    1    1    1    1    1    1    1    7    5  9.78208E+03 0.00427 
   72    1    1    1    1    1    1    1    7    6  9.81540E+03 0.00419 
   73    1    1    1    1    1    1    1    7    7  0.00000E+00 0.00000 
   74    1    1    1    1    1    1    1    7    8  9.88401E+03 0.00426 
   75    1    1    1    1    1    1    1    7    9  0.00000E+00 0.00000 
   76    1    1    1    1    1    1    1    7   10  0.00000E+00 0.00000 
   77    1    1    1    1    1    1    1    7   11  9.42983E+03 0.00434 
   78    1    1    1    1    1    1    1    8    1  9.69878E+03 0.00438 
   79    1    1    1    1    1    1    1    8    2  0.00000E+00 0.00000 
   80    1    1    1    1    1    1    1    8    3  9.67185E+03 0.00433 
   81    1    1    1    1    1    1    1    8    4  9.71965E+03 0.00429 
   82    1    1    1    1    1    1    1    8    5  0.00000E+00 0.00000 
   83    1    1    1    1    1    1    1    8    6  9.97044E+03 0.00428 
   84    1    1    1    1    1    1    1    8    7  0.00000E+00 0.00000 
   85    1    1    1    1    1    1    1    8    8  0.00000E+00 0.00000 
   86    1    1    1    1    1    1    1    8    9  9.57849E+03 0.00437 
   87    1    1    1    1    1    1    1    8   10  9.18221E+03 0.00441 
   88    1    1    1    1    1    1    1    8   11  0.00000E+00 0.00000 
   89    1    1    1    1    1    1    1    9    1  9.55685E+03 0.00430 
   90    1    1    1    1    1    1    1    9    2  9.70559E+03 0.00433 
   91    1    1    1    1    1    1    1    9    3  0.00000E+00 0.00000 
   92    1    1    1    1    1    1    1    9    4  9.88530E+03 0.00434 
   93    1    1    1    1    1    1    1    9    5  0.00000E+00 0.00000 
   94    1    1    1    1    1    1    1    9    6  0.00000E+00 0.00000 
   95    1    1    1    1    1    1    1    9    7  9.47181E+03 0.00446 
   96    1    1    1    1    1    1    1    9    8  9.23679E+03 0.00450 
   97    1    1    1    1    1    1    1    9    9  0.00000E+00 0.00000 
   98    1    1    1    1    1    1    1    9   10  8.74203E+03 0.00461 
   99    1    1    1    1    1    1    1    9   11  8.53845E+03 0.00458 
  100    1    1    1    1    1    1    1   10    1  0.00000E+00 0.00000 
  101    1    1    1    1    1    1    1   10    2  9.89538E+03 0.00429 
  102    1    1    1    1    1    1    1   10    3  0.00000E+00 0.00000 
  103    1    1    1    1    1    1    1   10    4  0.00000E+00 0.00000 
  104    1    1    1    1    1    1    1   10    5  9.58515E+03 0.00460 
  105    1    1    1    1    1    1    1   10    6  9.23262E+03 0.00436 
  106    1    1    1    1    1    1    1   10    7  0.00000E+00 0.00000 
  107    1    1    1    1    1    1    1   10    8  8.81495E+03 0.00445 
  108    1    1    1    1    1    1    1   10    9  8.62746E+03 0.00457 
  109    1    1    1    1    1    1    1   10   10  0.00000E+00 0.00000 
