
ZAI = [
922350
922380
666
0
];

NAMES = [
'U235            '
'U238            '
'lost            '
'total           '
];

i922350 = 1; iU235             = 1;
i922380 = 2; iU238             = 2;
iLOST    = 3;
iTOT     = 4;

MAT_un_VOLUME = [ 2.40397E+05 2.40397E+05 ];

MAT_un_BURNUP = [ 0.00000E+00 4.76826E+01 ];

MAT_un_ADENS = [
4.83387E-03 3.38268E-03 % U235
1.93936E-02 1.88235E-02 % U238
0.00000E+00 5.18332E-30 % lost data
7.26897E-02 7.39264E-02 % total
];

MAT_un_MDENS = [
1.88669E+00 1.32028E+00 % U235
7.66628E+00 7.44091E+00 % U238
0.00000E+00 0.00000E+00 % lost data
1.08000E+01 1.07984E+01 % total
];

MAT_un_A = [
3.62658E+10 2.53783E+10 % U235
2.29196E+10 2.22458E+10 % U238
0.00000E+00 0.00000E+00 % lost data
5.91853E+10 3.25786E+18 % total
];

MAT_un_H = [
2.71863E-02 1.90246E-02 % U235
1.56802E-02 1.52193E-02 % U238
0.00000E+00 0.00000E+00 % lost data
4.28665E-02 9.59929E+05 % total
];

MAT_un_SF = [
2.61113E+00 1.82724E+00 % U235
1.25141E+04 1.21462E+04 % U238
0.00000E+00 0.00000E+00 % lost data
1.25167E+04 1.33347E+08 % total
];

MAT_un_GSRC = [
4.58220E+10 3.20657E+10 % U235
2.02961E+09 1.96995E+09 % U238
0.00000E+00 0.00000E+00 % lost data
4.78516E+10 3.49719E+18 % total
];

MAT_un_ING_TOX = [
1.70449E+03 1.19278E+03 % U235
1.03138E+03 1.00106E+03 % U238
0.00000E+00 0.00000E+00 % lost data
2.73587E+03 2.24932E+09 % total
];

MAT_un_INH_TOX = [
3.08259E+05 2.15716E+05 % U235
1.83357E+05 1.77966E+05 % U238
0.00000E+00 0.00000E+00 % lost data
4.91616E+05 8.85929E+10 % total
];

TOT_VOLUME = [ 2.40397E+05 2.40397E+05 ];

TOT_BURNUP = [ 0.00000E+00 4.76826E+01 ];

TOT_ADENS = [
4.83387E-03 3.38268E-03 % U235
1.93936E-02 1.88235E-02 % U238
0.00000E+00 5.18332E-30 % lost data
7.26897E-02 7.39264E-02 % total
];

TOT_MASS = [
4.53554E+05 3.17392E+05 % U235
1.84295E+06 1.78877E+06 % U238
0.00000E+00 0.00000E+00 % lost data
2.59629E+06 2.59590E+06 % total
];

TOT_A = [
3.62658E+10 2.53783E+10 % U235
2.29196E+10 2.22458E+10 % U238
0.00000E+00 0.00000E+00 % lost data
5.91853E+10 3.25786E+18 % total
];

TOT_H = [
2.71863E-02 1.90246E-02 % U235
1.56802E-02 1.52193E-02 % U238
0.00000E+00 0.00000E+00 % lost data
4.28665E-02 9.59929E+05 % total
];

TOT_SF = [
2.61113E+00 1.82724E+00 % U235
1.25141E+04 1.21462E+04 % U238
0.00000E+00 0.00000E+00 % lost data
1.25167E+04 1.33347E+08 % total
];

TOT_GSRC = [
4.58220E+10 3.20657E+10 % U235
2.02961E+09 1.96995E+09 % U238
0.00000E+00 0.00000E+00 % lost data
4.78516E+10 3.49719E+18 % total
];

TOT_ING_TOX = [
1.70449E+03 1.19278E+03 % U235
1.03138E+03 1.00106E+03 % U238
0.00000E+00 0.00000E+00 % lost data
2.73587E+03 2.24932E+09 % total
];

TOT_INH_TOX = [
3.08259E+05 2.15716E+05 % U235
1.83357E+05 1.77966E+05 % U238
0.00000E+00 0.00000E+00 % lost data
4.91616E+05 8.85929E+10 % total
];

BU = [ 0.00000E+00 4.76812E+01 ];

DAYS = [ 0.00000E+00 7.30000E+03 ];
