
DETassem1 = [
    1    1    1    1    1    1    1    1    1    1  0.00000E+00 0.00000 
    2    1    1    1    1    1    1    1    1    2  0.00000E+00 0.00000 
    3    1    1    1    1    1    1    1    1    3  0.00000E+00 0.00000 
    4    1    1    1    1    1    1    1    1    4  0.00000E+00 0.00000 
    5    1    1    1    1    1    1    1    1    5  0.00000E+00 0.00000 
    6    1    1    1    1    1    1    1    1    6  0.00000E+00 0.00000 
    7    1    1    1    1    1    1    1    1    7  0.00000E+00 0.00000 
    8    1    1    1    1    1    1    1    1    8  1.93576E+04 0.00341 
    9    1    1    1    1    1    1    1    1    9  1.50644E+04 0.00371 
   10    1    1    1    1    1    1    1    1   10  0.00000E+00 0.00000 
   11    1    1    1    1    1    1    1    1   11  1.11767E+04 0.00411 
   12    1    1    1    1    1    1    1    2    1  2.07734E+04 0.00332 
   13    1    1    1    1    1    1    1    2    2  0.00000E+00 0.00000 
   14    1    1    1    1    1    1    1    2    3  0.00000E+00 0.00000 
   15    1    1    1    1    1    1    1    2    4  0.00000E+00 0.00000 
   16    1    1    1    1    1    1    1    2    5  0.00000E+00 0.00000 
   17    1    1    1    1    1    1    1    2    6  2.08548E+04 0.00325 
   18    1    1    1    1    1    1    1    2    7  1.73312E+04 0.00362 
   19    1    1    1    1    1    1    1    2    8  0.00000E+00 0.00000 
   20    1    1    1    1    1    1    1    2    9  1.26542E+04 0.00392 
   21    1    1    1    1    1    1    1    2   10  1.11382E+04 0.00416 
   22    1    1    1    1    1    1    1    2   11  0.00000E+00 0.00000 
   23    1    1    1    1    1    1    1    3    1  1.73433E+04 0.00366 
   24    1    1    1    1    1    1    1    3    2  1.92627E+04 0.00348 
   25    1    1    1    1    1    1    1    3    3  0.00000E+00 0.00000 
   26    1    1    1    1    1    1    1    3    4  1.92558E+04 0.00338 
   27    1    1    1    1    1    1    1    3    5  1.74201E+04 0.00356 
   28    1    1    1    1    1    1    1    3    6  0.00000E+00 0.00000 
   29    1    1    1    1    1    1    1    3    7  0.00000E+00 0.00000 
   30    1    1    1    1    1    1    1    3    8  1.26216E+04 0.00401 
   31    1    1    1    1    1    1    1    3    9  0.00000E+00 0.00000 
   32    1    1    1    1    1    1    1    3   10  1.04390E+04 0.00416 
   33    1    1    1    1    1    1    1    3   11  9.93966E+03 0.00420 
   34    1    1    1    1    1    1    1    4    1  0.00000E+00 0.00000 
   35    1    1    1    1    1    1    1    4    2  1.50894E+04 0.00373 
   36    1    1    1    1    1    1    1    4    3  1.50854E+04 0.00369 
   37    1    1    1    1    1    1    1    4    4  0.00000E+00 0.00000 
   38    1    1    1    1    1    1    1    4    5  0.00000E+00 0.00000 
   39    1    1    1    1    1    1    1    4    6  1.33387E+04 0.00381 
   40    1    1    1    1    1    1    1    4    7  0.00000E+00 0.00000 
   41    1    1    1    1    1    1    1    4    8  1.11246E+04 0.00411 
   42    1    1    1    1    1    1    1    4    9  1.03828E+04 0.00420 
   43    1    1    1    1    1    1    1    4   10  0.00000E+00 0.00000 
   44    1    1    1    1    1    1    1    4   11  9.53529E+03 0.00440 
   45    1    1    1    1    1    1    1    5    1  1.25368E+04 0.00393 
   46    1    1    1    1    1    1    1    5    2  0.00000E+00 0.00000 
   47    1    1    1    1    1    1    1    5    3  1.25072E+04 0.00400 
   48    1    1    1    1    1    1    1    5    4  1.24913E+04 0.00390 
   49    1    1    1    1    1    1    1    5    5  0.00000E+00 0.00000 
   50    1    1    1    1    1    1    1    5    6  1.14841E+04 0.00418 
   51    1    1    1    1    1    1    1    5    7  1.10472E+04 0.00417 
   52    1    1    1    1    1    1    1    5    8  0.00000E+00 0.00000 
   53    1    1    1    1    1    1    1    5    9  1.01297E+04 0.00420 
   54    1    1    1    1    1    1    1    5   10  9.66600E+03 0.00430 
   55    1    1    1    1    1    1    1    5   11  0.00000E+00 0.00000 
   56    1    1    1    1    1    1    1    6    1  1.11651E+04 0.00404 
   57    1    1    1    1    1    1    1    6    2  1.12103E+04 0.00414 
   58    1    1    1    1    1    1    1    6    3  0.00000E+00 0.00000 
   59    1    1    1    1    1    1    1    6    4  1.11317E+04 0.00409 
   60    1    1    1    1    1    1    1    6    5  1.09554E+04 0.00420 
   61    1    1    1    1    1    1    1    6    6  0.00000E+00 0.00000 
   62    1    1    1    1    1    1    1    6    7  1.06280E+04 0.00415 
   63    1    1    1    1    1    1    1    6    8  0.00000E+00 0.00000 
   64    1    1    1    1    1    1    1    6    9  0.00000E+00 0.00000 
   65    1    1    1    1    1    1    1    6   10  9.42622E+03 0.00434 
   66    1    1    1    1    1    1    1    6   11  9.11266E+03 0.00436 
   67    1    1    1    1    1    1    1    7    1  0.00000E+00 0.00000 
   68    1    1    1    1    1    1    1    7    2  1.03428E+04 0.00421 
   69    1    1    1    1    1    1    1    7    3  1.04137E+04 0.00428 
   70    1    1    1    1    1    1    1    7    4  0.00000E+00 0.00000 
   71    1    1    1    1    1    1    1    7    5  1.05974E+04 0.00419 
   72    1    1    1    1    1    1    1    7    6  0.00000E+00 0.00000 
   73    1    1    1    1    1    1    1    7    7  0.00000E+00 0.00000 
   74    1    1    1    1    1    1    1    7    8  9.83034E+03 0.00429 
   75    1    1    1    1    1    1    1    7    9  9.36327E+03 0.00435 
   76    1    1    1    1    1    1    1    7   10  0.00000E+00 0.00000 
   77    1    1    1    1    1    1    1    7   11  9.08188E+03 0.00456 
   78    1    1    1    1    1    1    1    8    1  9.79984E+03 0.00428 
   79    1    1    1    1    1    1    1    8    2  0.00000E+00 0.00000 
   80    1    1    1    1    1    1    1    8    3  1.00077E+04 0.00421 
   81    1    1    1    1    1    1    1    8    4  0.00000E+00 0.00000 
   82    1    1    1    1    1    1    1    8    5  0.00000E+00 0.00000 
   83    1    1    1    1    1    1    1    8    6  9.94976E+03 0.00412 
   84    1    1    1    1    1    1    1    8    7  9.48740E+03 0.00430 
   85    1    1    1    1    1    1    1    8    8  0.00000E+00 0.00000 
   86    1    1    1    1    1    1    1    8    9  9.19790E+03 0.00440 
   87    1    1    1    1    1    1    1    8   10  9.20545E+03 0.00448 
   88    1    1    1    1    1    1    1    8   11  0.00000E+00 0.00000 
   89    1    1    1    1    1    1    1    9    1  9.56313E+03 0.00441 
   90    1    1    1    1    1    1    1    9    2  9.57730E+03 0.00426 
   91    1    1    1    1    1    1    1    9    3  0.00000E+00 0.00000 
   92    1    1    1    1    1    1    1    9    4  9.83227E+03 0.00432 
   93    1    1    1    1    1    1    1    9    5  9.52205E+03 0.00430 
   94    1    1    1    1    1    1    1    9    6  0.00000E+00 0.00000 
   95    1    1    1    1    1    1    1    9    7  9.17939E+03 0.00436 
   96    1    1    1    1    1    1    1    9    8  9.09206E+03 0.00442 
   97    1    1    1    1    1    1    1    9    9  0.00000E+00 0.00000 
   98    1    1    1    1    1    1    1    9   10  9.38724E+03 0.00451 
   99    1    1    1    1    1    1    1    9   11  9.27573E+03 0.00445 
  100    1    1    1    1    1    1    1   10    1  0.00000E+00 0.00000 
  101    1    1    1    1    1    1    1   10    2  9.35177E+03 0.00432 
  102    1    1    1    1    1    1    1   10    3  9.37544E+03 0.00420 
  103    1    1    1    1    1    1    1   10    4  0.00000E+00 0.00000 
  104    1    1    1    1    1    1    1   10    5  9.13146E+03 0.00436 
  105    1    1    1    1    1    1    1   10    6  9.16394E+03 0.00431 
  106    1    1    1    1    1    1    1   10    7  0.00000E+00 0.00000 
  107    1    1    1    1    1    1    1   10    8  9.11493E+03 0.00444 
  108    1    1    1    1    1    1    1   10    9  0.00000E+00 0.00000 
  109    1    1    1    1    1    1    1   10   10  0.00000E+00 0.00000 
