
ZAI = [
922350
922380
666
0
];

NAMES = [
'U235            '
'U238            '
'lost            '
'total           '
];

i922350 = 1; iU235             = 1;
i922380 = 2; iU238             = 2;
iLOST    = 3;
iTOT     = 4;

MAT_un_VOLUME = [ 2.44955E+05 2.44955E+05 ];

MAT_un_BURNUP = [ 0.00000E+00 4.67954E+01 ];

MAT_un_ADENS = [
4.83387E-03 3.40564E-03 % U235
1.93936E-02 1.88277E-02 % U238
0.00000E+00 5.08929E-30 % lost data
7.26897E-02 7.39033E-02 % total
];

MAT_un_MDENS = [
1.88669E+00 1.32924E+00 % U235
7.66628E+00 7.44257E+00 % U238
0.00000E+00 0.00000E+00 % lost data
1.08000E+01 1.07984E+01 % total
];

MAT_un_A = [
3.69534E+10 2.60350E+10 % U235
2.33541E+10 2.26726E+10 % U238
0.00000E+00 0.00000E+00 % lost data
6.03075E+10 3.26415E+18 % total
];

MAT_un_H = [
2.77017E-02 1.95169E-02 % U235
1.59775E-02 1.55113E-02 % U238
0.00000E+00 0.00000E+00 % lost data
4.36793E-02 9.61031E+05 % total
];

MAT_un_SF = [
2.66064E+00 1.87452E+00 % U235
1.27514E+04 1.23793E+04 % U238
0.00000E+00 0.00000E+00 % lost data
1.27540E+04 1.27942E+08 % total
];

MAT_un_GSRC = [
4.66908E+10 3.28954E+10 % U235
2.06809E+09 2.00774E+09 % U238
0.00000E+00 0.00000E+00 % lost data
4.87589E+10 3.50501E+18 % total
];

MAT_un_ING_TOX = [
1.73681E+03 1.22364E+03 % U235
1.05094E+03 1.02027E+03 % U238
0.00000E+00 0.00000E+00 % lost data
2.78774E+03 2.24813E+09 % total
];

MAT_un_INH_TOX = [
3.14104E+05 2.21297E+05 % U235
1.86833E+05 1.81381E+05 % U238
0.00000E+00 0.00000E+00 % lost data
5.00937E+05 8.72435E+10 % total
];

TOT_VOLUME = [ 2.44955E+05 2.44955E+05 ];

TOT_BURNUP = [ 0.00000E+00 4.67954E+01 ];

TOT_ADENS = [
4.83387E-03 3.40564E-03 % U235
1.93936E-02 1.88277E-02 % U238
0.00000E+00 5.08929E-30 % lost data
7.26897E-02 7.39033E-02 % total
];

TOT_MASS = [
4.62154E+05 3.25604E+05 % U235
1.87789E+06 1.82309E+06 % U238
0.00000E+00 0.00000E+00 % lost data
2.64551E+06 2.64513E+06 % total
];

TOT_A = [
3.69534E+10 2.60350E+10 % U235
2.33541E+10 2.26726E+10 % U238
0.00000E+00 0.00000E+00 % lost data
6.03075E+10 3.26415E+18 % total
];

TOT_H = [
2.77017E-02 1.95169E-02 % U235
1.59775E-02 1.55113E-02 % U238
0.00000E+00 0.00000E+00 % lost data
4.36793E-02 9.61031E+05 % total
];

TOT_SF = [
2.66064E+00 1.87452E+00 % U235
1.27514E+04 1.23793E+04 % U238
0.00000E+00 0.00000E+00 % lost data
1.27540E+04 1.27942E+08 % total
];

TOT_GSRC = [
4.66908E+10 3.28954E+10 % U235
2.06809E+09 2.00774E+09 % U238
0.00000E+00 0.00000E+00 % lost data
4.87589E+10 3.50501E+18 % total
];

TOT_ING_TOX = [
1.73681E+03 1.22364E+03 % U235
1.05094E+03 1.02027E+03 % U238
0.00000E+00 0.00000E+00 % lost data
2.78774E+03 2.24813E+09 % total
];

TOT_INH_TOX = [
3.14104E+05 2.21297E+05 % U235
1.86833E+05 1.81381E+05 % U238
0.00000E+00 0.00000E+00 % lost data
5.00937E+05 8.72435E+10 % total
];

BU = [ 0.00000E+00 4.67939E+01 ];

DAYS = [ 0.00000E+00 7.30000E+03 ];
