
DETassem1 = [
    1    1    1    1    1    1    1    1    1    1  0.00000E+00 0.00000 
    2    1    1    1    1    1    1    1    1    2  0.00000E+00 0.00000 
    3    1    1    1    1    1    1    1    1    3  0.00000E+00 0.00000 
    4    1    1    1    1    1    1    1    1    4  0.00000E+00 0.00000 
    5    1    1    1    1    1    1    1    1    5  0.00000E+00 0.00000 
    6    1    1    1    1    1    1    1    1    6  0.00000E+00 0.00000 
    7    1    1    1    1    1    1    1    1    7  0.00000E+00 0.00000 
    8    1    1    1    1    1    1    1    1    8  2.07865E+04 0.00356 
    9    1    1    1    1    1    1    1    1    9  0.00000E+00 0.00000 
   10    1    1    1    1    1    1    1    1   10  0.00000E+00 0.00000 
   11    1    1    1    1    1    1    1    1   11  1.14023E+04 0.00422 
   12    1    1    1    1    1    1    1    2    1  2.12924E+04 0.00346 
   13    1    1    1    1    1    1    1    2    2  0.00000E+00 0.00000 
   14    1    1    1    1    1    1    1    2    3  0.00000E+00 0.00000 
   15    1    1    1    1    1    1    1    2    4  0.00000E+00 0.00000 
   16    1    1    1    1    1    1    1    2    5  0.00000E+00 0.00000 
   17    1    1    1    1    1    1    1    2    6  2.15179E+04 0.00351 
   18    1    1    1    1    1    1    1    2    7  1.74106E+04 0.00365 
   19    1    1    1    1    1    1    1    2    8  0.00000E+00 0.00000 
   20    1    1    1    1    1    1    1    2    9  1.32986E+04 0.00406 
   21    1    1    1    1    1    1    1    2   10  1.13246E+04 0.00433 
   22    1    1    1    1    1    1    1    2   11  0.00000E+00 0.00000 
   23    1    1    1    1    1    1    1    3    1  1.72773E+04 0.00363 
   24    1    1    1    1    1    1    1    3    2  2.07701E+04 0.00347 
   25    1    1    1    1    1    1    1    3    3  0.00000E+00 0.00000 
   26    1    1    1    1    1    1    1    3    4  2.07912E+04 0.00349 
   27    1    1    1    1    1    1    1    3    5  1.74058E+04 0.00381 
   28    1    1    1    1    1    1    1    3    6  0.00000E+00 0.00000 
   29    1    1    1    1    1    1    1    3    7  1.32846E+04 0.00410 
   30    1    1    1    1    1    1    1    3    8  1.19705E+04 0.00418 
   31    1    1    1    1    1    1    1    3    9  0.00000E+00 0.00000 
   32    1    1    1    1    1    1    1    3   10  1.00025E+04 0.00437 
   33    1    1    1    1    1    1    1    3   11  9.41052E+03 0.00450 
   34    1    1    1    1    1    1    1    4    1  0.00000E+00 0.00000 
   35    1    1    1    1    1    1    1    4    2  0.00000E+00 0.00000 
   36    1    1    1    1    1    1    1    4    3  0.00000E+00 0.00000 
   37    1    1    1    1    1    1    1    4    4  0.00000E+00 0.00000 
   38    1    1    1    1    1    1    1    4    5  1.31308E+04 0.00402 
   39    1    1    1    1    1    1    1    4    6  1.20348E+04 0.00422 
   40    1    1    1    1    1    1    1    4    7  0.00000E+00 0.00000 
   41    1    1    1    1    1    1    1    4    8  1.04457E+04 0.00442 
   42    1    1    1    1    1    1    1    4    9  9.73351E+03 0.00446 
   43    1    1    1    1    1    1    1    4   10  0.00000E+00 0.00000 
   44    1    1    1    1    1    1    1    4   11  9.03012E+03 0.00457 
   45    1    1    1    1    1    1    1    5    1  1.31726E+04 0.00412 
   46    1    1    1    1    1    1    1    5    2  0.00000E+00 0.00000 
   47    1    1    1    1    1    1    1    5    3  1.32131E+04 0.00405 
   48    1    1    1    1    1    1    1    5    4  1.19409E+04 0.00413 
   49    1    1    1    1    1    1    1    5    5  0.00000E+00 0.00000 
   50    1    1    1    1    1    1    1    5    6  1.05216E+04 0.00445 
   51    1    1    1    1    1    1    1    5    7  1.01463E+04 0.00448 
   52    1    1    1    1    1    1    1    5    8  0.00000E+00 0.00000 
   53    1    1    1    1    1    1    1    5    9  9.22496E+03 0.00444 
   54    1    1    1    1    1    1    1    5   10  8.99259E+03 0.00455 
   55    1    1    1    1    1    1    1    5   11  0.00000E+00 0.00000 
   56    1    1    1    1    1    1    1    6    1  1.12590E+04 0.00429 
   57    1    1    1    1    1    1    1    6    2  1.12925E+04 0.00426 
   58    1    1    1    1    1    1    1    6    3  0.00000E+00 0.00000 
   59    1    1    1    1    1    1    1    6    4  1.03412E+04 0.00436 
   60    1    1    1    1    1    1    1    6    5  1.00664E+04 0.00439 
   61    1    1    1    1    1    1    1    6    6  0.00000E+00 0.00000 
   62    1    1    1    1    1    1    1    6    7  9.78310E+03 0.00438 
   63    1    1    1    1    1    1    1    6    8  9.27688E+03 0.00443 
   64    1    1    1    1    1    1    1    6    9  0.00000E+00 0.00000 
   65    1    1    1    1    1    1    1    6   10  8.79500E+03 0.00467 
   66    1    1    1    1    1    1    1    6   11  8.59136E+03 0.00465 
   67    1    1    1    1    1    1    1    7    1  0.00000E+00 0.00000 
   68    1    1    1    1    1    1    1    7    2  9.92412E+03 0.00439 
   69    1    1    1    1    1    1    1    7    3  9.76498E+03 0.00443 
   70    1    1    1    1    1    1    1    7    4  0.00000E+00 0.00000 
   71    1    1    1    1    1    1    1    7    5  9.75826E+03 0.00444 
   72    1    1    1    1    1    1    1    7    6  0.00000E+00 0.00000 
   73    1    1    1    1    1    1    1    7    7  0.00000E+00 0.00000 
   74    1    1    1    1    1    1    1    7    8  9.09006E+03 0.00455 
   75    1    1    1    1    1    1    1    7    9  8.96791E+03 0.00459 
   76    1    1    1    1    1    1    1    7   10  0.00000E+00 0.00000 
   77    1    1    1    1    1    1    1    7   11  8.63094E+03 0.00465 
   78    1    1    1    1    1    1    1    8    1  9.36535E+03 0.00455 
   79    1    1    1    1    1    1    1    8    2  0.00000E+00 0.00000 
   80    1    1    1    1    1    1    1    8    3  9.26745E+03 0.00460 
   81    1    1    1    1    1    1    1    8    4  9.30869E+03 0.00454 
   82    1    1    1    1    1    1    1    8    5  0.00000E+00 0.00000 
   83    1    1    1    1    1    1    1    8    6  9.54309E+03 0.00446 
   84    1    1    1    1    1    1    1    8    7  9.40874E+03 0.00452 
   85    1    1    1    1    1    1    1    8    8  0.00000E+00 0.00000 
   86    1    1    1    1    1    1    1    8    9  8.77764E+03 0.00469 
   87    1    1    1    1    1    1    1    8   10  8.62209E+03 0.00471 
   88    1    1    1    1    1    1    1    8   11  0.00000E+00 0.00000 
   89    1    1    1    1    1    1    1    9    1  8.98438E+03 0.00461 
   90    1    1    1    1    1    1    1    9    2  8.99150E+03 0.00461 
   91    1    1    1    1    1    1    1    9    3  0.00000E+00 0.00000 
   92    1    1    1    1    1    1    1    9    4  9.09984E+03 0.00457 
   93    1    1    1    1    1    1    1    9    5  9.36537E+03 0.00459 
   94    1    1    1    1    1    1    1    9    6  0.00000E+00 0.00000 
   95    1    1    1    1    1    1    1    9    7  0.00000E+00 0.00000 
   96    1    1    1    1    1    1    1    9    8  8.97756E+03 0.00454 
   97    1    1    1    1    1    1    1    9    9  0.00000E+00 0.00000 
   98    1    1    1    1    1    1    1    9   10  8.50801E+03 0.00467 
   99    1    1    1    1    1    1    1    9   11  8.76479E+03 0.00466 
  100    1    1    1    1    1    1    1   10    1  0.00000E+00 0.00000 
  101    1    1    1    1    1    1    1   10    2  8.89989E+03 0.00459 
  102    1    1    1    1    1    1    1   10    3  8.82463E+03 0.00463 
  103    1    1    1    1    1    1    1   10    4  0.00000E+00 0.00000 
  104    1    1    1    1    1    1    1   10    5  0.00000E+00 0.00000 
  105    1    1    1    1    1    1    1   10    6  9.36755E+03 0.00458 
  106    1    1    1    1    1    1    1   10    7  0.00000E+00 0.00000 
  107    1    1    1    1    1    1    1   10    8  8.52800E+03 0.00457 
  108    1    1    1    1    1    1    1   10    9  8.47383E+03 0.00474 
  109    1    1    1    1    1    1    1   10   10  0.00000E+00 0.00000 
