
ZAI = [
922350
922380
666
0
];

NAMES = [
'U235            '
'U238            '
'lost            '
'total           '
];

i922350 = 1; iU235             = 1;
i922380 = 2; iU238             = 2;
iLOST    = 3;
iTOT     = 4;

MAT_un_VOLUME = [ 2.40199E+05 2.40199E+05 ];

MAT_un_BURNUP = [ 0.00000E+00 4.77221E+01 ];

MAT_un_ADENS = [
4.83387E-03 3.38163E-03 % U235
1.93936E-02 1.88234E-02 % U238
0.00000E+00 3.90986E-30 % lost data
7.26897E-02 7.39274E-02 % total
];

MAT_un_MDENS = [
1.88669E+00 1.31987E+00 % U235
7.66628E+00 7.44086E+00 % U238
0.00000E+00 0.00000E+00 % lost data
1.08000E+01 1.07984E+01 % total
];

MAT_un_A = [
3.62358E+10 2.53495E+10 % U235
2.29007E+10 2.22273E+10 % U238
0.00000E+00 0.00000E+00 % lost data
5.91365E+10 3.25766E+18 % total
];

MAT_un_H = [
2.71638E-02 1.90030E-02 % U235
1.56673E-02 1.52066E-02 % U238
0.00000E+00 0.00000E+00 % lost data
4.28311E-02 9.59927E+05 % total
];

MAT_un_SF = [
2.60898E+00 1.82516E+00 % U235
1.25038E+04 1.21361E+04 % U238
0.00000E+00 0.00000E+00 % lost data
1.25064E+04 1.33575E+08 % total
];

MAT_un_GSRC = [
4.57842E+10 3.20293E+10 % U235
2.02794E+09 1.96831E+09 % U238
0.00000E+00 0.00000E+00 % lost data
4.78121E+10 3.49689E+18 % total
];

MAT_un_ING_TOX = [
1.70308E+03 1.19143E+03 % U235
1.03053E+03 1.00023E+03 % U238
0.00000E+00 0.00000E+00 % lost data
2.73361E+03 2.24931E+09 % total
];

MAT_un_INH_TOX = [
3.08005E+05 2.15471E+05 % U235
1.83205E+05 1.77818E+05 % U238
0.00000E+00 0.00000E+00 % lost data
4.91210E+05 8.86422E+10 % total
];

TOT_VOLUME = [ 2.40199E+05 2.40199E+05 ];

TOT_BURNUP = [ 0.00000E+00 4.77221E+01 ];

TOT_ADENS = [
4.83387E-03 3.38163E-03 % U235
1.93936E-02 1.88234E-02 % U238
0.00000E+00 3.90986E-30 % lost data
7.26897E-02 7.39274E-02 % total
];

TOT_MASS = [
4.53180E+05 3.17031E+05 % U235
1.84143E+06 1.78728E+06 % U238
0.00000E+00 0.00000E+00 % lost data
2.59414E+06 2.59376E+06 % total
];

TOT_A = [
3.62358E+10 2.53495E+10 % U235
2.29007E+10 2.22273E+10 % U238
0.00000E+00 0.00000E+00 % lost data
5.91365E+10 3.25766E+18 % total
];

TOT_H = [
2.71638E-02 1.90030E-02 % U235
1.56673E-02 1.52066E-02 % U238
0.00000E+00 0.00000E+00 % lost data
4.28311E-02 9.59927E+05 % total
];

TOT_SF = [
2.60898E+00 1.82516E+00 % U235
1.25038E+04 1.21361E+04 % U238
0.00000E+00 0.00000E+00 % lost data
1.25064E+04 1.33575E+08 % total
];

TOT_GSRC = [
4.57842E+10 3.20293E+10 % U235
2.02794E+09 1.96831E+09 % U238
0.00000E+00 0.00000E+00 % lost data
4.78121E+10 3.49689E+18 % total
];

TOT_ING_TOX = [
1.70308E+03 1.19143E+03 % U235
1.03053E+03 1.00023E+03 % U238
0.00000E+00 0.00000E+00 % lost data
2.73361E+03 2.24931E+09 % total
];

TOT_INH_TOX = [
3.08005E+05 2.15471E+05 % U235
1.83205E+05 1.77818E+05 % U238
0.00000E+00 0.00000E+00 % lost data
4.91210E+05 8.86422E+10 % total
];

BU = [ 0.00000E+00 4.77205E+01 ];

DAYS = [ 0.00000E+00 7.30000E+03 ];
