
ZAI = [
922350
922380
666
0
];

NAMES = [
'U235            '
'U238            '
'lost            '
'total           '
];

i922350 = 1; iU235             = 1;
i922380 = 2; iU238             = 2;
iLOST    = 3;
iTOT     = 4;

MAT_un_VOLUME = [ 2.36589E+05 2.36589E+05 ];

MAT_un_BURNUP = [ 0.00000E+00 4.84500E+01 ];

MAT_un_ADENS = [
4.83387E-03 3.36159E-03 % U235
1.93936E-02 1.88138E-02 % U238
0.00000E+00 4.62711E-30 % lost data
7.26897E-02 7.39466E-02 % total
];

MAT_un_MDENS = [
1.88669E+00 1.31205E+00 % U235
7.66628E+00 7.43709E+00 % U238
0.00000E+00 0.00000E+00 % lost data
1.08000E+01 1.07984E+01 % total
];

MAT_un_A = [
3.56914E+10 2.48206E+10 % U235
2.25566E+10 2.18822E+10 % U238
0.00000E+00 0.00000E+00 % lost data
5.82479E+10 3.25880E+18 % total
];

MAT_un_H = [
2.67557E-02 1.86066E-02 % U235
1.54319E-02 1.49705E-02 % U238
0.00000E+00 0.00000E+00 % lost data
4.21876E-02 9.59628E+05 % total
];

MAT_un_SF = [
2.56978E+00 1.78709E+00 % U235
1.23159E+04 1.19477E+04 % U238
0.00000E+00 0.00000E+00 % lost data
1.23185E+04 1.38079E+08 % total
];

MAT_un_GSRC = [
4.50963E+10 3.13611E+10 % U235
1.99747E+09 1.93775E+09 % U238
0.00000E+00 0.00000E+00 % lost data
4.70937E+10 3.49807E+18 % total
];

MAT_un_ING_TOX = [
1.67749E+03 1.16657E+03 % U235
1.01505E+03 9.84700E+02 % U238
0.00000E+00 0.00000E+00 % lost data
2.69254E+03 2.25488E+09 % total
];

MAT_un_INH_TOX = [
3.03377E+05 2.10975E+05 % U235
1.80453E+05 1.75058E+05 % U238
0.00000E+00 0.00000E+00 % lost data
4.83829E+05 9.03086E+10 % total
];

TOT_VOLUME = [ 2.36589E+05 2.36589E+05 ];

TOT_BURNUP = [ 0.00000E+00 4.84500E+01 ];

TOT_ADENS = [
4.83387E-03 3.36159E-03 % U235
1.93936E-02 1.88138E-02 % U238
0.00000E+00 4.62711E-30 % lost data
7.26897E-02 7.39466E-02 % total
];

TOT_MASS = [
4.46371E+05 3.10417E+05 % U235
1.81376E+06 1.75954E+06 % U238
0.00000E+00 0.00000E+00 % lost data
2.55517E+06 2.55478E+06 % total
];

TOT_A = [
3.56914E+10 2.48206E+10 % U235
2.25566E+10 2.18822E+10 % U238
0.00000E+00 0.00000E+00 % lost data
5.82479E+10 3.25880E+18 % total
];

TOT_H = [
2.67557E-02 1.86066E-02 % U235
1.54319E-02 1.49705E-02 % U238
0.00000E+00 0.00000E+00 % lost data
4.21876E-02 9.59628E+05 % total
];

TOT_SF = [
2.56978E+00 1.78709E+00 % U235
1.23159E+04 1.19477E+04 % U238
0.00000E+00 0.00000E+00 % lost data
1.23185E+04 1.38079E+08 % total
];

TOT_GSRC = [
4.50963E+10 3.13611E+10 % U235
1.99747E+09 1.93775E+09 % U238
0.00000E+00 0.00000E+00 % lost data
4.70937E+10 3.49807E+18 % total
];

TOT_ING_TOX = [
1.67749E+03 1.16657E+03 % U235
1.01505E+03 9.84700E+02 % U238
0.00000E+00 0.00000E+00 % lost data
2.69254E+03 2.25488E+09 % total
];

TOT_INH_TOX = [
3.03377E+05 2.10975E+05 % U235
1.80453E+05 1.75058E+05 % U238
0.00000E+00 0.00000E+00 % lost data
4.83829E+05 9.03086E+10 % total
];

BU = [ 0.00000E+00 4.84485E+01 ];

DAYS = [ 0.00000E+00 7.30000E+03 ];
