
DETassem1 = [
    1    1    1    1    1    1    1    1    1    1  0.00000E+00 0.00000 
    2    1    1    1    1    1    1    1    1    2  0.00000E+00 0.00000 
    3    1    1    1    1    1    1    1    1    3  0.00000E+00 0.00000 
    4    1    1    1    1    1    1    1    1    4  0.00000E+00 0.00000 
    5    1    1    1    1    1    1    1    1    5  0.00000E+00 0.00000 
    6    1    1    1    1    1    1    1    1    6  0.00000E+00 0.00000 
    7    1    1    1    1    1    1    1    1    7  0.00000E+00 0.00000 
    8    1    1    1    1    1    1    1    1    8  1.83316E+04 0.00357 
    9    1    1    1    1    1    1    1    1    9  1.45012E+04 0.00376 
   10    1    1    1    1    1    1    1    1   10  0.00000E+00 0.00000 
   11    1    1    1    1    1    1    1    1   11  1.09769E+04 0.00412 
   12    1    1    1    1    1    1    1    2    1  1.96069E+04 0.00352 
   13    1    1    1    1    1    1    1    2    2  0.00000E+00 0.00000 
   14    1    1    1    1    1    1    1    2    3  0.00000E+00 0.00000 
   15    1    1    1    1    1    1    1    2    4  0.00000E+00 0.00000 
   16    1    1    1    1    1    1    1    2    5  0.00000E+00 0.00000 
   17    1    1    1    1    1    1    1    2    6  1.95682E+04 0.00347 
   18    1    1    1    1    1    1    1    2    7  1.60894E+04 0.00369 
   19    1    1    1    1    1    1    1    2    8  0.00000E+00 0.00000 
   20    1    1    1    1    1    1    1    2    9  1.20423E+04 0.00409 
   21    1    1    1    1    1    1    1    2   10  1.09405E+04 0.00414 
   22    1    1    1    1    1    1    1    2   11  0.00000E+00 0.00000 
   23    1    1    1    1    1    1    1    3    1  1.61105E+04 0.00367 
   24    1    1    1    1    1    1    1    3    2  1.82605E+04 0.00353 
   25    1    1    1    1    1    1    1    3    3  0.00000E+00 0.00000 
   26    1    1    1    1    1    1    1    3    4  1.83870E+04 0.00354 
   27    1    1    1    1    1    1    1    3    5  1.62202E+04 0.00363 
   28    1    1    1    1    1    1    1    3    6  0.00000E+00 0.00000 
   29    1    1    1    1    1    1    1    3    7  1.27608E+04 0.00396 
   30    1    1    1    1    1    1    1    3    8  1.18603E+04 0.00408 
   31    1    1    1    1    1    1    1    3    9  0.00000E+00 0.00000 
   32    1    1    1    1    1    1    1    3   10  1.01174E+04 0.00427 
   33    1    1    1    1    1    1    1    3   11  9.59399E+03 0.00430 
   34    1    1    1    1    1    1    1    4    1  0.00000E+00 0.00000 
   35    1    1    1    1    1    1    1    4    2  1.44249E+04 0.00382 
   36    1    1    1    1    1    1    1    4    3  1.44871E+04 0.00374 
   37    1    1    1    1    1    1    1    4    4  0.00000E+00 0.00000 
   38    1    1    1    1    1    1    1    4    5  1.28254E+04 0.00396 
   39    1    1    1    1    1    1    1    4    6  1.20373E+04 0.00396 
   40    1    1    1    1    1    1    1    4    7  0.00000E+00 0.00000 
   41    1    1    1    1    1    1    1    4    8  0.00000E+00 0.00000 
   42    1    1    1    1    1    1    1    4    9  1.03336E+04 0.00422 
   43    1    1    1    1    1    1    1    4   10  0.00000E+00 0.00000 
   44    1    1    1    1    1    1    1    4   11  9.18416E+03 0.00432 
   45    1    1    1    1    1    1    1    5    1  1.20958E+04 0.00394 
   46    1    1    1    1    1    1    1    5    2  0.00000E+00 0.00000 
   47    1    1    1    1    1    1    1    5    3  1.21359E+04 0.00399 
   48    1    1    1    1    1    1    1    5    4  1.18625E+04 0.00406 
   49    1    1    1    1    1    1    1    5    5  0.00000E+00 0.00000 
   50    1    1    1    1    1    1    1    5    6  1.08678E+04 0.00416 
   51    1    1    1    1    1    1    1    5    7  1.06597E+04 0.00420 
   52    1    1    1    1    1    1    1    5    8  0.00000E+00 0.00000 
   53    1    1    1    1    1    1    1    5    9  9.56771E+03 0.00428 
   54    1    1    1    1    1    1    1    5   10  9.25716E+03 0.00433 
   55    1    1    1    1    1    1    1    5   11  0.00000E+00 0.00000 
   56    1    1    1    1    1    1    1    6    1  1.09454E+04 0.00416 
   57    1    1    1    1    1    1    1    6    2  1.08904E+04 0.00417 
   58    1    1    1    1    1    1    1    6    3  0.00000E+00 0.00000 
   59    1    1    1    1    1    1    1    6    4  0.00000E+00 0.00000 
   60    1    1    1    1    1    1    1    6    5  1.06114E+04 0.00424 
   61    1    1    1    1    1    1    1    6    6  0.00000E+00 0.00000 
   62    1    1    1    1    1    1    1    6    7  9.98787E+03 0.00432 
   63    1    1    1    1    1    1    1    6    8  9.51395E+03 0.00426 
   64    1    1    1    1    1    1    1    6    9  0.00000E+00 0.00000 
   65    1    1    1    1    1    1    1    6   10  8.98308E+03 0.00447 
   66    1    1    1    1    1    1    1    6   11  8.73799E+03 0.00452 
   67    1    1    1    1    1    1    1    7    1  0.00000E+00 0.00000 
   68    1    1    1    1    1    1    1    7    2  1.01476E+04 0.00429 
   69    1    1    1    1    1    1    1    7    3  1.02437E+04 0.00412 
   70    1    1    1    1    1    1    1    7    4  0.00000E+00 0.00000 
   71    1    1    1    1    1    1    1    7    5  1.00159E+04 0.00420 
   72    1    1    1    1    1    1    1    7    6  0.00000E+00 0.00000 
   73    1    1    1    1    1    1    1    7    7  0.00000E+00 0.00000 
   74    1    1    1    1    1    1    1    7    8  9.14172E+03 0.00451 
   75    1    1    1    1    1    1    1    7    9  8.89099E+03 0.00448 
   76    1    1    1    1    1    1    1    7   10  0.00000E+00 0.00000 
   77    1    1    1    1    1    1    1    7   11  8.61831E+03 0.00450 
   78    1    1    1    1    1    1    1    8    1  9.66841E+03 0.00429 
   79    1    1    1    1    1    1    1    8    2  0.00000E+00 0.00000 
   80    1    1    1    1    1    1    1    8    3  9.61857E+03 0.00430 
   81    1    1    1    1    1    1    1    8    4  9.58750E+03 0.00434 
   82    1    1    1    1    1    1    1    8    5  0.00000E+00 0.00000 
   83    1    1    1    1    1    1    1    8    6  9.37413E+03 0.00430 
   84    1    1    1    1    1    1    1    8    7  9.00152E+03 0.00435 
   85    1    1    1    1    1    1    1    8    8  0.00000E+00 0.00000 
   86    1    1    1    1    1    1    1    8    9  8.76522E+03 0.00444 
   87    1    1    1    1    1    1    1    8   10  8.65994E+03 0.00442 
   88    1    1    1    1    1    1    1    8   11  0.00000E+00 0.00000 
   89    1    1    1    1    1    1    1    9    1  9.24730E+03 0.00446 
   90    1    1    1    1    1    1    1    9    2  9.24872E+03 0.00420 
   91    1    1    1    1    1    1    1    9    3  0.00000E+00 0.00000 
   92    1    1    1    1    1    1    1    9    4  9.12028E+03 0.00430 
   93    1    1    1    1    1    1    1    9    5  9.02733E+03 0.00441 
   94    1    1    1    1    1    1    1    9    6  0.00000E+00 0.00000 
   95    1    1    1    1    1    1    1    9    7  8.85834E+03 0.00447 
   96    1    1    1    1    1    1    1    9    8  8.68039E+03 0.00454 
   97    1    1    1    1    1    1    1    9    9  0.00000E+00 0.00000 
   98    1    1    1    1    1    1    1    9   10  8.56617E+03 0.00460 
   99    1    1    1    1    1    1    1    9   11  8.33162E+03 0.00463 
  100    1    1    1    1    1    1    1   10    1  0.00000E+00 0.00000 
  101    1    1    1    1    1    1    1   10    2  8.98467E+03 0.00442 
  102    1    1    1    1    1    1    1   10    3  8.94593E+03 0.00444 
  103    1    1    1    1    1    1    1   10    4  0.00000E+00 0.00000 
  104    1    1    1    1    1    1    1   10    5  8.72745E+03 0.00454 
  105    1    1    1    1    1    1    1   10    6  8.65911E+03 0.00455 
  106    1    1    1    1    1    1    1   10    7  0.00000E+00 0.00000 
  107    1    1    1    1    1    1    1   10    8  8.64290E+03 0.00454 
  108    1    1    1    1    1    1    1   10    9  0.00000E+00 0.00000 
  109    1    1    1    1    1    1    1   10   10  0.00000E+00 0.00000 
