
ZAI = [
922350
922380
666
0
];

NAMES = [
'U235            '
'U238            '
'lost            '
'total           '
];

i922350 = 1; iU235             = 1;
i922380 = 2; iU238             = 2;
iLOST    = 3;
iTOT     = 4;

MAT_un_VOLUME = [ 2.42417E+05 2.42417E+05 ];

MAT_un_BURNUP = [ 0.00000E+00 4.72852E+01 ];

MAT_un_ADENS = [
4.83387E-03 3.39267E-03 % U235
1.93936E-02 1.88245E-02 % U238
0.00000E+00 3.88781E-30 % lost data
7.26897E-02 7.39162E-02 % total
];

MAT_un_MDENS = [
1.88669E+00 1.32418E+00 % U235
7.66628E+00 7.44132E+00 % U238
0.00000E+00 0.00000E+00 % lost data
1.08000E+01 1.07984E+01 % total
];

MAT_un_A = [
3.65705E+10 2.56672E+10 % U235
2.31122E+10 2.24340E+10 % U238
0.00000E+00 0.00000E+00 % lost data
5.96827E+10 3.26218E+18 % total
];

MAT_un_H = [
2.74147E-02 1.92411E-02 % U235
1.58120E-02 1.53480E-02 % U238
0.00000E+00 0.00000E+00 % lost data
4.32268E-02 9.60654E+05 % total
];

MAT_un_SF = [
2.63308E+00 1.84803E+00 % U235
1.26193E+04 1.22490E+04 % U238
0.00000E+00 0.00000E+00 % lost data
1.26219E+04 1.31919E+08 % total
];

MAT_un_GSRC = [
4.62071E+10 3.24306E+10 % U235
2.04667E+09 1.98661E+09 % U238
0.00000E+00 0.00000E+00 % lost data
4.82538E+10 3.50235E+18 % total
];

MAT_un_ING_TOX = [
1.71881E+03 1.20636E+03 % U235
1.04005E+03 1.00953E+03 % U238
0.00000E+00 0.00000E+00 % lost data
2.75886E+03 2.25069E+09 % total
];

MAT_un_INH_TOX = [
3.10849E+05 2.18171E+05 % U235
1.84897E+05 1.79472E+05 % U238
0.00000E+00 0.00000E+00 % lost data
4.95747E+05 8.84225E+10 % total
];

TOT_VOLUME = [ 2.42417E+05 2.42417E+05 ];

TOT_BURNUP = [ 0.00000E+00 4.72852E+01 ];

TOT_ADENS = [
4.83387E-03 3.39267E-03 % U235
1.93936E-02 1.88245E-02 % U238
0.00000E+00 3.88781E-30 % lost data
7.26897E-02 7.39162E-02 % total
];

TOT_MASS = [
4.57366E+05 3.21004E+05 % U235
1.85844E+06 1.80390E+06 % U238
0.00000E+00 0.00000E+00 % lost data
2.61811E+06 2.61772E+06 % total
];

TOT_A = [
3.65705E+10 2.56672E+10 % U235
2.31122E+10 2.24340E+10 % U238
0.00000E+00 0.00000E+00 % lost data
5.96827E+10 3.26218E+18 % total
];

TOT_H = [
2.74147E-02 1.92411E-02 % U235
1.58120E-02 1.53480E-02 % U238
0.00000E+00 0.00000E+00 % lost data
4.32268E-02 9.60654E+05 % total
];

TOT_SF = [
2.63308E+00 1.84803E+00 % U235
1.26193E+04 1.22490E+04 % U238
0.00000E+00 0.00000E+00 % lost data
1.26219E+04 1.31919E+08 % total
];

TOT_GSRC = [
4.62071E+10 3.24306E+10 % U235
2.04667E+09 1.98661E+09 % U238
0.00000E+00 0.00000E+00 % lost data
4.82538E+10 3.50235E+18 % total
];

TOT_ING_TOX = [
1.71881E+03 1.20636E+03 % U235
1.04005E+03 1.00953E+03 % U238
0.00000E+00 0.00000E+00 % lost data
2.75886E+03 2.25069E+09 % total
];

TOT_INH_TOX = [
3.10849E+05 2.18171E+05 % U235
1.84897E+05 1.79472E+05 % U238
0.00000E+00 0.00000E+00 % lost data
4.95747E+05 8.84225E+10 % total
];

BU = [ 0.00000E+00 4.72838E+01 ];

DAYS = [ 0.00000E+00 7.30000E+03 ];
