
ZAI = [
922350
922380
666
0
];

NAMES = [
'U235            '
'U238            '
'lost            '
'total           '
];

i922350 = 1; iU235             = 1;
i922380 = 2; iU238             = 2;
iLOST    = 3;
iTOT     = 4;

MAT_un_VOLUME = [ 2.37833E+05 2.37833E+05 ];

MAT_un_BURNUP = [ 0.00000E+00 4.81966E+01 ];

MAT_un_ADENS = [
4.83387E-03 3.36878E-03 % U235
1.93936E-02 1.88188E-02 % U238
0.00000E+00 5.51641E-30 % lost data
7.26897E-02 7.39401E-02 % total
];

MAT_un_MDENS = [
1.88669E+00 1.31486E+00 % U235
7.66628E+00 7.43905E+00 % U238
0.00000E+00 0.00000E+00 % lost data
1.08000E+01 1.07984E+01 % total
];

MAT_un_A = [
3.58790E+10 2.50045E+10 % U235
2.26751E+10 2.20031E+10 % U238
0.00000E+00 0.00000E+00 % lost data
5.85541E+10 3.25776E+18 % total
];

MAT_un_H = [
2.68963E-02 1.87444E-02 % U235
1.55130E-02 1.50532E-02 % U238
0.00000E+00 0.00000E+00 % lost data
4.24094E-02 9.59802E+05 % total
];

MAT_un_SF = [
2.58329E+00 1.80032E+00 % U235
1.23806E+04 1.20137E+04 % U238
0.00000E+00 0.00000E+00 % lost data
1.23832E+04 1.37848E+08 % total
];

MAT_un_GSRC = [
4.53333E+10 3.15934E+10 % U235
2.00797E+09 1.94845E+09 % U238
0.00000E+00 0.00000E+00 % lost data
4.73413E+10 3.49668E+18 % total
];

MAT_un_ING_TOX = [
1.68631E+03 1.17521E+03 % U235
1.02038E+03 9.90137E+02 % U238
0.00000E+00 0.00000E+00 % lost data
2.70669E+03 2.25342E+09 % total
];

MAT_un_INH_TOX = [
3.04971E+05 2.12538E+05 % U235
1.81401E+05 1.76024E+05 % U238
0.00000E+00 0.00000E+00 % lost data
4.86372E+05 9.00342E+10 % total
];

TOT_VOLUME = [ 2.37833E+05 2.37833E+05 ];

TOT_BURNUP = [ 0.00000E+00 4.81966E+01 ];

TOT_ADENS = [
4.83387E-03 3.36878E-03 % U235
1.93936E-02 1.88188E-02 % U238
0.00000E+00 5.51641E-30 % lost data
7.26897E-02 7.39401E-02 % total
];

TOT_MASS = [
4.48717E+05 3.12716E+05 % U235
1.82330E+06 1.76925E+06 % U238
0.00000E+00 0.00000E+00 % lost data
2.56860E+06 2.56821E+06 % total
];

TOT_A = [
3.58790E+10 2.50045E+10 % U235
2.26751E+10 2.20031E+10 % U238
0.00000E+00 0.00000E+00 % lost data
5.85541E+10 3.25776E+18 % total
];

TOT_H = [
2.68963E-02 1.87444E-02 % U235
1.55130E-02 1.50532E-02 % U238
0.00000E+00 0.00000E+00 % lost data
4.24094E-02 9.59802E+05 % total
];

TOT_SF = [
2.58329E+00 1.80032E+00 % U235
1.23806E+04 1.20137E+04 % U238
0.00000E+00 0.00000E+00 % lost data
1.23832E+04 1.37848E+08 % total
];

TOT_GSRC = [
4.53333E+10 3.15934E+10 % U235
2.00797E+09 1.94845E+09 % U238
0.00000E+00 0.00000E+00 % lost data
4.73413E+10 3.49668E+18 % total
];

TOT_ING_TOX = [
1.68631E+03 1.17521E+03 % U235
1.02038E+03 9.90137E+02 % U238
0.00000E+00 0.00000E+00 % lost data
2.70669E+03 2.25342E+09 % total
];

TOT_INH_TOX = [
3.04971E+05 2.12538E+05 % U235
1.81401E+05 1.76024E+05 % U238
0.00000E+00 0.00000E+00 % lost data
4.86372E+05 9.00342E+10 % total
];

BU = [ 0.00000E+00 4.81952E+01 ];

DAYS = [ 0.00000E+00 7.30000E+03 ];
