
DETassem1 = [
    1    1    1    1    1    1    1    1    1    1  0.00000E+00 0.00000 
    2    1    1    1    1    1    1    1    1    2  0.00000E+00 0.00000 
    3    1    1    1    1    1    1    1    1    3  0.00000E+00 0.00000 
    4    1    1    1    1    1    1    1    1    4  0.00000E+00 0.00000 
    5    1    1    1    1    1    1    1    1    5  0.00000E+00 0.00000 
    6    1    1    1    1    1    1    1    1    6  0.00000E+00 0.00000 
    7    1    1    1    1    1    1    1    1    7  0.00000E+00 0.00000 
    8    1    1    1    1    1    1    1    1    8  1.85066E+04 0.00363 
    9    1    1    1    1    1    1    1    1    9  1.40378E+04 0.00402 
   10    1    1    1    1    1    1    1    1   10  0.00000E+00 0.00000 
   11    1    1    1    1    1    1    1    1   11  1.02810E+04 0.00441 
   12    1    1    1    1    1    1    1    2    1  2.01886E+04 0.00347 
   13    1    1    1    1    1    1    1    2    2  0.00000E+00 0.00000 
   14    1    1    1    1    1    1    1    2    3  0.00000E+00 0.00000 
   15    1    1    1    1    1    1    1    2    4  0.00000E+00 0.00000 
   16    1    1    1    1    1    1    1    2    5  0.00000E+00 0.00000 
   17    1    1    1    1    1    1    1    2    6  2.00263E+04 0.00355 
   18    1    1    1    1    1    1    1    2    7  1.61602E+04 0.00380 
   19    1    1    1    1    1    1    1    2    8  0.00000E+00 0.00000 
   20    1    1    1    1    1    1    1    2    9  1.14695E+04 0.00418 
   21    1    1    1    1    1    1    1    2   10  1.02358E+04 0.00443 
   22    1    1    1    1    1    1    1    2   11  0.00000E+00 0.00000 
   23    1    1    1    1    1    1    1    3    1  1.62141E+04 0.00377 
   24    1    1    1    1    1    1    1    3    2  1.85415E+04 0.00363 
   25    1    1    1    1    1    1    1    3    3  0.00000E+00 0.00000 
   26    1    1    1    1    1    1    1    3    4  1.86279E+04 0.00369 
   27    1    1    1    1    1    1    1    3    5  1.61248E+04 0.00387 
   28    1    1    1    1    1    1    1    3    6  0.00000E+00 0.00000 
   29    1    1    1    1    1    1    1    3    7  1.26455E+04 0.00413 
   30    1    1    1    1    1    1    1    3    8  1.11932E+04 0.00428 
   31    1    1    1    1    1    1    1    3    9  0.00000E+00 0.00000 
   32    1    1    1    1    1    1    1    3   10  9.45135E+03 0.00447 
   33    1    1    1    1    1    1    1    3   11  8.98692E+03 0.00457 
   34    1    1    1    1    1    1    1    4    1  0.00000E+00 0.00000 
   35    1    1    1    1    1    1    1    4    2  1.42178E+04 0.00408 
   36    1    1    1    1    1    1    1    4    3  1.41612E+04 0.00402 
   37    1    1    1    1    1    1    1    4    4  0.00000E+00 0.00000 
   38    1    1    1    1    1    1    1    4    5  1.26988E+04 0.00414 
   39    1    1    1    1    1    1    1    4    6  0.00000E+00 0.00000 
   40    1    1    1    1    1    1    1    4    7  0.00000E+00 0.00000 
   41    1    1    1    1    1    1    1    4    8  9.97482E+03 0.00446 
   42    1    1    1    1    1    1    1    4    9  9.22959E+03 0.00450 
   43    1    1    1    1    1    1    1    4   10  0.00000E+00 0.00000 
   44    1    1    1    1    1    1    1    4   11  8.81717E+03 0.00459 
   45    1    1    1    1    1    1    1    5    1  1.14061E+04 0.00426 
   46    1    1    1    1    1    1    1    5    2  0.00000E+00 0.00000 
   47    1    1    1    1    1    1    1    5    3  1.14504E+04 0.00424 
   48    1    1    1    1    1    1    1    5    4  1.11237E+04 0.00431 
   49    1    1    1    1    1    1    1    5    5  0.00000E+00 0.00000 
   50    1    1    1    1    1    1    1    5    6  1.05099E+04 0.00436 
   51    1    1    1    1    1    1    1    5    7  9.63757E+03 0.00442 
   52    1    1    1    1    1    1    1    5    8  0.00000E+00 0.00000 
   53    1    1    1    1    1    1    1    5    9  8.86529E+03 0.00459 
   54    1    1    1    1    1    1    1    5   10  8.68987E+03 0.00454 
   55    1    1    1    1    1    1    1    5   11  0.00000E+00 0.00000 
   56    1    1    1    1    1    1    1    6    1  1.01994E+04 0.00430 
   57    1    1    1    1    1    1    1    6    2  1.02041E+04 0.00449 
   58    1    1    1    1    1    1    1    6    3  0.00000E+00 0.00000 
   59    1    1    1    1    1    1    1    6    4  9.98609E+03 0.00442 
   60    1    1    1    1    1    1    1    6    5  9.67252E+03 0.00434 
   61    1    1    1    1    1    1    1    6    6  0.00000E+00 0.00000 
   62    1    1    1    1    1    1    1    6    7  8.96477E+03 0.00450 
   63    1    1    1    1    1    1    1    6    8  8.73893E+03 0.00464 
   64    1    1    1    1    1    1    1    6    9  0.00000E+00 0.00000 
   65    1    1    1    1    1    1    1    6   10  8.54994E+03 0.00467 
   66    1    1    1    1    1    1    1    6   11  8.49140E+03 0.00472 
   67    1    1    1    1    1    1    1    7    1  0.00000E+00 0.00000 
   68    1    1    1    1    1    1    1    7    2  9.43084E+03 0.00456 
   69    1    1    1    1    1    1    1    7    3  9.31358E+03 0.00449 
   70    1    1    1    1    1    1    1    7    4  0.00000E+00 0.00000 
   71    1    1    1    1    1    1    1    7    5  8.97028E+03 0.00456 
   72    1    1    1    1    1    1    1    7    6  8.83131E+03 0.00455 
   73    1    1    1    1    1    1    1    7    7  0.00000E+00 0.00000 
   74    1    1    1    1    1    1    1    7    8  8.65896E+03 0.00469 
   75    1    1    1    1    1    1    1    7    9  8.70089E+03 0.00462 
   76    1    1    1    1    1    1    1    7   10  0.00000E+00 0.00000 
   77    1    1    1    1    1    1    1    7   11  8.30090E+03 0.00472 
   78    1    1    1    1    1    1    1    8    1  8.99615E+03 0.00459 
   79    1    1    1    1    1    1    1    8    2  0.00000E+00 0.00000 
   80    1    1    1    1    1    1    1    8    3  8.96407E+03 0.00455 
   81    1    1    1    1    1    1    1    8    4  8.78552E+03 0.00468 
   82    1    1    1    1    1    1    1    8    5  0.00000E+00 0.00000 
   83    1    1    1    1    1    1    1    8    6  8.63887E+03 0.00452 
   84    1    1    1    1    1    1    1    8    7  8.58064E+03 0.00456 
   85    1    1    1    1    1    1    1    8    8  0.00000E+00 0.00000 
   86    1    1    1    1    1    1    1    8    9  0.00000E+00 0.00000 
   87    1    1    1    1    1    1    1    8   10  8.49646E+03 0.00472 
   88    1    1    1    1    1    1    1    8   11  0.00000E+00 0.00000 
   89    1    1    1    1    1    1    1    9    1  8.73326E+03 0.00462 
   90    1    1    1    1    1    1    1    9    2  8.66833E+03 0.00460 
   91    1    1    1    1    1    1    1    9    3  0.00000E+00 0.00000 
   92    1    1    1    1    1    1    1    9    4  8.65492E+03 0.00477 
   93    1    1    1    1    1    1    1    9    5  8.57755E+03 0.00472 
   94    1    1    1    1    1    1    1    9    6  0.00000E+00 0.00000 
   95    1    1    1    1    1    1    1    9    7  8.41205E+03 0.00447 
   96    1    1    1    1    1    1    1    9    8  8.56028E+03 0.00458 
   97    1    1    1    1    1    1    1    9    9  0.00000E+00 0.00000 
   98    1    1    1    1    1    1    1    9   10  8.17274E+03 0.00478 
   99    1    1    1    1    1    1    1    9   11  8.05269E+03 0.00481 
  100    1    1    1    1    1    1    1   10    1  0.00000E+00 0.00000 
  101    1    1    1    1    1    1    1   10    2  8.56981E+03 0.00456 
  102    1    1    1    1    1    1    1   10    3  8.73684E+03 0.00475 
  103    1    1    1    1    1    1    1   10    4  0.00000E+00 0.00000 
  104    1    1    1    1    1    1    1   10    5  8.42481E+03 0.00466 
  105    1    1    1    1    1    1    1   10    6  8.33184E+03 0.00459 
  106    1    1    1    1    1    1    1   10    7  0.00000E+00 0.00000 
  107    1    1    1    1    1    1    1   10    8  8.31161E+03 0.00466 
  108    1    1    1    1    1    1    1   10    9  8.13402E+03 0.00483 
  109    1    1    1    1    1    1    1   10   10  0.00000E+00 0.00000 
