
DETassem1 = [
    1    1    1    1    1    1    1    1    1    1  0.00000E+00 0.00000 
    2    1    1    1    1    1    1    1    1    2  0.00000E+00 0.00000 
    3    1    1    1    1    1    1    1    1    3  0.00000E+00 0.00000 
    4    1    1    1    1    1    1    1    1    4  0.00000E+00 0.00000 
    5    1    1    1    1    1    1    1    1    5  0.00000E+00 0.00000 
    6    1    1    1    1    1    1    1    1    6  0.00000E+00 0.00000 
    7    1    1    1    1    1    1    1    1    7  0.00000E+00 0.00000 
    8    1    1    1    1    1    1    1    1    8  2.01876E+04 0.00336 
    9    1    1    1    1    1    1    1    1    9  1.53404E+04 0.00375 
   10    1    1    1    1    1    1    1    1   10  0.00000E+00 0.00000 
   11    1    1    1    1    1    1    1    1   11  1.12370E+04 0.00408 
   12    1    1    1    1    1    1    1    2    1  0.00000E+00 0.00000 
   13    1    1    1    1    1    1    1    2    2  0.00000E+00 0.00000 
   14    1    1    1    1    1    1    1    2    3  0.00000E+00 0.00000 
   15    1    1    1    1    1    1    1    2    4  0.00000E+00 0.00000 
   16    1    1    1    1    1    1    1    2    5  0.00000E+00 0.00000 
   17    1    1    1    1    1    1    1    2    6  0.00000E+00 0.00000 
   18    1    1    1    1    1    1    1    2    7  1.83130E+04 0.00360 
   19    1    1    1    1    1    1    1    2    8  0.00000E+00 0.00000 
   20    1    1    1    1    1    1    1    2    9  1.25679E+04 0.00393 
   21    1    1    1    1    1    1    1    2   10  1.12299E+04 0.00401 
   22    1    1    1    1    1    1    1    2   11  0.00000E+00 0.00000 
   23    1    1    1    1    1    1    1    3    1  1.82949E+04 0.00345 
   24    1    1    1    1    1    1    1    3    2  1.99275E+04 0.00331 
   25    1    1    1    1    1    1    1    3    3  0.00000E+00 0.00000 
   26    1    1    1    1    1    1    1    3    4  2.00423E+04 0.00342 
   27    1    1    1    1    1    1    1    3    5  1.83601E+04 0.00343 
   28    1    1    1    1    1    1    1    3    6  0.00000E+00 0.00000 
   29    1    1    1    1    1    1    1    3    7  1.38008E+04 0.00390 
   30    1    1    1    1    1    1    1    3    8  1.21718E+04 0.00401 
   31    1    1    1    1    1    1    1    3    9  0.00000E+00 0.00000 
   32    1    1    1    1    1    1    1    3   10  1.05371E+04 0.00416 
   33    1    1    1    1    1    1    1    3   11  1.00936E+04 0.00421 
   34    1    1    1    1    1    1    1    4    1  0.00000E+00 0.00000 
   35    1    1    1    1    1    1    1    4    2  1.54014E+04 0.00368 
   36    1    1    1    1    1    1    1    4    3  1.53728E+04 0.00372 
   37    1    1    1    1    1    1    1    4    4  0.00000E+00 0.00000 
   38    1    1    1    1    1    1    1    4    5  1.37153E+04 0.00386 
   39    1    1    1    1    1    1    1    4    6  1.26909E+04 0.00392 
   40    1    1    1    1    1    1    1    4    7  0.00000E+00 0.00000 
   41    1    1    1    1    1    1    1    4    8  1.08961E+04 0.00410 
   42    1    1    1    1    1    1    1    4    9  1.04302E+04 0.00398 
   43    1    1    1    1    1    1    1    4   10  0.00000E+00 0.00000 
   44    1    1    1    1    1    1    1    4   11  9.98493E+03 0.00430 
   45    1    1    1    1    1    1    1    5    1  1.25214E+04 0.00396 
   46    1    1    1    1    1    1    1    5    2  0.00000E+00 0.00000 
   47    1    1    1    1    1    1    1    5    3  1.25106E+04 0.00387 
   48    1    1    1    1    1    1    1    5    4  1.21401E+04 0.00402 
   49    1    1    1    1    1    1    1    5    5  0.00000E+00 0.00000 
   50    1    1    1    1    1    1    1    5    6  1.11516E+04 0.00414 
   51    1    1    1    1    1    1    1    5    7  1.06781E+04 0.00423 
   52    1    1    1    1    1    1    1    5    8  0.00000E+00 0.00000 
   53    1    1    1    1    1    1    1    5    9  1.01673E+04 0.00423 
   54    1    1    1    1    1    1    1    5   10  1.02572E+04 0.00417 
   55    1    1    1    1    1    1    1    5   11  0.00000E+00 0.00000 
   56    1    1    1    1    1    1    1    6    1  1.12894E+04 0.00408 
   57    1    1    1    1    1    1    1    6    2  1.12328E+04 0.00404 
   58    1    1    1    1    1    1    1    6    3  0.00000E+00 0.00000 
   59    1    1    1    1    1    1    1    6    4  1.08092E+04 0.00414 
   60    1    1    1    1    1    1    1    6    5  1.06753E+04 0.00414 
   61    1    1    1    1    1    1    1    6    6  0.00000E+00 0.00000 
   62    1    1    1    1    1    1    1    6    7  1.03523E+04 0.00413 
   63    1    1    1    1    1    1    1    6    8  1.03178E+04 0.00421 
   64    1    1    1    1    1    1    1    6    9  0.00000E+00 0.00000 
   65    1    1    1    1    1    1    1    6   10  0.00000E+00 0.00000 
   66    1    1    1    1    1    1    1    6   11  1.02087E+04 0.00425 
   67    1    1    1    1    1    1    1    7    1  0.00000E+00 0.00000 
   68    1    1    1    1    1    1    1    7    2  1.05364E+04 0.00414 
   69    1    1    1    1    1    1    1    7    3  1.04322E+04 0.00418 
   70    1    1    1    1    1    1    1    7    4  0.00000E+00 0.00000 
   71    1    1    1    1    1    1    1    7    5  1.03509E+04 0.00413 
   72    1    1    1    1    1    1    1    7    6  1.02726E+04 0.00422 
   73    1    1    1    1    1    1    1    7    7  0.00000E+00 0.00000 
   74    1    1    1    1    1    1    1    7    8  1.04614E+04 0.00412 
   75    1    1    1    1    1    1    1    7    9  1.06526E+04 0.00427 
   76    1    1    1    1    1    1    1    7   10  0.00000E+00 0.00000 
   77    1    1    1    1    1    1    1    7   11  1.00697E+04 0.00432 
   78    1    1    1    1    1    1    1    8    1  1.01924E+04 0.00425 
   79    1    1    1    1    1    1    1    8    2  0.00000E+00 0.00000 
   80    1    1    1    1    1    1    1    8    3  1.02378E+04 0.00416 
   81    1    1    1    1    1    1    1    8    4  1.03327E+04 0.00411 
   82    1    1    1    1    1    1    1    8    5  0.00000E+00 0.00000 
   83    1    1    1    1    1    1    1    8    6  1.07875E+04 0.00410 
   84    1    1    1    1    1    1    1    8    7  0.00000E+00 0.00000 
   85    1    1    1    1    1    1    1    8    8  0.00000E+00 0.00000 
   86    1    1    1    1    1    1    1    8    9  0.00000E+00 0.00000 
   87    1    1    1    1    1    1    1    8   10  1.02102E+04 0.00421 
   88    1    1    1    1    1    1    1    8   11  0.00000E+00 0.00000 
   89    1    1    1    1    1    1    1    9    1  1.00123E+04 0.00419 
   90    1    1    1    1    1    1    1    9    2  1.02780E+04 0.00419 
   91    1    1    1    1    1    1    1    9    3  0.00000E+00 0.00000 
   92    1    1    1    1    1    1    1    9    4  1.05585E+04 0.00428 
   93    1    1    1    1    1    1    1    9    5  0.00000E+00 0.00000 
   94    1    1    1    1    1    1    1    9    6  0.00000E+00 0.00000 
   95    1    1    1    1    1    1    1    9    7  1.09296E+04 0.00415 
   96    1    1    1    1    1    1    1    9    8  1.08029E+04 0.00420 
   97    1    1    1    1    1    1    1    9    9  0.00000E+00 0.00000 
   98    1    1    1    1    1    1    1    9   10  9.79929E+03 0.00429 
   99    1    1    1    1    1    1    1    9   11  9.35313E+03 0.00448 
  100    1    1    1    1    1    1    1   10    1  0.00000E+00 0.00000 
  101    1    1    1    1    1    1    1   10    2  0.00000E+00 0.00000 
  102    1    1    1    1    1    1    1   10    3  1.07584E+04 0.00420 
  103    1    1    1    1    1    1    1   10    4  0.00000E+00 0.00000 
  104    1    1    1    1    1    1    1   10    5  1.10115E+04 0.00414 
  105    1    1    1    1    1    1    1   10    6  0.00000E+00 0.00000 
  106    1    1    1    1    1    1    1   10    7  0.00000E+00 0.00000 
  107    1    1    1    1    1    1    1   10    8  0.00000E+00 0.00000 
  108    1    1    1    1    1    1    1   10    9  9.98064E+03 0.00432 
  109    1    1    1    1    1    1    1   10   10  0.00000E+00 0.00000 
