
DETassem1 = [
    1    1    1    1    1    1    1    1    1    1  0.00000E+00 0.00000 
    2    1    1    1    1    1    1    1    1    2  0.00000E+00 0.00000 
    3    1    1    1    1    1    1    1    1    3  0.00000E+00 0.00000 
    4    1    1    1    1    1    1    1    1    4  0.00000E+00 0.00000 
    5    1    1    1    1    1    1    1    1    5  0.00000E+00 0.00000 
    6    1    1    1    1    1    1    1    1    6  0.00000E+00 0.00000 
    7    1    1    1    1    1    1    1    1    7  0.00000E+00 0.00000 
    8    1    1    1    1    1    1    1    1    8  0.00000E+00 0.00000 
    9    1    1    1    1    1    1    1    1    9  1.81922E+04 0.00371 
   10    1    1    1    1    1    1    1    1   10  0.00000E+00 0.00000 
   11    1    1    1    1    1    1    1    1   11  1.26689E+04 0.00411 
   12    1    1    1    1    1    1    1    2    1  2.37648E+04 0.00330 
   13    1    1    1    1    1    1    1    2    2  0.00000E+00 0.00000 
   14    1    1    1    1    1    1    1    2    3  0.00000E+00 0.00000 
   15    1    1    1    1    1    1    1    2    4  0.00000E+00 0.00000 
   16    1    1    1    1    1    1    1    2    5  0.00000E+00 0.00000 
   17    1    1    1    1    1    1    1    2    6  2.38400E+04 0.00327 
   18    1    1    1    1    1    1    1    2    7  1.98528E+04 0.00352 
   19    1    1    1    1    1    1    1    2    8  0.00000E+00 0.00000 
   20    1    1    1    1    1    1    1    2    9  1.41083E+04 0.00403 
   21    1    1    1    1    1    1    1    2   10  1.26942E+04 0.00414 
   22    1    1    1    1    1    1    1    2   11  0.00000E+00 0.00000 
   23    1    1    1    1    1    1    1    3    1  1.98166E+04 0.00360 
   24    1    1    1    1    1    1    1    3    2  0.00000E+00 0.00000 
   25    1    1    1    1    1    1    1    3    3  0.00000E+00 0.00000 
   26    1    1    1    1    1    1    1    3    4  0.00000E+00 0.00000 
   27    1    1    1    1    1    1    1    3    5  1.97164E+04 0.00359 
   28    1    1    1    1    1    1    1    3    6  0.00000E+00 0.00000 
   29    1    1    1    1    1    1    1    3    7  1.47317E+04 0.00389 
   30    1    1    1    1    1    1    1    3    8  1.36825E+04 0.00382 
   31    1    1    1    1    1    1    1    3    9  0.00000E+00 0.00000 
   32    1    1    1    1    1    1    1    3   10  1.22854E+04 0.00417 
   33    1    1    1    1    1    1    1    3   11  0.00000E+00 0.00000 
   34    1    1    1    1    1    1    1    4    1  0.00000E+00 0.00000 
   35    1    1    1    1    1    1    1    4    2  1.80389E+04 0.00367 
   36    1    1    1    1    1    1    1    4    3  1.80725E+04 0.00378 
   37    1    1    1    1    1    1    1    4    4  0.00000E+00 0.00000 
   38    1    1    1    1    1    1    1    4    5  1.47349E+04 0.00391 
   39    1    1    1    1    1    1    1    4    6  1.34452E+04 0.00414 
   40    1    1    1    1    1    1    1    4    7  0.00000E+00 0.00000 
   41    1    1    1    1    1    1    1    4    8  0.00000E+00 0.00000 
   42    1    1    1    1    1    1    1    4    9  0.00000E+00 0.00000 
   43    1    1    1    1    1    1    1    4   10  0.00000E+00 0.00000 
   44    1    1    1    1    1    1    1    4   11  1.12793E+04 0.00430 
   45    1    1    1    1    1    1    1    5    1  1.40678E+04 0.00395 
   46    1    1    1    1    1    1    1    5    2  0.00000E+00 0.00000 
   47    1    1    1    1    1    1    1    5    3  1.41497E+04 0.00399 
   48    1    1    1    1    1    1    1    5    4  1.35738E+04 0.00406 
   49    1    1    1    1    1    1    1    5    5  0.00000E+00 0.00000 
   50    1    1    1    1    1    1    1    5    6  1.17373E+04 0.00425 
   51    1    1    1    1    1    1    1    5    7  1.14051E+04 0.00427 
   52    1    1    1    1    1    1    1    5    8  0.00000E+00 0.00000 
   53    1    1    1    1    1    1    1    5    9  1.12187E+04 0.00432 
   54    1    1    1    1    1    1    1    5   10  0.00000E+00 0.00000 
   55    1    1    1    1    1    1    1    5   11  0.00000E+00 0.00000 
   56    1    1    1    1    1    1    1    6    1  1.26352E+04 0.00416 
   57    1    1    1    1    1    1    1    6    2  1.27132E+04 0.00414 
   58    1    1    1    1    1    1    1    6    3  0.00000E+00 0.00000 
   59    1    1    1    1    1    1    1    6    4  0.00000E+00 0.00000 
   60    1    1    1    1    1    1    1    6    5  1.14036E+04 0.00425 
   61    1    1    1    1    1    1    1    6    6  0.00000E+00 0.00000 
   62    1    1    1    1    1    1    1    6    7  1.02636E+04 0.00441 
   63    1    1    1    1    1    1    1    6    8  1.01834E+04 0.00437 
   64    1    1    1    1    1    1    1    6    9  0.00000E+00 0.00000 
   65    1    1    1    1    1    1    1    6   10  9.92044E+03 0.00443 
   66    1    1    1    1    1    1    1    6   11  9.48414E+03 0.00450 
   67    1    1    1    1    1    1    1    7    1  0.00000E+00 0.00000 
   68    1    1    1    1    1    1    1    7    2  1.21528E+04 0.00421 
   69    1    1    1    1    1    1    1    7    3  0.00000E+00 0.00000 
   70    1    1    1    1    1    1    1    7    4  0.00000E+00 0.00000 
   71    1    1    1    1    1    1    1    7    5  1.03038E+04 0.00436 
   72    1    1    1    1    1    1    1    7    6  9.75246E+03 0.00441 
   73    1    1    1    1    1    1    1    7    7  0.00000E+00 0.00000 
   74    1    1    1    1    1    1    1    7    8  9.39799E+03 0.00453 
   75    1    1    1    1    1    1    1    7    9  9.36959E+03 0.00450 
   76    1    1    1    1    1    1    1    7   10  0.00000E+00 0.00000 
   77    1    1    1    1    1    1    1    7   11  9.35348E+03 0.00455 
   78    1    1    1    1    1    1    1    8    1  0.00000E+00 0.00000 
   79    1    1    1    1    1    1    1    8    2  0.00000E+00 0.00000 
   80    1    1    1    1    1    1    1    8    3  1.11588E+04 0.00431 
   81    1    1    1    1    1    1    1    8    4  1.01663E+04 0.00444 
   82    1    1    1    1    1    1    1    8    5  0.00000E+00 0.00000 
   83    1    1    1    1    1    1    1    8    6  9.32046E+03 0.00452 
   84    1    1    1    1    1    1    1    8    7  9.04124E+03 0.00459 
   85    1    1    1    1    1    1    1    8    8  0.00000E+00 0.00000 
   86    1    1    1    1    1    1    1    8    9  8.92401E+03 0.00461 
   87    1    1    1    1    1    1    1    8   10  8.92152E+03 0.00465 
   88    1    1    1    1    1    1    1    8   11  0.00000E+00 0.00000 
   89    1    1    1    1    1    1    1    9    1  1.12321E+04 0.00425 
   90    1    1    1    1    1    1    1    9    2  0.00000E+00 0.00000 
   91    1    1    1    1    1    1    1    9    3  0.00000E+00 0.00000 
   92    1    1    1    1    1    1    1    9    4  9.41218E+03 0.00445 
   93    1    1    1    1    1    1    1    9    5  9.08404E+03 0.00450 
   94    1    1    1    1    1    1    1    9    6  0.00000E+00 0.00000 
   95    1    1    1    1    1    1    1    9    7  8.74080E+03 0.00459 
   96    1    1    1    1    1    1    1    9    8  8.70468E+03 0.00459 
   97    1    1    1    1    1    1    1    9    9  0.00000E+00 0.00000 
   98    1    1    1    1    1    1    1    9   10  8.79609E+03 0.00461 
   99    1    1    1    1    1    1    1    9   11  8.77455E+03 0.00471 
  100    1    1    1    1    1    1    1   10    1  0.00000E+00 0.00000 
  101    1    1    1    1    1    1    1   10    2  9.90569E+03 0.00447 
  102    1    1    1    1    1    1    1   10    3  9.35120E+03 0.00453 
  103    1    1    1    1    1    1    1   10    4  0.00000E+00 0.00000 
  104    1    1    1    1    1    1    1   10    5  8.76807E+03 0.00464 
  105    1    1    1    1    1    1    1   10    6  8.68386E+03 0.00475 
  106    1    1    1    1    1    1    1   10    7  0.00000E+00 0.00000 
  107    1    1    1    1    1    1    1   10    8  8.61433E+03 0.00476 
  108    1    1    1    1    1    1    1   10    9  8.80185E+03 0.00466 
  109    1    1    1    1    1    1    1   10   10  0.00000E+00 0.00000 
