
ZAI = [
922350
922380
666
0
];

NAMES = [
'U235            '
'U238            '
'lost            '
'total           '
];

i922350 = 1; iU235             = 1;
i922380 = 2; iU238             = 2;
iLOST    = 3;
iTOT     = 4;

MAT_un_VOLUME = [ 2.43523E+05 2.43523E+05 ];

MAT_un_BURNUP = [ 0.00000E+00 4.70705E+01 ];

MAT_un_ADENS = [
4.83387E-03 3.39820E-03 % U235
1.93936E-02 1.88251E-02 % U238
0.00000E+00 4.52169E-30 % lost data
7.26897E-02 7.39107E-02 % total
];

MAT_un_MDENS = [
1.88669E+00 1.32634E+00 % U235
7.66628E+00 7.44153E+00 % U238
0.00000E+00 0.00000E+00 % lost data
1.08000E+01 1.07984E+01 % total
];

MAT_un_A = [
3.67374E+10 2.58264E+10 % U235
2.32177E+10 2.25370E+10 % U238
0.00000E+00 0.00000E+00 % lost data
5.99551E+10 3.26405E+18 % total
];

MAT_un_H = [
2.75398E-02 1.93605E-02 % U235
1.58842E-02 1.54185E-02 % U238
0.00000E+00 0.00000E+00 % lost data
4.34240E-02 9.60959E+05 % total
];

MAT_un_SF = [
2.64509E+00 1.85950E+00 % U235
1.26768E+04 1.23052E+04 % U238
0.00000E+00 0.00000E+00 % lost data
1.26795E+04 1.30474E+08 % total
];

MAT_un_GSRC = [
4.64180E+10 3.26318E+10 % U235
2.05601E+09 1.99573E+09 % U238
0.00000E+00 0.00000E+00 % lost data
4.84740E+10 3.50467E+18 % total
];

MAT_un_ING_TOX = [
1.72666E+03 1.21384E+03 % U235
1.04479E+03 1.01416E+03 % U238
0.00000E+00 0.00000E+00 % lost data
2.77145E+03 2.25043E+09 % total
];

MAT_un_INH_TOX = [
3.12268E+05 2.19524E+05 % U235
1.85741E+05 1.80296E+05 % U238
0.00000E+00 0.00000E+00 % lost data
4.98009E+05 8.80919E+10 % total
];

TOT_VOLUME = [ 2.43523E+05 2.43523E+05 ];

TOT_BURNUP = [ 0.00000E+00 4.70705E+01 ];

TOT_ADENS = [
4.83387E-03 3.39820E-03 % U235
1.93936E-02 1.88251E-02 % U238
0.00000E+00 4.52169E-30 % lost data
7.26897E-02 7.39107E-02 % total
];

TOT_MASS = [
4.59453E+05 3.22995E+05 % U235
1.86692E+06 1.81219E+06 % U238
0.00000E+00 0.00000E+00 % lost data
2.63005E+06 2.62967E+06 % total
];

TOT_A = [
3.67374E+10 2.58264E+10 % U235
2.32177E+10 2.25370E+10 % U238
0.00000E+00 0.00000E+00 % lost data
5.99551E+10 3.26405E+18 % total
];

TOT_H = [
2.75398E-02 1.93605E-02 % U235
1.58842E-02 1.54185E-02 % U238
0.00000E+00 0.00000E+00 % lost data
4.34240E-02 9.60959E+05 % total
];

TOT_SF = [
2.64509E+00 1.85950E+00 % U235
1.26768E+04 1.23052E+04 % U238
0.00000E+00 0.00000E+00 % lost data
1.26795E+04 1.30474E+08 % total
];

TOT_GSRC = [
4.64180E+10 3.26318E+10 % U235
2.05601E+09 1.99573E+09 % U238
0.00000E+00 0.00000E+00 % lost data
4.84740E+10 3.50467E+18 % total
];

TOT_ING_TOX = [
1.72666E+03 1.21384E+03 % U235
1.04479E+03 1.01416E+03 % U238
0.00000E+00 0.00000E+00 % lost data
2.77145E+03 2.25043E+09 % total
];

TOT_INH_TOX = [
3.12268E+05 2.19524E+05 % U235
1.85741E+05 1.80296E+05 % U238
0.00000E+00 0.00000E+00 % lost data
4.98009E+05 8.80919E+10 % total
];

BU = [ 0.00000E+00 4.70690E+01 ];

DAYS = [ 0.00000E+00 7.30000E+03 ];
