
ZAI = [
922350
922380
666
0
];

NAMES = [
'U235            '
'U238            '
'lost            '
'total           '
];

i922350 = 1; iU235             = 1;
i922380 = 2; iU238             = 2;
iLOST    = 3;
iTOT     = 4;

MAT_un_VOLUME = [ 2.29120E+05 2.29120E+05 ];

MAT_un_BURNUP = [ 0.00000E+00 5.00295E+01 ];

MAT_un_ADENS = [
4.83387E-03 3.32048E-03 % U235
1.93936E-02 1.88039E-02 % U238
0.00000E+00 6.26124E-30 % lost data
7.26897E-02 7.39878E-02 % total
];

MAT_un_MDENS = [
1.88669E+00 1.29600E+00 % U235
7.66628E+00 7.43317E+00 % U238
0.00000E+00 0.00000E+00 % lost data
1.08000E+01 1.07983E+01 % total
];

MAT_un_A = [
3.45646E+10 2.37431E+10 % U235
2.18444E+10 2.11802E+10 % U238
0.00000E+00 0.00000E+00 % lost data
5.64090E+10 3.25078E+18 % total
];

MAT_un_H = [
2.59110E-02 1.77987E-02 % U235
1.49447E-02 1.44903E-02 % U238
0.00000E+00 0.00000E+00 % lost data
4.08557E-02 9.57991E+05 % total
];

MAT_un_SF = [
2.48865E+00 1.70950E+00 % U235
1.19271E+04 1.15644E+04 % U238
0.00000E+00 0.00000E+00 % lost data
1.19296E+04 1.48396E+08 % total
];

MAT_un_GSRC = [
4.36725E+10 2.99995E+10 % U235
1.93440E+09 1.87558E+09 % U238
0.00000E+00 0.00000E+00 % lost data
4.56070E+10 3.48793E+18 % total
];

MAT_un_ING_TOX = [
1.62453E+03 1.11592E+03 % U235
9.83000E+02 9.53109E+02 % U238
0.00000E+00 0.00000E+00 % lost data
2.60753E+03 2.25922E+09 % total
];

MAT_un_INH_TOX = [
2.93799E+05 2.01816E+05 % U235
1.74755E+05 1.69442E+05 % U238
0.00000E+00 0.00000E+00 % lost data
4.68554E+05 9.30539E+10 % total
];

TOT_VOLUME = [ 2.29120E+05 2.29120E+05 ];

TOT_BURNUP = [ 0.00000E+00 5.00295E+01 ];

TOT_ADENS = [
4.83387E-03 3.32048E-03 % U235
1.93936E-02 1.88039E-02 % U238
0.00000E+00 6.26124E-30 % lost data
7.26897E-02 7.39878E-02 % total
];

TOT_MASS = [
4.32278E+05 2.96940E+05 % U235
1.75650E+06 1.70309E+06 % U238
0.00000E+00 0.00000E+00 % lost data
2.47450E+06 2.47411E+06 % total
];

TOT_A = [
3.45646E+10 2.37431E+10 % U235
2.18444E+10 2.11802E+10 % U238
0.00000E+00 0.00000E+00 % lost data
5.64090E+10 3.25078E+18 % total
];

TOT_H = [
2.59110E-02 1.77987E-02 % U235
1.49447E-02 1.44903E-02 % U238
0.00000E+00 0.00000E+00 % lost data
4.08557E-02 9.57991E+05 % total
];

TOT_SF = [
2.48865E+00 1.70950E+00 % U235
1.19271E+04 1.15644E+04 % U238
0.00000E+00 0.00000E+00 % lost data
1.19296E+04 1.48396E+08 % total
];

TOT_GSRC = [
4.36725E+10 2.99995E+10 % U235
1.93440E+09 1.87558E+09 % U238
0.00000E+00 0.00000E+00 % lost data
4.56070E+10 3.48793E+18 % total
];

TOT_ING_TOX = [
1.62453E+03 1.11592E+03 % U235
9.83000E+02 9.53109E+02 % U238
0.00000E+00 0.00000E+00 % lost data
2.60753E+03 2.25922E+09 % total
];

TOT_INH_TOX = [
2.93799E+05 2.01816E+05 % U235
1.74755E+05 1.69442E+05 % U238
0.00000E+00 0.00000E+00 % lost data
4.68554E+05 9.30539E+10 % total
];

BU = [ 0.00000E+00 5.00279E+01 ];

DAYS = [ 0.00000E+00 7.30000E+03 ];
