
DETassem1 = [
    1    1    1    1    1    1    1    1    1    1  0.00000E+00 0.00000 
    2    1    1    1    1    1    1    1    1    2  0.00000E+00 0.00000 
    3    1    1    1    1    1    1    1    1    3  0.00000E+00 0.00000 
    4    1    1    1    1    1    1    1    1    4  0.00000E+00 0.00000 
    5    1    1    1    1    1    1    1    1    5  0.00000E+00 0.00000 
    6    1    1    1    1    1    1    1    1    6  0.00000E+00 0.00000 
    7    1    1    1    1    1    1    1    1    7  0.00000E+00 0.00000 
    8    1    1    1    1    1    1    1    1    8  2.14675E+04 0.00328 
    9    1    1    1    1    1    1    1    1    9  1.65690E+04 0.00356 
   10    1    1    1    1    1    1    1    1   10  0.00000E+00 0.00000 
   11    1    1    1    1    1    1    1    1   11  1.28187E+04 0.00395 
   12    1    1    1    1    1    1    1    2    1  2.33925E+04 0.00322 
   13    1    1    1    1    1    1    1    2    2  0.00000E+00 0.00000 
   14    1    1    1    1    1    1    1    2    3  0.00000E+00 0.00000 
   15    1    1    1    1    1    1    1    2    4  0.00000E+00 0.00000 
   16    1    1    1    1    1    1    1    2    5  0.00000E+00 0.00000 
   17    1    1    1    1    1    1    1    2    6  2.35963E+04 0.00322 
   18    1    1    1    1    1    1    1    2    7  0.00000E+00 0.00000 
   19    1    1    1    1    1    1    1    2    8  0.00000E+00 0.00000 
   20    1    1    1    1    1    1    1    2    9  1.38786E+04 0.00379 
   21    1    1    1    1    1    1    1    2   10  1.28113E+04 0.00392 
   22    1    1    1    1    1    1    1    2   11  0.00000E+00 0.00000 
   23    1    1    1    1    1    1    1    3    1  0.00000E+00 0.00000 
   24    1    1    1    1    1    1    1    3    2  2.14009E+04 0.00333 
   25    1    1    1    1    1    1    1    3    3  0.00000E+00 0.00000 
   26    1    1    1    1    1    1    1    3    4  2.14689E+04 0.00335 
   27    1    1    1    1    1    1    1    3    5  0.00000E+00 0.00000 
   28    1    1    1    1    1    1    1    3    6  0.00000E+00 0.00000 
   29    1    1    1    1    1    1    1    3    7  1.53752E+04 0.00368 
   30    1    1    1    1    1    1    1    3    8  1.33288E+04 0.00380 
   31    1    1    1    1    1    1    1    3    9  0.00000E+00 0.00000 
   32    1    1    1    1    1    1    1    3   10  0.00000E+00 0.00000 
   33    1    1    1    1    1    1    1    3   11  1.15847E+04 0.00401 
   34    1    1    1    1    1    1    1    4    1  0.00000E+00 0.00000 
   35    1    1    1    1    1    1    1    4    2  1.65513E+04 0.00366 
   36    1    1    1    1    1    1    1    4    3  1.65936E+04 0.00356 
   37    1    1    1    1    1    1    1    4    4  0.00000E+00 0.00000 
   38    1    1    1    1    1    1    1    4    5  1.53666E+04 0.00367 
   39    1    1    1    1    1    1    1    4    6  1.38599E+04 0.00383 
   40    1    1    1    1    1    1    1    4    7  0.00000E+00 0.00000 
   41    1    1    1    1    1    1    1    4    8  1.20868E+04 0.00405 
   42    1    1    1    1    1    1    1    4    9  0.00000E+00 0.00000 
   43    1    1    1    1    1    1    1    4   10  0.00000E+00 0.00000 
   44    1    1    1    1    1    1    1    4   11  1.08115E+04 0.00424 
   45    1    1    1    1    1    1    1    5    1  1.39026E+04 0.00383 
   46    1    1    1    1    1    1    1    5    2  0.00000E+00 0.00000 
   47    1    1    1    1    1    1    1    5    3  1.39091E+04 0.00384 
   48    1    1    1    1    1    1    1    5    4  1.34364E+04 0.00383 
   49    1    1    1    1    1    1    1    5    5  0.00000E+00 0.00000 
   50    1    1    1    1    1    1    1    5    6  1.18304E+04 0.00407 
   51    1    1    1    1    1    1    1    5    7  1.13567E+04 0.00409 
   52    1    1    1    1    1    1    1    5    8  0.00000E+00 0.00000 
   53    1    1    1    1    1    1    1    5    9  1.09578E+04 0.00418 
   54    1    1    1    1    1    1    1    5   10  1.06301E+04 0.00412 
   55    1    1    1    1    1    1    1    5   11  0.00000E+00 0.00000 
   56    1    1    1    1    1    1    1    6    1  1.29312E+04 0.00390 
   57    1    1    1    1    1    1    1    6    2  1.28634E+04 0.00395 
   58    1    1    1    1    1    1    1    6    3  0.00000E+00 0.00000 
   59    1    1    1    1    1    1    1    6    4  1.21510E+04 0.00397 
   60    1    1    1    1    1    1    1    6    5  1.12818E+04 0.00416 
   61    1    1    1    1    1    1    1    6    6  0.00000E+00 0.00000 
   62    1    1    1    1    1    1    1    6    7  1.05499E+04 0.00415 
   63    1    1    1    1    1    1    1    6    8  1.03451E+04 0.00426 
   64    1    1    1    1    1    1    1    6    9  0.00000E+00 0.00000 
   65    1    1    1    1    1    1    1    6   10  1.05253E+04 0.00413 
   66    1    1    1    1    1    1    1    6   11  0.00000E+00 0.00000 
   67    1    1    1    1    1    1    1    7    1  0.00000E+00 0.00000 
   68    1    1    1    1    1    1    1    7    2  0.00000E+00 0.00000 
   69    1    1    1    1    1    1    1    7    3  0.00000E+00 0.00000 
   70    1    1    1    1    1    1    1    7    4  0.00000E+00 0.00000 
   71    1    1    1    1    1    1    1    7    5  1.05491E+04 0.00415 
   72    1    1    1    1    1    1    1    7    6  1.01742E+04 0.00418 
   73    1    1    1    1    1    1    1    7    7  0.00000E+00 0.00000 
   74    1    1    1    1    1    1    1    7    8  9.86578E+03 0.00425 
   75    1    1    1    1    1    1    1    7    9  1.02155E+04 0.00427 
   76    1    1    1    1    1    1    1    7   10  0.00000E+00 0.00000 
   77    1    1    1    1    1    1    1    7   11  1.02522E+04 0.00417 
   78    1    1    1    1    1    1    1    8    1  1.15712E+04 0.00405 
   79    1    1    1    1    1    1    1    8    2  0.00000E+00 0.00000 
   80    1    1    1    1    1    1    1    8    3  1.10144E+04 0.00405 
   81    1    1    1    1    1    1    1    8    4  1.03612E+04 0.00413 
   82    1    1    1    1    1    1    1    8    5  0.00000E+00 0.00000 
   83    1    1    1    1    1    1    1    8    6  9.75823E+03 0.00440 
   84    1    1    1    1    1    1    1    8    7  9.64452E+03 0.00431 
   85    1    1    1    1    1    1    1    8    8  0.00000E+00 0.00000 
   86    1    1    1    1    1    1    1    8    9  0.00000E+00 0.00000 
   87    1    1    1    1    1    1    1    8   10  9.90917E+03 0.00435 
   88    1    1    1    1    1    1    1    8   11  0.00000E+00 0.00000 
   89    1    1    1    1    1    1    1    9    1  1.08214E+04 0.00404 
   90    1    1    1    1    1    1    1    9    2  1.07102E+04 0.00425 
   91    1    1    1    1    1    1    1    9    3  0.00000E+00 0.00000 
   92    1    1    1    1    1    1    1    9    4  9.99177E+03 0.00426 
   93    1    1    1    1    1    1    1    9    5  9.63567E+03 0.00436 
   94    1    1    1    1    1    1    1    9    6  0.00000E+00 0.00000 
   95    1    1    1    1    1    1    1    9    7  9.40045E+03 0.00437 
   96    1    1    1    1    1    1    1    9    8  9.61846E+03 0.00421 
   97    1    1    1    1    1    1    1    9    9  0.00000E+00 0.00000 
   98    1    1    1    1    1    1    1    9   10  9.37330E+03 0.00445 
   99    1    1    1    1    1    1    1    9   11  9.42346E+03 0.00442 
  100    1    1    1    1    1    1    1   10    1  0.00000E+00 0.00000 
  101    1    1    1    1    1    1    1   10    2  1.04421E+04 0.00419 
  102    1    1    1    1    1    1    1   10    3  1.02032E+04 0.00430 
  103    1    1    1    1    1    1    1   10    4  0.00000E+00 0.00000 
  104    1    1    1    1    1    1    1   10    5  9.43147E+03 0.00444 
  105    1    1    1    1    1    1    1   10    6  9.26969E+03 0.00451 
  106    1    1    1    1    1    1    1   10    7  0.00000E+00 0.00000 
  107    1    1    1    1    1    1    1   10    8  9.22059E+03 0.00444 
  108    1    1    1    1    1    1    1   10    9  9.15507E+03 0.00451 
  109    1    1    1    1    1    1    1   10   10  0.00000E+00 0.00000 
