
DETassem1 = [
    1    1    1    1    1    1    1    1    1    1  0.00000E+00 0.00000 
    2    1    1    1    1    1    1    1    1    2  0.00000E+00 0.00000 
    3    1    1    1    1    1    1    1    1    3  0.00000E+00 0.00000 
    4    1    1    1    1    1    1    1    1    4  0.00000E+00 0.00000 
    5    1    1    1    1    1    1    1    1    5  0.00000E+00 0.00000 
    6    1    1    1    1    1    1    1    1    6  0.00000E+00 0.00000 
    7    1    1    1    1    1    1    1    1    7  0.00000E+00 0.00000 
    8    1    1    1    1    1    1    1    1    8  2.09386E+04 0.00348 
    9    1    1    1    1    1    1    1    1    9  0.00000E+00 0.00000 
   10    1    1    1    1    1    1    1    1   10  0.00000E+00 0.00000 
   11    1    1    1    1    1    1    1    1   11  1.19062E+04 0.00421 
   12    1    1    1    1    1    1    1    2    1  2.15863E+04 0.00341 
   13    1    1    1    1    1    1    1    2    2  0.00000E+00 0.00000 
   14    1    1    1    1    1    1    1    2    3  0.00000E+00 0.00000 
   15    1    1    1    1    1    1    1    2    4  0.00000E+00 0.00000 
   16    1    1    1    1    1    1    1    2    5  0.00000E+00 0.00000 
   17    1    1    1    1    1    1    1    2    6  2.15584E+04 0.00337 
   18    1    1    1    1    1    1    1    2    7  1.75259E+04 0.00366 
   19    1    1    1    1    1    1    1    2    8  0.00000E+00 0.00000 
   20    1    1    1    1    1    1    1    2    9  1.35437E+04 0.00402 
   21    1    1    1    1    1    1    1    2   10  1.18297E+04 0.00427 
   22    1    1    1    1    1    1    1    2   11  0.00000E+00 0.00000 
   23    1    1    1    1    1    1    1    3    1  1.75295E+04 0.00377 
   24    1    1    1    1    1    1    1    3    2  2.09424E+04 0.00353 
   25    1    1    1    1    1    1    1    3    3  0.00000E+00 0.00000 
   26    1    1    1    1    1    1    1    3    4  2.09318E+04 0.00345 
   27    1    1    1    1    1    1    1    3    5  1.74505E+04 0.00380 
   28    1    1    1    1    1    1    1    3    6  0.00000E+00 0.00000 
   29    1    1    1    1    1    1    1    3    7  1.34135E+04 0.00406 
   30    1    1    1    1    1    1    1    3    8  1.22943E+04 0.00417 
   31    1    1    1    1    1    1    1    3    9  0.00000E+00 0.00000 
   32    1    1    1    1    1    1    1    3   10  1.07846E+04 0.00425 
   33    1    1    1    1    1    1    1    3   11  0.00000E+00 0.00000 
   34    1    1    1    1    1    1    1    4    1  0.00000E+00 0.00000 
   35    1    1    1    1    1    1    1    4    2  0.00000E+00 0.00000 
   36    1    1    1    1    1    1    1    4    3  0.00000E+00 0.00000 
   37    1    1    1    1    1    1    1    4    4  0.00000E+00 0.00000 
   38    1    1    1    1    1    1    1    4    5  1.33876E+04 0.00401 
   39    1    1    1    1    1    1    1    4    6  1.22564E+04 0.00412 
   40    1    1    1    1    1    1    1    4    7  0.00000E+00 0.00000 
   41    1    1    1    1    1    1    1    4    8  1.06915E+04 0.00433 
   42    1    1    1    1    1    1    1    4    9  1.03015E+04 0.00439 
   43    1    1    1    1    1    1    1    4   10  0.00000E+00 0.00000 
   44    1    1    1    1    1    1    1    4   11  9.91719E+03 0.00445 
   45    1    1    1    1    1    1    1    5    1  1.35932E+04 0.00402 
   46    1    1    1    1    1    1    1    5    2  0.00000E+00 0.00000 
   47    1    1    1    1    1    1    1    5    3  1.35028E+04 0.00404 
   48    1    1    1    1    1    1    1    5    4  1.21401E+04 0.00421 
   49    1    1    1    1    1    1    1    5    5  0.00000E+00 0.00000 
   50    1    1    1    1    1    1    1    5    6  1.07099E+04 0.00436 
   51    1    1    1    1    1    1    1    5    7  1.02963E+04 0.00435 
   52    1    1    1    1    1    1    1    5    8  0.00000E+00 0.00000 
   53    1    1    1    1    1    1    1    5    9  9.57161E+03 0.00457 
   54    1    1    1    1    1    1    1    5   10  9.42999E+03 0.00454 
   55    1    1    1    1    1    1    1    5   11  0.00000E+00 0.00000 
   56    1    1    1    1    1    1    1    6    1  1.18614E+04 0.00429 
   57    1    1    1    1    1    1    1    6    2  1.18868E+04 0.00419 
   58    1    1    1    1    1    1    1    6    3  0.00000E+00 0.00000 
   59    1    1    1    1    1    1    1    6    4  1.06467E+04 0.00428 
   60    1    1    1    1    1    1    1    6    5  1.03473E+04 0.00453 
   61    1    1    1    1    1    1    1    6    6  0.00000E+00 0.00000 
   62    1    1    1    1    1    1    1    6    7  9.99598E+03 0.00435 
   63    1    1    1    1    1    1    1    6    8  9.48615E+03 0.00459 
   64    1    1    1    1    1    1    1    6    9  0.00000E+00 0.00000 
   65    1    1    1    1    1    1    1    6   10  8.97469E+03 0.00464 
   66    1    1    1    1    1    1    1    6   11  8.76717E+03 0.00462 
   67    1    1    1    1    1    1    1    7    1  0.00000E+00 0.00000 
   68    1    1    1    1    1    1    1    7    2  1.08844E+04 0.00428 
   69    1    1    1    1    1    1    1    7    3  1.01697E+04 0.00437 
   70    1    1    1    1    1    1    1    7    4  0.00000E+00 0.00000 
   71    1    1    1    1    1    1    1    7    5  9.87275E+03 0.00445 
   72    1    1    1    1    1    1    1    7    6  0.00000E+00 0.00000 
   73    1    1    1    1    1    1    1    7    7  0.00000E+00 0.00000 
   74    1    1    1    1    1    1    1    7    8  9.09096E+03 0.00446 
   75    1    1    1    1    1    1    1    7    9  8.83758E+03 0.00458 
   76    1    1    1    1    1    1    1    7   10  0.00000E+00 0.00000 
   77    1    1    1    1    1    1    1    7   11  8.69385E+03 0.00465 
   78    1    1    1    1    1    1    1    8    1  0.00000E+00 0.00000 
   79    1    1    1    1    1    1    1    8    2  0.00000E+00 0.00000 
   80    1    1    1    1    1    1    1    8    3  9.54250E+03 0.00445 
   81    1    1    1    1    1    1    1    8    4  9.51075E+03 0.00449 
   82    1    1    1    1    1    1    1    8    5  0.00000E+00 0.00000 
   83    1    1    1    1    1    1    1    8    6  0.00000E+00 0.00000 
   84    1    1    1    1    1    1    1    8    7  9.23923E+03 0.00456 
   85    1    1    1    1    1    1    1    8    8  0.00000E+00 0.00000 
   86    1    1    1    1    1    1    1    8    9  8.60414E+03 0.00465 
   87    1    1    1    1    1    1    1    8   10  8.48743E+03 0.00460 
   88    1    1    1    1    1    1    1    8   11  0.00000E+00 0.00000 
   89    1    1    1    1    1    1    1    9    1  9.91191E+03 0.00444 
   90    1    1    1    1    1    1    1    9    2  9.41473E+03 0.00451 
   91    1    1    1    1    1    1    1    9    3  0.00000E+00 0.00000 
   92    1    1    1    1    1    1    1    9    4  9.20484E+03 0.00471 
   93    1    1    1    1    1    1    1    9    5  9.26712E+03 0.00450 
   94    1    1    1    1    1    1    1    9    6  0.00000E+00 0.00000 
   95    1    1    1    1    1    1    1    9    7  8.74227E+03 0.00461 
   96    1    1    1    1    1    1    1    9    8  8.50341E+03 0.00474 
   97    1    1    1    1    1    1    1    9    9  0.00000E+00 0.00000 
   98    1    1    1    1    1    1    1    9   10  8.37496E+03 0.00469 
   99    1    1    1    1    1    1    1    9   11  8.52809E+03 0.00463 
  100    1    1    1    1    1    1    1   10    1  0.00000E+00 0.00000 
  101    1    1    1    1    1    1    1   10    2  8.98038E+03 0.00452 
  102    1    1    1    1    1    1    1   10    3  8.85171E+03 0.00465 
  103    1    1    1    1    1    1    1   10    4  0.00000E+00 0.00000 
  104    1    1    1    1    1    1    1   10    5  8.73921E+03 0.00464 
  105    1    1    1    1    1    1    1   10    6  8.55406E+03 0.00472 
  106    1    1    1    1    1    1    1   10    7  0.00000E+00 0.00000 
  107    1    1    1    1    1    1    1   10    8  8.29896E+03 0.00476 
  108    1    1    1    1    1    1    1   10    9  8.29725E+03 0.00474 
  109    1    1    1    1    1    1    1   10   10  0.00000E+00 0.00000 
