
DETassem1 = [
    1    1    1    1    1    1    1    1    1    1  0.00000E+00 0.00000 
    2    1    1    1    1    1    1    1    1    2  0.00000E+00 0.00000 
    3    1    1    1    1    1    1    1    1    3  0.00000E+00 0.00000 
    4    1    1    1    1    1    1    1    1    4  0.00000E+00 0.00000 
    5    1    1    1    1    1    1    1    1    5  0.00000E+00 0.00000 
    6    1    1    1    1    1    1    1    1    6  0.00000E+00 0.00000 
    7    1    1    1    1    1    1    1    1    7  0.00000E+00 0.00000 
    8    1    1    1    1    1    1    1    1    8  2.09213E+04 0.00336 
    9    1    1    1    1    1    1    1    1    9  1.61568E+04 0.00366 
   10    1    1    1    1    1    1    1    1   10  0.00000E+00 0.00000 
   11    1    1    1    1    1    1    1    1   11  1.18108E+04 0.00401 
   12    1    1    1    1    1    1    1    2    1  2.30659E+04 0.00319 
   13    1    1    1    1    1    1    1    2    2  0.00000E+00 0.00000 
   14    1    1    1    1    1    1    1    2    3  0.00000E+00 0.00000 
   15    1    1    1    1    1    1    1    2    4  0.00000E+00 0.00000 
   16    1    1    1    1    1    1    1    2    5  0.00000E+00 0.00000 
   17    1    1    1    1    1    1    1    2    6  2.30654E+04 0.00324 
   18    1    1    1    1    1    1    1    2    7  0.00000E+00 0.00000 
   19    1    1    1    1    1    1    1    2    8  0.00000E+00 0.00000 
   20    1    1    1    1    1    1    1    2    9  1.32517E+04 0.00388 
   21    1    1    1    1    1    1    1    2   10  1.19293E+04 0.00395 
   22    1    1    1    1    1    1    1    2   11  0.00000E+00 0.00000 
   23    1    1    1    1    1    1    1    3    1  0.00000E+00 0.00000 
   24    1    1    1    1    1    1    1    3    2  2.10251E+04 0.00331 
   25    1    1    1    1    1    1    1    3    3  0.00000E+00 0.00000 
   26    1    1    1    1    1    1    1    3    4  2.10166E+04 0.00340 
   27    1    1    1    1    1    1    1    3    5  0.00000E+00 0.00000 
   28    1    1    1    1    1    1    1    3    6  0.00000E+00 0.00000 
   29    1    1    1    1    1    1    1    3    7  1.49622E+04 0.00383 
   30    1    1    1    1    1    1    1    3    8  1.29179E+04 0.00395 
   31    1    1    1    1    1    1    1    3    9  0.00000E+00 0.00000 
   32    1    1    1    1    1    1    1    3   10  1.13014E+04 0.00401 
   33    1    1    1    1    1    1    1    3   11  1.05074E+04 0.00418 
   34    1    1    1    1    1    1    1    4    1  0.00000E+00 0.00000 
   35    1    1    1    1    1    1    1    4    2  1.60554E+04 0.00359 
   36    1    1    1    1    1    1    1    4    3  1.61944E+04 0.00363 
   37    1    1    1    1    1    1    1    4    4  0.00000E+00 0.00000 
   38    1    1    1    1    1    1    1    4    5  1.50302E+04 0.00377 
   39    1    1    1    1    1    1    1    4    6  1.35105E+04 0.00388 
   40    1    1    1    1    1    1    1    4    7  0.00000E+00 0.00000 
   41    1    1    1    1    1    1    1    4    8  1.18120E+04 0.00411 
   42    1    1    1    1    1    1    1    4    9  0.00000E+00 0.00000 
   43    1    1    1    1    1    1    1    4   10  0.00000E+00 0.00000 
   44    1    1    1    1    1    1    1    4   11  1.01498E+04 0.00426 
   45    1    1    1    1    1    1    1    5    1  1.33304E+04 0.00384 
   46    1    1    1    1    1    1    1    5    2  0.00000E+00 0.00000 
   47    1    1    1    1    1    1    1    5    3  1.33878E+04 0.00396 
   48    1    1    1    1    1    1    1    5    4  1.30321E+04 0.00385 
   49    1    1    1    1    1    1    1    5    5  0.00000E+00 0.00000 
   50    1    1    1    1    1    1    1    5    6  1.16813E+04 0.00403 
   51    1    1    1    1    1    1    1    5    7  1.12634E+04 0.00410 
   52    1    1    1    1    1    1    1    5    8  0.00000E+00 0.00000 
   53    1    1    1    1    1    1    1    5    9  0.00000E+00 0.00000 
   54    1    1    1    1    1    1    1    5   10  1.03065E+04 0.00421 
   55    1    1    1    1    1    1    1    5   11  0.00000E+00 0.00000 
   56    1    1    1    1    1    1    1    6    1  1.18734E+04 0.00396 
   57    1    1    1    1    1    1    1    6    2  1.18877E+04 0.00404 
   58    1    1    1    1    1    1    1    6    3  0.00000E+00 0.00000 
   59    1    1    1    1    1    1    1    6    4  1.16982E+04 0.00405 
   60    1    1    1    1    1    1    1    6    5  1.13008E+04 0.00408 
   61    1    1    1    1    1    1    1    6    6  0.00000E+00 0.00000 
   62    1    1    1    1    1    1    1    6    7  1.07329E+04 0.00419 
   63    1    1    1    1    1    1    1    6    8  1.05135E+04 0.00415 
   64    1    1    1    1    1    1    1    6    9  0.00000E+00 0.00000 
   65    1    1    1    1    1    1    1    6   10  9.71557E+03 0.00430 
   66    1    1    1    1    1    1    1    6   11  9.47146E+03 0.00434 
   67    1    1    1    1    1    1    1    7    1  0.00000E+00 0.00000 
   68    1    1    1    1    1    1    1    7    2  1.12262E+04 0.00412 
   69    1    1    1    1    1    1    1    7    3  0.00000E+00 0.00000 
   70    1    1    1    1    1    1    1    7    4  0.00000E+00 0.00000 
   71    1    1    1    1    1    1    1    7    5  1.08097E+04 0.00414 
   72    1    1    1    1    1    1    1    7    6  0.00000E+00 0.00000 
   73    1    1    1    1    1    1    1    7    7  0.00000E+00 0.00000 
   74    1    1    1    1    1    1    1    7    8  9.79791E+03 0.00430 
   75    1    1    1    1    1    1    1    7    9  9.54625E+03 0.00433 
   76    1    1    1    1    1    1    1    7   10  0.00000E+00 0.00000 
   77    1    1    1    1    1    1    1    7   11  9.25611E+03 0.00449 
   78    1    1    1    1    1    1    1    8    1  1.05468E+04 0.00425 
   79    1    1    1    1    1    1    1    8    2  0.00000E+00 0.00000 
   80    1    1    1    1    1    1    1    8    3  0.00000E+00 0.00000 
   81    1    1    1    1    1    1    1    8    4  1.05732E+04 0.00419 
   82    1    1    1    1    1    1    1    8    5  0.00000E+00 0.00000 
   83    1    1    1    1    1    1    1    8    6  9.92634E+03 0.00432 
   84    1    1    1    1    1    1    1    8    7  9.54464E+03 0.00431 
   85    1    1    1    1    1    1    1    8    8  0.00000E+00 0.00000 
   86    1    1    1    1    1    1    1    8    9  9.19961E+03 0.00438 
   87    1    1    1    1    1    1    1    8   10  9.15671E+03 0.00441 
   88    1    1    1    1    1    1    1    8   11  0.00000E+00 0.00000 
   89    1    1    1    1    1    1    1    9    1  1.01603E+04 0.00416 
   90    1    1    1    1    1    1    1    9    2  1.02884E+04 0.00419 
   91    1    1    1    1    1    1    1    9    3  0.00000E+00 0.00000 
   92    1    1    1    1    1    1    1    9    4  9.81495E+03 0.00420 
   93    1    1    1    1    1    1    1    9    5  9.60304E+03 0.00436 
   94    1    1    1    1    1    1    1    9    6  0.00000E+00 0.00000 
   95    1    1    1    1    1    1    1    9    7  9.19811E+03 0.00437 
   96    1    1    1    1    1    1    1    9    8  9.09329E+03 0.00439 
   97    1    1    1    1    1    1    1    9    9  0.00000E+00 0.00000 
   98    1    1    1    1    1    1    1    9   10  9.23515E+03 0.00443 
   99    1    1    1    1    1    1    1    9   11  0.00000E+00 0.00000 
  100    1    1    1    1    1    1    1   10    1  0.00000E+00 0.00000 
  101    1    1    1    1    1    1    1   10    2  9.67201E+03 0.00425 
  102    1    1    1    1    1    1    1   10    3  9.52485E+03 0.00430 
  103    1    1    1    1    1    1    1   10    4  0.00000E+00 0.00000 
  104    1    1    1    1    1    1    1   10    5  9.20991E+03 0.00436 
  105    1    1    1    1    1    1    1   10    6  9.07247E+03 0.00432 
  106    1    1    1    1    1    1    1   10    7  0.00000E+00 0.00000 
  107    1    1    1    1    1    1    1   10    8  8.93347E+03 0.00439 
  108    1    1    1    1    1    1    1   10    9  9.03009E+03 0.00439 
  109    1    1    1    1    1    1    1   10   10  0.00000E+00 0.00000 
