
DETassem1 = [
    1    1    1    1    1    1    1    1    1    1  0.00000E+00 0.00000 
    2    1    1    1    1    1    1    1    1    2  0.00000E+00 0.00000 
    3    1    1    1    1    1    1    1    1    3  0.00000E+00 0.00000 
    4    1    1    1    1    1    1    1    1    4  0.00000E+00 0.00000 
    5    1    1    1    1    1    1    1    1    5  0.00000E+00 0.00000 
    6    1    1    1    1    1    1    1    1    6  0.00000E+00 0.00000 
    7    1    1    1    1    1    1    1    1    7  0.00000E+00 0.00000 
    8    1    1    1    1    1    1    1    1    8  1.86721E+04 0.00361 
    9    1    1    1    1    1    1    1    1    9  1.44535E+04 0.00390 
   10    1    1    1    1    1    1    1    1   10  0.00000E+00 0.00000 
   11    1    1    1    1    1    1    1    1   11  1.07089E+04 0.00435 
   12    1    1    1    1    1    1    1    2    1  2.02377E+04 0.00358 
   13    1    1    1    1    1    1    1    2    2  0.00000E+00 0.00000 
   14    1    1    1    1    1    1    1    2    3  0.00000E+00 0.00000 
   15    1    1    1    1    1    1    1    2    4  0.00000E+00 0.00000 
   16    1    1    1    1    1    1    1    2    5  0.00000E+00 0.00000 
   17    1    1    1    1    1    1    1    2    6  2.02808E+04 0.00353 
   18    1    1    1    1    1    1    1    2    7  1.62162E+04 0.00378 
   19    1    1    1    1    1    1    1    2    8  0.00000E+00 0.00000 
   20    1    1    1    1    1    1    1    2    9  1.18057E+04 0.00422 
   21    1    1    1    1    1    1    1    2   10  1.07386E+04 0.00438 
   22    1    1    1    1    1    1    1    2   11  0.00000E+00 0.00000 
   23    1    1    1    1    1    1    1    3    1  1.63435E+04 0.00377 
   24    1    1    1    1    1    1    1    3    2  1.86036E+04 0.00362 
   25    1    1    1    1    1    1    1    3    3  0.00000E+00 0.00000 
   26    1    1    1    1    1    1    1    3    4  1.87225E+04 0.00366 
   27    1    1    1    1    1    1    1    3    5  1.62682E+04 0.00379 
   28    1    1    1    1    1    1    1    3    6  0.00000E+00 0.00000 
   29    1    1    1    1    1    1    1    3    7  1.26667E+04 0.00411 
   30    1    1    1    1    1    1    1    3    8  1.14740E+04 0.00425 
   31    1    1    1    1    1    1    1    3    9  0.00000E+00 0.00000 
   32    1    1    1    1    1    1    1    3   10  1.00901E+04 0.00436 
   33    1    1    1    1    1    1    1    3   11  9.43567E+03 0.00449 
   34    1    1    1    1    1    1    1    4    1  0.00000E+00 0.00000 
   35    1    1    1    1    1    1    1    4    2  1.43927E+04 0.00393 
   36    1    1    1    1    1    1    1    4    3  1.43672E+04 0.00394 
   37    1    1    1    1    1    1    1    4    4  0.00000E+00 0.00000 
   38    1    1    1    1    1    1    1    4    5  1.25868E+04 0.00421 
   39    1    1    1    1    1    1    1    4    6  1.20476E+04 0.00418 
   40    1    1    1    1    1    1    1    4    7  0.00000E+00 0.00000 
   41    1    1    1    1    1    1    1    4    8  1.05057E+04 0.00434 
   42    1    1    1    1    1    1    1    4    9  0.00000E+00 0.00000 
   43    1    1    1    1    1    1    1    4   10  0.00000E+00 0.00000 
   44    1    1    1    1    1    1    1    4   11  9.07073E+03 0.00455 
   45    1    1    1    1    1    1    1    5    1  1.18765E+04 0.00416 
   46    1    1    1    1    1    1    1    5    2  0.00000E+00 0.00000 
   47    1    1    1    1    1    1    1    5    3  1.18318E+04 0.00424 
   48    1    1    1    1    1    1    1    5    4  1.14933E+04 0.00434 
   49    1    1    1    1    1    1    1    5    5  0.00000E+00 0.00000 
   50    1    1    1    1    1    1    1    5    6  0.00000E+00 0.00000 
   51    1    1    1    1    1    1    1    5    7  1.02897E+04 0.00443 
   52    1    1    1    1    1    1    1    5    8  0.00000E+00 0.00000 
   53    1    1    1    1    1    1    1    5    9  9.59384E+03 0.00455 
   54    1    1    1    1    1    1    1    5   10  9.06059E+03 0.00460 
   55    1    1    1    1    1    1    1    5   11  0.00000E+00 0.00000 
   56    1    1    1    1    1    1    1    6    1  1.06452E+04 0.00438 
   57    1    1    1    1    1    1    1    6    2  1.06466E+04 0.00441 
   58    1    1    1    1    1    1    1    6    3  0.00000E+00 0.00000 
   59    1    1    1    1    1    1    1    6    4  1.05517E+04 0.00433 
   60    1    1    1    1    1    1    1    6    5  1.02461E+04 0.00430 
   61    1    1    1    1    1    1    1    6    6  0.00000E+00 0.00000 
   62    1    1    1    1    1    1    1    6    7  9.53308E+03 0.00450 
   63    1    1    1    1    1    1    1    6    8  9.14185E+03 0.00459 
   64    1    1    1    1    1    1    1    6    9  0.00000E+00 0.00000 
   65    1    1    1    1    1    1    1    6   10  8.83859E+03 0.00467 
   66    1    1    1    1    1    1    1    6   11  8.78956E+03 0.00463 
   67    1    1    1    1    1    1    1    7    1  0.00000E+00 0.00000 
   68    1    1    1    1    1    1    1    7    2  1.01055E+04 0.00449 
   69    1    1    1    1    1    1    1    7    3  0.00000E+00 0.00000 
   70    1    1    1    1    1    1    1    7    4  0.00000E+00 0.00000 
   71    1    1    1    1    1    1    1    7    5  9.52660E+03 0.00458 
   72    1    1    1    1    1    1    1    7    6  9.21114E+03 0.00453 
   73    1    1    1    1    1    1    1    7    7  0.00000E+00 0.00000 
   74    1    1    1    1    1    1    1    7    8  8.76796E+03 0.00464 
   75    1    1    1    1    1    1    1    7    9  8.74274E+03 0.00461 
   76    1    1    1    1    1    1    1    7   10  0.00000E+00 0.00000 
   77    1    1    1    1    1    1    1    7   11  8.70224E+03 0.00471 
   78    1    1    1    1    1    1    1    8    1  9.46053E+03 0.00446 
   79    1    1    1    1    1    1    1    8    2  0.00000E+00 0.00000 
   80    1    1    1    1    1    1    1    8    3  9.52259E+03 0.00440 
   81    1    1    1    1    1    1    1    8    4  9.20214E+03 0.00440 
   82    1    1    1    1    1    1    1    8    5  0.00000E+00 0.00000 
   83    1    1    1    1    1    1    1    8    6  8.85855E+03 0.00457 
   84    1    1    1    1    1    1    1    8    7  8.71308E+03 0.00470 
   85    1    1    1    1    1    1    1    8    8  0.00000E+00 0.00000 
   86    1    1    1    1    1    1    1    8    9  8.68966E+03 0.00454 
   87    1    1    1    1    1    1    1    8   10  8.76950E+03 0.00473 
   88    1    1    1    1    1    1    1    8   11  0.00000E+00 0.00000 
   89    1    1    1    1    1    1    1    9    1  9.10052E+03 0.00457 
   90    1    1    1    1    1    1    1    9    2  9.07794E+03 0.00453 
   91    1    1    1    1    1    1    1    9    3  0.00000E+00 0.00000 
   92    1    1    1    1    1    1    1    9    4  8.77501E+03 0.00457 
   93    1    1    1    1    1    1    1    9    5  8.72493E+03 0.00469 
   94    1    1    1    1    1    1    1    9    6  0.00000E+00 0.00000 
   95    1    1    1    1    1    1    1    9    7  8.66613E+03 0.00467 
   96    1    1    1    1    1    1    1    9    8  8.72878E+03 0.00460 
   97    1    1    1    1    1    1    1    9    9  0.00000E+00 0.00000 
   98    1    1    1    1    1    1    1    9   10  8.86006E+03 0.00476 
   99    1    1    1    1    1    1    1    9   11  8.84318E+03 0.00471 
  100    1    1    1    1    1    1    1   10    1  0.00000E+00 0.00000 
  101    1    1    1    1    1    1    1   10    2  8.73583E+03 0.00459 
  102    1    1    1    1    1    1    1   10    3  8.74903E+03 0.00463 
  103    1    1    1    1    1    1    1   10    4  0.00000E+00 0.00000 
  104    1    1    1    1    1    1    1   10    5  8.65940E+03 0.00460 
  105    1    1    1    1    1    1    1   10    6  8.89658E+03 0.00463 
  106    1    1    1    1    1    1    1   10    7  0.00000E+00 0.00000 
  107    1    1    1    1    1    1    1   10    8  8.85759E+03 0.00466 
  108    1    1    1    1    1    1    1   10    9  0.00000E+00 0.00000 
  109    1    1    1    1    1    1    1   10   10  0.00000E+00 0.00000 
