
DETassem1 = [
    1    1    1    1    1    1    1    1    1    1  0.00000E+00 0.00000 
    2    1    1    1    1    1    1    1    1    2  0.00000E+00 0.00000 
    3    1    1    1    1    1    1    1    1    3  0.00000E+00 0.00000 
    4    1    1    1    1    1    1    1    1    4  0.00000E+00 0.00000 
    5    1    1    1    1    1    1    1    1    5  0.00000E+00 0.00000 
    6    1    1    1    1    1    1    1    1    6  0.00000E+00 0.00000 
    7    1    1    1    1    1    1    1    1    7  0.00000E+00 0.00000 
    8    1    1    1    1    1    1    1    1    8  2.00282E+04 0.00339 
    9    1    1    1    1    1    1    1    1    9  0.00000E+00 0.00000 
   10    1    1    1    1    1    1    1    1   10  0.00000E+00 0.00000 
   11    1    1    1    1    1    1    1    1   11  1.14673E+04 0.00410 
   12    1    1    1    1    1    1    1    2    1  2.06679E+04 0.00335 
   13    1    1    1    1    1    1    1    2    2  0.00000E+00 0.00000 
   14    1    1    1    1    1    1    1    2    3  0.00000E+00 0.00000 
   15    1    1    1    1    1    1    1    2    4  0.00000E+00 0.00000 
   16    1    1    1    1    1    1    1    2    5  0.00000E+00 0.00000 
   17    1    1    1    1    1    1    1    2    6  2.06211E+04 0.00336 
   18    1    1    1    1    1    1    1    2    7  1.70711E+04 0.00355 
   19    1    1    1    1    1    1    1    2    8  0.00000E+00 0.00000 
   20    1    1    1    1    1    1    1    2    9  1.32907E+04 0.00394 
   21    1    1    1    1    1    1    1    2   10  1.14839E+04 0.00407 
   22    1    1    1    1    1    1    1    2   11  0.00000E+00 0.00000 
   23    1    1    1    1    1    1    1    3    1  1.70024E+04 0.00362 
   24    1    1    1    1    1    1    1    3    2  2.00286E+04 0.00337 
   25    1    1    1    1    1    1    1    3    3  0.00000E+00 0.00000 
   26    1    1    1    1    1    1    1    3    4  2.00258E+04 0.00346 
   27    1    1    1    1    1    1    1    3    5  1.70452E+04 0.00360 
   28    1    1    1    1    1    1    1    3    6  0.00000E+00 0.00000 
   29    1    1    1    1    1    1    1    3    7  1.31793E+04 0.00384 
   30    1    1    1    1    1    1    1    3    8  1.20255E+04 0.00404 
   31    1    1    1    1    1    1    1    3    9  0.00000E+00 0.00000 
   32    1    1    1    1    1    1    1    3   10  1.02647E+04 0.00423 
   33    1    1    1    1    1    1    1    3   11  9.66078E+03 0.00427 
   34    1    1    1    1    1    1    1    4    1  0.00000E+00 0.00000 
   35    1    1    1    1    1    1    1    4    2  0.00000E+00 0.00000 
   36    1    1    1    1    1    1    1    4    3  0.00000E+00 0.00000 
   37    1    1    1    1    1    1    1    4    4  0.00000E+00 0.00000 
   38    1    1    1    1    1    1    1    4    5  1.33372E+04 0.00390 
   39    1    1    1    1    1    1    1    4    6  1.20269E+04 0.00396 
   40    1    1    1    1    1    1    1    4    7  0.00000E+00 0.00000 
   41    1    1    1    1    1    1    1    4    8  1.05164E+04 0.00420 
   42    1    1    1    1    1    1    1    4    9  9.97606E+03 0.00422 
   43    1    1    1    1    1    1    1    4   10  0.00000E+00 0.00000 
   44    1    1    1    1    1    1    1    4   11  9.30287E+03 0.00435 
   45    1    1    1    1    1    1    1    5    1  1.33190E+04 0.00391 
   46    1    1    1    1    1    1    1    5    2  0.00000E+00 0.00000 
   47    1    1    1    1    1    1    1    5    3  1.32493E+04 0.00383 
   48    1    1    1    1    1    1    1    5    4  1.21617E+04 0.00397 
   49    1    1    1    1    1    1    1    5    5  0.00000E+00 0.00000 
   50    1    1    1    1    1    1    1    5    6  1.06084E+04 0.00420 
   51    1    1    1    1    1    1    1    5    7  1.00942E+04 0.00428 
   52    1    1    1    1    1    1    1    5    8  0.00000E+00 0.00000 
   53    1    1    1    1    1    1    1    5    9  9.42065E+03 0.00438 
   54    1    1    1    1    1    1    1    5   10  9.25312E+03 0.00445 
   55    1    1    1    1    1    1    1    5   11  0.00000E+00 0.00000 
   56    1    1    1    1    1    1    1    6    1  1.14793E+04 0.00399 
   57    1    1    1    1    1    1    1    6    2  1.14374E+04 0.00404 
   58    1    1    1    1    1    1    1    6    3  0.00000E+00 0.00000 
   59    1    1    1    1    1    1    1    6    4  1.04871E+04 0.00414 
   60    1    1    1    1    1    1    1    6    5  1.00588E+04 0.00411 
   61    1    1    1    1    1    1    1    6    6  0.00000E+00 0.00000 
   62    1    1    1    1    1    1    1    6    7  9.48373E+03 0.00428 
   63    1    1    1    1    1    1    1    6    8  9.21365E+03 0.00446 
   64    1    1    1    1    1    1    1    6    9  0.00000E+00 0.00000 
   65    1    1    1    1    1    1    1    6   10  9.03658E+03 0.00450 
   66    1    1    1    1    1    1    1    6   11  9.24495E+03 0.00437 
   67    1    1    1    1    1    1    1    7    1  0.00000E+00 0.00000 
   68    1    1    1    1    1    1    1    7    2  1.02403E+04 0.00419 
   69    1    1    1    1    1    1    1    7    3  9.95350E+03 0.00428 
   70    1    1    1    1    1    1    1    7    4  0.00000E+00 0.00000 
   71    1    1    1    1    1    1    1    7    5  9.42644E+03 0.00432 
   72    1    1    1    1    1    1    1    7    6  9.25034E+03 0.00427 
   73    1    1    1    1    1    1    1    7    7  0.00000E+00 0.00000 
   74    1    1    1    1    1    1    1    7    8  8.91067E+03 0.00440 
   75    1    1    1    1    1    1    1    7    9  8.88127E+03 0.00445 
   76    1    1    1    1    1    1    1    7   10  0.00000E+00 0.00000 
   77    1    1    1    1    1    1    1    7   11  0.00000E+00 0.00000 
   78    1    1    1    1    1    1    1    8    1  9.67241E+03 0.00426 
   79    1    1    1    1    1    1    1    8    2  0.00000E+00 0.00000 
   80    1    1    1    1    1    1    1    8    3  9.39306E+03 0.00434 
   81    1    1    1    1    1    1    1    8    4  9.14662E+03 0.00430 
   82    1    1    1    1    1    1    1    8    5  0.00000E+00 0.00000 
   83    1    1    1    1    1    1    1    8    6  8.82442E+03 0.00428 
   84    1    1    1    1    1    1    1    8    7  8.78580E+03 0.00451 
   85    1    1    1    1    1    1    1    8    8  0.00000E+00 0.00000 
   86    1    1    1    1    1    1    1    8    9  8.78390E+03 0.00449 
   87    1    1    1    1    1    1    1    8   10  8.98307E+03 0.00448 
   88    1    1    1    1    1    1    1    8   11  0.00000E+00 0.00000 
   89    1    1    1    1    1    1    1    9    1  9.31174E+03 0.00439 
   90    1    1    1    1    1    1    1    9    2  9.21128E+03 0.00436 
   91    1    1    1    1    1    1    1    9    3  0.00000E+00 0.00000 
   92    1    1    1    1    1    1    1    9    4  8.95186E+03 0.00443 
   93    1    1    1    1    1    1    1    9    5  8.74765E+03 0.00439 
   94    1    1    1    1    1    1    1    9    6  0.00000E+00 0.00000 
   95    1    1    1    1    1    1    1    9    7  8.66000E+03 0.00439 
   96    1    1    1    1    1    1    1    9    8  8.58490E+03 0.00447 
   97    1    1    1    1    1    1    1    9    9  0.00000E+00 0.00000 
   98    1    1    1    1    1    1    1    9   10  8.50293E+03 0.00455 
   99    1    1    1    1    1    1    1    9   11  8.49005E+03 0.00460 
  100    1    1    1    1    1    1    1   10    1  0.00000E+00 0.00000 
  101    1    1    1    1    1    1    1   10    2  9.14067E+03 0.00436 
  102    1    1    1    1    1    1    1   10    3  8.92091E+03 0.00438 
  103    1    1    1    1    1    1    1   10    4  0.00000E+00 0.00000 
  104    1    1    1    1    1    1    1   10    5  8.56077E+03 0.00450 
  105    1    1    1    1    1    1    1   10    6  8.49830E+03 0.00446 
  106    1    1    1    1    1    1    1   10    7  0.00000E+00 0.00000 
  107    1    1    1    1    1    1    1   10    8  8.36767E+03 0.00460 
  108    1    1    1    1    1    1    1   10    9  8.34318E+03 0.00467 
  109    1    1    1    1    1    1    1   10   10  0.00000E+00 0.00000 
