
ZAI = [
922350
922380
666
0
];

NAMES = [
'U235            '
'U238            '
'lost            '
'total           '
];

i922350 = 1; iU235             = 1;
i922380 = 2; iU238             = 2;
iLOST    = 3;
iTOT     = 4;

MAT_un_VOLUME = [ 2.52019E+05 2.52019E+05 ];

MAT_un_BURNUP = [ 0.00000E+00 4.54836E+01 ];

MAT_un_ADENS = [
4.83387E-03 3.44001E-03 % U235
1.93936E-02 1.88354E-02 % U238
0.00000E+00 3.80139E-30 % lost data
7.26897E-02 7.38690E-02 % total
];

MAT_un_MDENS = [
1.88669E+00 1.34266E+00 % U235
7.66628E+00 7.44563E+00 % U238
0.00000E+00 0.00000E+00 % lost data
1.08000E+01 1.07985E+01 % total
];

MAT_un_A = [
3.80191E+10 2.70562E+10 % U235
2.40277E+10 2.33361E+10 % U238
0.00000E+00 0.00000E+00 % lost data
6.20467E+10 3.27163E+18 % total
];

MAT_un_H = [
2.85006E-02 2.02824E-02 % U235
1.64383E-02 1.59652E-02 % U238
0.00000E+00 0.00000E+00 % lost data
4.49390E-02 9.62388E+05 % total
];

MAT_un_SF = [
2.73737E+00 1.94804E+00 % U235
1.31191E+04 1.27415E+04 % U238
0.00000E+00 0.00000E+00 % lost data
1.31218E+04 1.19683E+08 % total
];

MAT_un_GSRC = [
4.80374E+10 3.41857E+10 % U235
2.12774E+09 2.06650E+09 % U238
0.00000E+00 0.00000E+00 % lost data
5.01651E+10 3.51453E+18 % total
];

MAT_un_ING_TOX = [
1.78690E+03 1.27164E+03 % U235
1.08124E+03 1.05012E+03 % U238
0.00000E+00 0.00000E+00 % lost data
2.86814E+03 2.24497E+09 % total
];

MAT_un_INH_TOX = [
3.23162E+05 2.29977E+05 % U235
1.92221E+05 1.86689E+05 % U238
0.00000E+00 0.00000E+00 % lost data
5.15383E+05 8.50308E+10 % total
];

TOT_VOLUME = [ 2.52019E+05 2.52019E+05 ];

TOT_BURNUP = [ 0.00000E+00 4.54836E+01 ];

TOT_ADENS = [
4.83387E-03 3.44001E-03 % U235
1.93936E-02 1.88354E-02 % U238
0.00000E+00 3.80139E-30 % lost data
7.26897E-02 7.38690E-02 % total
];

TOT_MASS = [
4.75482E+05 3.38375E+05 % U235
1.93205E+06 1.87644E+06 % U238
0.00000E+00 0.00000E+00 % lost data
2.72181E+06 2.72143E+06 % total
];

TOT_A = [
3.80191E+10 2.70562E+10 % U235
2.40277E+10 2.33361E+10 % U238
0.00000E+00 0.00000E+00 % lost data
6.20467E+10 3.27163E+18 % total
];

TOT_H = [
2.85006E-02 2.02824E-02 % U235
1.64383E-02 1.59652E-02 % U238
0.00000E+00 0.00000E+00 % lost data
4.49390E-02 9.62388E+05 % total
];

TOT_SF = [
2.73737E+00 1.94804E+00 % U235
1.31191E+04 1.27415E+04 % U238
0.00000E+00 0.00000E+00 % lost data
1.31218E+04 1.19683E+08 % total
];

TOT_GSRC = [
4.80374E+10 3.41857E+10 % U235
2.12774E+09 2.06650E+09 % U238
0.00000E+00 0.00000E+00 % lost data
5.01651E+10 3.51453E+18 % total
];

TOT_ING_TOX = [
1.78690E+03 1.27164E+03 % U235
1.08124E+03 1.05012E+03 % U238
0.00000E+00 0.00000E+00 % lost data
2.86814E+03 2.24497E+09 % total
];

TOT_INH_TOX = [
3.23162E+05 2.29977E+05 % U235
1.92221E+05 1.86689E+05 % U238
0.00000E+00 0.00000E+00 % lost data
5.15383E+05 8.50308E+10 % total
];

BU = [ 0.00000E+00 4.54823E+01 ];

DAYS = [ 0.00000E+00 7.30000E+03 ];
