
DETassem1 = [
    1    1    1    1    1    1    1    1    1    1  0.00000E+00 0.00000 
    2    1    1    1    1    1    1    1    1    2  0.00000E+00 0.00000 
    3    1    1    1    1    1    1    1    1    3  0.00000E+00 0.00000 
    4    1    1    1    1    1    1    1    1    4  0.00000E+00 0.00000 
    5    1    1    1    1    1    1    1    1    5  0.00000E+00 0.00000 
    6    1    1    1    1    1    1    1    1    6  0.00000E+00 0.00000 
    7    1    1    1    1    1    1    1    1    7  0.00000E+00 0.00000 
    8    1    1    1    1    1    1    1    1    8  2.11042E+04 0.00351 
    9    1    1    1    1    1    1    1    1    9  1.57082E+04 0.00389 
   10    1    1    1    1    1    1    1    1   10  0.00000E+00 0.00000 
   11    1    1    1    1    1    1    1    1   11  1.10040E+04 0.00427 
   12    1    1    1    1    1    1    1    2    1  2.34520E+04 0.00336 
   13    1    1    1    1    1    1    1    2    2  0.00000E+00 0.00000 
   14    1    1    1    1    1    1    1    2    3  0.00000E+00 0.00000 
   15    1    1    1    1    1    1    1    2    4  0.00000E+00 0.00000 
   16    1    1    1    1    1    1    1    2    5  0.00000E+00 0.00000 
   17    1    1    1    1    1    1    1    2    6  2.35655E+04 0.00335 
   18    1    1    1    1    1    1    1    2    7  0.00000E+00 0.00000 
   19    1    1    1    1    1    1    1    2    8  0.00000E+00 0.00000 
   20    1    1    1    1    1    1    1    2    9  1.26298E+04 0.00405 
   21    1    1    1    1    1    1    1    2   10  1.09742E+04 0.00428 
   22    1    1    1    1    1    1    1    2   11  0.00000E+00 0.00000 
   23    1    1    1    1    1    1    1    3    1  0.00000E+00 0.00000 
   24    1    1    1    1    1    1    1    3    2  2.11717E+04 0.00346 
   25    1    1    1    1    1    1    1    3    3  0.00000E+00 0.00000 
   26    1    1    1    1    1    1    1    3    4  2.11664E+04 0.00347 
   27    1    1    1    1    1    1    1    3    5  0.00000E+00 0.00000 
   28    1    1    1    1    1    1    1    3    6  0.00000E+00 0.00000 
   29    1    1    1    1    1    1    1    3    7  1.45477E+04 0.00391 
   30    1    1    1    1    1    1    1    3    8  1.22546E+04 0.00424 
   31    1    1    1    1    1    1    1    3    9  0.00000E+00 0.00000 
   32    1    1    1    1    1    1    1    3   10  1.02146E+04 0.00436 
   33    1    1    1    1    1    1    1    3   11  9.84487E+03 0.00435 
   34    1    1    1    1    1    1    1    4    1  0.00000E+00 0.00000 
   35    1    1    1    1    1    1    1    4    2  1.57531E+04 0.00384 
   36    1    1    1    1    1    1    1    4    3  1.57208E+04 0.00387 
   37    1    1    1    1    1    1    1    4    4  0.00000E+00 0.00000 
   38    1    1    1    1    1    1    1    4    5  1.44896E+04 0.00400 
   39    1    1    1    1    1    1    1    4    6  1.29247E+04 0.00403 
   40    1    1    1    1    1    1    1    4    7  0.00000E+00 0.00000 
   41    1    1    1    1    1    1    1    4    8  1.06217E+04 0.00434 
   42    1    1    1    1    1    1    1    4    9  1.01446E+04 0.00440 
   43    1    1    1    1    1    1    1    4   10  0.00000E+00 0.00000 
   44    1    1    1    1    1    1    1    4   11  9.73793E+03 0.00442 
   45    1    1    1    1    1    1    1    5    1  1.25412E+04 0.00422 
   46    1    1    1    1    1    1    1    5    2  0.00000E+00 0.00000 
   47    1    1    1    1    1    1    1    5    3  1.27228E+04 0.00409 
   48    1    1    1    1    1    1    1    5    4  1.22585E+04 0.00418 
   49    1    1    1    1    1    1    1    5    5  0.00000E+00 0.00000 
   50    1    1    1    1    1    1    1    5    6  1.08803E+04 0.00426 
   51    1    1    1    1    1    1    1    5    7  1.03758E+04 0.00434 
   52    1    1    1    1    1    1    1    5    8  0.00000E+00 0.00000 
   53    1    1    1    1    1    1    1    5    9  9.85133E+03 0.00444 
   54    1    1    1    1    1    1    1    5   10  0.00000E+00 0.00000 
   55    1    1    1    1    1    1    1    5   11  0.00000E+00 0.00000 
   56    1    1    1    1    1    1    1    6    1  1.09995E+04 0.00431 
   57    1    1    1    1    1    1    1    6    2  1.10048E+04 0.00431 
   58    1    1    1    1    1    1    1    6    3  0.00000E+00 0.00000 
   59    1    1    1    1    1    1    1    6    4  1.06426E+04 0.00435 
   60    1    1    1    1    1    1    1    6    5  1.03839E+04 0.00442 
   61    1    1    1    1    1    1    1    6    6  0.00000E+00 0.00000 
   62    1    1    1    1    1    1    1    6    7  9.85998E+03 0.00436 
   63    1    1    1    1    1    1    1    6    8  9.60808E+03 0.00447 
   64    1    1    1    1    1    1    1    6    9  0.00000E+00 0.00000 
   65    1    1    1    1    1    1    1    6   10  9.63910E+03 0.00437 
   66    1    1    1    1    1    1    1    6   11  9.57219E+03 0.00451 
   67    1    1    1    1    1    1    1    7    1  0.00000E+00 0.00000 
   68    1    1    1    1    1    1    1    7    2  1.01440E+04 0.00446 
   69    1    1    1    1    1    1    1    7    3  1.01433E+04 0.00438 
   70    1    1    1    1    1    1    1    7    4  0.00000E+00 0.00000 
   71    1    1    1    1    1    1    1    7    5  9.92525E+03 0.00447 
   72    1    1    1    1    1    1    1    7    6  0.00000E+00 0.00000 
   73    1    1    1    1    1    1    1    7    7  0.00000E+00 0.00000 
   74    1    1    1    1    1    1    1    7    8  9.43362E+03 0.00455 
   75    1    1    1    1    1    1    1    7    9  9.55332E+03 0.00454 
   76    1    1    1    1    1    1    1    7   10  0.00000E+00 0.00000 
   77    1    1    1    1    1    1    1    7   11  9.33075E+03 0.00458 
   78    1    1    1    1    1    1    1    8    1  9.81826E+03 0.00445 
   79    1    1    1    1    1    1    1    8    2  0.00000E+00 0.00000 
   80    1    1    1    1    1    1    1    8    3  9.91939E+03 0.00446 
   81    1    1    1    1    1    1    1    8    4  9.57773E+03 0.00453 
   82    1    1    1    1    1    1    1    8    5  0.00000E+00 0.00000 
   83    1    1    1    1    1    1    1    8    6  9.44715E+03 0.00455 
   84    1    1    1    1    1    1    1    8    7  9.19423E+03 0.00457 
   85    1    1    1    1    1    1    1    8    8  0.00000E+00 0.00000 
   86    1    1    1    1    1    1    1    8    9  0.00000E+00 0.00000 
   87    1    1    1    1    1    1    1    8   10  9.53164E+03 0.00456 
   88    1    1    1    1    1    1    1    8   11  0.00000E+00 0.00000 
   89    1    1    1    1    1    1    1    9    1  9.83908E+03 0.00448 
   90    1    1    1    1    1    1    1    9    2  0.00000E+00 0.00000 
   91    1    1    1    1    1    1    1    9    3  0.00000E+00 0.00000 
   92    1    1    1    1    1    1    1    9    4  9.44122E+03 0.00446 
   93    1    1    1    1    1    1    1    9    5  9.31681E+03 0.00444 
   94    1    1    1    1    1    1    1    9    6  0.00000E+00 0.00000 
   95    1    1    1    1    1    1    1    9    7  8.98960E+03 0.00462 
   96    1    1    1    1    1    1    1    9    8  9.26501E+03 0.00452 
   97    1    1    1    1    1    1    1    9    9  0.00000E+00 0.00000 
   98    1    1    1    1    1    1    1    9   10  9.42996E+03 0.00463 
   99    1    1    1    1    1    1    1    9   11  0.00000E+00 0.00000 
  100    1    1    1    1    1    1    1   10    1  0.00000E+00 0.00000 
  101    1    1    1    1    1    1    1   10    2  9.65883E+03 0.00451 
  102    1    1    1    1    1    1    1   10    3  9.52927E+03 0.00445 
  103    1    1    1    1    1    1    1   10    4  0.00000E+00 0.00000 
  104    1    1    1    1    1    1    1   10    5  8.99841E+03 0.00460 
  105    1    1    1    1    1    1    1   10    6  8.82379E+03 0.00465 
  106    1    1    1    1    1    1    1   10    7  0.00000E+00 0.00000 
  107    1    1    1    1    1    1    1   10    8  8.99912E+03 0.00458 
  108    1    1    1    1    1    1    1   10    9  0.00000E+00 0.00000 
  109    1    1    1    1    1    1    1   10   10  0.00000E+00 0.00000 
