
ZAI = [
922350
922380
666
0
];

NAMES = [
'U235            '
'U238            '
'lost            '
'total           '
];

i922350 = 1; iU235             = 1;
i922380 = 2; iU238             = 2;
iLOST    = 3;
iTOT     = 4;

MAT_un_VOLUME = [ 2.38225E+05 2.38225E+05 ];

MAT_un_BURNUP = [ 0.00000E+00 4.81173E+01 ];

MAT_un_ADENS = [
4.83387E-03 3.37026E-03 % U235
1.93936E-02 1.88159E-02 % U238
0.00000E+00 5.49228E-30 % lost data
7.26897E-02 7.39380E-02 % total
];

MAT_un_MDENS = [
1.88669E+00 1.31544E+00 % U235
7.66628E+00 7.43792E+00 % U238
0.00000E+00 0.00000E+00 % lost data
1.08000E+01 1.07984E+01 % total
];

MAT_un_A = [
3.59381E+10 2.50567E+10 % U235
2.27125E+10 2.20360E+10 % U238
0.00000E+00 0.00000E+00 % lost data
5.86507E+10 3.26104E+18 % total
];

MAT_un_H = [
2.69407E-02 1.87835E-02 % U235
1.55386E-02 1.50757E-02 % U238
0.00000E+00 0.00000E+00 % lost data
4.24793E-02 9.60097E+05 % total
];

MAT_un_SF = [
2.58755E+00 1.80409E+00 % U235
1.24010E+04 1.20316E+04 % U238
0.00000E+00 0.00000E+00 % lost data
1.24036E+04 1.36594E+08 % total
];

MAT_un_GSRC = [
4.54081E+10 3.16594E+10 % U235
2.01128E+09 1.95136E+09 % U238
0.00000E+00 0.00000E+00 % lost data
4.74193E+10 3.50078E+18 % total
];

MAT_un_ING_TOX = [
1.68909E+03 1.17767E+03 % U235
1.02206E+03 9.91619E+02 % U238
0.00000E+00 0.00000E+00 % lost data
2.71116E+03 2.25479E+09 % total
];

MAT_un_INH_TOX = [
3.05474E+05 2.12982E+05 % U235
1.81700E+05 1.76288E+05 % U238
0.00000E+00 0.00000E+00 % lost data
4.87174E+05 8.99702E+10 % total
];

TOT_VOLUME = [ 2.38225E+05 2.38225E+05 ];

TOT_BURNUP = [ 0.00000E+00 4.81173E+01 ];

TOT_ADENS = [
4.83387E-03 3.37026E-03 % U235
1.93936E-02 1.88159E-02 % U238
0.00000E+00 5.49228E-30 % lost data
7.26897E-02 7.39380E-02 % total
];

TOT_MASS = [
4.49457E+05 3.13370E+05 % U235
1.82630E+06 1.77190E+06 % U238
0.00000E+00 0.00000E+00 % lost data
2.57283E+06 2.57245E+06 % total
];

TOT_A = [
3.59381E+10 2.50567E+10 % U235
2.27125E+10 2.20360E+10 % U238
0.00000E+00 0.00000E+00 % lost data
5.86507E+10 3.26104E+18 % total
];

TOT_H = [
2.69407E-02 1.87835E-02 % U235
1.55386E-02 1.50757E-02 % U238
0.00000E+00 0.00000E+00 % lost data
4.24793E-02 9.60097E+05 % total
];

TOT_SF = [
2.58755E+00 1.80409E+00 % U235
1.24010E+04 1.20316E+04 % U238
0.00000E+00 0.00000E+00 % lost data
1.24036E+04 1.36594E+08 % total
];

TOT_GSRC = [
4.54081E+10 3.16594E+10 % U235
2.01128E+09 1.95136E+09 % U238
0.00000E+00 0.00000E+00 % lost data
4.74193E+10 3.50078E+18 % total
];

TOT_ING_TOX = [
1.68909E+03 1.17767E+03 % U235
1.02206E+03 9.91619E+02 % U238
0.00000E+00 0.00000E+00 % lost data
2.71116E+03 2.25479E+09 % total
];

TOT_INH_TOX = [
3.05474E+05 2.12982E+05 % U235
1.81700E+05 1.76288E+05 % U238
0.00000E+00 0.00000E+00 % lost data
4.87174E+05 8.99702E+10 % total
];

BU = [ 0.00000E+00 4.81158E+01 ];

DAYS = [ 0.00000E+00 7.30000E+03 ];
