
ZAI = [
922350
922380
666
0
];

NAMES = [
'U235            '
'U238            '
'lost            '
'total           '
];

i922350 = 1; iU235             = 1;
i922380 = 2; iU238             = 2;
iLOST    = 3;
iTOT     = 4;

MAT_un_VOLUME = [ 2.42455E+05 2.42455E+05 ];

MAT_un_BURNUP = [ 0.00000E+00 4.72779E+01 ];

MAT_un_ADENS = [
4.83387E-03 3.39277E-03 % U235
1.93936E-02 1.88237E-02 % U238
0.00000E+00 5.95732E-30 % lost data
7.26897E-02 7.39160E-02 % total
];

MAT_un_MDENS = [
1.88669E+00 1.32422E+00 % U235
7.66628E+00 7.44099E+00 % U238
0.00000E+00 0.00000E+00 % lost data
1.08000E+01 1.07984E+01 % total
];

MAT_un_A = [
3.65762E+10 2.56719E+10 % U235
2.31158E+10 2.24365E+10 % U238
0.00000E+00 0.00000E+00 % lost data
5.96920E+10 3.26299E+18 % total
];

MAT_un_H = [
2.74190E-02 1.92447E-02 % U235
1.58145E-02 1.53497E-02 % U238
0.00000E+00 0.00000E+00 % lost data
4.32335E-02 9.60717E+05 % total
];

MAT_un_SF = [
2.63349E+00 1.84838E+00 % U235
1.26212E+04 1.22503E+04 % U238
0.00000E+00 0.00000E+00 % lost data
1.26239E+04 1.31373E+08 % total
];

MAT_un_GSRC = [
4.62143E+10 3.24366E+10 % U235
2.04699E+09 1.98683E+09 % U238
0.00000E+00 0.00000E+00 % lost data
4.82613E+10 3.50339E+18 % total
];

MAT_un_ING_TOX = [
1.71908E+03 1.20658E+03 % U235
1.04021E+03 1.00964E+03 % U238
0.00000E+00 0.00000E+00 % lost data
2.75929E+03 2.25089E+09 % total
];

MAT_un_INH_TOX = [
3.10898E+05 2.18211E+05 % U235
1.84926E+05 1.79492E+05 % U238
0.00000E+00 0.00000E+00 % lost data
4.95824E+05 8.83582E+10 % total
];

TOT_VOLUME = [ 2.42455E+05 2.42455E+05 ];

TOT_BURNUP = [ 0.00000E+00 4.72779E+01 ];

TOT_ADENS = [
4.83387E-03 3.39277E-03 % U235
1.93936E-02 1.88237E-02 % U238
0.00000E+00 5.95732E-30 % lost data
7.26897E-02 7.39160E-02 % total
];

TOT_MASS = [
4.57437E+05 3.21063E+05 % U235
1.85873E+06 1.80411E+06 % U238
0.00000E+00 0.00000E+00 % lost data
2.61851E+06 2.61813E+06 % total
];

TOT_A = [
3.65762E+10 2.56719E+10 % U235
2.31158E+10 2.24365E+10 % U238
0.00000E+00 0.00000E+00 % lost data
5.96920E+10 3.26299E+18 % total
];

TOT_H = [
2.74190E-02 1.92447E-02 % U235
1.58145E-02 1.53497E-02 % U238
0.00000E+00 0.00000E+00 % lost data
4.32335E-02 9.60717E+05 % total
];

TOT_SF = [
2.63349E+00 1.84838E+00 % U235
1.26212E+04 1.22503E+04 % U238
0.00000E+00 0.00000E+00 % lost data
1.26239E+04 1.31373E+08 % total
];

TOT_GSRC = [
4.62143E+10 3.24366E+10 % U235
2.04699E+09 1.98683E+09 % U238
0.00000E+00 0.00000E+00 % lost data
4.82613E+10 3.50339E+18 % total
];

TOT_ING_TOX = [
1.71908E+03 1.20658E+03 % U235
1.04021E+03 1.00964E+03 % U238
0.00000E+00 0.00000E+00 % lost data
2.75929E+03 2.25089E+09 % total
];

TOT_INH_TOX = [
3.10898E+05 2.18211E+05 % U235
1.84926E+05 1.79492E+05 % U238
0.00000E+00 0.00000E+00 % lost data
4.95824E+05 8.83582E+10 % total
];

BU = [ 0.00000E+00 4.72764E+01 ];

DAYS = [ 0.00000E+00 7.30000E+03 ];
