
ZAI = [
922350
922380
666
0
];

NAMES = [
'U235            '
'U238            '
'lost            '
'total           '
];

i922350 = 1; iU235             = 1;
i922380 = 2; iU238             = 2;
iLOST    = 3;
iTOT     = 4;

MAT_un_VOLUME = [ 2.36671E+05 2.36671E+05 ];

MAT_un_BURNUP = [ 0.00000E+00 4.84332E+01 ];

MAT_un_ADENS = [
4.83387E-03 3.36247E-03 % U235
1.93936E-02 1.88160E-02 % U238
0.00000E+00 7.68816E-30 % lost data
7.26897E-02 7.39462E-02 % total
];

MAT_un_MDENS = [
1.88669E+00 1.31239E+00 % U235
7.66628E+00 7.43793E+00 % U238
0.00000E+00 0.00000E+00 % lost data
1.08000E+01 1.07984E+01 % total
];

MAT_un_A = [
3.57037E+10 2.48358E+10 % U235
2.25644E+10 2.18923E+10 % U238
0.00000E+00 0.00000E+00 % lost data
5.82681E+10 3.25722E+18 % total
];

MAT_un_H = [
2.67650E-02 1.86179E-02 % U235
1.54372E-02 1.49774E-02 % U238
0.00000E+00 0.00000E+00 % lost data
4.22022E-02 9.59533E+05 % total
];

MAT_un_SF = [
2.57067E+00 1.78818E+00 % U235
1.23202E+04 1.19532E+04 % U238
0.00000E+00 0.00000E+00 % lost data
1.23227E+04 1.39194E+08 % total
];

MAT_un_GSRC = [
4.51119E+10 3.13802E+10 % U235
1.99816E+09 1.93864E+09 % U238
0.00000E+00 0.00000E+00 % lost data
4.71101E+10 3.49603E+18 % total
];

MAT_un_ING_TOX = [
1.67808E+03 1.16728E+03 % U235
1.01540E+03 9.85153E+02 % U238
0.00000E+00 0.00000E+00 % lost data
2.69347E+03 2.25451E+09 % total
];

MAT_un_INH_TOX = [
3.03482E+05 2.11104E+05 % U235
1.80515E+05 1.75138E+05 % U238
0.00000E+00 0.00000E+00 % lost data
4.83997E+05 9.04942E+10 % total
];

TOT_VOLUME = [ 2.36671E+05 2.36671E+05 ];

TOT_BURNUP = [ 0.00000E+00 4.84332E+01 ];

TOT_ADENS = [
4.83387E-03 3.36247E-03 % U235
1.93936E-02 1.88160E-02 % U238
0.00000E+00 7.68816E-30 % lost data
7.26897E-02 7.39462E-02 % total
];

TOT_MASS = [
4.46526E+05 3.10606E+05 % U235
1.81439E+06 1.76035E+06 % U238
0.00000E+00 0.00000E+00 % lost data
2.55605E+06 2.55567E+06 % total
];

TOT_A = [
3.57037E+10 2.48358E+10 % U235
2.25644E+10 2.18923E+10 % U238
0.00000E+00 0.00000E+00 % lost data
5.82681E+10 3.25722E+18 % total
];

TOT_H = [
2.67650E-02 1.86179E-02 % U235
1.54372E-02 1.49774E-02 % U238
0.00000E+00 0.00000E+00 % lost data
4.22022E-02 9.59533E+05 % total
];

TOT_SF = [
2.57067E+00 1.78818E+00 % U235
1.23202E+04 1.19532E+04 % U238
0.00000E+00 0.00000E+00 % lost data
1.23227E+04 1.39194E+08 % total
];

TOT_GSRC = [
4.51119E+10 3.13802E+10 % U235
1.99816E+09 1.93864E+09 % U238
0.00000E+00 0.00000E+00 % lost data
4.71101E+10 3.49603E+18 % total
];

TOT_ING_TOX = [
1.67808E+03 1.16728E+03 % U235
1.01540E+03 9.85153E+02 % U238
0.00000E+00 0.00000E+00 % lost data
2.69347E+03 2.25451E+09 % total
];

TOT_INH_TOX = [
3.03482E+05 2.11104E+05 % U235
1.80515E+05 1.75138E+05 % U238
0.00000E+00 0.00000E+00 % lost data
4.83997E+05 9.04942E+10 % total
];

BU = [ 0.00000E+00 4.84317E+01 ];

DAYS = [ 0.00000E+00 7.30000E+03 ];
