
ZAI = [
922350
922380
666
0
];

NAMES = [
'U235            '
'U238            '
'lost            '
'total           '
];

i922350 = 1; iU235             = 1;
i922380 = 2; iU238             = 2;
iLOST    = 3;
iTOT     = 4;

MAT_un_VOLUME = [ 2.40454E+05 2.40454E+05 ];

MAT_un_BURNUP = [ 0.00000E+00 4.76713E+01 ];

MAT_un_ADENS = [
4.83387E-03 3.38196E-03 % U235
1.93936E-02 1.88181E-02 % U238
0.00000E+00 4.27497E-30 % lost data
7.26897E-02 7.39261E-02 % total
];

MAT_un_MDENS = [
1.88669E+00 1.32000E+00 % U235
7.66628E+00 7.43878E+00 % U238
0.00000E+00 0.00000E+00 % lost data
1.08000E+01 1.07984E+01 % total
];

MAT_un_A = [
3.62744E+10 2.53790E+10 % U235
2.29250E+10 2.22447E+10 % U238
0.00000E+00 0.00000E+00 % lost data
5.91994E+10 3.26289E+18 % total
];

MAT_un_H = [
2.71927E-02 1.90251E-02 % U235
1.56840E-02 1.52185E-02 % U238
0.00000E+00 0.00000E+00 % lost data
4.28767E-02 9.60343E+05 % total
];

MAT_un_SF = [
2.61176E+00 1.82729E+00 % U235
1.25171E+04 1.21456E+04 % U238
0.00000E+00 0.00000E+00 % lost data
1.25197E+04 1.32554E+08 % total
];

MAT_un_GSRC = [
4.58329E+10 3.20665E+10 % U235
2.03009E+09 1.96985E+09 % U238
0.00000E+00 0.00000E+00 % lost data
4.78630E+10 3.50337E+18 % total
];

MAT_un_ING_TOX = [
1.70490E+03 1.19281E+03 % U235
1.03163E+03 1.00101E+03 % U238
0.00000E+00 0.00000E+00 % lost data
2.73652E+03 2.25237E+09 % total
];

MAT_un_INH_TOX = [
3.08332E+05 2.15721E+05 % U235
1.83400E+05 1.77958E+05 % U238
0.00000E+00 0.00000E+00 % lost data
4.91732E+05 8.88286E+10 % total
];

TOT_VOLUME = [ 2.40454E+05 2.40454E+05 ];

TOT_BURNUP = [ 0.00000E+00 4.76713E+01 ];

TOT_ADENS = [
4.83387E-03 3.38196E-03 % U235
1.93936E-02 1.88181E-02 % U238
0.00000E+00 4.27497E-30 % lost data
7.26897E-02 7.39261E-02 % total
];

TOT_MASS = [
4.53662E+05 3.17400E+05 % U235
1.84339E+06 1.78869E+06 % U238
0.00000E+00 0.00000E+00 % lost data
2.59690E+06 2.59652E+06 % total
];

TOT_A = [
3.62744E+10 2.53790E+10 % U235
2.29250E+10 2.22447E+10 % U238
0.00000E+00 0.00000E+00 % lost data
5.91994E+10 3.26289E+18 % total
];

TOT_H = [
2.71927E-02 1.90251E-02 % U235
1.56840E-02 1.52185E-02 % U238
0.00000E+00 0.00000E+00 % lost data
4.28767E-02 9.60343E+05 % total
];

TOT_SF = [
2.61176E+00 1.82729E+00 % U235
1.25171E+04 1.21456E+04 % U238
0.00000E+00 0.00000E+00 % lost data
1.25197E+04 1.32554E+08 % total
];

TOT_GSRC = [
4.58329E+10 3.20665E+10 % U235
2.03009E+09 1.96985E+09 % U238
0.00000E+00 0.00000E+00 % lost data
4.78630E+10 3.50337E+18 % total
];

TOT_ING_TOX = [
1.70490E+03 1.19281E+03 % U235
1.03163E+03 1.00101E+03 % U238
0.00000E+00 0.00000E+00 % lost data
2.73652E+03 2.25237E+09 % total
];

TOT_INH_TOX = [
3.08332E+05 2.15721E+05 % U235
1.83400E+05 1.77958E+05 % U238
0.00000E+00 0.00000E+00 % lost data
4.91732E+05 8.88286E+10 % total
];

BU = [ 0.00000E+00 4.76698E+01 ];

DAYS = [ 0.00000E+00 7.30000E+03 ];
