
DETassem1 = [
    1    1    1    1    1    1    1    1    1    1  0.00000E+00 0.00000 
    2    1    1    1    1    1    1    1    1    2  0.00000E+00 0.00000 
    3    1    1    1    1    1    1    1    1    3  0.00000E+00 0.00000 
    4    1    1    1    1    1    1    1    1    4  0.00000E+00 0.00000 
    5    1    1    1    1    1    1    1    1    5  0.00000E+00 0.00000 
    6    1    1    1    1    1    1    1    1    6  0.00000E+00 0.00000 
    7    1    1    1    1    1    1    1    1    7  0.00000E+00 0.00000 
    8    1    1    1    1    1    1    1    1    8  1.93745E+04 0.00361 
    9    1    1    1    1    1    1    1    1    9  1.49671E+04 0.00387 
   10    1    1    1    1    1    1    1    1   10  0.00000E+00 0.00000 
   11    1    1    1    1    1    1    1    1   11  1.13248E+04 0.00419 
   12    1    1    1    1    1    1    1    2    1  2.07782E+04 0.00345 
   13    1    1    1    1    1    1    1    2    2  0.00000E+00 0.00000 
   14    1    1    1    1    1    1    1    2    3  0.00000E+00 0.00000 
   15    1    1    1    1    1    1    1    2    4  0.00000E+00 0.00000 
   16    1    1    1    1    1    1    1    2    5  0.00000E+00 0.00000 
   17    1    1    1    1    1    1    1    2    6  2.08262E+04 0.00349 
   18    1    1    1    1    1    1    1    2    7  1.66966E+04 0.00379 
   19    1    1    1    1    1    1    1    2    8  0.00000E+00 0.00000 
   20    1    1    1    1    1    1    1    2    9  1.23185E+04 0.00408 
   21    1    1    1    1    1    1    1    2   10  1.12356E+04 0.00431 
   22    1    1    1    1    1    1    1    2   11  0.00000E+00 0.00000 
   23    1    1    1    1    1    1    1    3    1  1.68507E+04 0.00373 
   24    1    1    1    1    1    1    1    3    2  1.93772E+04 0.00355 
   25    1    1    1    1    1    1    1    3    3  0.00000E+00 0.00000 
   26    1    1    1    1    1    1    1    3    4  1.94428E+04 0.00360 
   27    1    1    1    1    1    1    1    3    5  1.67929E+04 0.00379 
   28    1    1    1    1    1    1    1    3    6  0.00000E+00 0.00000 
   29    1    1    1    1    1    1    1    3    7  1.30691E+04 0.00403 
   30    1    1    1    1    1    1    1    3    8  1.22725E+04 0.00416 
   31    1    1    1    1    1    1    1    3    9  0.00000E+00 0.00000 
   32    1    1    1    1    1    1    1    3   10  1.06249E+04 0.00442 
   33    1    1    1    1    1    1    1    3   11  1.06920E+04 0.00438 
   34    1    1    1    1    1    1    1    4    1  0.00000E+00 0.00000 
   35    1    1    1    1    1    1    1    4    2  1.48874E+04 0.00401 
   36    1    1    1    1    1    1    1    4    3  1.49037E+04 0.00386 
   37    1    1    1    1    1    1    1    4    4  0.00000E+00 0.00000 
   38    1    1    1    1    1    1    1    4    5  1.30668E+04 0.00405 
   39    1    1    1    1    1    1    1    4    6  1.22953E+04 0.00418 
   40    1    1    1    1    1    1    1    4    7  0.00000E+00 0.00000 
   41    1    1    1    1    1    1    1    4    8  0.00000E+00 0.00000 
   42    1    1    1    1    1    1    1    4    9  1.07762E+04 0.00427 
   43    1    1    1    1    1    1    1    4   10  0.00000E+00 0.00000 
   44    1    1    1    1    1    1    1    4   11  1.10835E+04 0.00430 
   45    1    1    1    1    1    1    1    5    1  1.24019E+04 0.00410 
   46    1    1    1    1    1    1    1    5    2  0.00000E+00 0.00000 
   47    1    1    1    1    1    1    1    5    3  1.23241E+04 0.00401 
   48    1    1    1    1    1    1    1    5    4  1.21090E+04 0.00419 
   49    1    1    1    1    1    1    1    5    5  0.00000E+00 0.00000 
   50    1    1    1    1    1    1    1    5    6  1.09616E+04 0.00422 
   51    1    1    1    1    1    1    1    5    7  1.07535E+04 0.00429 
   52    1    1    1    1    1    1    1    5    8  0.00000E+00 0.00000 
   53    1    1    1    1    1    1    1    5    9  1.04503E+04 0.00441 
   54    1    1    1    1    1    1    1    5   10  1.09169E+04 0.00441 
   55    1    1    1    1    1    1    1    5   11  0.00000E+00 0.00000 
   56    1    1    1    1    1    1    1    6    1  1.12513E+04 0.00424 
   57    1    1    1    1    1    1    1    6    2  1.12217E+04 0.00424 
   58    1    1    1    1    1    1    1    6    3  0.00000E+00 0.00000 
   59    1    1    1    1    1    1    1    6    4  0.00000E+00 0.00000 
   60    1    1    1    1    1    1    1    6    5  1.07535E+04 0.00426 
   61    1    1    1    1    1    1    1    6    6  0.00000E+00 0.00000 
   62    1    1    1    1    1    1    1    6    7  1.01020E+04 0.00444 
   63    1    1    1    1    1    1    1    6    8  1.02320E+04 0.00436 
   64    1    1    1    1    1    1    1    6    9  0.00000E+00 0.00000 
   65    1    1    1    1    1    1    1    6   10  0.00000E+00 0.00000 
   66    1    1    1    1    1    1    1    6   11  0.00000E+00 0.00000 
   67    1    1    1    1    1    1    1    7    1  0.00000E+00 0.00000 
   68    1    1    1    1    1    1    1    7    2  1.06680E+04 0.00449 
   69    1    1    1    1    1    1    1    7    3  1.08431E+04 0.00430 
   70    1    1    1    1    1    1    1    7    4  0.00000E+00 0.00000 
   71    1    1    1    1    1    1    1    7    5  1.01050E+04 0.00446 
   72    1    1    1    1    1    1    1    7    6  9.88934E+03 0.00441 
   73    1    1    1    1    1    1    1    7    7  0.00000E+00 0.00000 
   74    1    1    1    1    1    1    1    7    8  1.03254E+04 0.00442 
   75    1    1    1    1    1    1    1    7    9  0.00000E+00 0.00000 
   76    1    1    1    1    1    1    1    7   10  0.00000E+00 0.00000 
   77    1    1    1    1    1    1    1    7   11  1.05857E+04 0.00437 
   78    1    1    1    1    1    1    1    8    1  1.05871E+04 0.00429 
   79    1    1    1    1    1    1    1    8    2  0.00000E+00 0.00000 
   80    1    1    1    1    1    1    1    8    3  1.04492E+04 0.00430 
   81    1    1    1    1    1    1    1    8    4  1.02140E+04 0.00450 
   82    1    1    1    1    1    1    1    8    5  0.00000E+00 0.00000 
   83    1    1    1    1    1    1    1    8    6  9.53179E+03 0.00457 
   84    1    1    1    1    1    1    1    8    7  9.63329E+03 0.00456 
   85    1    1    1    1    1    1    1    8    8  0.00000E+00 0.00000 
   86    1    1    1    1    1    1    1    8    9  1.05332E+04 0.00450 
   87    1    1    1    1    1    1    1    8   10  0.00000E+00 0.00000 
   88    1    1    1    1    1    1    1    8   11  0.00000E+00 0.00000 
   89    1    1    1    1    1    1    1    9    1  1.09815E+04 0.00427 
   90    1    1    1    1    1    1    1    9    2  1.09854E+04 0.00430 
   91    1    1    1    1    1    1    1    9    3  0.00000E+00 0.00000 
   92    1    1    1    1    1    1    1    9    4  1.02361E+04 0.00433 
   93    1    1    1    1    1    1    1    9    5  9.58163E+03 0.00455 
   94    1    1    1    1    1    1    1    9    6  0.00000E+00 0.00000 
   95    1    1    1    1    1    1    1    9    7  9.43180E+03 0.00454 
   96    1    1    1    1    1    1    1    9    8  9.70219E+03 0.00447 
   97    1    1    1    1    1    1    1    9    9  0.00000E+00 0.00000 
   98    1    1    1    1    1    1    1    9   10  9.79515E+03 0.00460 
   99    1    1    1    1    1    1    1    9   11  9.33497E+03 0.00468 
  100    1    1    1    1    1    1    1   10    1  0.00000E+00 0.00000 
  101    1    1    1    1    1    1    1   10    2  0.00000E+00 0.00000 
  102    1    1    1    1    1    1    1   10    3  0.00000E+00 0.00000 
  103    1    1    1    1    1    1    1   10    4  0.00000E+00 0.00000 
  104    1    1    1    1    1    1    1   10    5  9.46318E+03 0.00462 
  105    1    1    1    1    1    1    1   10    6  9.24720E+03 0.00463 
  106    1    1    1    1    1    1    1   10    7  0.00000E+00 0.00000 
  107    1    1    1    1    1    1    1   10    8  9.46516E+03 0.00457 
  108    1    1    1    1    1    1    1   10    9  9.61851E+03 0.00465 
  109    1    1    1    1    1    1    1   10   10  0.00000E+00 0.00000 
