
ZAI = [
922350
922380
666
0
];

NAMES = [
'U235            '
'U238            '
'lost            '
'total           '
];

i922350 = 1; iU235             = 1;
i922380 = 2; iU238             = 2;
iLOST    = 3;
iTOT     = 4;

MAT_un_VOLUME = [ 2.43806E+05 2.43806E+05 ];

MAT_un_BURNUP = [ 0.00000E+00 4.70159E+01 ];

MAT_un_ADENS = [
4.83387E-03 3.40003E-03 % U235
1.93936E-02 1.88275E-02 % U238
0.00000E+00 5.03173E-30 % lost data
7.26897E-02 7.39091E-02 % total
];

MAT_un_MDENS = [
1.88669E+00 1.32705E+00 % U235
7.66628E+00 7.44249E+00 % U238
0.00000E+00 0.00000E+00 % lost data
1.08000E+01 1.07984E+01 % total
];

MAT_un_A = [
3.67800E+10 2.58702E+10 % U235
2.32446E+10 2.25660E+10 % U238
0.00000E+00 0.00000E+00 % lost data
6.00246E+10 3.26203E+18 % total
];

MAT_un_H = [
2.75718E-02 1.93933E-02 % U235
1.59026E-02 1.54384E-02 % U238
0.00000E+00 0.00000E+00 % lost data
4.34744E-02 9.60736E+05 % total
];

MAT_un_SF = [
2.64816E+00 1.86265E+00 % U235
1.26915E+04 1.23211E+04 % U238
0.00000E+00 0.00000E+00 % lost data
1.26942E+04 1.29931E+08 % total
];

MAT_un_GSRC = [
4.64718E+10 3.26872E+10 % U235
2.05839E+09 1.99830E+09 % U238
0.00000E+00 0.00000E+00 % lost data
4.85302E+10 3.50234E+18 % total
];

MAT_un_ING_TOX = [
1.72866E+03 1.21590E+03 % U235
1.04601E+03 1.01547E+03 % U238
0.00000E+00 0.00000E+00 % lost data
2.77467E+03 2.24871E+09 % total
];

MAT_un_INH_TOX = [
3.12630E+05 2.19897E+05 % U235
1.85957E+05 1.80528E+05 % U238
0.00000E+00 0.00000E+00 % lost data
4.98587E+05 8.77693E+10 % total
];

TOT_VOLUME = [ 2.43806E+05 2.43806E+05 ];

TOT_BURNUP = [ 0.00000E+00 4.70159E+01 ];

TOT_ADENS = [
4.83387E-03 3.40003E-03 % U235
1.93936E-02 1.88275E-02 % U238
0.00000E+00 5.03173E-30 % lost data
7.26897E-02 7.39091E-02 % total
];

TOT_MASS = [
4.59986E+05 3.23543E+05 % U235
1.86908E+06 1.81452E+06 % U238
0.00000E+00 0.00000E+00 % lost data
2.63310E+06 2.63272E+06 % total
];

TOT_A = [
3.67800E+10 2.58702E+10 % U235
2.32446E+10 2.25660E+10 % U238
0.00000E+00 0.00000E+00 % lost data
6.00246E+10 3.26203E+18 % total
];

TOT_H = [
2.75718E-02 1.93933E-02 % U235
1.59026E-02 1.54384E-02 % U238
0.00000E+00 0.00000E+00 % lost data
4.34744E-02 9.60736E+05 % total
];

TOT_SF = [
2.64816E+00 1.86265E+00 % U235
1.26915E+04 1.23211E+04 % U238
0.00000E+00 0.00000E+00 % lost data
1.26942E+04 1.29931E+08 % total
];

TOT_GSRC = [
4.64718E+10 3.26872E+10 % U235
2.05839E+09 1.99830E+09 % U238
0.00000E+00 0.00000E+00 % lost data
4.85302E+10 3.50234E+18 % total
];

TOT_ING_TOX = [
1.72866E+03 1.21590E+03 % U235
1.04601E+03 1.01547E+03 % U238
0.00000E+00 0.00000E+00 % lost data
2.77467E+03 2.24871E+09 % total
];

TOT_INH_TOX = [
3.12630E+05 2.19897E+05 % U235
1.85957E+05 1.80528E+05 % U238
0.00000E+00 0.00000E+00 % lost data
4.98587E+05 8.77693E+10 % total
];

BU = [ 0.00000E+00 4.70145E+01 ];

DAYS = [ 0.00000E+00 7.30000E+03 ];
