
DETassem1 = [
    1    1    1    1    1    1    1    1    1    1  0.00000E+00 0.00000 
    2    1    1    1    1    1    1    1    1    2  0.00000E+00 0.00000 
    3    1    1    1    1    1    1    1    1    3  0.00000E+00 0.00000 
    4    1    1    1    1    1    1    1    1    4  0.00000E+00 0.00000 
    5    1    1    1    1    1    1    1    1    5  0.00000E+00 0.00000 
    6    1    1    1    1    1    1    1    1    6  0.00000E+00 0.00000 
    7    1    1    1    1    1    1    1    1    7  0.00000E+00 0.00000 
    8    1    1    1    1    1    1    1    1    8  1.84309E+04 0.00371 
    9    1    1    1    1    1    1    1    1    9  1.40163E+04 0.00409 
   10    1    1    1    1    1    1    1    1   10  0.00000E+00 0.00000 
   11    1    1    1    1    1    1    1    1   11  1.01357E+04 0.00444 
   12    1    1    1    1    1    1    1    2    1  1.99674E+04 0.00350 
   13    1    1    1    1    1    1    1    2    2  0.00000E+00 0.00000 
   14    1    1    1    1    1    1    1    2    3  0.00000E+00 0.00000 
   15    1    1    1    1    1    1    1    2    4  0.00000E+00 0.00000 
   16    1    1    1    1    1    1    1    2    5  0.00000E+00 0.00000 
   17    1    1    1    1    1    1    1    2    6  1.97645E+04 0.00363 
   18    1    1    1    1    1    1    1    2    7  1.59610E+04 0.00389 
   19    1    1    1    1    1    1    1    2    8  0.00000E+00 0.00000 
   20    1    1    1    1    1    1    1    2    9  1.14614E+04 0.00418 
   21    1    1    1    1    1    1    1    2   10  1.01995E+04 0.00452 
   22    1    1    1    1    1    1    1    2   11  0.00000E+00 0.00000 
   23    1    1    1    1    1    1    1    3    1  1.59161E+04 0.00378 
   24    1    1    1    1    1    1    1    3    2  1.84362E+04 0.00364 
   25    1    1    1    1    1    1    1    3    3  0.00000E+00 0.00000 
   26    1    1    1    1    1    1    1    3    4  1.83729E+04 0.00369 
   27    1    1    1    1    1    1    1    3    5  1.58758E+04 0.00381 
   28    1    1    1    1    1    1    1    3    6  0.00000E+00 0.00000 
   29    1    1    1    1    1    1    1    3    7  1.21223E+04 0.00407 
   30    1    1    1    1    1    1    1    3    8  1.08663E+04 0.00435 
   31    1    1    1    1    1    1    1    3    9  0.00000E+00 0.00000 
   32    1    1    1    1    1    1    1    3   10  9.54294E+03 0.00451 
   33    1    1    1    1    1    1    1    3   11  9.19685E+03 0.00444 
   34    1    1    1    1    1    1    1    4    1  0.00000E+00 0.00000 
   35    1    1    1    1    1    1    1    4    2  1.41637E+04 0.00407 
   36    1    1    1    1    1    1    1    4    3  1.41062E+04 0.00405 
   37    1    1    1    1    1    1    1    4    4  0.00000E+00 0.00000 
   38    1    1    1    1    1    1    1    4    5  1.20974E+04 0.00415 
   39    1    1    1    1    1    1    1    4    6  1.12519E+04 0.00420 
   40    1    1    1    1    1    1    1    4    7  0.00000E+00 0.00000 
   41    1    1    1    1    1    1    1    4    8  9.75105E+03 0.00441 
   42    1    1    1    1    1    1    1    4    9  9.32177E+03 0.00454 
   43    1    1    1    1    1    1    1    4   10  0.00000E+00 0.00000 
   44    1    1    1    1    1    1    1    4   11  9.07582E+03 0.00462 
   45    1    1    1    1    1    1    1    5    1  1.13557E+04 0.00429 
   46    1    1    1    1    1    1    1    5    2  0.00000E+00 0.00000 
   47    1    1    1    1    1    1    1    5    3  1.13024E+04 0.00429 
   48    1    1    1    1    1    1    1    5    4  1.09458E+04 0.00422 
   49    1    1    1    1    1    1    1    5    5  0.00000E+00 0.00000 
   50    1    1    1    1    1    1    1    5    6  9.88366E+03 0.00442 
   51    1    1    1    1    1    1    1    5    7  9.40263E+03 0.00449 
   52    1    1    1    1    1    1    1    5    8  0.00000E+00 0.00000 
   53    1    1    1    1    1    1    1    5    9  8.93184E+03 0.00454 
   54    1    1    1    1    1    1    1    5   10  8.89939E+03 0.00453 
   55    1    1    1    1    1    1    1    5   11  0.00000E+00 0.00000 
   56    1    1    1    1    1    1    1    6    1  1.01603E+04 0.00446 
   57    1    1    1    1    1    1    1    6    2  1.02396E+04 0.00430 
   58    1    1    1    1    1    1    1    6    3  0.00000E+00 0.00000 
   59    1    1    1    1    1    1    1    6    4  9.73896E+03 0.00441 
   60    1    1    1    1    1    1    1    6    5  9.43474E+03 0.00451 
   61    1    1    1    1    1    1    1    6    6  0.00000E+00 0.00000 
   62    1    1    1    1    1    1    1    6    7  8.86238E+03 0.00456 
   63    1    1    1    1    1    1    1    6    8  8.66710E+03 0.00455 
   64    1    1    1    1    1    1    1    6    9  0.00000E+00 0.00000 
   65    1    1    1    1    1    1    1    6   10  8.74422E+03 0.00457 
   66    1    1    1    1    1    1    1    6   11  8.99367E+03 0.00461 
   67    1    1    1    1    1    1    1    7    1  0.00000E+00 0.00000 
   68    1    1    1    1    1    1    1    7    2  9.52843E+03 0.00436 
   69    1    1    1    1    1    1    1    7    3  9.34129E+03 0.00447 
   70    1    1    1    1    1    1    1    7    4  0.00000E+00 0.00000 
   71    1    1    1    1    1    1    1    7    5  8.87346E+03 0.00459 
   72    1    1    1    1    1    1    1    7    6  8.67213E+03 0.00465 
   73    1    1    1    1    1    1    1    7    7  0.00000E+00 0.00000 
   74    1    1    1    1    1    1    1    7    8  8.47957E+03 0.00471 
   75    1    1    1    1    1    1    1    7    9  8.47932E+03 0.00459 
   76    1    1    1    1    1    1    1    7   10  0.00000E+00 0.00000 
   77    1    1    1    1    1    1    1    7   11  8.57527E+03 0.00458 
   78    1    1    1    1    1    1    1    8    1  9.20876E+03 0.00454 
   79    1    1    1    1    1    1    1    8    2  0.00000E+00 0.00000 
   80    1    1    1    1    1    1    1    8    3  8.92924E+03 0.00446 
   81    1    1    1    1    1    1    1    8    4  8.81729E+03 0.00457 
   82    1    1    1    1    1    1    1    8    5  0.00000E+00 0.00000 
   83    1    1    1    1    1    1    1    8    6  8.44647E+03 0.00463 
   84    1    1    1    1    1    1    1    8    7  8.35131E+03 0.00466 
   85    1    1    1    1    1    1    1    8    8  0.00000E+00 0.00000 
   86    1    1    1    1    1    1    1    8    9  8.35275E+03 0.00463 
   87    1    1    1    1    1    1    1    8   10  8.38210E+03 0.00472 
   88    1    1    1    1    1    1    1    8   11  0.00000E+00 0.00000 
   89    1    1    1    1    1    1    1    9    1  9.14564E+03 0.00455 
   90    1    1    1    1    1    1    1    9    2  8.93857E+03 0.00459 
   91    1    1    1    1    1    1    1    9    3  0.00000E+00 0.00000 
   92    1    1    1    1    1    1    1    9    4  8.47322E+03 0.00461 
   93    1    1    1    1    1    1    1    9    5  8.33898E+03 0.00465 
   94    1    1    1    1    1    1    1    9    6  0.00000E+00 0.00000 
   95    1    1    1    1    1    1    1    9    7  8.26906E+03 0.00467 
   96    1    1    1    1    1    1    1    9    8  8.19838E+03 0.00468 
   97    1    1    1    1    1    1    1    9    9  0.00000E+00 0.00000 
   98    1    1    1    1    1    1    1    9   10  8.12420E+03 0.00499 
   99    1    1    1    1    1    1    1    9   11  8.14154E+03 0.00469 
  100    1    1    1    1    1    1    1   10    1  0.00000E+00 0.00000 
  101    1    1    1    1    1    1    1   10    2  8.76453E+03 0.00462 
  102    1    1    1    1    1    1    1   10    3  8.55818E+03 0.00467 
  103    1    1    1    1    1    1    1   10    4  0.00000E+00 0.00000 
  104    1    1    1    1    1    1    1   10    5  8.17918E+03 0.00472 
  105    1    1    1    1    1    1    1   10    6  8.14712E+03 0.00476 
  106    1    1    1    1    1    1    1   10    7  0.00000E+00 0.00000 
  107    1    1    1    1    1    1    1   10    8  7.90149E+03 0.00486 
  108    1    1    1    1    1    1    1   10    9  7.95593E+03 0.00477 
  109    1    1    1    1    1    1    1   10   10  0.00000E+00 0.00000 
