
ZAI = [
922350
922380
666
0
];

NAMES = [
'U235            '
'U238            '
'lost            '
'total           '
];

i922350 = 1; iU235             = 1;
i922380 = 2; iU238             = 2;
iLOST    = 3;
iTOT     = 4;

MAT_un_VOLUME = [ 2.48012E+05 2.48012E+05 ];

MAT_un_BURNUP = [ 0.00000E+00 4.62187E+01 ];

MAT_un_ADENS = [
4.83387E-03 3.42148E-03 % U235
1.93936E-02 1.88351E-02 % U238
0.00000E+00 4.30494E-30 % lost data
7.26897E-02 7.38882E-02 % total
];

MAT_un_MDENS = [
1.88669E+00 1.33543E+00 % U235
7.66628E+00 7.44551E+00 % U238
0.00000E+00 0.00000E+00 % lost data
1.08000E+01 1.07985E+01 % total
];

MAT_un_A = [
3.74145E+10 2.64825E+10 % U235
2.36456E+10 2.29646E+10 % U238
0.00000E+00 0.00000E+00 % lost data
6.10601E+10 3.26351E+18 % total
];

MAT_un_H = [
2.80474E-02 1.98524E-02 % U235
1.61769E-02 1.57111E-02 % U238
0.00000E+00 0.00000E+00 % lost data
4.42243E-02 9.61288E+05 % total
];

MAT_un_SF = [
2.69384E+00 1.90674E+00 % U235
1.29105E+04 1.25387E+04 % U238
0.00000E+00 0.00000E+00 % lost data
1.29132E+04 1.24849E+08 % total
];

MAT_un_GSRC = [
4.72735E+10 3.34609E+10 % U235
2.09390E+09 2.03360E+09 % U238
0.00000E+00 0.00000E+00 % lost data
4.93674E+10 3.50437E+18 % total
];

MAT_un_ING_TOX = [
1.75848E+03 1.24468E+03 % U235
1.06405E+03 1.03341E+03 % U238
0.00000E+00 0.00000E+00 % lost data
2.82253E+03 2.24431E+09 % total
];

MAT_un_INH_TOX = [
3.18023E+05 2.25101E+05 % U235
1.89165E+05 1.83717E+05 % U238
0.00000E+00 0.00000E+00 % lost data
5.07188E+05 8.60902E+10 % total
];

TOT_VOLUME = [ 2.48012E+05 2.48012E+05 ];

TOT_BURNUP = [ 0.00000E+00 4.62187E+01 ];

TOT_ADENS = [
4.83387E-03 3.42148E-03 % U235
1.93936E-02 1.88351E-02 % U238
0.00000E+00 4.30494E-30 % lost data
7.26897E-02 7.38882E-02 % total
];

TOT_MASS = [
4.67921E+05 3.31201E+05 % U235
1.90133E+06 1.84657E+06 % U238
0.00000E+00 0.00000E+00 % lost data
2.67853E+06 2.67814E+06 % total
];

TOT_A = [
3.74145E+10 2.64825E+10 % U235
2.36456E+10 2.29646E+10 % U238
0.00000E+00 0.00000E+00 % lost data
6.10601E+10 3.26351E+18 % total
];

TOT_H = [
2.80474E-02 1.98524E-02 % U235
1.61769E-02 1.57111E-02 % U238
0.00000E+00 0.00000E+00 % lost data
4.42243E-02 9.61288E+05 % total
];

TOT_SF = [
2.69384E+00 1.90674E+00 % U235
1.29105E+04 1.25387E+04 % U238
0.00000E+00 0.00000E+00 % lost data
1.29132E+04 1.24849E+08 % total
];

TOT_GSRC = [
4.72735E+10 3.34609E+10 % U235
2.09390E+09 2.03360E+09 % U238
0.00000E+00 0.00000E+00 % lost data
4.93674E+10 3.50437E+18 % total
];

TOT_ING_TOX = [
1.75848E+03 1.24468E+03 % U235
1.06405E+03 1.03341E+03 % U238
0.00000E+00 0.00000E+00 % lost data
2.82253E+03 2.24431E+09 % total
];

TOT_INH_TOX = [
3.18023E+05 2.25101E+05 % U235
1.89165E+05 1.83717E+05 % U238
0.00000E+00 0.00000E+00 % lost data
5.07188E+05 8.60902E+10 % total
];

BU = [ 0.00000E+00 4.62172E+01 ];

DAYS = [ 0.00000E+00 7.30000E+03 ];
