
DETassem1 = [
    1    1    1    1    1    1    1    1    1    1  0.00000E+00 0.00000 
    2    1    1    1    1    1    1    1    1    2  0.00000E+00 0.00000 
    3    1    1    1    1    1    1    1    1    3  0.00000E+00 0.00000 
    4    1    1    1    1    1    1    1    1    4  0.00000E+00 0.00000 
    5    1    1    1    1    1    1    1    1    5  0.00000E+00 0.00000 
    6    1    1    1    1    1    1    1    1    6  0.00000E+00 0.00000 
    7    1    1    1    1    1    1    1    1    7  0.00000E+00 0.00000 
    8    1    1    1    1    1    1    1    1    8  1.81895E+04 0.00355 
    9    1    1    1    1    1    1    1    1    9  1.43698E+04 0.00379 
   10    1    1    1    1    1    1    1    1   10  0.00000E+00 0.00000 
   11    1    1    1    1    1    1    1    1   11  1.09819E+04 0.00414 
   12    1    1    1    1    1    1    1    2    1  1.95010E+04 0.00338 
   13    1    1    1    1    1    1    1    2    2  0.00000E+00 0.00000 
   14    1    1    1    1    1    1    1    2    3  0.00000E+00 0.00000 
   15    1    1    1    1    1    1    1    2    4  0.00000E+00 0.00000 
   16    1    1    1    1    1    1    1    2    5  0.00000E+00 0.00000 
   17    1    1    1    1    1    1    1    2    6  1.96085E+04 0.00332 
   18    1    1    1    1    1    1    1    2    7  1.60938E+04 0.00364 
   19    1    1    1    1    1    1    1    2    8  0.00000E+00 0.00000 
   20    1    1    1    1    1    1    1    2    9  1.18830E+04 0.00400 
   21    1    1    1    1    1    1    1    2   10  1.10416E+04 0.00421 
   22    1    1    1    1    1    1    1    2   11  0.00000E+00 0.00000 
   23    1    1    1    1    1    1    1    3    1  1.59613E+04 0.00372 
   24    1    1    1    1    1    1    1    3    2  1.82833E+04 0.00353 
   25    1    1    1    1    1    1    1    3    3  0.00000E+00 0.00000 
   26    1    1    1    1    1    1    1    3    4  1.83343E+04 0.00343 
   27    1    1    1    1    1    1    1    3    5  1.60395E+04 0.00366 
   28    1    1    1    1    1    1    1    3    6  0.00000E+00 0.00000 
   29    1    1    1    1    1    1    1    3    7  1.25534E+04 0.00406 
   30    1    1    1    1    1    1    1    3    8  1.14913E+04 0.00401 
   31    1    1    1    1    1    1    1    3    9  0.00000E+00 0.00000 
   32    1    1    1    1    1    1    1    3   10  1.04555E+04 0.00417 
   33    1    1    1    1    1    1    1    3   11  1.07700E+04 0.00418 
   34    1    1    1    1    1    1    1    4    1  0.00000E+00 0.00000 
   35    1    1    1    1    1    1    1    4    2  1.42621E+04 0.00383 
   36    1    1    1    1    1    1    1    4    3  1.43743E+04 0.00382 
   37    1    1    1    1    1    1    1    4    4  0.00000E+00 0.00000 
   38    1    1    1    1    1    1    1    4    5  1.24172E+04 0.00404 
   39    1    1    1    1    1    1    1    4    6  1.17261E+04 0.00407 
   40    1    1    1    1    1    1    1    4    7  0.00000E+00 0.00000 
   41    1    1    1    1    1    1    1    4    8  1.04834E+04 0.00422 
   42    1    1    1    1    1    1    1    4    9  1.01363E+04 0.00412 
   43    1    1    1    1    1    1    1    4   10  0.00000E+00 0.00000 
   44    1    1    1    1    1    1    1    4   11  0.00000E+00 0.00000 
   45    1    1    1    1    1    1    1    5    1  1.18134E+04 0.00403 
   46    1    1    1    1    1    1    1    5    2  0.00000E+00 0.00000 
   47    1    1    1    1    1    1    1    5    3  1.18983E+04 0.00406 
   48    1    1    1    1    1    1    1    5    4  1.14837E+04 0.00415 
   49    1    1    1    1    1    1    1    5    5  0.00000E+00 0.00000 
   50    1    1    1    1    1    1    1    5    6  1.04171E+04 0.00426 
   51    1    1    1    1    1    1    1    5    7  9.97990E+03 0.00429 
   52    1    1    1    1    1    1    1    5    8  0.00000E+00 0.00000 
   53    1    1    1    1    1    1    1    5    9  9.80612E+03 0.00432 
   54    1    1    1    1    1    1    1    5   10  1.00817E+04 0.00419 
   55    1    1    1    1    1    1    1    5   11  0.00000E+00 0.00000 
   56    1    1    1    1    1    1    1    6    1  1.09261E+04 0.00406 
   57    1    1    1    1    1    1    1    6    2  1.09318E+04 0.00411 
   58    1    1    1    1    1    1    1    6    3  0.00000E+00 0.00000 
   59    1    1    1    1    1    1    1    6    4  1.03474E+04 0.00422 
   60    1    1    1    1    1    1    1    6    5  1.00674E+04 0.00428 
   61    1    1    1    1    1    1    1    6    6  0.00000E+00 0.00000 
   62    1    1    1    1    1    1    1    6    7  9.47036E+03 0.00429 
   63    1    1    1    1    1    1    1    6    8  9.43921E+03 0.00437 
   64    1    1    1    1    1    1    1    6    9  0.00000E+00 0.00000 
   65    1    1    1    1    1    1    1    6   10  9.68663E+03 0.00432 
   66    1    1    1    1    1    1    1    6   11  9.68172E+03 0.00431 
   67    1    1    1    1    1    1    1    7    1  0.00000E+00 0.00000 
   68    1    1    1    1    1    1    1    7    2  1.04747E+04 0.00427 
   69    1    1    1    1    1    1    1    7    3  1.02179E+04 0.00427 
   70    1    1    1    1    1    1    1    7    4  0.00000E+00 0.00000 
   71    1    1    1    1    1    1    1    7    5  9.49021E+03 0.00432 
   72    1    1    1    1    1    1    1    7    6  9.36088E+03 0.00440 
   73    1    1    1    1    1    1    1    7    7  0.00000E+00 0.00000 
   74    1    1    1    1    1    1    1    7    8  9.28327E+03 0.00430 
   75    1    1    1    1    1    1    1    7    9  9.30581E+03 0.00440 
   76    1    1    1    1    1    1    1    7   10  0.00000E+00 0.00000 
   77    1    1    1    1    1    1    1    7   11  9.22941E+03 0.00442 
   78    1    1    1    1    1    1    1    8    1  1.07255E+04 0.00410 
   79    1    1    1    1    1    1    1    8    2  0.00000E+00 0.00000 
   80    1    1    1    1    1    1    1    8    3  9.80201E+03 0.00431 
   81    1    1    1    1    1    1    1    8    4  9.44579E+03 0.00430 
   82    1    1    1    1    1    1    1    8    5  0.00000E+00 0.00000 
   83    1    1    1    1    1    1    1    8    6  9.14554E+03 0.00440 
   84    1    1    1    1    1    1    1    8    7  9.13433E+03 0.00436 
   85    1    1    1    1    1    1    1    8    8  0.00000E+00 0.00000 
   86    1    1    1    1    1    1    1    8    9  9.10691E+03 0.00429 
   87    1    1    1    1    1    1    1    8   10  8.97353E+03 0.00450 
   88    1    1    1    1    1    1    1    8   11  0.00000E+00 0.00000 
   89    1    1    1    1    1    1    1    9    1  0.00000E+00 0.00000 
   90    1    1    1    1    1    1    1    9    2  1.00541E+04 0.00432 
   91    1    1    1    1    1    1    1    9    3  0.00000E+00 0.00000 
   92    1    1    1    1    1    1    1    9    4  9.28820E+03 0.00441 
   93    1    1    1    1    1    1    1    9    5  9.11844E+03 0.00434 
   94    1    1    1    1    1    1    1    9    6  0.00000E+00 0.00000 
   95    1    1    1    1    1    1    1    9    7  9.11406E+03 0.00448 
   96    1    1    1    1    1    1    1    9    8  0.00000E+00 0.00000 
   97    1    1    1    1    1    1    1    9    9  0.00000E+00 0.00000 
   98    1    1    1    1    1    1    1    9   10  8.59862E+03 0.00453 
   99    1    1    1    1    1    1    1    9   11  8.42311E+03 0.00459 
  100    1    1    1    1    1    1    1   10    1  0.00000E+00 0.00000 
  101    1    1    1    1    1    1    1   10    2  9.71598E+03 0.00430 
  102    1    1    1    1    1    1    1   10    3  9.28397E+03 0.00427 
  103    1    1    1    1    1    1    1   10    4  0.00000E+00 0.00000 
  104    1    1    1    1    1    1    1   10    5  9.07732E+03 0.00443 
  105    1    1    1    1    1    1    1   10    6  8.94645E+03 0.00443 
  106    1    1    1    1    1    1    1   10    7  0.00000E+00 0.00000 
  107    1    1    1    1    1    1    1   10    8  8.69397E+03 0.00445 
  108    1    1    1    1    1    1    1   10    9  8.36878E+03 0.00461 
  109    1    1    1    1    1    1    1   10   10  0.00000E+00 0.00000 
