
ZAI = [
922350
922380
666
0
];

NAMES = [
'U235            '
'U238            '
'lost            '
'total           '
];

i922350 = 1; iU235             = 1;
i922380 = 2; iU238             = 2;
iLOST    = 3;
iTOT     = 4;

MAT_un_VOLUME = [ 2.35617E+05 2.35617E+05 ];

MAT_un_BURNUP = [ 0.00000E+00 4.86500E+01 ];

MAT_un_ADENS = [
4.83387E-03 3.35734E-03 % U235
1.93936E-02 1.88174E-02 % U238
0.00000E+00 4.98079E-30 % lost data
7.26897E-02 7.39518E-02 % total
];

MAT_un_MDENS = [
1.88669E+00 1.31039E+00 % U235
7.66628E+00 7.43850E+00 % U238
0.00000E+00 0.00000E+00 % lost data
1.08000E+01 1.07984E+01 % total
];

MAT_un_A = [
3.55446E+10 2.46874E+10 % U235
2.24638E+10 2.17964E+10 % U238
0.00000E+00 0.00000E+00 % lost data
5.80085E+10 3.25378E+18 % total
];

MAT_un_H = [
2.66457E-02 1.85067E-02 % U235
1.53685E-02 1.49118E-02 % U238
0.00000E+00 0.00000E+00 % lost data
4.20142E-02 9.59117E+05 % total
];

MAT_un_SF = [
2.55921E+00 1.77749E+00 % U235
1.22653E+04 1.19008E+04 % U238
0.00000E+00 0.00000E+00 % lost data
1.22678E+04 1.41093E+08 % total
];

MAT_un_GSRC = [
4.49109E+10 3.11927E+10 % U235
1.98925E+09 1.93015E+09 % U238
0.00000E+00 0.00000E+00 % lost data
4.69001E+10 3.49175E+18 % total
];

MAT_un_ING_TOX = [
1.67060E+03 1.16031E+03 % U235
1.01087E+03 9.80837E+02 % U238
0.00000E+00 0.00000E+00 % lost data
2.68147E+03 2.25358E+09 % total
];

MAT_un_INH_TOX = [
3.02129E+05 2.09843E+05 % U235
1.79711E+05 1.74371E+05 % U238
0.00000E+00 0.00000E+00 % lost data
4.81840E+05 9.07567E+10 % total
];

TOT_VOLUME = [ 2.35617E+05 2.35617E+05 ];

TOT_BURNUP = [ 0.00000E+00 4.86500E+01 ];

TOT_ADENS = [
4.83387E-03 3.35734E-03 % U235
1.93936E-02 1.88174E-02 % U238
0.00000E+00 4.98079E-30 % lost data
7.26897E-02 7.39518E-02 % total
];

TOT_MASS = [
4.44536E+05 3.08751E+05 % U235
1.80630E+06 1.75263E+06 % U238
0.00000E+00 0.00000E+00 % lost data
2.54466E+06 2.54428E+06 % total
];

TOT_A = [
3.55446E+10 2.46874E+10 % U235
2.24638E+10 2.17964E+10 % U238
0.00000E+00 0.00000E+00 % lost data
5.80085E+10 3.25378E+18 % total
];

TOT_H = [
2.66457E-02 1.85067E-02 % U235
1.53685E-02 1.49118E-02 % U238
0.00000E+00 0.00000E+00 % lost data
4.20142E-02 9.59117E+05 % total
];

TOT_SF = [
2.55921E+00 1.77749E+00 % U235
1.22653E+04 1.19008E+04 % U238
0.00000E+00 0.00000E+00 % lost data
1.22678E+04 1.41093E+08 % total
];

TOT_GSRC = [
4.49109E+10 3.11927E+10 % U235
1.98925E+09 1.93015E+09 % U238
0.00000E+00 0.00000E+00 % lost data
4.69001E+10 3.49175E+18 % total
];

TOT_ING_TOX = [
1.67060E+03 1.16031E+03 % U235
1.01087E+03 9.80837E+02 % U238
0.00000E+00 0.00000E+00 % lost data
2.68147E+03 2.25358E+09 % total
];

TOT_INH_TOX = [
3.02129E+05 2.09843E+05 % U235
1.79711E+05 1.74371E+05 % U238
0.00000E+00 0.00000E+00 % lost data
4.81840E+05 9.07567E+10 % total
];

BU = [ 0.00000E+00 4.86485E+01 ];

DAYS = [ 0.00000E+00 7.30000E+03 ];
