
DETassem1 = [
    1    1    1    1    1    1    1    1    1    1  0.00000E+00 0.00000 
    2    1    1    1    1    1    1    1    1    2  0.00000E+00 0.00000 
    3    1    1    1    1    1    1    1    1    3  0.00000E+00 0.00000 
    4    1    1    1    1    1    1    1    1    4  0.00000E+00 0.00000 
    5    1    1    1    1    1    1    1    1    5  0.00000E+00 0.00000 
    6    1    1    1    1    1    1    1    1    6  0.00000E+00 0.00000 
    7    1    1    1    1    1    1    1    1    7  0.00000E+00 0.00000 
    8    1    1    1    1    1    1    1    1    8  1.81875E+04 0.00376 
    9    1    1    1    1    1    1    1    1    9  1.40774E+04 0.00400 
   10    1    1    1    1    1    1    1    1   10  0.00000E+00 0.00000 
   11    1    1    1    1    1    1    1    1   11  1.00098E+04 0.00433 
   12    1    1    1    1    1    1    1    2    1  1.97248E+04 0.00356 
   13    1    1    1    1    1    1    1    2    2  0.00000E+00 0.00000 
   14    1    1    1    1    1    1    1    2    3  0.00000E+00 0.00000 
   15    1    1    1    1    1    1    1    2    4  0.00000E+00 0.00000 
   16    1    1    1    1    1    1    1    2    5  0.00000E+00 0.00000 
   17    1    1    1    1    1    1    1    2    6  1.97370E+04 0.00354 
   18    1    1    1    1    1    1    1    2    7  1.57892E+04 0.00383 
   19    1    1    1    1    1    1    1    2    8  0.00000E+00 0.00000 
   20    1    1    1    1    1    1    1    2    9  1.12216E+04 0.00427 
   21    1    1    1    1    1    1    1    2   10  1.01177E+04 0.00439 
   22    1    1    1    1    1    1    1    2   11  0.00000E+00 0.00000 
   23    1    1    1    1    1    1    1    3    1  1.56988E+04 0.00387 
   24    1    1    1    1    1    1    1    3    2  1.82101E+04 0.00366 
   25    1    1    1    1    1    1    1    3    3  0.00000E+00 0.00000 
   26    1    1    1    1    1    1    1    3    4  1.83191E+04 0.00368 
   27    1    1    1    1    1    1    1    3    5  1.57892E+04 0.00380 
   28    1    1    1    1    1    1    1    3    6  0.00000E+00 0.00000 
   29    1    1    1    1    1    1    1    3    7  1.20539E+04 0.00417 
   30    1    1    1    1    1    1    1    3    8  1.08537E+04 0.00424 
   31    1    1    1    1    1    1    1    3    9  0.00000E+00 0.00000 
   32    1    1    1    1    1    1    1    3   10  9.31579E+03 0.00453 
   33    1    1    1    1    1    1    1    3   11  8.92975E+03 0.00447 
   34    1    1    1    1    1    1    1    4    1  0.00000E+00 0.00000 
   35    1    1    1    1    1    1    1    4    2  1.38911E+04 0.00398 
   36    1    1    1    1    1    1    1    4    3  1.38132E+04 0.00402 
   37    1    1    1    1    1    1    1    4    4  0.00000E+00 0.00000 
   38    1    1    1    1    1    1    1    4    5  1.20612E+04 0.00421 
   39    1    1    1    1    1    1    1    4    6  1.11540E+04 0.00433 
   40    1    1    1    1    1    1    1    4    7  0.00000E+00 0.00000 
   41    1    1    1    1    1    1    1    4    8  9.58301E+03 0.00436 
   42    1    1    1    1    1    1    1    4    9  9.13189E+03 0.00456 
   43    1    1    1    1    1    1    1    4   10  0.00000E+00 0.00000 
   44    1    1    1    1    1    1    1    4   11  8.69163E+03 0.00455 
   45    1    1    1    1    1    1    1    5    1  1.12645E+04 0.00432 
   46    1    1    1    1    1    1    1    5    2  0.00000E+00 0.00000 
   47    1    1    1    1    1    1    1    5    3  1.12127E+04 0.00427 
   48    1    1    1    1    1    1    1    5    4  1.07009E+04 0.00431 
   49    1    1    1    1    1    1    1    5    5  0.00000E+00 0.00000 
   50    1    1    1    1    1    1    1    5    6  9.70200E+03 0.00442 
   51    1    1    1    1    1    1    1    5    7  9.36657E+03 0.00451 
   52    1    1    1    1    1    1    1    5    8  0.00000E+00 0.00000 
   53    1    1    1    1    1    1    1    5    9  8.77028E+03 0.00463 
   54    1    1    1    1    1    1    1    5   10  8.64721E+03 0.00459 
   55    1    1    1    1    1    1    1    5   11  0.00000E+00 0.00000 
   56    1    1    1    1    1    1    1    6    1  1.00296E+04 0.00434 
   57    1    1    1    1    1    1    1    6    2  9.99971E+03 0.00443 
   58    1    1    1    1    1    1    1    6    3  0.00000E+00 0.00000 
   59    1    1    1    1    1    1    1    6    4  9.60177E+03 0.00445 
   60    1    1    1    1    1    1    1    6    5  9.27186E+03 0.00453 
   61    1    1    1    1    1    1    1    6    6  0.00000E+00 0.00000 
   62    1    1    1    1    1    1    1    6    7  8.86718E+03 0.00455 
   63    1    1    1    1    1    1    1    6    8  8.64392E+03 0.00476 
   64    1    1    1    1    1    1    1    6    9  0.00000E+00 0.00000 
   65    1    1    1    1    1    1    1    6   10  8.44024E+03 0.00467 
   66    1    1    1    1    1    1    1    6   11  8.30211E+03 0.00476 
   67    1    1    1    1    1    1    1    7    1  0.00000E+00 0.00000 
   68    1    1    1    1    1    1    1    7    2  9.32778E+03 0.00443 
   69    1    1    1    1    1    1    1    7    3  9.18274E+03 0.00463 
   70    1    1    1    1    1    1    1    7    4  0.00000E+00 0.00000 
   71    1    1    1    1    1    1    1    7    5  8.86065E+03 0.00448 
   72    1    1    1    1    1    1    1    7    6  8.68082E+03 0.00462 
   73    1    1    1    1    1    1    1    7    7  0.00000E+00 0.00000 
   74    1    1    1    1    1    1    1    7    8  8.53119E+03 0.00459 
   75    1    1    1    1    1    1    1    7    9  8.48806E+03 0.00464 
   76    1    1    1    1    1    1    1    7   10  0.00000E+00 0.00000 
   77    1    1    1    1    1    1    1    7   11  8.22385E+03 0.00466 
   78    1    1    1    1    1    1    1    8    1  8.99793E+03 0.00441 
   79    1    1    1    1    1    1    1    8    2  0.00000E+00 0.00000 
   80    1    1    1    1    1    1    1    8    3  8.71792E+03 0.00462 
   81    1    1    1    1    1    1    1    8    4  8.66572E+03 0.00455 
   82    1    1    1    1    1    1    1    8    5  0.00000E+00 0.00000 
   83    1    1    1    1    1    1    1    8    6  8.44811E+03 0.00466 
   84    1    1    1    1    1    1    1    8    7  8.46327E+03 0.00464 
   85    1    1    1    1    1    1    1    8    8  0.00000E+00 0.00000 
   86    1    1    1    1    1    1    1    8    9  8.54145E+03 0.00458 
   87    1    1    1    1    1    1    1    8   10  8.23621E+03 0.00480 
   88    1    1    1    1    1    1    1    8   11  0.00000E+00 0.00000 
   89    1    1    1    1    1    1    1    9    1  8.67509E+03 0.00454 
   90    1    1    1    1    1    1    1    9    2  8.50302E+03 0.00468 
   91    1    1    1    1    1    1    1    9    3  0.00000E+00 0.00000 
   92    1    1    1    1    1    1    1    9    4  8.54153E+03 0.00464 
   93    1    1    1    1    1    1    1    9    5  8.50466E+03 0.00464 
   94    1    1    1    1    1    1    1    9    6  0.00000E+00 0.00000 
   95    1    1    1    1    1    1    1    9    7  8.59241E+03 0.00471 
   96    1    1    1    1    1    1    1    9    8  0.00000E+00 0.00000 
   97    1    1    1    1    1    1    1    9    9  0.00000E+00 0.00000 
   98    1    1    1    1    1    1    1    9   10  8.08289E+03 0.00480 
   99    1    1    1    1    1    1    1    9   11  7.96213E+03 0.00490 
  100    1    1    1    1    1    1    1   10    1  0.00000E+00 0.00000 
  101    1    1    1    1    1    1    1   10    2  8.48583E+03 0.00471 
  102    1    1    1    1    1    1    1   10    3  8.56952E+03 0.00458 
  103    1    1    1    1    1    1    1   10    4  0.00000E+00 0.00000 
  104    1    1    1    1    1    1    1   10    5  8.49637E+03 0.00466 
  105    1    1    1    1    1    1    1   10    6  8.41274E+03 0.00478 
  106    1    1    1    1    1    1    1   10    7  0.00000E+00 0.00000 
  107    1    1    1    1    1    1    1   10    8  8.30536E+03 0.00475 
  108    1    1    1    1    1    1    1   10    9  8.02865E+03 0.00475 
  109    1    1    1    1    1    1    1   10   10  0.00000E+00 0.00000 
