
DETassem1 = [
    1    1    1    1    1    1    1    1    1    1  0.00000E+00 0.00000 
    2    1    1    1    1    1    1    1    1    2  0.00000E+00 0.00000 
    3    1    1    1    1    1    1    1    1    3  0.00000E+00 0.00000 
    4    1    1    1    1    1    1    1    1    4  0.00000E+00 0.00000 
    5    1    1    1    1    1    1    1    1    5  0.00000E+00 0.00000 
    6    1    1    1    1    1    1    1    1    6  0.00000E+00 0.00000 
    7    1    1    1    1    1    1    1    1    7  0.00000E+00 0.00000 
    8    1    1    1    1    1    1    1    1    8  1.82515E+04 0.00353 
    9    1    1    1    1    1    1    1    1    9  1.42907E+04 0.00385 
   10    1    1    1    1    1    1    1    1   10  0.00000E+00 0.00000 
   11    1    1    1    1    1    1    1    1   11  1.07465E+04 0.00421 
   12    1    1    1    1    1    1    1    2    1  1.95311E+04 0.00338 
   13    1    1    1    1    1    1    1    2    2  0.00000E+00 0.00000 
   14    1    1    1    1    1    1    1    2    3  0.00000E+00 0.00000 
   15    1    1    1    1    1    1    1    2    4  0.00000E+00 0.00000 
   16    1    1    1    1    1    1    1    2    5  0.00000E+00 0.00000 
   17    1    1    1    1    1    1    1    2    6  1.94855E+04 0.00344 
   18    1    1    1    1    1    1    1    2    7  1.60355E+04 0.00373 
   19    1    1    1    1    1    1    1    2    8  0.00000E+00 0.00000 
   20    1    1    1    1    1    1    1    2    9  1.18793E+04 0.00399 
   21    1    1    1    1    1    1    1    2   10  1.07858E+04 0.00412 
   22    1    1    1    1    1    1    1    2   11  0.00000E+00 0.00000 
   23    1    1    1    1    1    1    1    3    1  1.59469E+04 0.00364 
   24    1    1    1    1    1    1    1    3    2  1.81946E+04 0.00355 
   25    1    1    1    1    1    1    1    3    3  0.00000E+00 0.00000 
   26    1    1    1    1    1    1    1    3    4  1.81888E+04 0.00350 
   27    1    1    1    1    1    1    1    3    5  1.60368E+04 0.00374 
   28    1    1    1    1    1    1    1    3    6  0.00000E+00 0.00000 
   29    1    1    1    1    1    1    1    3    7  1.26397E+04 0.00391 
   30    1    1    1    1    1    1    1    3    8  1.17807E+04 0.00408 
   31    1    1    1    1    1    1    1    3    9  0.00000E+00 0.00000 
   32    1    1    1    1    1    1    1    3   10  9.90600E+03 0.00430 
   33    1    1    1    1    1    1    1    3   11  9.40953E+03 0.00434 
   34    1    1    1    1    1    1    1    4    1  0.00000E+00 0.00000 
   35    1    1    1    1    1    1    1    4    2  1.41705E+04 0.00378 
   36    1    1    1    1    1    1    1    4    3  1.42726E+04 0.00377 
   37    1    1    1    1    1    1    1    4    4  0.00000E+00 0.00000 
   38    1    1    1    1    1    1    1    4    5  1.27545E+04 0.00392 
   39    1    1    1    1    1    1    1    4    6  1.18090E+04 0.00418 
   40    1    1    1    1    1    1    1    4    7  0.00000E+00 0.00000 
   41    1    1    1    1    1    1    1    4    8  0.00000E+00 0.00000 
   42    1    1    1    1    1    1    1    4    9  9.98570E+03 0.00424 
   43    1    1    1    1    1    1    1    4   10  0.00000E+00 0.00000 
   44    1    1    1    1    1    1    1    4   11  9.12163E+03 0.00436 
   45    1    1    1    1    1    1    1    5    1  1.18586E+04 0.00402 
   46    1    1    1    1    1    1    1    5    2  0.00000E+00 0.00000 
   47    1    1    1    1    1    1    1    5    3  1.19737E+04 0.00403 
   48    1    1    1    1    1    1    1    5    4  1.17951E+04 0.00410 
   49    1    1    1    1    1    1    1    5    5  0.00000E+00 0.00000 
   50    1    1    1    1    1    1    1    5    6  1.05366E+04 0.00431 
   51    1    1    1    1    1    1    1    5    7  1.02959E+04 0.00425 
   52    1    1    1    1    1    1    1    5    8  0.00000E+00 0.00000 
   53    1    1    1    1    1    1    1    5    9  9.36316E+03 0.00439 
   54    1    1    1    1    1    1    1    5   10  9.04767E+03 0.00441 
   55    1    1    1    1    1    1    1    5   11  0.00000E+00 0.00000 
   56    1    1    1    1    1    1    1    6    1  1.07840E+04 0.00418 
   57    1    1    1    1    1    1    1    6    2  1.07787E+04 0.00422 
   58    1    1    1    1    1    1    1    6    3  0.00000E+00 0.00000 
   59    1    1    1    1    1    1    1    6    4  0.00000E+00 0.00000 
   60    1    1    1    1    1    1    1    6    5  1.02443E+04 0.00430 
   61    1    1    1    1    1    1    1    6    6  0.00000E+00 0.00000 
   62    1    1    1    1    1    1    1    6    7  9.47445E+03 0.00434 
   63    1    1    1    1    1    1    1    6    8  9.14997E+03 0.00443 
   64    1    1    1    1    1    1    1    6    9  0.00000E+00 0.00000 
   65    1    1    1    1    1    1    1    6   10  8.72753E+03 0.00442 
   66    1    1    1    1    1    1    1    6   11  8.62117E+03 0.00446 
   67    1    1    1    1    1    1    1    7    1  0.00000E+00 0.00000 
   68    1    1    1    1    1    1    1    7    2  1.00966E+04 0.00431 
   69    1    1    1    1    1    1    1    7    3  1.00513E+04 0.00427 
   70    1    1    1    1    1    1    1    7    4  0.00000E+00 0.00000 
   71    1    1    1    1    1    1    1    7    5  9.44474E+03 0.00434 
   72    1    1    1    1    1    1    1    7    6  9.13451E+03 0.00441 
   73    1    1    1    1    1    1    1    7    7  0.00000E+00 0.00000 
   74    1    1    1    1    1    1    1    7    8  8.77681E+03 0.00447 
   75    1    1    1    1    1    1    1    7    9  8.64518E+03 0.00444 
   76    1    1    1    1    1    1    1    7   10  0.00000E+00 0.00000 
   77    1    1    1    1    1    1    1    7   11  8.39333E+03 0.00449 
   78    1    1    1    1    1    1    1    8    1  9.40051E+03 0.00431 
   79    1    1    1    1    1    1    1    8    2  0.00000E+00 0.00000 
   80    1    1    1    1    1    1    1    8    3  9.37074E+03 0.00440 
   81    1    1    1    1    1    1    1    8    4  9.15646E+03 0.00436 
   82    1    1    1    1    1    1    1    8    5  0.00000E+00 0.00000 
   83    1    1    1    1    1    1    1    8    6  8.79898E+03 0.00446 
   84    1    1    1    1    1    1    1    8    7  8.57433E+03 0.00443 
   85    1    1    1    1    1    1    1    8    8  0.00000E+00 0.00000 
   86    1    1    1    1    1    1    1    8    9  8.45332E+03 0.00457 
   87    1    1    1    1    1    1    1    8   10  8.32628E+03 0.00457 
   88    1    1    1    1    1    1    1    8   11  0.00000E+00 0.00000 
   89    1    1    1    1    1    1    1    9    1  9.00830E+03 0.00444 
   90    1    1    1    1    1    1    1    9    2  8.98091E+03 0.00436 
   91    1    1    1    1    1    1    1    9    3  0.00000E+00 0.00000 
   92    1    1    1    1    1    1    1    9    4  8.80249E+03 0.00433 
   93    1    1    1    1    1    1    1    9    5  8.67777E+03 0.00445 
   94    1    1    1    1    1    1    1    9    6  0.00000E+00 0.00000 
   95    1    1    1    1    1    1    1    9    7  8.39777E+03 0.00457 
   96    1    1    1    1    1    1    1    9    8  8.30422E+03 0.00460 
   97    1    1    1    1    1    1    1    9    9  0.00000E+00 0.00000 
   98    1    1    1    1    1    1    1    9   10  8.07770E+03 0.00474 
   99    1    1    1    1    1    1    1    9   11  7.95759E+03 0.00468 
  100    1    1    1    1    1    1    1   10    1  0.00000E+00 0.00000 
  101    1    1    1    1    1    1    1   10    2  8.76721E+03 0.00451 
  102    1    1    1    1    1    1    1   10    3  8.67826E+03 0.00449 
  103    1    1    1    1    1    1    1   10    4  0.00000E+00 0.00000 
  104    1    1    1    1    1    1    1   10    5  8.34195E+03 0.00453 
  105    1    1    1    1    1    1    1   10    6  8.34504E+03 0.00450 
  106    1    1    1    1    1    1    1   10    7  0.00000E+00 0.00000 
  107    1    1    1    1    1    1    1   10    8  8.06497E+03 0.00460 
  108    1    1    1    1    1    1    1   10    9  7.94675E+03 0.00460 
  109    1    1    1    1    1    1    1   10   10  0.00000E+00 0.00000 
