
DETassem1 = [
    1    1    1    1    1    1    1    1    1    1  0.00000E+00 0.00000 
    2    1    1    1    1    1    1    1    1    2  0.00000E+00 0.00000 
    3    1    1    1    1    1    1    1    1    3  0.00000E+00 0.00000 
    4    1    1    1    1    1    1    1    1    4  0.00000E+00 0.00000 
    5    1    1    1    1    1    1    1    1    5  0.00000E+00 0.00000 
    6    1    1    1    1    1    1    1    1    6  0.00000E+00 0.00000 
    7    1    1    1    1    1    1    1    1    7  0.00000E+00 0.00000 
    8    1    1    1    1    1    1    1    1    8  1.82753E+04 0.00352 
    9    1    1    1    1    1    1    1    1    9  1.44321E+04 0.00375 
   10    1    1    1    1    1    1    1    1   10  0.00000E+00 0.00000 
   11    1    1    1    1    1    1    1    1   11  1.12401E+04 0.00407 
   12    1    1    1    1    1    1    1    2    1  1.96553E+04 0.00343 
   13    1    1    1    1    1    1    1    2    2  0.00000E+00 0.00000 
   14    1    1    1    1    1    1    1    2    3  0.00000E+00 0.00000 
   15    1    1    1    1    1    1    1    2    4  0.00000E+00 0.00000 
   16    1    1    1    1    1    1    1    2    5  0.00000E+00 0.00000 
   17    1    1    1    1    1    1    1    2    6  1.96827E+04 0.00341 
   18    1    1    1    1    1    1    1    2    7  1.60322E+04 0.00373 
   19    1    1    1    1    1    1    1    2    8  0.00000E+00 0.00000 
   20    1    1    1    1    1    1    1    2    9  1.20216E+04 0.00402 
   21    1    1    1    1    1    1    1    2   10  1.11307E+04 0.00413 
   22    1    1    1    1    1    1    1    2   11  0.00000E+00 0.00000 
   23    1    1    1    1    1    1    1    3    1  1.61893E+04 0.00357 
   24    1    1    1    1    1    1    1    3    2  1.84982E+04 0.00351 
   25    1    1    1    1    1    1    1    3    3  0.00000E+00 0.00000 
   26    1    1    1    1    1    1    1    3    4  1.82598E+04 0.00346 
   27    1    1    1    1    1    1    1    3    5  1.60377E+04 0.00371 
   28    1    1    1    1    1    1    1    3    6  0.00000E+00 0.00000 
   29    1    1    1    1    1    1    1    3    7  1.26872E+04 0.00400 
   30    1    1    1    1    1    1    1    3    8  1.15983E+04 0.00412 
   31    1    1    1    1    1    1    1    3    9  0.00000E+00 0.00000 
   32    1    1    1    1    1    1    1    3   10  1.08048E+04 0.00417 
   33    1    1    1    1    1    1    1    3   11  0.00000E+00 0.00000 
   34    1    1    1    1    1    1    1    4    1  0.00000E+00 0.00000 
   35    1    1    1    1    1    1    1    4    2  1.45130E+04 0.00386 
   36    1    1    1    1    1    1    1    4    3  1.45349E+04 0.00382 
   37    1    1    1    1    1    1    1    4    4  0.00000E+00 0.00000 
   38    1    1    1    1    1    1    1    4    5  1.27074E+04 0.00396 
   39    1    1    1    1    1    1    1    4    6  1.18527E+04 0.00405 
   40    1    1    1    1    1    1    1    4    7  0.00000E+00 0.00000 
   41    1    1    1    1    1    1    1    4    8  1.05367E+04 0.00410 
   42    1    1    1    1    1    1    1    4    9  1.03865E+04 0.00422 
   43    1    1    1    1    1    1    1    4   10  0.00000E+00 0.00000 
   44    1    1    1    1    1    1    1    4   11  1.05503E+04 0.00413 
   45    1    1    1    1    1    1    1    5    1  1.20468E+04 0.00398 
   46    1    1    1    1    1    1    1    5    2  0.00000E+00 0.00000 
   47    1    1    1    1    1    1    1    5    3  1.21333E+04 0.00400 
   48    1    1    1    1    1    1    1    5    4  1.17080E+04 0.00415 
   49    1    1    1    1    1    1    1    5    5  0.00000E+00 0.00000 
   50    1    1    1    1    1    1    1    5    6  1.05440E+04 0.00418 
   51    1    1    1    1    1    1    1    5    7  1.01784E+04 0.00421 
   52    1    1    1    1    1    1    1    5    8  0.00000E+00 0.00000 
   53    1    1    1    1    1    1    1    5    9  9.91688E+03 0.00425 
   54    1    1    1    1    1    1    1    5   10  9.97438E+03 0.00436 
   55    1    1    1    1    1    1    1    5   11  0.00000E+00 0.00000 
   56    1    1    1    1    1    1    1    6    1  1.12590E+04 0.00417 
   57    1    1    1    1    1    1    1    6    2  1.11994E+04 0.00407 
   58    1    1    1    1    1    1    1    6    3  0.00000E+00 0.00000 
   59    1    1    1    1    1    1    1    6    4  1.05455E+04 0.00431 
   60    1    1    1    1    1    1    1    6    5  1.01478E+04 0.00424 
   61    1    1    1    1    1    1    1    6    6  0.00000E+00 0.00000 
   62    1    1    1    1    1    1    1    6    7  9.80300E+03 0.00419 
   63    1    1    1    1    1    1    1    6    8  9.71948E+03 0.00428 
   64    1    1    1    1    1    1    1    6    9  0.00000E+00 0.00000 
   65    1    1    1    1    1    1    1    6   10  9.73177E+03 0.00423 
   66    1    1    1    1    1    1    1    6   11  1.01836E+04 0.00426 
   67    1    1    1    1    1    1    1    7    1  0.00000E+00 0.00000 
   68    1    1    1    1    1    1    1    7    2  1.07932E+04 0.00413 
   69    1    1    1    1    1    1    1    7    3  1.02995E+04 0.00426 
   70    1    1    1    1    1    1    1    7    4  0.00000E+00 0.00000 
   71    1    1    1    1    1    1    1    7    5  9.80520E+03 0.00431 
   72    1    1    1    1    1    1    1    7    6  9.79931E+03 0.00423 
   73    1    1    1    1    1    1    1    7    7  0.00000E+00 0.00000 
   74    1    1    1    1    1    1    1    7    8  9.45071E+03 0.00435 
   75    1    1    1    1    1    1    1    7    9  9.44950E+03 0.00428 
   76    1    1    1    1    1    1    1    7   10  0.00000E+00 0.00000 
   77    1    1    1    1    1    1    1    7   11  9.78879E+03 0.00431 
   78    1    1    1    1    1    1    1    8    1  0.00000E+00 0.00000 
   79    1    1    1    1    1    1    1    8    2  0.00000E+00 0.00000 
   80    1    1    1    1    1    1    1    8    3  9.78074E+03 0.00432 
   81    1    1    1    1    1    1    1    8    4  9.60896E+03 0.00428 
   82    1    1    1    1    1    1    1    8    5  0.00000E+00 0.00000 
   83    1    1    1    1    1    1    1    8    6  0.00000E+00 0.00000 
   84    1    1    1    1    1    1    1    8    7  9.45417E+03 0.00438 
   85    1    1    1    1    1    1    1    8    8  0.00000E+00 0.00000 
   86    1    1    1    1    1    1    1    8    9  9.43510E+03 0.00430 
   87    1    1    1    1    1    1    1    8   10  0.00000E+00 0.00000 
   88    1    1    1    1    1    1    1    8   11  0.00000E+00 0.00000 
   89    1    1    1    1    1    1    1    9    1  1.05238E+04 0.00414 
   90    1    1    1    1    1    1    1    9    2  9.94629E+03 0.00429 
   91    1    1    1    1    1    1    1    9    3  0.00000E+00 0.00000 
   92    1    1    1    1    1    1    1    9    4  9.44522E+03 0.00442 
   93    1    1    1    1    1    1    1    9    5  9.51332E+03 0.00429 
   94    1    1    1    1    1    1    1    9    6  0.00000E+00 0.00000 
   95    1    1    1    1    1    1    1    9    7  9.12533E+03 0.00442 
   96    1    1    1    1    1    1    1    9    8  9.09109E+03 0.00437 
   97    1    1    1    1    1    1    1    9    9  0.00000E+00 0.00000 
   98    1    1    1    1    1    1    1    9   10  9.20325E+03 0.00449 
   99    1    1    1    1    1    1    1    9   11  8.97796E+03 0.00439 
  100    1    1    1    1    1    1    1   10    1  0.00000E+00 0.00000 
  101    1    1    1    1    1    1    1   10    2  9.86889E+03 0.00433 
  102    1    1    1    1    1    1    1   10    3  9.53675E+03 0.00430 
  103    1    1    1    1    1    1    1   10    4  0.00000E+00 0.00000 
  104    1    1    1    1    1    1    1   10    5  9.18645E+03 0.00439 
  105    1    1    1    1    1    1    1   10    6  9.02155E+03 0.00438 
  106    1    1    1    1    1    1    1   10    7  0.00000E+00 0.00000 
  107    1    1    1    1    1    1    1   10    8  8.87365E+03 0.00457 
  108    1    1    1    1    1    1    1   10    9  9.01829E+03 0.00446 
  109    1    1    1    1    1    1    1   10   10  0.00000E+00 0.00000 
