
ZAI = [
922350
922380
666
0
];

NAMES = [
'U235            '
'U238            '
'lost            '
'total           '
];

i922350 = 1; iU235             = 1;
i922380 = 2; iU238             = 2;
iLOST    = 3;
iTOT     = 4;

MAT_un_VOLUME = [ 2.49550E+05 2.49550E+05 ];

MAT_un_BURNUP = [ 0.00000E+00 4.59338E+01 ];

MAT_un_ADENS = [
4.83387E-03 3.42900E-03 % U235
1.93936E-02 1.88368E-02 % U238
0.00000E+00 4.54704E-30 % lost data
7.26897E-02 7.38807E-02 % total
];

MAT_un_MDENS = [
1.88669E+00 1.33836E+00 % U235
7.66628E+00 7.44618E+00 % U238
0.00000E+00 0.00000E+00 % lost data
1.08000E+01 1.07985E+01 % total
];

MAT_un_A = [
3.76465E+10 2.67053E+10 % U235
2.37922E+10 2.31091E+10 % U238
0.00000E+00 0.00000E+00 % lost data
6.14387E+10 3.26522E+18 % total
];

MAT_un_H = [
2.82213E-02 2.00193E-02 % U235
1.62772E-02 1.58099E-02 % U238
0.00000E+00 0.00000E+00 % lost data
4.44986E-02 9.61607E+05 % total
];

MAT_un_SF = [
2.71055E+00 1.92278E+00 % U235
1.29905E+04 1.26176E+04 % U238
0.00000E+00 0.00000E+00 % lost data
1.29932E+04 1.22653E+08 % total
];

MAT_un_GSRC = [
4.75666E+10 3.37423E+10 % U235
2.10688E+09 2.04639E+09 % U238
0.00000E+00 0.00000E+00 % lost data
4.96735E+10 3.50657E+18 % total
];

MAT_un_ING_TOX = [
1.76939E+03 1.25515E+03 % U235
1.07065E+03 1.03991E+03 % U238
0.00000E+00 0.00000E+00 % lost data
2.84003E+03 2.24334E+09 % total
];

MAT_un_INH_TOX = [
3.19995E+05 2.26995E+05 % U235
1.90338E+05 1.84873E+05 % U238
0.00000E+00 0.00000E+00 % lost data
5.10333E+05 8.54787E+10 % total
];

TOT_VOLUME = [ 2.49550E+05 2.49550E+05 ];

TOT_BURNUP = [ 0.00000E+00 4.59338E+01 ];

TOT_ADENS = [
4.83387E-03 3.42900E-03 % U235
1.93936E-02 1.88368E-02 % U238
0.00000E+00 4.54704E-30 % lost data
7.26897E-02 7.38807E-02 % total
];

TOT_MASS = [
4.70822E+05 3.33987E+05 % U235
1.91312E+06 1.85819E+06 % U238
0.00000E+00 0.00000E+00 % lost data
2.69513E+06 2.69475E+06 % total
];

TOT_A = [
3.76465E+10 2.67053E+10 % U235
2.37922E+10 2.31091E+10 % U238
0.00000E+00 0.00000E+00 % lost data
6.14387E+10 3.26522E+18 % total
];

TOT_H = [
2.82213E-02 2.00193E-02 % U235
1.62772E-02 1.58099E-02 % U238
0.00000E+00 0.00000E+00 % lost data
4.44986E-02 9.61607E+05 % total
];

TOT_SF = [
2.71055E+00 1.92278E+00 % U235
1.29905E+04 1.26176E+04 % U238
0.00000E+00 0.00000E+00 % lost data
1.29932E+04 1.22653E+08 % total
];

TOT_GSRC = [
4.75666E+10 3.37423E+10 % U235
2.10688E+09 2.04639E+09 % U238
0.00000E+00 0.00000E+00 % lost data
4.96735E+10 3.50657E+18 % total
];

TOT_ING_TOX = [
1.76939E+03 1.25515E+03 % U235
1.07065E+03 1.03991E+03 % U238
0.00000E+00 0.00000E+00 % lost data
2.84003E+03 2.24334E+09 % total
];

TOT_INH_TOX = [
3.19995E+05 2.26995E+05 % U235
1.90338E+05 1.84873E+05 % U238
0.00000E+00 0.00000E+00 % lost data
5.10333E+05 8.54787E+10 % total
];

BU = [ 0.00000E+00 4.59324E+01 ];

DAYS = [ 0.00000E+00 7.30000E+03 ];
