
ZAI = [
922350
922380
666
0
];

NAMES = [
'U235            '
'U238            '
'lost            '
'total           '
];

i922350 = 1; iU235             = 1;
i922380 = 2; iU238             = 2;
iLOST    = 3;
iTOT     = 4;

MAT_un_VOLUME = [ 2.45671E+05 2.45671E+05 ];

MAT_un_BURNUP = [ 0.00000E+00 4.66589E+01 ];

MAT_un_ADENS = [
4.83387E-03 3.40953E-03 % U235
1.93936E-02 1.88306E-02 % U238
0.00000E+00 5.39754E-30 % lost data
7.26897E-02 7.38998E-02 % total
];

MAT_un_MDENS = [
1.88669E+00 1.33076E+00 % U235
7.66628E+00 7.44370E+00 % U238
0.00000E+00 0.00000E+00 % lost data
1.08000E+01 1.07984E+01 % total
];

MAT_un_A = [
3.70614E+10 2.61410E+10 % U235
2.34224E+10 2.27424E+10 % U238
0.00000E+00 0.00000E+00 % lost data
6.04839E+10 3.26349E+18 % total
];

MAT_un_H = [
2.77828E-02 1.95963E-02 % U235
1.60243E-02 1.55590E-02 % U238
0.00000E+00 0.00000E+00 % lost data
4.38070E-02 9.61109E+05 % total
];

MAT_un_SF = [
2.66842E+00 1.88215E+00 % U235
1.27887E+04 1.24174E+04 % U238
0.00000E+00 0.00000E+00 % lost data
1.27913E+04 1.28020E+08 % total
];

MAT_un_GSRC = [
4.68274E+10 3.30293E+10 % U235
2.07414E+09 2.01392E+09 % U238
0.00000E+00 0.00000E+00 % lost data
4.89015E+10 3.50415E+18 % total
];

MAT_un_ING_TOX = [
1.74189E+03 1.22863E+03 % U235
1.05401E+03 1.02341E+03 % U238
0.00000E+00 0.00000E+00 % lost data
2.79590E+03 2.24751E+09 % total
];

MAT_un_INH_TOX = [
3.15022E+05 2.22198E+05 % U235
1.87380E+05 1.81939E+05 % U238
0.00000E+00 0.00000E+00 % lost data
5.02402E+05 8.71692E+10 % total
];

TOT_VOLUME = [ 2.45671E+05 2.45671E+05 ];

TOT_BURNUP = [ 0.00000E+00 4.66589E+01 ];

TOT_ADENS = [
4.83387E-03 3.40953E-03 % U235
1.93936E-02 1.88306E-02 % U238
0.00000E+00 5.39754E-30 % lost data
7.26897E-02 7.38998E-02 % total
];

TOT_MASS = [
4.63506E+05 3.26930E+05 % U235
1.88339E+06 1.82870E+06 % U238
0.00000E+00 0.00000E+00 % lost data
2.65325E+06 2.65287E+06 % total
];

TOT_A = [
3.70614E+10 2.61410E+10 % U235
2.34224E+10 2.27424E+10 % U238
0.00000E+00 0.00000E+00 % lost data
6.04839E+10 3.26349E+18 % total
];

TOT_H = [
2.77828E-02 1.95963E-02 % U235
1.60243E-02 1.55590E-02 % U238
0.00000E+00 0.00000E+00 % lost data
4.38070E-02 9.61109E+05 % total
];

TOT_SF = [
2.66842E+00 1.88215E+00 % U235
1.27887E+04 1.24174E+04 % U238
0.00000E+00 0.00000E+00 % lost data
1.27913E+04 1.28020E+08 % total
];

TOT_GSRC = [
4.68274E+10 3.30293E+10 % U235
2.07414E+09 2.01392E+09 % U238
0.00000E+00 0.00000E+00 % lost data
4.89015E+10 3.50415E+18 % total
];

TOT_ING_TOX = [
1.74189E+03 1.22863E+03 % U235
1.05401E+03 1.02341E+03 % U238
0.00000E+00 0.00000E+00 % lost data
2.79590E+03 2.24751E+09 % total
];

TOT_INH_TOX = [
3.15022E+05 2.22198E+05 % U235
1.87380E+05 1.81939E+05 % U238
0.00000E+00 0.00000E+00 % lost data
5.02402E+05 8.71692E+10 % total
];

BU = [ 0.00000E+00 4.66575E+01 ];

DAYS = [ 0.00000E+00 7.30000E+03 ];
