
ZAI = [
922350
922380
666
0
];

NAMES = [
'U235            '
'U238            '
'lost            '
'total           '
];

i922350 = 1; iU235             = 1;
i922380 = 2; iU238             = 2;
iLOST    = 3;
iTOT     = 4;

MAT_un_VOLUME = [ 2.42719E+05 2.42719E+05 ];

MAT_un_BURNUP = [ 0.00000E+00 4.72265E+01 ];

MAT_un_ADENS = [
4.83387E-03 3.39416E-03 % U235
1.93936E-02 1.88246E-02 % U238
0.00000E+00 5.18573E-30 % lost data
7.26897E-02 7.39146E-02 % total
];

MAT_un_MDENS = [
1.88669E+00 1.32476E+00 % U235
7.66628E+00 7.44136E+00 % U238
0.00000E+00 0.00000E+00 % lost data
1.08000E+01 1.07984E+01 % total
];

MAT_un_A = [
3.66161E+10 2.57104E+10 % U235
2.31410E+10 2.24620E+10 % U238
0.00000E+00 0.00000E+00 % lost data
5.97570E+10 3.26251E+18 % total
];

MAT_un_H = [
2.74489E-02 1.92735E-02 % U235
1.58317E-02 1.53672E-02 % U238
0.00000E+00 0.00000E+00 % lost data
4.32806E-02 9.60681E+05 % total
];

MAT_un_SF = [
2.63636E+00 1.85115E+00 % U235
1.26350E+04 1.22643E+04 % U238
0.00000E+00 0.00000E+00 % lost data
1.26376E+04 1.31129E+08 % total
];

MAT_un_GSRC = [
4.62646E+10 3.24852E+10 % U235
2.04922E+09 1.98909E+09 % U238
0.00000E+00 0.00000E+00 % lost data
4.83139E+10 3.50283E+18 % total
];

MAT_un_ING_TOX = [
1.72095E+03 1.20839E+03 % U235
1.04134E+03 1.01079E+03 % U238
0.00000E+00 0.00000E+00 % lost data
2.76230E+03 2.25020E+09 % total
];

MAT_un_INH_TOX = [
3.11236E+05 2.18538E+05 % U235
1.85128E+05 1.79696E+05 % U238
0.00000E+00 0.00000E+00 % lost data
4.96364E+05 8.82064E+10 % total
];

TOT_VOLUME = [ 2.42719E+05 2.42719E+05 ];

TOT_BURNUP = [ 0.00000E+00 4.72265E+01 ];

TOT_ADENS = [
4.83387E-03 3.39416E-03 % U235
1.93936E-02 1.88246E-02 % U238
0.00000E+00 5.18573E-30 % lost data
7.26897E-02 7.39146E-02 % total
];

TOT_MASS = [
4.57935E+05 3.21545E+05 % U235
1.86075E+06 1.80616E+06 % U238
0.00000E+00 0.00000E+00 % lost data
2.62137E+06 2.62098E+06 % total
];

TOT_A = [
3.66161E+10 2.57104E+10 % U235
2.31410E+10 2.24620E+10 % U238
0.00000E+00 0.00000E+00 % lost data
5.97570E+10 3.26251E+18 % total
];

TOT_H = [
2.74489E-02 1.92735E-02 % U235
1.58317E-02 1.53672E-02 % U238
0.00000E+00 0.00000E+00 % lost data
4.32806E-02 9.60681E+05 % total
];

TOT_SF = [
2.63636E+00 1.85115E+00 % U235
1.26350E+04 1.22643E+04 % U238
0.00000E+00 0.00000E+00 % lost data
1.26376E+04 1.31129E+08 % total
];

TOT_GSRC = [
4.62646E+10 3.24852E+10 % U235
2.04922E+09 1.98909E+09 % U238
0.00000E+00 0.00000E+00 % lost data
4.83139E+10 3.50283E+18 % total
];

TOT_ING_TOX = [
1.72095E+03 1.20839E+03 % U235
1.04134E+03 1.01079E+03 % U238
0.00000E+00 0.00000E+00 % lost data
2.76230E+03 2.25020E+09 % total
];

TOT_INH_TOX = [
3.11236E+05 2.18538E+05 % U235
1.85128E+05 1.79696E+05 % U238
0.00000E+00 0.00000E+00 % lost data
4.96364E+05 8.82064E+10 % total
];

BU = [ 0.00000E+00 4.72250E+01 ];

DAYS = [ 0.00000E+00 7.30000E+03 ];
