
DETassem1 = [
    1    1    1    1    1    1    1    1    1    1  0.00000E+00 0.00000 
    2    1    1    1    1    1    1    1    1    2  0.00000E+00 0.00000 
    3    1    1    1    1    1    1    1    1    3  0.00000E+00 0.00000 
    4    1    1    1    1    1    1    1    1    4  0.00000E+00 0.00000 
    5    1    1    1    1    1    1    1    1    5  0.00000E+00 0.00000 
    6    1    1    1    1    1    1    1    1    6  0.00000E+00 0.00000 
    7    1    1    1    1    1    1    1    1    7  0.00000E+00 0.00000 
    8    1    1    1    1    1    1    1    1    8  1.86636E+04 0.00346 
    9    1    1    1    1    1    1    1    1    9  1.48875E+04 0.00375 
   10    1    1    1    1    1    1    1    1   10  0.00000E+00 0.00000 
   11    1    1    1    1    1    1    1    1   11  0.00000E+00 0.00000 
   12    1    1    1    1    1    1    1    2    1  1.98572E+04 0.00332 
   13    1    1    1    1    1    1    1    2    2  0.00000E+00 0.00000 
   14    1    1    1    1    1    1    1    2    3  0.00000E+00 0.00000 
   15    1    1    1    1    1    1    1    2    4  0.00000E+00 0.00000 
   16    1    1    1    1    1    1    1    2    5  0.00000E+00 0.00000 
   17    1    1    1    1    1    1    1    2    6  1.99799E+04 0.00346 
   18    1    1    1    1    1    1    1    2    7  1.64525E+04 0.00364 
   19    1    1    1    1    1    1    1    2    8  0.00000E+00 0.00000 
   20    1    1    1    1    1    1    1    2    9  1.26420E+04 0.00397 
   21    1    1    1    1    1    1    1    2   10  0.00000E+00 0.00000 
   22    1    1    1    1    1    1    1    2   11  0.00000E+00 0.00000 
   23    1    1    1    1    1    1    1    3    1  1.63861E+04 0.00373 
   24    1    1    1    1    1    1    1    3    2  1.86268E+04 0.00355 
   25    1    1    1    1    1    1    1    3    3  0.00000E+00 0.00000 
   26    1    1    1    1    1    1    1    3    4  1.87501E+04 0.00350 
   27    1    1    1    1    1    1    1    3    5  1.64276E+04 0.00366 
   28    1    1    1    1    1    1    1    3    6  0.00000E+00 0.00000 
   29    1    1    1    1    1    1    1    3    7  1.30361E+04 0.00398 
   30    1    1    1    1    1    1    1    3    8  1.18469E+04 0.00397 
   31    1    1    1    1    1    1    1    3    9  0.00000E+00 0.00000 
   32    1    1    1    1    1    1    1    3   10  1.07490E+04 0.00413 
   33    1    1    1    1    1    1    1    3   11  9.97925E+03 0.00419 
   34    1    1    1    1    1    1    1    4    1  0.00000E+00 0.00000 
   35    1    1    1    1    1    1    1    4    2  1.49603E+04 0.00380 
   36    1    1    1    1    1    1    1    4    3  1.50348E+04 0.00379 
   37    1    1    1    1    1    1    1    4    4  0.00000E+00 0.00000 
   38    1    1    1    1    1    1    1    4    5  1.29207E+04 0.00394 
   39    1    1    1    1    1    1    1    4    6  1.23726E+04 0.00399 
   40    1    1    1    1    1    1    1    4    7  0.00000E+00 0.00000 
   41    1    1    1    1    1    1    1    4    8  1.07176E+04 0.00425 
   42    1    1    1    1    1    1    1    4    9  1.02244E+04 0.00427 
   43    1    1    1    1    1    1    1    4   10  0.00000E+00 0.00000 
   44    1    1    1    1    1    1    1    4   11  9.44082E+03 0.00441 
   45    1    1    1    1    1    1    1    5    1  1.28206E+04 0.00397 
   46    1    1    1    1    1    1    1    5    2  0.00000E+00 0.00000 
   47    1    1    1    1    1    1    1    5    3  1.27667E+04 0.00398 
   48    1    1    1    1    1    1    1    5    4  1.19994E+04 0.00400 
   49    1    1    1    1    1    1    1    5    5  0.00000E+00 0.00000 
   50    1    1    1    1    1    1    1    5    6  0.00000E+00 0.00000 
   51    1    1    1    1    1    1    1    5    7  1.05074E+04 0.00416 
   52    1    1    1    1    1    1    1    5    8  0.00000E+00 0.00000 
   53    1    1    1    1    1    1    1    5    9  9.57602E+03 0.00424 
   54    1    1    1    1    1    1    1    5   10  9.33861E+03 0.00437 
   55    1    1    1    1    1    1    1    5   11  0.00000E+00 0.00000 
   56    1    1    1    1    1    1    1    6    1  0.00000E+00 0.00000 
   57    1    1    1    1    1    1    1    6    2  0.00000E+00 0.00000 
   58    1    1    1    1    1    1    1    6    3  0.00000E+00 0.00000 
   59    1    1    1    1    1    1    1    6    4  1.07532E+04 0.00418 
   60    1    1    1    1    1    1    1    6    5  1.05665E+04 0.00425 
   61    1    1    1    1    1    1    1    6    6  0.00000E+00 0.00000 
   62    1    1    1    1    1    1    1    6    7  9.69870E+03 0.00436 
   63    1    1    1    1    1    1    1    6    8  9.35700E+03 0.00437 
   64    1    1    1    1    1    1    1    6    9  0.00000E+00 0.00000 
   65    1    1    1    1    1    1    1    6   10  8.93146E+03 0.00443 
   66    1    1    1    1    1    1    1    6   11  8.91185E+03 0.00445 
   67    1    1    1    1    1    1    1    7    1  0.00000E+00 0.00000 
   68    1    1    1    1    1    1    1    7    2  1.07704E+04 0.00408 
   69    1    1    1    1    1    1    1    7    3  1.02157E+04 0.00430 
   70    1    1    1    1    1    1    1    7    4  0.00000E+00 0.00000 
   71    1    1    1    1    1    1    1    7    5  9.71570E+03 0.00430 
   72    1    1    1    1    1    1    1    7    6  9.47012E+03 0.00429 
   73    1    1    1    1    1    1    1    7    7  0.00000E+00 0.00000 
   74    1    1    1    1    1    1    1    7    8  8.96350E+03 0.00441 
   75    1    1    1    1    1    1    1    7    9  8.90387E+03 0.00439 
   76    1    1    1    1    1    1    1    7   10  0.00000E+00 0.00000 
   77    1    1    1    1    1    1    1    7   11  8.67038E+03 0.00446 
   78    1    1    1    1    1    1    1    8    1  9.95723E+03 0.00427 
   79    1    1    1    1    1    1    1    8    2  0.00000E+00 0.00000 
   80    1    1    1    1    1    1    1    8    3  9.51262E+03 0.00429 
   81    1    1    1    1    1    1    1    8    4  9.39677E+03 0.00439 
   82    1    1    1    1    1    1    1    8    5  0.00000E+00 0.00000 
   83    1    1    1    1    1    1    1    8    6  8.96741E+03 0.00444 
   84    1    1    1    1    1    1    1    8    7  8.89087E+03 0.00424 
   85    1    1    1    1    1    1    1    8    8  0.00000E+00 0.00000 
   86    1    1    1    1    1    1    1    8    9  8.73975E+03 0.00442 
   87    1    1    1    1    1    1    1    8   10  8.69137E+03 0.00441 
   88    1    1    1    1    1    1    1    8   11  0.00000E+00 0.00000 
   89    1    1    1    1    1    1    1    9    1  9.48382E+03 0.00434 
   90    1    1    1    1    1    1    1    9    2  9.32281E+03 0.00429 
   91    1    1    1    1    1    1    1    9    3  0.00000E+00 0.00000 
   92    1    1    1    1    1    1    1    9    4  8.97017E+03 0.00442 
   93    1    1    1    1    1    1    1    9    5  8.92514E+03 0.00441 
   94    1    1    1    1    1    1    1    9    6  0.00000E+00 0.00000 
   95    1    1    1    1    1    1    1    9    7  8.70271E+03 0.00435 
   96    1    1    1    1    1    1    1    9    8  8.71846E+03 0.00443 
   97    1    1    1    1    1    1    1    9    9  0.00000E+00 0.00000 
   98    1    1    1    1    1    1    1    9   10  8.48425E+03 0.00449 
   99    1    1    1    1    1    1    1    9   11  8.55573E+03 0.00455 
  100    1    1    1    1    1    1    1   10    1  0.00000E+00 0.00000 
  101    1    1    1    1    1    1    1   10    2  8.92436E+03 0.00445 
  102    1    1    1    1    1    1    1   10    3  8.84593E+03 0.00454 
  103    1    1    1    1    1    1    1   10    4  0.00000E+00 0.00000 
  104    1    1    1    1    1    1    1   10    5  8.73167E+03 0.00444 
  105    1    1    1    1    1    1    1   10    6  8.89092E+03 0.00444 
  106    1    1    1    1    1    1    1   10    7  0.00000E+00 0.00000 
  107    1    1    1    1    1    1    1   10    8  8.55617E+03 0.00451 
  108    1    1    1    1    1    1    1   10    9  8.39476E+03 0.00460 
  109    1    1    1    1    1    1    1   10   10  0.00000E+00 0.00000 
