
DETassem1 = [
    1    1    1    1    1    1    1    1    1    1  0.00000E+00 0.00000 
    2    1    1    1    1    1    1    1    1    2  0.00000E+00 0.00000 
    3    1    1    1    1    1    1    1    1    3  0.00000E+00 0.00000 
    4    1    1    1    1    1    1    1    1    4  0.00000E+00 0.00000 
    5    1    1    1    1    1    1    1    1    5  0.00000E+00 0.00000 
    6    1    1    1    1    1    1    1    1    6  0.00000E+00 0.00000 
    7    1    1    1    1    1    1    1    1    7  0.00000E+00 0.00000 
    8    1    1    1    1    1    1    1    1    8  1.88881E+04 0.00361 
    9    1    1    1    1    1    1    1    1    9  1.44025E+04 0.00400 
   10    1    1    1    1    1    1    1    1   10  0.00000E+00 0.00000 
   11    1    1    1    1    1    1    1    1   11  1.05680E+04 0.00424 
   12    1    1    1    1    1    1    1    2    1  2.03310E+04 0.00357 
   13    1    1    1    1    1    1    1    2    2  0.00000E+00 0.00000 
   14    1    1    1    1    1    1    1    2    3  0.00000E+00 0.00000 
   15    1    1    1    1    1    1    1    2    4  0.00000E+00 0.00000 
   16    1    1    1    1    1    1    1    2    5  0.00000E+00 0.00000 
   17    1    1    1    1    1    1    1    2    6  2.03406E+04 0.00353 
   18    1    1    1    1    1    1    1    2    7  1.64101E+04 0.00378 
   19    1    1    1    1    1    1    1    2    8  0.00000E+00 0.00000 
   20    1    1    1    1    1    1    1    2    9  1.17055E+04 0.00425 
   21    1    1    1    1    1    1    1    2   10  1.06444E+04 0.00431 
   22    1    1    1    1    1    1    1    2   11  0.00000E+00 0.00000 
   23    1    1    1    1    1    1    1    3    1  1.63737E+04 0.00383 
   24    1    1    1    1    1    1    1    3    2  1.89347E+04 0.00370 
   25    1    1    1    1    1    1    1    3    3  0.00000E+00 0.00000 
   26    1    1    1    1    1    1    1    3    4  1.88056E+04 0.00363 
   27    1    1    1    1    1    1    1    3    5  1.62326E+04 0.00382 
   28    1    1    1    1    1    1    1    3    6  0.00000E+00 0.00000 
   29    1    1    1    1    1    1    1    3    7  1.25952E+04 0.00424 
   30    1    1    1    1    1    1    1    3    8  1.14584E+04 0.00431 
   31    1    1    1    1    1    1    1    3    9  0.00000E+00 0.00000 
   32    1    1    1    1    1    1    1    3   10  9.80966E+03 0.00446 
   33    1    1    1    1    1    1    1    3   11  9.41164E+03 0.00450 
   34    1    1    1    1    1    1    1    4    1  0.00000E+00 0.00000 
   35    1    1    1    1    1    1    1    4    2  1.43016E+04 0.00401 
   36    1    1    1    1    1    1    1    4    3  1.44043E+04 0.00400 
   37    1    1    1    1    1    1    1    4    4  0.00000E+00 0.00000 
   38    1    1    1    1    1    1    1    4    5  1.27293E+04 0.00414 
   39    1    1    1    1    1    1    1    4    6  1.19105E+04 0.00416 
   40    1    1    1    1    1    1    1    4    7  0.00000E+00 0.00000 
   41    1    1    1    1    1    1    1    4    8  1.05218E+04 0.00437 
   42    1    1    1    1    1    1    1    4    9  9.97686E+03 0.00442 
   43    1    1    1    1    1    1    1    4   10  0.00000E+00 0.00000 
   44    1    1    1    1    1    1    1    4   11  9.21489E+03 0.00455 
   45    1    1    1    1    1    1    1    5    1  1.17991E+04 0.00422 
   46    1    1    1    1    1    1    1    5    2  0.00000E+00 0.00000 
   47    1    1    1    1    1    1    1    5    3  1.17721E+04 0.00414 
   48    1    1    1    1    1    1    1    5    4  1.13893E+04 0.00431 
   49    1    1    1    1    1    1    1    5    5  0.00000E+00 0.00000 
   50    1    1    1    1    1    1    1    5    6  1.10497E+04 0.00428 
   51    1    1    1    1    1    1    1    5    7  0.00000E+00 0.00000 
   52    1    1    1    1    1    1    1    5    8  0.00000E+00 0.00000 
   53    1    1    1    1    1    1    1    5    9  9.37946E+03 0.00456 
   54    1    1    1    1    1    1    1    5   10  9.18772E+03 0.00450 
   55    1    1    1    1    1    1    1    5   11  0.00000E+00 0.00000 
   56    1    1    1    1    1    1    1    6    1  1.05495E+04 0.00439 
   57    1    1    1    1    1    1    1    6    2  1.06060E+04 0.00439 
   58    1    1    1    1    1    1    1    6    3  0.00000E+00 0.00000 
   59    1    1    1    1    1    1    1    6    4  1.05995E+04 0.00437 
   60    1    1    1    1    1    1    1    6    5  0.00000E+00 0.00000 
   61    1    1    1    1    1    1    1    6    6  0.00000E+00 0.00000 
   62    1    1    1    1    1    1    1    6    7  9.92809E+03 0.00449 
   63    1    1    1    1    1    1    1    6    8  9.39372E+03 0.00449 
   64    1    1    1    1    1    1    1    6    9  0.00000E+00 0.00000 
   65    1    1    1    1    1    1    1    6   10  9.13235E+03 0.00454 
   66    1    1    1    1    1    1    1    6   11  0.00000E+00 0.00000 
   67    1    1    1    1    1    1    1    7    1  0.00000E+00 0.00000 
   68    1    1    1    1    1    1    1    7    2  9.83338E+03 0.00446 
   69    1    1    1    1    1    1    1    7    3  9.82196E+03 0.00443 
   70    1    1    1    1    1    1    1    7    4  0.00000E+00 0.00000 
   71    1    1    1    1    1    1    1    7    5  9.93113E+03 0.00440 
   72    1    1    1    1    1    1    1    7    6  9.77016E+03 0.00437 
   73    1    1    1    1    1    1    1    7    7  0.00000E+00 0.00000 
   74    1    1    1    1    1    1    1    7    8  9.13110E+03 0.00458 
   75    1    1    1    1    1    1    1    7    9  8.91447E+03 0.00458 
   76    1    1    1    1    1    1    1    7   10  0.00000E+00 0.00000 
   77    1    1    1    1    1    1    1    7   11  8.88065E+03 0.00462 
   78    1    1    1    1    1    1    1    8    1  9.35010E+03 0.00444 
   79    1    1    1    1    1    1    1    8    2  0.00000E+00 0.00000 
   80    1    1    1    1    1    1    1    8    3  9.32239E+03 0.00448 
   81    1    1    1    1    1    1    1    8    4  9.39011E+03 0.00447 
   82    1    1    1    1    1    1    1    8    5  0.00000E+00 0.00000 
   83    1    1    1    1    1    1    1    8    6  0.00000E+00 0.00000 
   84    1    1    1    1    1    1    1    8    7  9.11535E+03 0.00463 
   85    1    1    1    1    1    1    1    8    8  0.00000E+00 0.00000 
   86    1    1    1    1    1    1    1    8    9  8.57717E+03 0.00466 
   87    1    1    1    1    1    1    1    8   10  8.50665E+03 0.00465 
   88    1    1    1    1    1    1    1    8   11  0.00000E+00 0.00000 
   89    1    1    1    1    1    1    1    9    1  9.16925E+03 0.00458 
   90    1    1    1    1    1    1    1    9    2  9.11714E+03 0.00463 
   91    1    1    1    1    1    1    1    9    3  0.00000E+00 0.00000 
   92    1    1    1    1    1    1    1    9    4  9.03716E+03 0.00453 
   93    1    1    1    1    1    1    1    9    5  9.16914E+03 0.00457 
   94    1    1    1    1    1    1    1    9    6  0.00000E+00 0.00000 
   95    1    1    1    1    1    1    1    9    7  8.57795E+03 0.00461 
   96    1    1    1    1    1    1    1    9    8  8.40881E+03 0.00473 
   97    1    1    1    1    1    1    1    9    9  0.00000E+00 0.00000 
   98    1    1    1    1    1    1    1    9   10  8.18465E+03 0.00480 
   99    1    1    1    1    1    1    1    9   11  8.22750E+03 0.00477 
  100    1    1    1    1    1    1    1   10    1  0.00000E+00 0.00000 
  101    1    1    1    1    1    1    1   10    2  9.12467E+03 0.00450 
  102    1    1    1    1    1    1    1   10    3  8.83145E+03 0.00455 
  103    1    1    1    1    1    1    1   10    4  0.00000E+00 0.00000 
  104    1    1    1    1    1    1    1   10    5  8.63408E+03 0.00464 
  105    1    1    1    1    1    1    1   10    6  8.49247E+03 0.00460 
  106    1    1    1    1    1    1    1   10    7  0.00000E+00 0.00000 
  107    1    1    1    1    1    1    1   10    8  8.15389E+03 0.00474 
  108    1    1    1    1    1    1    1   10    9  8.01636E+03 0.00485 
  109    1    1    1    1    1    1    1   10   10  0.00000E+00 0.00000 
