
DETassem1 = [
    1    1    1    1    1    1    1    1    1    1  0.00000E+00 0.00000 
    2    1    1    1    1    1    1    1    1    2  0.00000E+00 0.00000 
    3    1    1    1    1    1    1    1    1    3  0.00000E+00 0.00000 
    4    1    1    1    1    1    1    1    1    4  0.00000E+00 0.00000 
    5    1    1    1    1    1    1    1    1    5  0.00000E+00 0.00000 
    6    1    1    1    1    1    1    1    1    6  0.00000E+00 0.00000 
    7    1    1    1    1    1    1    1    1    7  0.00000E+00 0.00000 
    8    1    1    1    1    1    1    1    1    8  2.06200E+04 0.00353 
    9    1    1    1    1    1    1    1    1    9  1.52837E+04 0.00377 
   10    1    1    1    1    1    1    1    1   10  0.00000E+00 0.00000 
   11    1    1    1    1    1    1    1    1   11  1.07624E+04 0.00428 
   12    1    1    1    1    1    1    1    2    1  0.00000E+00 0.00000 
   13    1    1    1    1    1    1    1    2    2  0.00000E+00 0.00000 
   14    1    1    1    1    1    1    1    2    3  0.00000E+00 0.00000 
   15    1    1    1    1    1    1    1    2    4  0.00000E+00 0.00000 
   16    1    1    1    1    1    1    1    2    5  0.00000E+00 0.00000 
   17    1    1    1    1    1    1    1    2    6  0.00000E+00 0.00000 
   18    1    1    1    1    1    1    1    2    7  1.86419E+04 0.00368 
   19    1    1    1    1    1    1    1    2    8  0.00000E+00 0.00000 
   20    1    1    1    1    1    1    1    2    9  1.21662E+04 0.00415 
   21    1    1    1    1    1    1    1    2   10  1.09120E+04 0.00427 
   22    1    1    1    1    1    1    1    2   11  0.00000E+00 0.00000 
   23    1    1    1    1    1    1    1    3    1  1.85264E+04 0.00366 
   24    1    1    1    1    1    1    1    3    2  2.04955E+04 0.00348 
   25    1    1    1    1    1    1    1    3    3  0.00000E+00 0.00000 
   26    1    1    1    1    1    1    1    3    4  2.04585E+04 0.00351 
   27    1    1    1    1    1    1    1    3    5  1.85701E+04 0.00366 
   28    1    1    1    1    1    1    1    3    6  0.00000E+00 0.00000 
   29    1    1    1    1    1    1    1    3    7  1.36074E+04 0.00406 
   30    1    1    1    1    1    1    1    3    8  1.18070E+04 0.00422 
   31    1    1    1    1    1    1    1    3    9  0.00000E+00 0.00000 
   32    1    1    1    1    1    1    1    3   10  1.00579E+04 0.00440 
   33    1    1    1    1    1    1    1    3   11  9.74767E+03 0.00437 
   34    1    1    1    1    1    1    1    4    1  0.00000E+00 0.00000 
   35    1    1    1    1    1    1    1    4    2  1.53654E+04 0.00397 
   36    1    1    1    1    1    1    1    4    3  1.54357E+04 0.00382 
   37    1    1    1    1    1    1    1    4    4  0.00000E+00 0.00000 
   38    1    1    1    1    1    1    1    4    5  1.35346E+04 0.00405 
   39    1    1    1    1    1    1    1    4    6  1.24633E+04 0.00413 
   40    1    1    1    1    1    1    1    4    7  0.00000E+00 0.00000 
   41    1    1    1    1    1    1    1    4    8  1.04432E+04 0.00440 
   42    1    1    1    1    1    1    1    4    9  9.94387E+03 0.00439 
   43    1    1    1    1    1    1    1    4   10  0.00000E+00 0.00000 
   44    1    1    1    1    1    1    1    4   11  9.55468E+03 0.00444 
   45    1    1    1    1    1    1    1    5    1  1.23046E+04 0.00425 
   46    1    1    1    1    1    1    1    5    2  0.00000E+00 0.00000 
   47    1    1    1    1    1    1    1    5    3  1.22811E+04 0.00415 
   48    1    1    1    1    1    1    1    5    4  1.17880E+04 0.00427 
   49    1    1    1    1    1    1    1    5    5  0.00000E+00 0.00000 
   50    1    1    1    1    1    1    1    5    6  1.07513E+04 0.00432 
   51    1    1    1    1    1    1    1    5    7  1.02296E+04 0.00436 
   52    1    1    1    1    1    1    1    5    8  0.00000E+00 0.00000 
   53    1    1    1    1    1    1    1    5    9  9.75822E+03 0.00444 
   54    1    1    1    1    1    1    1    5   10  9.86473E+03 0.00453 
   55    1    1    1    1    1    1    1    5   11  0.00000E+00 0.00000 
   56    1    1    1    1    1    1    1    6    1  1.08841E+04 0.00438 
   57    1    1    1    1    1    1    1    6    2  1.09516E+04 0.00428 
   58    1    1    1    1    1    1    1    6    3  0.00000E+00 0.00000 
   59    1    1    1    1    1    1    1    6    4  1.05107E+04 0.00445 
   60    1    1    1    1    1    1    1    6    5  1.02877E+04 0.00435 
   61    1    1    1    1    1    1    1    6    6  0.00000E+00 0.00000 
   62    1    1    1    1    1    1    1    6    7  1.00184E+04 0.00446 
   63    1    1    1    1    1    1    1    6    8  1.00339E+04 0.00448 
   64    1    1    1    1    1    1    1    6    9  0.00000E+00 0.00000 
   65    1    1    1    1    1    1    1    6   10  0.00000E+00 0.00000 
   66    1    1    1    1    1    1    1    6   11  9.87517E+03 0.00444 
   67    1    1    1    1    1    1    1    7    1  0.00000E+00 0.00000 
   68    1    1    1    1    1    1    1    7    2  1.01154E+04 0.00439 
   69    1    1    1    1    1    1    1    7    3  9.97382E+03 0.00442 
   70    1    1    1    1    1    1    1    7    4  0.00000E+00 0.00000 
   71    1    1    1    1    1    1    1    7    5  9.87338E+03 0.00441 
   72    1    1    1    1    1    1    1    7    6  1.00549E+04 0.00446 
   73    1    1    1    1    1    1    1    7    7  0.00000E+00 0.00000 
   74    1    1    1    1    1    1    1    7    8  1.02986E+04 0.00445 
   75    1    1    1    1    1    1    1    7    9  1.03054E+04 0.00442 
   76    1    1    1    1    1    1    1    7   10  0.00000E+00 0.00000 
   77    1    1    1    1    1    1    1    7   11  9.80843E+03 0.00453 
   78    1    1    1    1    1    1    1    8    1  9.75284E+03 0.00445 
   79    1    1    1    1    1    1    1    8    2  0.00000E+00 0.00000 
   80    1    1    1    1    1    1    1    8    3  9.74464E+03 0.00434 
   81    1    1    1    1    1    1    1    8    4  9.86614E+03 0.00449 
   82    1    1    1    1    1    1    1    8    5  0.00000E+00 0.00000 
   83    1    1    1    1    1    1    1    8    6  1.04787E+04 0.00452 
   84    1    1    1    1    1    1    1    8    7  0.00000E+00 0.00000 
   85    1    1    1    1    1    1    1    8    8  0.00000E+00 0.00000 
   86    1    1    1    1    1    1    1    8    9  0.00000E+00 0.00000 
   87    1    1    1    1    1    1    1    8   10  9.93477E+03 0.00446 
   88    1    1    1    1    1    1    1    8   11  0.00000E+00 0.00000 
   89    1    1    1    1    1    1    1    9    1  9.61216E+03 0.00445 
   90    1    1    1    1    1    1    1    9    2  9.81402E+03 0.00439 
   91    1    1    1    1    1    1    1    9    3  0.00000E+00 0.00000 
   92    1    1    1    1    1    1    1    9    4  1.01891E+04 0.00455 
   93    1    1    1    1    1    1    1    9    5  0.00000E+00 0.00000 
   94    1    1    1    1    1    1    1    9    6  0.00000E+00 0.00000 
   95    1    1    1    1    1    1    1    9    7  1.06141E+04 0.00436 
   96    1    1    1    1    1    1    1    9    8  1.04906E+04 0.00439 
   97    1    1    1    1    1    1    1    9    9  0.00000E+00 0.00000 
   98    1    1    1    1    1    1    1    9   10  9.44275E+03 0.00451 
   99    1    1    1    1    1    1    1    9   11  8.98543E+03 0.00469 
  100    1    1    1    1    1    1    1   10    1  0.00000E+00 0.00000 
  101    1    1    1    1    1    1    1   10    2  0.00000E+00 0.00000 
  102    1    1    1    1    1    1    1   10    3  1.03899E+04 0.00449 
  103    1    1    1    1    1    1    1   10    4  0.00000E+00 0.00000 
  104    1    1    1    1    1    1    1   10    5  1.06490E+04 0.00424 
  105    1    1    1    1    1    1    1   10    6  0.00000E+00 0.00000 
  106    1    1    1    1    1    1    1   10    7  0.00000E+00 0.00000 
  107    1    1    1    1    1    1    1   10    8  0.00000E+00 0.00000 
  108    1    1    1    1    1    1    1   10    9  9.86714E+03 0.00454 
  109    1    1    1    1    1    1    1   10   10  0.00000E+00 0.00000 
