
ZAI = [
922350
922380
666
0
];

NAMES = [
'U235            '
'U238            '
'lost            '
'total           '
];

i922350 = 1; iU235             = 1;
i922380 = 2; iU238             = 2;
iLOST    = 3;
iTOT     = 4;

MAT_un_VOLUME = [ 2.35178E+05 2.35178E+05 ];

MAT_un_BURNUP = [ 0.00000E+00 4.87407E+01 ];

MAT_un_ADENS = [
4.83387E-03 3.35435E-03 % U235
1.93936E-02 1.88134E-02 % U238
0.00000E+00 4.99227E-30 % lost data
7.26897E-02 7.39541E-02 % total
];

MAT_un_MDENS = [
1.88669E+00 1.30922E+00 % U235
7.66628E+00 7.43691E+00 % U238
0.00000E+00 0.00000E+00 % lost data
1.08000E+01 1.07984E+01 % total
];

MAT_un_A = [
3.54785E+10 2.46195E+10 % U235
2.24220E+10 2.17512E+10 % U238
0.00000E+00 0.00000E+00 % lost data
5.79005E+10 3.25600E+18 % total
];

MAT_un_H = [
2.65961E-02 1.84558E-02 % U235
1.53399E-02 1.48809E-02 % U238
0.00000E+00 0.00000E+00 % lost data
4.19360E-02 9.59212E+05 % total
];

MAT_un_SF = [
2.55445E+00 1.77260E+00 % U235
1.22424E+04 1.18761E+04 % U238
0.00000E+00 0.00000E+00 % lost data
1.22450E+04 1.40065E+08 % total
];

MAT_un_GSRC = [
4.48273E+10 3.11069E+10 % U235
1.98555E+09 1.92615E+09 % U238
0.00000E+00 0.00000E+00 % lost data
4.68129E+10 3.49459E+18 % total
];

MAT_un_ING_TOX = [
1.66749E+03 1.15712E+03 % U235
1.00899E+03 9.78803E+02 % U238
0.00000E+00 0.00000E+00 % lost data
2.67648E+03 2.25472E+09 % total
];

MAT_un_INH_TOX = [
3.01567E+05 2.09266E+05 % U235
1.79376E+05 1.74009E+05 % U238
0.00000E+00 0.00000E+00 % lost data
4.80944E+05 9.07436E+10 % total
];

TOT_VOLUME = [ 2.35178E+05 2.35178E+05 ];

TOT_BURNUP = [ 0.00000E+00 4.87407E+01 ];

TOT_ADENS = [
4.83387E-03 3.35435E-03 % U235
1.93936E-02 1.88134E-02 % U238
0.00000E+00 4.99227E-30 % lost data
7.26897E-02 7.39541E-02 % total
];

TOT_MASS = [
4.43709E+05 3.07901E+05 % U235
1.80294E+06 1.74900E+06 % U238
0.00000E+00 0.00000E+00 % lost data
2.53993E+06 2.53954E+06 % total
];

TOT_A = [
3.54785E+10 2.46195E+10 % U235
2.24220E+10 2.17512E+10 % U238
0.00000E+00 0.00000E+00 % lost data
5.79005E+10 3.25600E+18 % total
];

TOT_H = [
2.65961E-02 1.84558E-02 % U235
1.53399E-02 1.48809E-02 % U238
0.00000E+00 0.00000E+00 % lost data
4.19360E-02 9.59212E+05 % total
];

TOT_SF = [
2.55445E+00 1.77260E+00 % U235
1.22424E+04 1.18761E+04 % U238
0.00000E+00 0.00000E+00 % lost data
1.22450E+04 1.40065E+08 % total
];

TOT_GSRC = [
4.48273E+10 3.11069E+10 % U235
1.98555E+09 1.92615E+09 % U238
0.00000E+00 0.00000E+00 % lost data
4.68129E+10 3.49459E+18 % total
];

TOT_ING_TOX = [
1.66749E+03 1.15712E+03 % U235
1.00899E+03 9.78803E+02 % U238
0.00000E+00 0.00000E+00 % lost data
2.67648E+03 2.25472E+09 % total
];

TOT_INH_TOX = [
3.01567E+05 2.09266E+05 % U235
1.79376E+05 1.74009E+05 % U238
0.00000E+00 0.00000E+00 % lost data
4.80944E+05 9.07436E+10 % total
];

BU = [ 0.00000E+00 4.87392E+01 ];

DAYS = [ 0.00000E+00 7.30000E+03 ];
