
ZAI = [
922350
922380
666
0
];

NAMES = [
'U235            '
'U238            '
'lost            '
'total           '
];

i922350 = 1; iU235             = 1;
i922380 = 2; iU238             = 2;
iLOST    = 3;
iTOT     = 4;

MAT_un_VOLUME = [ 2.38508E+05 2.38508E+05 ];

MAT_un_BURNUP = [ 0.00000E+00 4.80603E+01 ];

MAT_un_ADENS = [
4.83387E-03 3.37210E-03 % U235
1.93936E-02 1.88182E-02 % U238
0.00000E+00 3.94524E-30 % lost data
7.26897E-02 7.39364E-02 % total
];

MAT_un_MDENS = [
1.88669E+00 1.31615E+00 % U235
7.66628E+00 7.43880E+00 % U238
0.00000E+00 0.00000E+00 % lost data
1.08000E+01 1.07984E+01 % total
];

MAT_un_A = [
3.59807E+10 2.51001E+10 % U235
2.27395E+10 2.20647E+10 % U238
0.00000E+00 0.00000E+00 % lost data
5.87202E+10 3.25932E+18 % total
];

MAT_un_H = [
2.69726E-02 1.88161E-02 % U235
1.55570E-02 1.50954E-02 % U238
0.00000E+00 0.00000E+00 % lost data
4.25296E-02 9.59920E+05 % total
];

MAT_un_SF = [
2.59061E+00 1.80721E+00 % U235
1.24157E+04 1.20473E+04 % U238
0.00000E+00 0.00000E+00 % lost data
1.24183E+04 1.36139E+08 % total
];

MAT_un_GSRC = [
4.54619E+10 3.17142E+10 % U235
2.01366E+09 1.95391E+09 % U238
0.00000E+00 0.00000E+00 % lost data
4.74756E+10 3.49875E+18 % total
];

MAT_un_ING_TOX = [
1.69110E+03 1.17971E+03 % U235
1.02328E+03 9.92912E+02 % U238
0.00000E+00 0.00000E+00 % lost data
2.71437E+03 2.25306E+09 % total
];

MAT_un_INH_TOX = [
3.05836E+05 2.13351E+05 % U235
1.81916E+05 1.76518E+05 % U238
0.00000E+00 0.00000E+00 % lost data
4.87752E+05 8.96496E+10 % total
];

TOT_VOLUME = [ 2.38508E+05 2.38508E+05 ];

TOT_BURNUP = [ 0.00000E+00 4.80603E+01 ];

TOT_ADENS = [
4.83387E-03 3.37210E-03 % U235
1.93936E-02 1.88182E-02 % U238
0.00000E+00 3.94524E-30 % lost data
7.26897E-02 7.39364E-02 % total
];

TOT_MASS = [
4.49990E+05 3.13913E+05 % U235
1.82847E+06 1.77421E+06 % U238
0.00000E+00 0.00000E+00 % lost data
2.57588E+06 2.57550E+06 % total
];

TOT_A = [
3.59807E+10 2.51001E+10 % U235
2.27395E+10 2.20647E+10 % U238
0.00000E+00 0.00000E+00 % lost data
5.87202E+10 3.25932E+18 % total
];

TOT_H = [
2.69726E-02 1.88161E-02 % U235
1.55570E-02 1.50954E-02 % U238
0.00000E+00 0.00000E+00 % lost data
4.25296E-02 9.59920E+05 % total
];

TOT_SF = [
2.59061E+00 1.80721E+00 % U235
1.24157E+04 1.20473E+04 % U238
0.00000E+00 0.00000E+00 % lost data
1.24183E+04 1.36139E+08 % total
];

TOT_GSRC = [
4.54619E+10 3.17142E+10 % U235
2.01366E+09 1.95391E+09 % U238
0.00000E+00 0.00000E+00 % lost data
4.74756E+10 3.49875E+18 % total
];

TOT_ING_TOX = [
1.69110E+03 1.17971E+03 % U235
1.02328E+03 9.92912E+02 % U238
0.00000E+00 0.00000E+00 % lost data
2.71437E+03 2.25306E+09 % total
];

TOT_INH_TOX = [
3.05836E+05 2.13351E+05 % U235
1.81916E+05 1.76518E+05 % U238
0.00000E+00 0.00000E+00 % lost data
4.87752E+05 8.96496E+10 % total
];

BU = [ 0.00000E+00 4.80588E+01 ];

DAYS = [ 0.00000E+00 7.30000E+03 ];
