
ZAI = [
922350
922380
666
0
];

NAMES = [
'U235            '
'U238            '
'lost            '
'total           '
];

i922350 = 1; iU235             = 1;
i922380 = 2; iU238             = 2;
iLOST    = 3;
iTOT     = 4;

MAT_un_VOLUME = [ 2.42355E+05 2.42355E+05 ];

MAT_un_BURNUP = [ 0.00000E+00 4.72974E+01 ];

MAT_un_ADENS = [
4.83387E-03 3.39237E-03 % U235
1.93936E-02 1.88243E-02 % U238
0.00000E+00 4.02397E-30 % lost data
7.26897E-02 7.39165E-02 % total
];

MAT_un_MDENS = [
1.88669E+00 1.32406E+00 % U235
7.66628E+00 7.44123E+00 % U238
0.00000E+00 0.00000E+00 % lost data
1.08000E+01 1.07984E+01 % total
];

MAT_un_A = [
3.65611E+10 2.56583E+10 % U235
2.31062E+10 2.24279E+10 % U238
0.00000E+00 0.00000E+00 % lost data
5.96673E+10 3.26208E+18 % total
];

MAT_un_H = [
2.74077E-02 1.92345E-02 % U235
1.58079E-02 1.53439E-02 % U238
0.00000E+00 0.00000E+00 % lost data
4.32156E-02 9.60598E+05 % total
];

MAT_un_SF = [
2.63240E+00 1.84739E+00 % U235
1.26160E+04 1.22457E+04 % U238
0.00000E+00 0.00000E+00 % lost data
1.26186E+04 1.31823E+08 % total
];

MAT_un_GSRC = [
4.61952E+10 3.24194E+10 % U235
2.04614E+09 1.98607E+09 % U238
0.00000E+00 0.00000E+00 % lost data
4.82413E+10 3.50228E+18 % total
];

MAT_un_ING_TOX = [
1.71837E+03 1.20594E+03 % U235
1.03978E+03 1.00926E+03 % U238
0.00000E+00 0.00000E+00 % lost data
2.75815E+03 2.25059E+09 % total
];

MAT_un_INH_TOX = [
3.10769E+05 2.18095E+05 % U235
1.84850E+05 1.79424E+05 % U238
0.00000E+00 0.00000E+00 % lost data
4.95619E+05 8.84095E+10 % total
];

TOT_VOLUME = [ 2.42355E+05 2.42355E+05 ];

TOT_BURNUP = [ 0.00000E+00 4.72974E+01 ];

TOT_ADENS = [
4.83387E-03 3.39237E-03 % U235
1.93936E-02 1.88243E-02 % U238
0.00000E+00 4.02397E-30 % lost data
7.26897E-02 7.39165E-02 % total
];

TOT_MASS = [
4.57248E+05 3.20893E+05 % U235
1.85796E+06 1.80342E+06 % U238
0.00000E+00 0.00000E+00 % lost data
2.61743E+06 2.61705E+06 % total
];

TOT_A = [
3.65611E+10 2.56583E+10 % U235
2.31062E+10 2.24279E+10 % U238
0.00000E+00 0.00000E+00 % lost data
5.96673E+10 3.26208E+18 % total
];

TOT_H = [
2.74077E-02 1.92345E-02 % U235
1.58079E-02 1.53439E-02 % U238
0.00000E+00 0.00000E+00 % lost data
4.32156E-02 9.60598E+05 % total
];

TOT_SF = [
2.63240E+00 1.84739E+00 % U235
1.26160E+04 1.22457E+04 % U238
0.00000E+00 0.00000E+00 % lost data
1.26186E+04 1.31823E+08 % total
];

TOT_GSRC = [
4.61952E+10 3.24194E+10 % U235
2.04614E+09 1.98607E+09 % U238
0.00000E+00 0.00000E+00 % lost data
4.82413E+10 3.50228E+18 % total
];

TOT_ING_TOX = [
1.71837E+03 1.20594E+03 % U235
1.03978E+03 1.00926E+03 % U238
0.00000E+00 0.00000E+00 % lost data
2.75815E+03 2.25059E+09 % total
];

TOT_INH_TOX = [
3.10769E+05 2.18095E+05 % U235
1.84850E+05 1.79424E+05 % U238
0.00000E+00 0.00000E+00 % lost data
4.95619E+05 8.84095E+10 % total
];

BU = [ 0.00000E+00 4.72960E+01 ];

DAYS = [ 0.00000E+00 7.30000E+03 ];
