
DETassem1 = [
    1    1    1    1    1    1    1    1    1    1  0.00000E+00 0.00000 
    2    1    1    1    1    1    1    1    1    2  0.00000E+00 0.00000 
    3    1    1    1    1    1    1    1    1    3  0.00000E+00 0.00000 
    4    1    1    1    1    1    1    1    1    4  0.00000E+00 0.00000 
    5    1    1    1    1    1    1    1    1    5  0.00000E+00 0.00000 
    6    1    1    1    1    1    1    1    1    6  0.00000E+00 0.00000 
    7    1    1    1    1    1    1    1    1    7  0.00000E+00 0.00000 
    8    1    1    1    1    1    1    1    1    8  0.00000E+00 0.00000 
    9    1    1    1    1    1    1    1    1    9  2.16385E+04 0.00339 
   10    1    1    1    1    1    1    1    1   10  0.00000E+00 0.00000 
   11    1    1    1    1    1    1    1    1   11  1.28887E+04 0.00395 
   12    1    1    1    1    1    1    1    2    1  0.00000E+00 0.00000 
   13    1    1    1    1    1    1    1    2    2  0.00000E+00 0.00000 
   14    1    1    1    1    1    1    1    2    3  0.00000E+00 0.00000 
   15    1    1    1    1    1    1    1    2    4  0.00000E+00 0.00000 
   16    1    1    1    1    1    1    1    2    5  0.00000E+00 0.00000 
   17    1    1    1    1    1    1    1    2    6  0.00000E+00 0.00000 
   18    1    1    1    1    1    1    1    2    7  0.00000E+00 0.00000 
   19    1    1    1    1    1    1    1    2    8  0.00000E+00 0.00000 
   20    1    1    1    1    1    1    1    2    9  1.60985E+04 0.00371 
   21    1    1    1    1    1    1    1    2   10  1.29898E+04 0.00406 
   22    1    1    1    1    1    1    1    2   11  0.00000E+00 0.00000 
   23    1    1    1    1    1    1    1    3    1  0.00000E+00 0.00000 
   24    1    1    1    1    1    1    1    3    2  0.00000E+00 0.00000 
   25    1    1    1    1    1    1    1    3    3  0.00000E+00 0.00000 
   26    1    1    1    1    1    1    1    3    4  0.00000E+00 0.00000 
   27    1    1    1    1    1    1    1    3    5  0.00000E+00 0.00000 
   28    1    1    1    1    1    1    1    3    6  0.00000E+00 0.00000 
   29    1    1    1    1    1    1    1    3    7  0.00000E+00 0.00000 
   30    1    1    1    1    1    1    1    3    8  1.61776E+04 0.00378 
   31    1    1    1    1    1    1    1    3    9  0.00000E+00 0.00000 
   32    1    1    1    1    1    1    1    3   10  1.13635E+04 0.00419 
   33    1    1    1    1    1    1    1    3   11  1.05294E+04 0.00432 
   34    1    1    1    1    1    1    1    4    1  0.00000E+00 0.00000 
   35    1    1    1    1    1    1    1    4    2  2.16155E+04 0.00335 
   36    1    1    1    1    1    1    1    4    3  2.17005E+04 0.00340 
   37    1    1    1    1    1    1    1    4    4  0.00000E+00 0.00000 
   38    1    1    1    1    1    1    1    4    5  0.00000E+00 0.00000 
   39    1    1    1    1    1    1    1    4    6  1.81209E+04 0.00347 
   40    1    1    1    1    1    1    1    4    7  0.00000E+00 0.00000 
   41    1    1    1    1    1    1    1    4    8  1.24999E+04 0.00402 
   42    1    1    1    1    1    1    1    4    9  1.10598E+04 0.00415 
   43    1    1    1    1    1    1    1    4   10  0.00000E+00 0.00000 
   44    1    1    1    1    1    1    1    4   11  1.03747E+04 0.00435 
   45    1    1    1    1    1    1    1    5    1  1.60437E+04 0.00378 
   46    1    1    1    1    1    1    1    5    2  0.00000E+00 0.00000 
   47    1    1    1    1    1    1    1    5    3  1.62073E+04 0.00380 
   48    1    1    1    1    1    1    1    5    4  1.62147E+04 0.00369 
   49    1    1    1    1    1    1    1    5    5  0.00000E+00 0.00000 
   50    1    1    1    1    1    1    1    5    6  1.33002E+04 0.00403 
   51    1    1    1    1    1    1    1    5    7  1.19773E+04 0.00410 
   52    1    1    1    1    1    1    1    5    8  0.00000E+00 0.00000 
   53    1    1    1    1    1    1    1    5    9  1.04521E+04 0.00427 
   54    1    1    1    1    1    1    1    5   10  0.00000E+00 0.00000 
   55    1    1    1    1    1    1    1    5   11  0.00000E+00 0.00000 
   56    1    1    1    1    1    1    1    6    1  1.29810E+04 0.00398 
   57    1    1    1    1    1    1    1    6    2  1.29847E+04 0.00398 
   58    1    1    1    1    1    1    1    6    3  0.00000E+00 0.00000 
   59    1    1    1    1    1    1    1    6    4  1.25750E+04 0.00406 
   60    1    1    1    1    1    1    1    6    5  1.18334E+04 0.00410 
   61    1    1    1    1    1    1    1    6    6  0.00000E+00 0.00000 
   62    1    1    1    1    1    1    1    6    7  1.02877E+04 0.00428 
   63    1    1    1    1    1    1    1    6    8  9.98571E+03 0.00435 
   64    1    1    1    1    1    1    1    6    9  0.00000E+00 0.00000 
   65    1    1    1    1    1    1    1    6   10  9.78697E+03 0.00432 
   66    1    1    1    1    1    1    1    6   11  9.77769E+03 0.00435 
   67    1    1    1    1    1    1    1    7    1  0.00000E+00 0.00000 
   68    1    1    1    1    1    1    1    7    2  1.13969E+04 0.00415 
   69    1    1    1    1    1    1    1    7    3  1.11503E+04 0.00411 
   70    1    1    1    1    1    1    1    7    4  0.00000E+00 0.00000 
   71    1    1    1    1    1    1    1    7    5  1.02626E+04 0.00428 
   72    1    1    1    1    1    1    1    7    6  9.94457E+03 0.00431 
   73    1    1    1    1    1    1    1    7    7  0.00000E+00 0.00000 
   74    1    1    1    1    1    1    1    7    8  9.38097E+03 0.00443 
   75    1    1    1    1    1    1    1    7    9  9.34807E+03 0.00425 
   76    1    1    1    1    1    1    1    7   10  0.00000E+00 0.00000 
   77    1    1    1    1    1    1    1    7   11  9.13224E+03 0.00451 
   78    1    1    1    1    1    1    1    8    1  1.06002E+04 0.00428 
   79    1    1    1    1    1    1    1    8    2  0.00000E+00 0.00000 
   80    1    1    1    1    1    1    1    8    3  1.04126E+04 0.00419 
   81    1    1    1    1    1    1    1    8    4  9.98638E+03 0.00434 
   82    1    1    1    1    1    1    1    8    5  0.00000E+00 0.00000 
   83    1    1    1    1    1    1    1    8    6  9.38872E+03 0.00434 
   84    1    1    1    1    1    1    1    8    7  9.21626E+03 0.00457 
   85    1    1    1    1    1    1    1    8    8  0.00000E+00 0.00000 
   86    1    1    1    1    1    1    1    8    9  9.03301E+03 0.00443 
   87    1    1    1    1    1    1    1    8   10  8.96000E+03 0.00446 
   88    1    1    1    1    1    1    1    8   11  0.00000E+00 0.00000 
   89    1    1    1    1    1    1    1    9    1  1.04306E+04 0.00431 
   90    1    1    1    1    1    1    1    9    2  0.00000E+00 0.00000 
   91    1    1    1    1    1    1    1    9    3  0.00000E+00 0.00000 
   92    1    1    1    1    1    1    1    9    4  9.45381E+03 0.00447 
   93    1    1    1    1    1    1    1    9    5  9.17660E+03 0.00444 
   94    1    1    1    1    1    1    1    9    6  0.00000E+00 0.00000 
   95    1    1    1    1    1    1    1    9    7  9.04032E+03 0.00448 
   96    1    1    1    1    1    1    1    9    8  8.97757E+03 0.00451 
   97    1    1    1    1    1    1    1    9    9  0.00000E+00 0.00000 
   98    1    1    1    1    1    1    1    9   10  8.75785E+03 0.00451 
   99    1    1    1    1    1    1    1    9   11  8.90311E+03 0.00450 
  100    1    1    1    1    1    1    1   10    1  0.00000E+00 0.00000 
  101    1    1    1    1    1    1    1   10    2  9.77342E+03 0.00439 
  102    1    1    1    1    1    1    1   10    3  9.39260E+03 0.00439 
  103    1    1    1    1    1    1    1   10    4  0.00000E+00 0.00000 
  104    1    1    1    1    1    1    1   10    5  9.04862E+03 0.00440 
  105    1    1    1    1    1    1    1   10    6  9.16637E+03 0.00446 
  106    1    1    1    1    1    1    1   10    7  0.00000E+00 0.00000 
  107    1    1    1    1    1    1    1   10    8  8.75426E+03 0.00448 
  108    1    1    1    1    1    1    1   10    9  8.68474E+03 0.00455 
  109    1    1    1    1    1    1    1   10   10  0.00000E+00 0.00000 
