
ZAI = [
922350
922380
666
0
];

NAMES = [
'U235            '
'U238            '
'lost            '
'total           '
];

i922350 = 1; iU235             = 1;
i922380 = 2; iU238             = 2;
iLOST    = 3;
iTOT     = 4;

MAT_un_VOLUME = [ 2.45613E+05 2.45613E+05 ];

MAT_un_BURNUP = [ 0.00000E+00 4.66700E+01 ];

MAT_un_ADENS = [
4.83387E-03 3.40784E-03 % U235
1.93936E-02 1.88236E-02 % U238
0.00000E+00 4.80631E-30 % lost data
7.26897E-02 7.39003E-02 % total
];

MAT_un_MDENS = [
1.88669E+00 1.33010E+00 % U235
7.66628E+00 7.44093E+00 % U238
0.00000E+00 0.00000E+00 % lost data
1.08000E+01 1.07985E+01 % total
];

MAT_un_A = [
3.70526E+10 2.61218E+10 % U235
2.34169E+10 2.27285E+10 % U238
0.00000E+00 0.00000E+00 % lost data
6.04695E+10 3.27038E+18 % total
];

MAT_un_H = [
2.77761E-02 1.95819E-02 % U235
1.60205E-02 1.55495E-02 % U238
0.00000E+00 0.00000E+00 % lost data
4.37966E-02 9.61761E+05 % total
];

MAT_un_SF = [
2.66779E+00 1.88077E+00 % U235
1.27856E+04 1.24098E+04 % U238
0.00000E+00 0.00000E+00 % lost data
1.27883E+04 1.27754E+08 % total
];

MAT_un_GSRC = [
4.68162E+10 3.30050E+10 % U235
2.07365E+09 2.01269E+09 % U238
0.00000E+00 0.00000E+00 % lost data
4.88899E+10 3.51248E+18 % total
];

MAT_un_ING_TOX = [
1.74147E+03 1.22772E+03 % U235
1.05376E+03 1.02278E+03 % U238
0.00000E+00 0.00000E+00 % lost data
2.79523E+03 2.25236E+09 % total
];

MAT_un_INH_TOX = [
3.14947E+05 2.22035E+05 % U235
1.87335E+05 1.81828E+05 % U238
0.00000E+00 0.00000E+00 % lost data
5.02282E+05 8.77176E+10 % total
];

TOT_VOLUME = [ 2.45613E+05 2.45613E+05 ];

TOT_BURNUP = [ 0.00000E+00 4.66700E+01 ];

TOT_ADENS = [
4.83387E-03 3.40784E-03 % U235
1.93936E-02 1.88236E-02 % U238
0.00000E+00 4.80631E-30 % lost data
7.26897E-02 7.39003E-02 % total
];

TOT_MASS = [
4.63395E+05 3.26690E+05 % U235
1.88294E+06 1.82759E+06 % U238
0.00000E+00 0.00000E+00 % lost data
2.65262E+06 2.65224E+06 % total
];

TOT_A = [
3.70526E+10 2.61218E+10 % U235
2.34169E+10 2.27285E+10 % U238
0.00000E+00 0.00000E+00 % lost data
6.04695E+10 3.27038E+18 % total
];

TOT_H = [
2.77761E-02 1.95819E-02 % U235
1.60205E-02 1.55495E-02 % U238
0.00000E+00 0.00000E+00 % lost data
4.37966E-02 9.61761E+05 % total
];

TOT_SF = [
2.66779E+00 1.88077E+00 % U235
1.27856E+04 1.24098E+04 % U238
0.00000E+00 0.00000E+00 % lost data
1.27883E+04 1.27754E+08 % total
];

TOT_GSRC = [
4.68162E+10 3.30050E+10 % U235
2.07365E+09 2.01269E+09 % U238
0.00000E+00 0.00000E+00 % lost data
4.88899E+10 3.51248E+18 % total
];

TOT_ING_TOX = [
1.74147E+03 1.22772E+03 % U235
1.05376E+03 1.02278E+03 % U238
0.00000E+00 0.00000E+00 % lost data
2.79523E+03 2.25236E+09 % total
];

TOT_INH_TOX = [
3.14947E+05 2.22035E+05 % U235
1.87335E+05 1.81828E+05 % U238
0.00000E+00 0.00000E+00 % lost data
5.02282E+05 8.77176E+10 % total
];

BU = [ 0.00000E+00 4.66686E+01 ];

DAYS = [ 0.00000E+00 7.30000E+03 ];
