
DETassem1 = [
    1    1    1    1    1    1    1    1    1    1  0.00000E+00 0.00000 
    2    1    1    1    1    1    1    1    1    2  0.00000E+00 0.00000 
    3    1    1    1    1    1    1    1    1    3  0.00000E+00 0.00000 
    4    1    1    1    1    1    1    1    1    4  0.00000E+00 0.00000 
    5    1    1    1    1    1    1    1    1    5  0.00000E+00 0.00000 
    6    1    1    1    1    1    1    1    1    6  0.00000E+00 0.00000 
    7    1    1    1    1    1    1    1    1    7  0.00000E+00 0.00000 
    8    1    1    1    1    1    1    1    1    8  1.87772E+04 0.00361 
    9    1    1    1    1    1    1    1    1    9  1.43563E+04 0.00397 
   10    1    1    1    1    1    1    1    1   10  0.00000E+00 0.00000 
   11    1    1    1    1    1    1    1    1   11  1.07555E+04 0.00432 
   12    1    1    1    1    1    1    1    2    1  2.00536E+04 0.00355 
   13    1    1    1    1    1    1    1    2    2  0.00000E+00 0.00000 
   14    1    1    1    1    1    1    1    2    3  0.00000E+00 0.00000 
   15    1    1    1    1    1    1    1    2    4  0.00000E+00 0.00000 
   16    1    1    1    1    1    1    1    2    5  0.00000E+00 0.00000 
   17    1    1    1    1    1    1    1    2    6  2.01796E+04 0.00356 
   18    1    1    1    1    1    1    1    2    7  1.62593E+04 0.00385 
   19    1    1    1    1    1    1    1    2    8  0.00000E+00 0.00000 
   20    1    1    1    1    1    1    1    2    9  1.18373E+04 0.00422 
   21    1    1    1    1    1    1    1    2   10  1.06662E+04 0.00444 
   22    1    1    1    1    1    1    1    2   11  0.00000E+00 0.00000 
   23    1    1    1    1    1    1    1    3    1  1.62943E+04 0.00384 
   24    1    1    1    1    1    1    1    3    2  1.87925E+04 0.00368 
   25    1    1    1    1    1    1    1    3    3  0.00000E+00 0.00000 
   26    1    1    1    1    1    1    1    3    4  1.88802E+04 0.00369 
   27    1    1    1    1    1    1    1    3    5  1.61445E+04 0.00375 
   28    1    1    1    1    1    1    1    3    6  0.00000E+00 0.00000 
   29    1    1    1    1    1    1    1    3    7  1.23402E+04 0.00417 
   30    1    1    1    1    1    1    1    3    8  1.13154E+04 0.00419 
   31    1    1    1    1    1    1    1    3    9  0.00000E+00 0.00000 
   32    1    1    1    1    1    1    1    3   10  1.01356E+04 0.00439 
   33    1    1    1    1    1    1    1    3   11  9.57330E+03 0.00454 
   34    1    1    1    1    1    1    1    4    1  0.00000E+00 0.00000 
   35    1    1    1    1    1    1    1    4    2  1.43111E+04 0.00397 
   36    1    1    1    1    1    1    1    4    3  1.44571E+04 0.00403 
   37    1    1    1    1    1    1    1    4    4  0.00000E+00 0.00000 
   38    1    1    1    1    1    1    1    4    5  1.24708E+04 0.00414 
   39    1    1    1    1    1    1    1    4    6  1.15862E+04 0.00426 
   40    1    1    1    1    1    1    1    4    7  0.00000E+00 0.00000 
   41    1    1    1    1    1    1    1    4    8  1.03578E+04 0.00438 
   42    1    1    1    1    1    1    1    4    9  0.00000E+00 0.00000 
   43    1    1    1    1    1    1    1    4   10  0.00000E+00 0.00000 
   44    1    1    1    1    1    1    1    4   11  9.40002E+03 0.00439 
   45    1    1    1    1    1    1    1    5    1  1.18673E+04 0.00430 
   46    1    1    1    1    1    1    1    5    2  0.00000E+00 0.00000 
   47    1    1    1    1    1    1    1    5    3  1.16987E+04 0.00422 
   48    1    1    1    1    1    1    1    5    4  1.13808E+04 0.00434 
   49    1    1    1    1    1    1    1    5    5  0.00000E+00 0.00000 
   50    1    1    1    1    1    1    1    5    6  1.01695E+04 0.00435 
   51    1    1    1    1    1    1    1    5    7  9.80932E+03 0.00439 
   52    1    1    1    1    1    1    1    5    8  0.00000E+00 0.00000 
   53    1    1    1    1    1    1    1    5    9  9.73710E+03 0.00447 
   54    1    1    1    1    1    1    1    5   10  9.51053E+03 0.00443 
   55    1    1    1    1    1    1    1    5   11  0.00000E+00 0.00000 
   56    1    1    1    1    1    1    1    6    1  1.07793E+04 0.00428 
   57    1    1    1    1    1    1    1    6    2  1.07328E+04 0.00429 
   58    1    1    1    1    1    1    1    6    3  0.00000E+00 0.00000 
   59    1    1    1    1    1    1    1    6    4  1.03821E+04 0.00444 
   60    1    1    1    1    1    1    1    6    5  9.87597E+03 0.00432 
   61    1    1    1    1    1    1    1    6    6  0.00000E+00 0.00000 
   62    1    1    1    1    1    1    1    6    7  9.33460E+03 0.00447 
   63    1    1    1    1    1    1    1    6    8  9.25881E+03 0.00453 
   64    1    1    1    1    1    1    1    6    9  0.00000E+00 0.00000 
   65    1    1    1    1    1    1    1    6   10  0.00000E+00 0.00000 
   66    1    1    1    1    1    1    1    6   11  9.02263E+03 0.00456 
   67    1    1    1    1    1    1    1    7    1  0.00000E+00 0.00000 
   68    1    1    1    1    1    1    1    7    2  1.02129E+04 0.00451 
   69    1    1    1    1    1    1    1    7    3  0.00000E+00 0.00000 
   70    1    1    1    1    1    1    1    7    4  0.00000E+00 0.00000 
   71    1    1    1    1    1    1    1    7    5  9.26773E+03 0.00433 
   72    1    1    1    1    1    1    1    7    6  9.06262E+03 0.00457 
   73    1    1    1    1    1    1    1    7    7  0.00000E+00 0.00000 
   74    1    1    1    1    1    1    1    7    8  8.92401E+03 0.00466 
   75    1    1    1    1    1    1    1    7    9  9.10502E+03 0.00450 
   76    1    1    1    1    1    1    1    7   10  0.00000E+00 0.00000 
   77    1    1    1    1    1    1    1    7   11  8.62697E+03 0.00460 
   78    1    1    1    1    1    1    1    8    1  9.69742E+03 0.00443 
   79    1    1    1    1    1    1    1    8    2  0.00000E+00 0.00000 
   80    1    1    1    1    1    1    1    8    3  9.63761E+03 0.00443 
   81    1    1    1    1    1    1    1    8    4  9.27635E+03 0.00452 
   82    1    1    1    1    1    1    1    8    5  0.00000E+00 0.00000 
   83    1    1    1    1    1    1    1    8    6  8.74718E+03 0.00465 
   84    1    1    1    1    1    1    1    8    7  8.66079E+03 0.00462 
   85    1    1    1    1    1    1    1    8    8  0.00000E+00 0.00000 
   86    1    1    1    1    1    1    1    8    9  8.65777E+03 0.00458 
   87    1    1    1    1    1    1    1    8   10  8.52291E+03 0.00469 
   88    1    1    1    1    1    1    1    8   11  0.00000E+00 0.00000 
   89    1    1    1    1    1    1    1    9    1  9.36766E+03 0.00450 
   90    1    1    1    1    1    1    1    9    2  9.45866E+03 0.00439 
   91    1    1    1    1    1    1    1    9    3  0.00000E+00 0.00000 
   92    1    1    1    1    1    1    1    9    4  8.93062E+03 0.00448 
   93    1    1    1    1    1    1    1    9    5  8.66124E+03 0.00462 
   94    1    1    1    1    1    1    1    9    6  0.00000E+00 0.00000 
   95    1    1    1    1    1    1    1    9    7  8.57171E+03 0.00460 
   96    1    1    1    1    1    1    1    9    8  8.53194E+03 0.00474 
   97    1    1    1    1    1    1    1    9    9  0.00000E+00 0.00000 
   98    1    1    1    1    1    1    1    9   10  8.28198E+03 0.00485 
   99    1    1    1    1    1    1    1    9   11  8.42545E+03 0.00469 
  100    1    1    1    1    1    1    1   10    1  0.00000E+00 0.00000 
  101    1    1    1    1    1    1    1   10    2  0.00000E+00 0.00000 
  102    1    1    1    1    1    1    1   10    3  9.08789E+03 0.00457 
  103    1    1    1    1    1    1    1   10    4  0.00000E+00 0.00000 
  104    1    1    1    1    1    1    1   10    5  8.57730E+03 0.00480 
  105    1    1    1    1    1    1    1   10    6  8.63747E+03 0.00460 
  106    1    1    1    1    1    1    1   10    7  0.00000E+00 0.00000 
  107    1    1    1    1    1    1    1   10    8  8.26475E+03 0.00475 
  108    1    1    1    1    1    1    1   10    9  8.16349E+03 0.00482 
  109    1    1    1    1    1    1    1   10   10  0.00000E+00 0.00000 
