
ZAI = [
922350
922380
666
0
];

NAMES = [
'U235            '
'U238            '
'lost            '
'total           '
];

i922350 = 1; iU235             = 1;
i922380 = 2; iU238             = 2;
iLOST    = 3;
iTOT     = 4;

MAT_un_VOLUME = [ 2.47585E+05 2.47585E+05 ];

MAT_un_BURNUP = [ 0.00000E+00 4.62983E+01 ];

MAT_un_ADENS = [
4.83387E-03 3.41848E-03 % U235
1.93936E-02 1.88301E-02 % U238
0.00000E+00 4.56994E-30 % lost data
7.26897E-02 7.38904E-02 % total
];

MAT_un_MDENS = [
1.88669E+00 1.33425E+00 % U235
7.66628E+00 7.44350E+00 % U238
0.00000E+00 0.00000E+00 % lost data
1.08000E+01 1.07985E+01 % total
];

MAT_un_A = [
3.73501E+10 2.64137E+10 % U235
2.36049E+10 2.29189E+10 % U238
0.00000E+00 0.00000E+00 % lost data
6.09550E+10 3.26782E+18 % total
];

MAT_un_H = [
2.79992E-02 1.98008E-02 % U235
1.61491E-02 1.56798E-02 % U238
0.00000E+00 0.00000E+00 % lost data
4.41483E-02 9.61656E+05 % total
];

MAT_un_SF = [
2.68921E+00 1.90179E+00 % U235
1.28883E+04 1.25137E+04 % U238
0.00000E+00 0.00000E+00 % lost data
1.28910E+04 1.24946E+08 % total
];

MAT_un_GSRC = [
4.71921E+10 3.33739E+10 % U235
2.09030E+09 2.02955E+09 % U238
0.00000E+00 0.00000E+00 % lost data
4.92824E+10 3.50959E+18 % total
];

MAT_un_ING_TOX = [
1.75546E+03 1.24145E+03 % U235
1.06222E+03 1.03135E+03 % U238
0.00000E+00 0.00000E+00 % lost data
2.81768E+03 2.24775E+09 % total
];

MAT_un_INH_TOX = [
3.17476E+05 2.24517E+05 % U235
1.88839E+05 1.83351E+05 % U238
0.00000E+00 0.00000E+00 % lost data
5.06315E+05 8.65421E+10 % total
];

TOT_VOLUME = [ 2.47585E+05 2.47585E+05 ];

TOT_BURNUP = [ 0.00000E+00 4.62983E+01 ];

TOT_ADENS = [
4.83387E-03 3.41848E-03 % U235
1.93936E-02 1.88301E-02 % U238
0.00000E+00 4.56994E-30 % lost data
7.26897E-02 7.38904E-02 % total
];

TOT_MASS = [
4.67116E+05 3.30341E+05 % U235
1.89806E+06 1.84290E+06 % U238
0.00000E+00 0.00000E+00 % lost data
2.67392E+06 2.67354E+06 % total
];

TOT_A = [
3.73501E+10 2.64137E+10 % U235
2.36049E+10 2.29189E+10 % U238
0.00000E+00 0.00000E+00 % lost data
6.09550E+10 3.26782E+18 % total
];

TOT_H = [
2.79992E-02 1.98008E-02 % U235
1.61491E-02 1.56798E-02 % U238
0.00000E+00 0.00000E+00 % lost data
4.41483E-02 9.61656E+05 % total
];

TOT_SF = [
2.68921E+00 1.90179E+00 % U235
1.28883E+04 1.25137E+04 % U238
0.00000E+00 0.00000E+00 % lost data
1.28910E+04 1.24946E+08 % total
];

TOT_GSRC = [
4.71921E+10 3.33739E+10 % U235
2.09030E+09 2.02955E+09 % U238
0.00000E+00 0.00000E+00 % lost data
4.92824E+10 3.50959E+18 % total
];

TOT_ING_TOX = [
1.75546E+03 1.24145E+03 % U235
1.06222E+03 1.03135E+03 % U238
0.00000E+00 0.00000E+00 % lost data
2.81768E+03 2.24775E+09 % total
];

TOT_INH_TOX = [
3.17476E+05 2.24517E+05 % U235
1.88839E+05 1.83351E+05 % U238
0.00000E+00 0.00000E+00 % lost data
5.06315E+05 8.65421E+10 % total
];

BU = [ 0.00000E+00 4.62968E+01 ];

DAYS = [ 0.00000E+00 7.30000E+03 ];
