
DETassem1 = [
    1    1    1    1    1    1    1    1    1    1  0.00000E+00 0.00000 
    2    1    1    1    1    1    1    1    1    2  0.00000E+00 0.00000 
    3    1    1    1    1    1    1    1    1    3  0.00000E+00 0.00000 
    4    1    1    1    1    1    1    1    1    4  0.00000E+00 0.00000 
    5    1    1    1    1    1    1    1    1    5  0.00000E+00 0.00000 
    6    1    1    1    1    1    1    1    1    6  0.00000E+00 0.00000 
    7    1    1    1    1    1    1    1    1    7  0.00000E+00 0.00000 
    8    1    1    1    1    1    1    1    1    8  1.96317E+04 0.00347 
    9    1    1    1    1    1    1    1    1    9  1.57470E+04 0.00361 
   10    1    1    1    1    1    1    1    1   10  0.00000E+00 0.00000 
   11    1    1    1    1    1    1    1    1   11  1.24050E+04 0.00393 
   12    1    1    1    1    1    1    1    2    1  2.09093E+04 0.00335 
   13    1    1    1    1    1    1    1    2    2  0.00000E+00 0.00000 
   14    1    1    1    1    1    1    1    2    3  0.00000E+00 0.00000 
   15    1    1    1    1    1    1    1    2    4  0.00000E+00 0.00000 
   16    1    1    1    1    1    1    1    2    5  0.00000E+00 0.00000 
   17    1    1    1    1    1    1    1    2    6  2.09391E+04 0.00328 
   18    1    1    1    1    1    1    1    2    7  1.74231E+04 0.00355 
   19    1    1    1    1    1    1    1    2    8  0.00000E+00 0.00000 
   20    1    1    1    1    1    1    1    2    9  1.36263E+04 0.00377 
   21    1    1    1    1    1    1    1    2   10  1.23612E+04 0.00405 
   22    1    1    1    1    1    1    1    2   11  0.00000E+00 0.00000 
   23    1    1    1    1    1    1    1    3    1  1.74619E+04 0.00357 
   24    1    1    1    1    1    1    1    3    2  1.97263E+04 0.00343 
   25    1    1    1    1    1    1    1    3    3  0.00000E+00 0.00000 
   26    1    1    1    1    1    1    1    3    4  1.95346E+04 0.00339 
   27    1    1    1    1    1    1    1    3    5  1.73906E+04 0.00355 
   28    1    1    1    1    1    1    1    3    6  0.00000E+00 0.00000 
   29    1    1    1    1    1    1    1    3    7  1.42795E+04 0.00382 
   30    1    1    1    1    1    1    1    3    8  0.00000E+00 0.00000 
   31    1    1    1    1    1    1    1    3    9  0.00000E+00 0.00000 
   32    1    1    1    1    1    1    1    3   10  1.17599E+04 0.00407 
   33    1    1    1    1    1    1    1    3   11  0.00000E+00 0.00000 
   34    1    1    1    1    1    1    1    4    1  0.00000E+00 0.00000 
   35    1    1    1    1    1    1    1    4    2  1.57441E+04 0.00367 
   36    1    1    1    1    1    1    1    4    3  1.58063E+04 0.00377 
   37    1    1    1    1    1    1    1    4    4  0.00000E+00 0.00000 
   38    1    1    1    1    1    1    1    4    5  1.42784E+04 0.00380 
   39    1    1    1    1    1    1    1    4    6  1.33464E+04 0.00391 
   40    1    1    1    1    1    1    1    4    7  0.00000E+00 0.00000 
   41    1    1    1    1    1    1    1    4    8  0.00000E+00 0.00000 
   42    1    1    1    1    1    1    1    4    9  1.15924E+04 0.00401 
   43    1    1    1    1    1    1    1    4   10  0.00000E+00 0.00000 
   44    1    1    1    1    1    1    1    4   11  1.07255E+04 0.00420 
   45    1    1    1    1    1    1    1    5    1  1.35435E+04 0.00386 
   46    1    1    1    1    1    1    1    5    2  0.00000E+00 0.00000 
   47    1    1    1    1    1    1    1    5    3  1.35304E+04 0.00390 
   48    1    1    1    1    1    1    1    5    4  0.00000E+00 0.00000 
   49    1    1    1    1    1    1    1    5    5  0.00000E+00 0.00000 
   50    1    1    1    1    1    1    1    5    6  1.19217E+04 0.00402 
   51    1    1    1    1    1    1    1    5    7  1.16582E+04 0.00407 
   52    1    1    1    1    1    1    1    5    8  0.00000E+00 0.00000 
   53    1    1    1    1    1    1    1    5    9  1.06246E+04 0.00416 
   54    1    1    1    1    1    1    1    5   10  1.03122E+04 0.00424 
   55    1    1    1    1    1    1    1    5   11  0.00000E+00 0.00000 
   56    1    1    1    1    1    1    1    6    1  1.24015E+04 0.00399 
   57    1    1    1    1    1    1    1    6    2  1.23604E+04 0.00394 
   58    1    1    1    1    1    1    1    6    3  0.00000E+00 0.00000 
   59    1    1    1    1    1    1    1    6    4  0.00000E+00 0.00000 
   60    1    1    1    1    1    1    1    6    5  1.15390E+04 0.00402 
   61    1    1    1    1    1    1    1    6    6  0.00000E+00 0.00000 
   62    1    1    1    1    1    1    1    6    7  1.06384E+04 0.00419 
   63    1    1    1    1    1    1    1    6    8  1.04221E+04 0.00417 
   64    1    1    1    1    1    1    1    6    9  0.00000E+00 0.00000 
   65    1    1    1    1    1    1    1    6   10  9.86285E+03 0.00435 
   66    1    1    1    1    1    1    1    6   11  9.69957E+03 0.00437 
   67    1    1    1    1    1    1    1    7    1  0.00000E+00 0.00000 
   68    1    1    1    1    1    1    1    7    2  1.18438E+04 0.00402 
   69    1    1    1    1    1    1    1    7    3  1.15964E+04 0.00407 
   70    1    1    1    1    1    1    1    7    4  0.00000E+00 0.00000 
   71    1    1    1    1    1    1    1    7    5  1.06603E+04 0.00419 
   72    1    1    1    1    1    1    1    7    6  1.02552E+04 0.00425 
   73    1    1    1    1    1    1    1    7    7  0.00000E+00 0.00000 
   74    1    1    1    1    1    1    1    7    8  0.00000E+00 0.00000 
   75    1    1    1    1    1    1    1    7    9  9.82124E+03 0.00428 
   76    1    1    1    1    1    1    1    7   10  0.00000E+00 0.00000 
   77    1    1    1    1    1    1    1    7   11  9.22307E+03 0.00436 
   78    1    1    1    1    1    1    1    8    1  0.00000E+00 0.00000 
   79    1    1    1    1    1    1    1    8    2  0.00000E+00 0.00000 
   80    1    1    1    1    1    1    1    8    3  1.06852E+04 0.00412 
   81    1    1    1    1    1    1    1    8    4  1.04775E+04 0.00413 
   82    1    1    1    1    1    1    1    8    5  0.00000E+00 0.00000 
   83    1    1    1    1    1    1    1    8    6  9.82710E+03 0.00432 
   84    1    1    1    1    1    1    1    8    7  9.71805E+03 0.00436 
   85    1    1    1    1    1    1    1    8    8  0.00000E+00 0.00000 
   86    1    1    1    1    1    1    1    8    9  9.23927E+03 0.00438 
   87    1    1    1    1    1    1    1    8   10  9.07080E+03 0.00439 
   88    1    1    1    1    1    1    1    8   11  0.00000E+00 0.00000 
   89    1    1    1    1    1    1    1    9    1  1.08009E+04 0.00419 
   90    1    1    1    1    1    1    1    9    2  1.03233E+04 0.00427 
   91    1    1    1    1    1    1    1    9    3  0.00000E+00 0.00000 
   92    1    1    1    1    1    1    1    9    4  0.00000E+00 0.00000 
   93    1    1    1    1    1    1    1    9    5  9.72751E+03 0.00430 
   94    1    1    1    1    1    1    1    9    6  0.00000E+00 0.00000 
   95    1    1    1    1    1    1    1    9    7  9.27385E+03 0.00442 
   96    1    1    1    1    1    1    1    9    8  9.04700E+03 0.00446 
   97    1    1    1    1    1    1    1    9    9  0.00000E+00 0.00000 
   98    1    1    1    1    1    1    1    9   10  8.71054E+03 0.00455 
   99    1    1    1    1    1    1    1    9   11  8.62349E+03 0.00459 
  100    1    1    1    1    1    1    1   10    1  0.00000E+00 0.00000 
  101    1    1    1    1    1    1    1   10    2  9.87706E+03 0.00436 
  102    1    1    1    1    1    1    1   10    3  9.80957E+03 0.00441 
  103    1    1    1    1    1    1    1   10    4  0.00000E+00 0.00000 
  104    1    1    1    1    1    1    1   10    5  9.16699E+03 0.00446 
  105    1    1    1    1    1    1    1   10    6  9.03898E+03 0.00434 
  106    1    1    1    1    1    1    1   10    7  0.00000E+00 0.00000 
  107    1    1    1    1    1    1    1   10    8  8.66937E+03 0.00448 
  108    1    1    1    1    1    1    1   10    9  8.62186E+03 0.00455 
  109    1    1    1    1    1    1    1   10   10  0.00000E+00 0.00000 
