
DETassem1 = [
    1    1    1    1    1    1    1    1    1    1  0.00000E+00 0.00000 
    2    1    1    1    1    1    1    1    1    2  0.00000E+00 0.00000 
    3    1    1    1    1    1    1    1    1    3  0.00000E+00 0.00000 
    4    1    1    1    1    1    1    1    1    4  0.00000E+00 0.00000 
    5    1    1    1    1    1    1    1    1    5  0.00000E+00 0.00000 
    6    1    1    1    1    1    1    1    1    6  0.00000E+00 0.00000 
    7    1    1    1    1    1    1    1    1    7  0.00000E+00 0.00000 
    8    1    1    1    1    1    1    1    1    8  2.06798E+04 0.00336 
    9    1    1    1    1    1    1    1    1    9  1.58614E+04 0.00368 
   10    1    1    1    1    1    1    1    1   10  0.00000E+00 0.00000 
   11    1    1    1    1    1    1    1    1   11  1.13143E+04 0.00413 
   12    1    1    1    1    1    1    1    2    1  2.27768E+04 0.00322 
   13    1    1    1    1    1    1    1    2    2  0.00000E+00 0.00000 
   14    1    1    1    1    1    1    1    2    3  0.00000E+00 0.00000 
   15    1    1    1    1    1    1    1    2    4  0.00000E+00 0.00000 
   16    1    1    1    1    1    1    1    2    5  0.00000E+00 0.00000 
   17    1    1    1    1    1    1    1    2    6  2.27819E+04 0.00326 
   18    1    1    1    1    1    1    1    2    7  0.00000E+00 0.00000 
   19    1    1    1    1    1    1    1    2    8  0.00000E+00 0.00000 
   20    1    1    1    1    1    1    1    2    9  1.29719E+04 0.00382 
   21    1    1    1    1    1    1    1    2   10  1.13160E+04 0.00408 
   22    1    1    1    1    1    1    1    2   11  0.00000E+00 0.00000 
   23    1    1    1    1    1    1    1    3    1  0.00000E+00 0.00000 
   24    1    1    1    1    1    1    1    3    2  2.07183E+04 0.00333 
   25    1    1    1    1    1    1    1    3    3  0.00000E+00 0.00000 
   26    1    1    1    1    1    1    1    3    4  2.05964E+04 0.00339 
   27    1    1    1    1    1    1    1    3    5  0.00000E+00 0.00000 
   28    1    1    1    1    1    1    1    3    6  0.00000E+00 0.00000 
   29    1    1    1    1    1    1    1    3    7  1.46486E+04 0.00378 
   30    1    1    1    1    1    1    1    3    8  1.25251E+04 0.00391 
   31    1    1    1    1    1    1    1    3    9  0.00000E+00 0.00000 
   32    1    1    1    1    1    1    1    3   10  1.03677E+04 0.00425 
   33    1    1    1    1    1    1    1    3   11  9.84177E+03 0.00431 
   34    1    1    1    1    1    1    1    4    1  0.00000E+00 0.00000 
   35    1    1    1    1    1    1    1    4    2  1.58138E+04 0.00365 
   36    1    1    1    1    1    1    1    4    3  1.57490E+04 0.00362 
   37    1    1    1    1    1    1    1    4    4  0.00000E+00 0.00000 
   38    1    1    1    1    1    1    1    4    5  1.46274E+04 0.00374 
   39    1    1    1    1    1    1    1    4    6  1.32376E+04 0.00390 
   40    1    1    1    1    1    1    1    4    7  0.00000E+00 0.00000 
   41    1    1    1    1    1    1    1    4    8  1.11183E+04 0.00415 
   42    1    1    1    1    1    1    1    4    9  1.04100E+04 0.00418 
   43    1    1    1    1    1    1    1    4   10  0.00000E+00 0.00000 
   44    1    1    1    1    1    1    1    4   11  9.64636E+03 0.00432 
   45    1    1    1    1    1    1    1    5    1  1.29003E+04 0.00394 
   46    1    1    1    1    1    1    1    5    2  0.00000E+00 0.00000 
   47    1    1    1    1    1    1    1    5    3  1.29038E+04 0.00401 
   48    1    1    1    1    1    1    1    5    4  1.25482E+04 0.00397 
   49    1    1    1    1    1    1    1    5    5  0.00000E+00 0.00000 
   50    1    1    1    1    1    1    1    5    6  1.14462E+04 0.00410 
   51    1    1    1    1    1    1    1    5    7  1.10088E+04 0.00406 
   52    1    1    1    1    1    1    1    5    8  0.00000E+00 0.00000 
   53    1    1    1    1    1    1    1    5    9  9.89763E+03 0.00428 
   54    1    1    1    1    1    1    1    5   10  9.54776E+03 0.00430 
   55    1    1    1    1    1    1    1    5   11  0.00000E+00 0.00000 
   56    1    1    1    1    1    1    1    6    1  1.13881E+04 0.00405 
   57    1    1    1    1    1    1    1    6    2  1.14038E+04 0.00408 
   58    1    1    1    1    1    1    1    6    3  0.00000E+00 0.00000 
   59    1    1    1    1    1    1    1    6    4  1.10621E+04 0.00409 
   60    1    1    1    1    1    1    1    6    5  1.10453E+04 0.00412 
   61    1    1    1    1    1    1    1    6    6  0.00000E+00 0.00000 
   62    1    1    1    1    1    1    1    6    7  0.00000E+00 0.00000 
   63    1    1    1    1    1    1    1    6    8  1.00217E+04 0.00419 
   64    1    1    1    1    1    1    1    6    9  0.00000E+00 0.00000 
   65    1    1    1    1    1    1    1    6   10  9.37126E+03 0.00443 
   66    1    1    1    1    1    1    1    6   11  9.48921E+03 0.00433 
   67    1    1    1    1    1    1    1    7    1  0.00000E+00 0.00000 
   68    1    1    1    1    1    1    1    7    2  1.03878E+04 0.00414 
   69    1    1    1    1    1    1    1    7    3  1.03350E+04 0.00416 
   70    1    1    1    1    1    1    1    7    4  0.00000E+00 0.00000 
   71    1    1    1    1    1    1    1    7    5  0.00000E+00 0.00000 
   72    1    1    1    1    1    1    1    7    6  1.03764E+04 0.00423 
   73    1    1    1    1    1    1    1    7    7  0.00000E+00 0.00000 
   74    1    1    1    1    1    1    1    7    8  9.52697E+03 0.00431 
   75    1    1    1    1    1    1    1    7    9  9.31646E+03 0.00439 
   76    1    1    1    1    1    1    1    7   10  0.00000E+00 0.00000 
   77    1    1    1    1    1    1    1    7   11  0.00000E+00 0.00000 
   78    1    1    1    1    1    1    1    8    1  9.91322E+03 0.00435 
   79    1    1    1    1    1    1    1    8    2  0.00000E+00 0.00000 
   80    1    1    1    1    1    1    1    8    3  9.85212E+03 0.00430 
   81    1    1    1    1    1    1    1    8    4  1.00519E+04 0.00428 
   82    1    1    1    1    1    1    1    8    5  0.00000E+00 0.00000 
   83    1    1    1    1    1    1    1    8    6  9.66377E+03 0.00438 
   84    1    1    1    1    1    1    1    8    7  9.35715E+03 0.00433 
   85    1    1    1    1    1    1    1    8    8  0.00000E+00 0.00000 
   86    1    1    1    1    1    1    1    8    9  9.23592E+03 0.00446 
   87    1    1    1    1    1    1    1    8   10  9.34258E+03 0.00445 
   88    1    1    1    1    1    1    1    8   11  0.00000E+00 0.00000 
   89    1    1    1    1    1    1    1    9    1  9.54172E+03 0.00422 
   90    1    1    1    1    1    1    1    9    2  9.56780E+03 0.00430 
   91    1    1    1    1    1    1    1    9    3  0.00000E+00 0.00000 
   92    1    1    1    1    1    1    1    9    4  9.52981E+03 0.00433 
   93    1    1    1    1    1    1    1    9    5  9.29018E+03 0.00425 
   94    1    1    1    1    1    1    1    9    6  0.00000E+00 0.00000 
   95    1    1    1    1    1    1    1    9    7  9.08012E+03 0.00429 
   96    1    1    1    1    1    1    1    9    8  9.13920E+03 0.00434 
   97    1    1    1    1    1    1    1    9    9  0.00000E+00 0.00000 
   98    1    1    1    1    1    1    1    9   10  9.32761E+03 0.00447 
   99    1    1    1    1    1    1    1    9   11  8.99569E+03 0.00454 
  100    1    1    1    1    1    1    1   10    1  0.00000E+00 0.00000 
  101    1    1    1    1    1    1    1   10    2  9.44214E+03 0.00437 
  102    1    1    1    1    1    1    1   10    3  9.23451E+03 0.00448 
  103    1    1    1    1    1    1    1   10    4  0.00000E+00 0.00000 
  104    1    1    1    1    1    1    1   10    5  9.07494E+03 0.00443 
  105    1    1    1    1    1    1    1   10    6  8.94363E+03 0.00448 
  106    1    1    1    1    1    1    1   10    7  0.00000E+00 0.00000 
  107    1    1    1    1    1    1    1   10    8  9.12303E+03 0.00439 
  108    1    1    1    1    1    1    1   10    9  0.00000E+00 0.00000 
  109    1    1    1    1    1    1    1   10   10  0.00000E+00 0.00000 
