
DETassem1 = [
    1    1    1    1    1    1    1    1    1    1  0.00000E+00 0.00000 
    2    1    1    1    1    1    1    1    1    2  0.00000E+00 0.00000 
    3    1    1    1    1    1    1    1    1    3  0.00000E+00 0.00000 
    4    1    1    1    1    1    1    1    1    4  0.00000E+00 0.00000 
    5    1    1    1    1    1    1    1    1    5  0.00000E+00 0.00000 
    6    1    1    1    1    1    1    1    1    6  0.00000E+00 0.00000 
    7    1    1    1    1    1    1    1    1    7  0.00000E+00 0.00000 
    8    1    1    1    1    1    1    1    1    8  1.94591E+04 0.00345 
    9    1    1    1    1    1    1    1    1    9  1.49060E+04 0.00371 
   10    1    1    1    1    1    1    1    1   10  0.00000E+00 0.00000 
   11    1    1    1    1    1    1    1    1   11  1.13063E+04 0.00410 
   12    1    1    1    1    1    1    1    2    1  0.00000E+00 0.00000 
   13    1    1    1    1    1    1    1    2    2  0.00000E+00 0.00000 
   14    1    1    1    1    1    1    1    2    3  0.00000E+00 0.00000 
   15    1    1    1    1    1    1    1    2    4  0.00000E+00 0.00000 
   16    1    1    1    1    1    1    1    2    5  0.00000E+00 0.00000 
   17    1    1    1    1    1    1    1    2    6  0.00000E+00 0.00000 
   18    1    1    1    1    1    1    1    2    7  1.78527E+04 0.00352 
   19    1    1    1    1    1    1    1    2    8  0.00000E+00 0.00000 
   20    1    1    1    1    1    1    1    2    9  1.23776E+04 0.00407 
   21    1    1    1    1    1    1    1    2   10  1.12993E+04 0.00412 
   22    1    1    1    1    1    1    1    2   11  0.00000E+00 0.00000 
   23    1    1    1    1    1    1    1    3    1  1.77439E+04 0.00351 
   24    1    1    1    1    1    1    1    3    2  1.94855E+04 0.00345 
   25    1    1    1    1    1    1    1    3    3  0.00000E+00 0.00000 
   26    1    1    1    1    1    1    1    3    4  1.94435E+04 0.00344 
   27    1    1    1    1    1    1    1    3    5  1.77338E+04 0.00360 
   28    1    1    1    1    1    1    1    3    6  0.00000E+00 0.00000 
   29    1    1    1    1    1    1    1    3    7  1.34160E+04 0.00391 
   30    1    1    1    1    1    1    1    3    8  1.18773E+04 0.00409 
   31    1    1    1    1    1    1    1    3    9  0.00000E+00 0.00000 
   32    1    1    1    1    1    1    1    3   10  0.00000E+00 0.00000 
   33    1    1    1    1    1    1    1    3   11  1.01188E+04 0.00423 
   34    1    1    1    1    1    1    1    4    1  0.00000E+00 0.00000 
   35    1    1    1    1    1    1    1    4    2  1.50418E+04 0.00374 
   36    1    1    1    1    1    1    1    4    3  1.49897E+04 0.00380 
   37    1    1    1    1    1    1    1    4    4  0.00000E+00 0.00000 
   38    1    1    1    1    1    1    1    4    5  1.33183E+04 0.00385 
   39    1    1    1    1    1    1    1    4    6  1.23886E+04 0.00408 
   40    1    1    1    1    1    1    1    4    7  0.00000E+00 0.00000 
   41    1    1    1    1    1    1    1    4    8  1.05393E+04 0.00416 
   42    1    1    1    1    1    1    1    4    9  1.02430E+04 0.00422 
   43    1    1    1    1    1    1    1    4   10  0.00000E+00 0.00000 
   44    1    1    1    1    1    1    1    4   11  9.48868E+03 0.00429 
   45    1    1    1    1    1    1    1    5    1  1.23780E+04 0.00398 
   46    1    1    1    1    1    1    1    5    2  0.00000E+00 0.00000 
   47    1    1    1    1    1    1    1    5    3  1.23429E+04 0.00403 
   48    1    1    1    1    1    1    1    5    4  1.18543E+04 0.00407 
   49    1    1    1    1    1    1    1    5    5  0.00000E+00 0.00000 
   50    1    1    1    1    1    1    1    5    6  1.05883E+04 0.00423 
   51    1    1    1    1    1    1    1    5    7  1.00778E+04 0.00425 
   52    1    1    1    1    1    1    1    5    8  0.00000E+00 0.00000 
   53    1    1    1    1    1    1    1    5    9  9.45340E+03 0.00436 
   54    1    1    1    1    1    1    1    5   10  9.22751E+03 0.00435 
   55    1    1    1    1    1    1    1    5   11  0.00000E+00 0.00000 
   56    1    1    1    1    1    1    1    6    1  1.13547E+04 0.00405 
   57    1    1    1    1    1    1    1    6    2  1.14431E+04 0.00403 
   58    1    1    1    1    1    1    1    6    3  0.00000E+00 0.00000 
   59    1    1    1    1    1    1    1    6    4  1.05854E+04 0.00416 
   60    1    1    1    1    1    1    1    6    5  1.00046E+04 0.00432 
   61    1    1    1    1    1    1    1    6    6  0.00000E+00 0.00000 
   62    1    1    1    1    1    1    1    6    7  9.41742E+03 0.00430 
   63    1    1    1    1    1    1    1    6    8  9.14409E+03 0.00440 
   64    1    1    1    1    1    1    1    6    9  0.00000E+00 0.00000 
   65    1    1    1    1    1    1    1    6   10  8.84967E+03 0.00438 
   66    1    1    1    1    1    1    1    6   11  8.77397E+03 0.00454 
   67    1    1    1    1    1    1    1    7    1  0.00000E+00 0.00000 
   68    1    1    1    1    1    1    1    7    2  0.00000E+00 0.00000 
   69    1    1    1    1    1    1    1    7    3  1.02794E+04 0.00425 
   70    1    1    1    1    1    1    1    7    4  0.00000E+00 0.00000 
   71    1    1    1    1    1    1    1    7    5  9.38177E+03 0.00431 
   72    1    1    1    1    1    1    1    7    6  9.16806E+03 0.00433 
   73    1    1    1    1    1    1    1    7    7  0.00000E+00 0.00000 
   74    1    1    1    1    1    1    1    7    8  8.80540E+03 0.00446 
   75    1    1    1    1    1    1    1    7    9  8.71510E+03 0.00449 
   76    1    1    1    1    1    1    1    7   10  0.00000E+00 0.00000 
   77    1    1    1    1    1    1    1    7   11  8.57666E+03 0.00446 
   78    1    1    1    1    1    1    1    8    1  1.00930E+04 0.00426 
   79    1    1    1    1    1    1    1    8    2  0.00000E+00 0.00000 
   80    1    1    1    1    1    1    1    8    3  9.45889E+03 0.00437 
   81    1    1    1    1    1    1    1    8    4  9.19212E+03 0.00440 
   82    1    1    1    1    1    1    1    8    5  0.00000E+00 0.00000 
   83    1    1    1    1    1    1    1    8    6  8.82554E+03 0.00442 
   84    1    1    1    1    1    1    1    8    7  8.66228E+03 0.00447 
   85    1    1    1    1    1    1    1    8    8  0.00000E+00 0.00000 
   86    1    1    1    1    1    1    1    8    9  8.53232E+03 0.00456 
   87    1    1    1    1    1    1    1    8   10  8.58501E+03 0.00447 
   88    1    1    1    1    1    1    1    8   11  0.00000E+00 0.00000 
   89    1    1    1    1    1    1    1    9    1  9.43557E+03 0.00444 
   90    1    1    1    1    1    1    1    9    2  9.15818E+03 0.00434 
   91    1    1    1    1    1    1    1    9    3  0.00000E+00 0.00000 
   92    1    1    1    1    1    1    1    9    4  8.82357E+03 0.00447 
   93    1    1    1    1    1    1    1    9    5  8.75098E+03 0.00449 
   94    1    1    1    1    1    1    1    9    6  0.00000E+00 0.00000 
   95    1    1    1    1    1    1    1    9    7  8.50201E+03 0.00448 
   96    1    1    1    1    1    1    1    9    8  8.54674E+03 0.00458 
   97    1    1    1    1    1    1    1    9    9  0.00000E+00 0.00000 
   98    1    1    1    1    1    1    1    9   10  8.53980E+03 0.00441 
   99    1    1    1    1    1    1    1    9   11  8.57480E+03 0.00448 
  100    1    1    1    1    1    1    1   10    1  0.00000E+00 0.00000 
  101    1    1    1    1    1    1    1   10    2  8.97236E+03 0.00437 
  102    1    1    1    1    1    1    1   10    3  8.67425E+03 0.00452 
  103    1    1    1    1    1    1    1   10    4  0.00000E+00 0.00000 
  104    1    1    1    1    1    1    1   10    5  8.50998E+03 0.00448 
  105    1    1    1    1    1    1    1   10    6  8.40787E+03 0.00455 
  106    1    1    1    1    1    1    1   10    7  0.00000E+00 0.00000 
  107    1    1    1    1    1    1    1   10    8  8.45944E+03 0.00451 
  108    1    1    1    1    1    1    1   10    9  8.56791E+03 0.00453 
  109    1    1    1    1    1    1    1   10   10  0.00000E+00 0.00000 
