
DETassem1 = [
    1    1    1    1    1    1    1    1    1    1  0.00000E+00 0.00000 
    2    1    1    1    1    1    1    1    1    2  0.00000E+00 0.00000 
    3    1    1    1    1    1    1    1    1    3  0.00000E+00 0.00000 
    4    1    1    1    1    1    1    1    1    4  0.00000E+00 0.00000 
    5    1    1    1    1    1    1    1    1    5  0.00000E+00 0.00000 
    6    1    1    1    1    1    1    1    1    6  0.00000E+00 0.00000 
    7    1    1    1    1    1    1    1    1    7  0.00000E+00 0.00000 
    8    1    1    1    1    1    1    1    1    8  1.91749E+04 0.00337 
    9    1    1    1    1    1    1    1    1    9  1.52216E+04 0.00371 
   10    1    1    1    1    1    1    1    1   10  0.00000E+00 0.00000 
   11    1    1    1    1    1    1    1    1   11  1.15609E+04 0.00413 
   12    1    1    1    1    1    1    1    2    1  2.04370E+04 0.00344 
   13    1    1    1    1    1    1    1    2    2  0.00000E+00 0.00000 
   14    1    1    1    1    1    1    1    2    3  0.00000E+00 0.00000 
   15    1    1    1    1    1    1    1    2    4  0.00000E+00 0.00000 
   16    1    1    1    1    1    1    1    2    5  0.00000E+00 0.00000 
   17    1    1    1    1    1    1    1    2    6  2.04436E+04 0.00332 
   18    1    1    1    1    1    1    1    2    7  1.70326E+04 0.00358 
   19    1    1    1    1    1    1    1    2    8  0.00000E+00 0.00000 
   20    1    1    1    1    1    1    1    2    9  1.29409E+04 0.00397 
   21    1    1    1    1    1    1    1    2   10  1.15009E+04 0.00403 
   22    1    1    1    1    1    1    1    2   11  0.00000E+00 0.00000 
   23    1    1    1    1    1    1    1    3    1  1.69401E+04 0.00362 
   24    1    1    1    1    1    1    1    3    2  1.93250E+04 0.00341 
   25    1    1    1    1    1    1    1    3    3  0.00000E+00 0.00000 
   26    1    1    1    1    1    1    1    3    4  1.92706E+04 0.00341 
   27    1    1    1    1    1    1    1    3    5  1.68975E+04 0.00362 
   28    1    1    1    1    1    1    1    3    6  0.00000E+00 0.00000 
   29    1    1    1    1    1    1    1    3    7  1.37186E+04 0.00384 
   30    1    1    1    1    1    1    1    3    8  0.00000E+00 0.00000 
   31    1    1    1    1    1    1    1    3    9  0.00000E+00 0.00000 
   32    1    1    1    1    1    1    1    3   10  1.07020E+04 0.00416 
   33    1    1    1    1    1    1    1    3   11  1.02559E+04 0.00411 
   34    1    1    1    1    1    1    1    4    1  0.00000E+00 0.00000 
   35    1    1    1    1    1    1    1    4    2  1.52583E+04 0.00377 
   36    1    1    1    1    1    1    1    4    3  1.53284E+04 0.00365 
   37    1    1    1    1    1    1    1    4    4  0.00000E+00 0.00000 
   38    1    1    1    1    1    1    1    4    5  1.36347E+04 0.00388 
   39    1    1    1    1    1    1    1    4    6  1.27950E+04 0.00397 
   40    1    1    1    1    1    1    1    4    7  0.00000E+00 0.00000 
   41    1    1    1    1    1    1    1    4    8  1.15084E+04 0.00405 
   42    1    1    1    1    1    1    1    4    9  1.06822E+04 0.00420 
   43    1    1    1    1    1    1    1    4   10  0.00000E+00 0.00000 
   44    1    1    1    1    1    1    1    4   11  9.96869E+03 0.00427 
   45    1    1    1    1    1    1    1    5    1  1.30787E+04 0.00392 
   46    1    1    1    1    1    1    1    5    2  0.00000E+00 0.00000 
   47    1    1    1    1    1    1    1    5    3  1.29174E+04 0.00395 
   48    1    1    1    1    1    1    1    5    4  0.00000E+00 0.00000 
   49    1    1    1    1    1    1    1    5    5  0.00000E+00 0.00000 
   50    1    1    1    1    1    1    1    5    6  1.14117E+04 0.00412 
   51    1    1    1    1    1    1    1    5    7  1.10134E+04 0.00414 
   52    1    1    1    1    1    1    1    5    8  0.00000E+00 0.00000 
   53    1    1    1    1    1    1    1    5    9  1.03237E+04 0.00416 
   54    1    1    1    1    1    1    1    5   10  1.00929E+04 0.00422 
   55    1    1    1    1    1    1    1    5   11  0.00000E+00 0.00000 
   56    1    1    1    1    1    1    1    6    1  1.15640E+04 0.00399 
   57    1    1    1    1    1    1    1    6    2  1.15578E+04 0.00396 
   58    1    1    1    1    1    1    1    6    3  0.00000E+00 0.00000 
   59    1    1    1    1    1    1    1    6    4  1.14642E+04 0.00400 
   60    1    1    1    1    1    1    1    6    5  1.08773E+04 0.00421 
   61    1    1    1    1    1    1    1    6    6  0.00000E+00 0.00000 
   62    1    1    1    1    1    1    1    6    7  1.03613E+04 0.00419 
   63    1    1    1    1    1    1    1    6    8  0.00000E+00 0.00000 
   64    1    1    1    1    1    1    1    6    9  0.00000E+00 0.00000 
   65    1    1    1    1    1    1    1    6   10  1.00298E+04 0.00426 
   66    1    1    1    1    1    1    1    6   11  0.00000E+00 0.00000 
   67    1    1    1    1    1    1    1    7    1  0.00000E+00 0.00000 
   68    1    1    1    1    1    1    1    7    2  1.07378E+04 0.00415 
   69    1    1    1    1    1    1    1    7    3  1.07229E+04 0.00414 
   70    1    1    1    1    1    1    1    7    4  0.00000E+00 0.00000 
   71    1    1    1    1    1    1    1    7    5  1.04502E+04 0.00420 
   72    1    1    1    1    1    1    1    7    6  1.00875E+04 0.00421 
   73    1    1    1    1    1    1    1    7    7  0.00000E+00 0.00000 
   74    1    1    1    1    1    1    1    7    8  9.95379E+03 0.00428 
   75    1    1    1    1    1    1    1    7    9  9.70261E+03 0.00432 
   76    1    1    1    1    1    1    1    7   10  0.00000E+00 0.00000 
   77    1    1    1    1    1    1    1    7   11  1.00250E+04 0.00442 
   78    1    1    1    1    1    1    1    8    1  1.01897E+04 0.00423 
   79    1    1    1    1    1    1    1    8    2  0.00000E+00 0.00000 
   80    1    1    1    1    1    1    1    8    3  1.03448E+04 0.00423 
   81    1    1    1    1    1    1    1    8    4  0.00000E+00 0.00000 
   82    1    1    1    1    1    1    1    8    5  0.00000E+00 0.00000 
   83    1    1    1    1    1    1    1    8    6  9.77495E+03 0.00432 
   84    1    1    1    1    1    1    1    8    7  9.66069E+03 0.00435 
   85    1    1    1    1    1    1    1    8    8  0.00000E+00 0.00000 
   86    1    1    1    1    1    1    1    8    9  9.40822E+03 0.00438 
   87    1    1    1    1    1    1    1    8   10  9.40255E+03 0.00438 
   88    1    1    1    1    1    1    1    8   11  0.00000E+00 0.00000 
   89    1    1    1    1    1    1    1    9    1  9.90388E+03 0.00420 
   90    1    1    1    1    1    1    1    9    2  1.00217E+04 0.00427 
   91    1    1    1    1    1    1    1    9    3  0.00000E+00 0.00000 
   92    1    1    1    1    1    1    1    9    4  9.94417E+03 0.00429 
   93    1    1    1    1    1    1    1    9    5  9.55940E+03 0.00437 
   94    1    1    1    1    1    1    1    9    6  0.00000E+00 0.00000 
   95    1    1    1    1    1    1    1    9    7  9.48732E+03 0.00438 
   96    1    1    1    1    1    1    1    9    8  9.26374E+03 0.00442 
   97    1    1    1    1    1    1    1    9    9  0.00000E+00 0.00000 
   98    1    1    1    1    1    1    1    9   10  9.18649E+03 0.00442 
   99    1    1    1    1    1    1    1    9   11  9.30613E+03 0.00444 
  100    1    1    1    1    1    1    1   10    1  0.00000E+00 0.00000 
  101    1    1    1    1    1    1    1   10    2  1.00689E+04 0.00424 
  102    1    1    1    1    1    1    1   10    3  9.68995E+03 0.00431 
  103    1    1    1    1    1    1    1   10    4  0.00000E+00 0.00000 
  104    1    1    1    1    1    1    1   10    5  9.56342E+03 0.00433 
  105    1    1    1    1    1    1    1   10    6  0.00000E+00 0.00000 
  106    1    1    1    1    1    1    1   10    7  0.00000E+00 0.00000 
  107    1    1    1    1    1    1    1   10    8  8.92703E+03 0.00445 
  108    1    1    1    1    1    1    1   10    9  8.83802E+03 0.00444 
  109    1    1    1    1    1    1    1   10   10  0.00000E+00 0.00000 
