
ZAI = [
922350
922380
666
0
];

NAMES = [
'U235            '
'U238            '
'lost            '
'total           '
];

i922350 = 1; iU235             = 1;
i922380 = 2; iU238             = 2;
iLOST    = 3;
iTOT     = 4;

MAT_un_VOLUME = [ 2.38955E+05 2.38955E+05 ];

MAT_un_BURNUP = [ 0.00000E+00 4.79703E+01 ];

MAT_un_ADENS = [
4.83387E-03 3.37520E-03 % U235
1.93936E-02 1.88223E-02 % U238
0.00000E+00 4.21347E-30 % lost data
7.26897E-02 7.39340E-02 % total
];

MAT_un_MDENS = [
1.88669E+00 1.31736E+00 % U235
7.66628E+00 7.44044E+00 % U238
0.00000E+00 0.00000E+00 % lost data
1.08000E+01 1.07984E+01 % total
];

MAT_un_A = [
3.60483E+10 2.51703E+10 % U235
2.27821E+10 2.21110E+10 % U238
0.00000E+00 0.00000E+00 % lost data
5.88304E+10 3.25655E+18 % total
];

MAT_un_H = [
2.70233E-02 1.88687E-02 % U235
1.55862E-02 1.51271E-02 % U238
0.00000E+00 0.00000E+00 % lost data
4.26095E-02 9.59749E+05 % total
];

MAT_un_SF = [
2.59548E+00 1.81226E+00 % U235
1.24391E+04 1.20726E+04 % U238
0.00000E+00 0.00000E+00 % lost data
1.24416E+04 1.36489E+08 % total
];

MAT_un_GSRC = [
4.55473E+10 3.18029E+10 % U235
2.01744E+09 1.95801E+09 % U238
0.00000E+00 0.00000E+00 % lost data
4.75647E+10 3.49532E+18 % total
];

MAT_un_ING_TOX = [
1.69427E+03 1.18301E+03 % U235
1.02520E+03 9.94995E+02 % U238
0.00000E+00 0.00000E+00 % lost data
2.71947E+03 2.25110E+09 % total
];

MAT_un_INH_TOX = [
3.06411E+05 2.13948E+05 % U235
1.82257E+05 1.76888E+05 % U238
0.00000E+00 0.00000E+00 % lost data
4.88668E+05 8.94810E+10 % total
];

TOT_VOLUME = [ 2.38955E+05 2.38955E+05 ];

TOT_BURNUP = [ 0.00000E+00 4.79703E+01 ];

TOT_ADENS = [
4.83387E-03 3.37520E-03 % U235
1.93936E-02 1.88223E-02 % U238
0.00000E+00 4.21347E-30 % lost data
7.26897E-02 7.39340E-02 % total
];

TOT_MASS = [
4.50835E+05 3.14791E+05 % U235
1.83190E+06 1.77793E+06 % U238
0.00000E+00 0.00000E+00 % lost data
2.58072E+06 2.58033E+06 % total
];

TOT_A = [
3.60483E+10 2.51703E+10 % U235
2.27821E+10 2.21110E+10 % U238
0.00000E+00 0.00000E+00 % lost data
5.88304E+10 3.25655E+18 % total
];

TOT_H = [
2.70233E-02 1.88687E-02 % U235
1.55862E-02 1.51271E-02 % U238
0.00000E+00 0.00000E+00 % lost data
4.26095E-02 9.59749E+05 % total
];

TOT_SF = [
2.59548E+00 1.81226E+00 % U235
1.24391E+04 1.20726E+04 % U238
0.00000E+00 0.00000E+00 % lost data
1.24416E+04 1.36489E+08 % total
];

TOT_GSRC = [
4.55473E+10 3.18029E+10 % U235
2.01744E+09 1.95801E+09 % U238
0.00000E+00 0.00000E+00 % lost data
4.75647E+10 3.49532E+18 % total
];

TOT_ING_TOX = [
1.69427E+03 1.18301E+03 % U235
1.02520E+03 9.94995E+02 % U238
0.00000E+00 0.00000E+00 % lost data
2.71947E+03 2.25110E+09 % total
];

TOT_INH_TOX = [
3.06411E+05 2.13948E+05 % U235
1.82257E+05 1.76888E+05 % U238
0.00000E+00 0.00000E+00 % lost data
4.88668E+05 8.94810E+10 % total
];

BU = [ 0.00000E+00 4.79688E+01 ];

DAYS = [ 0.00000E+00 7.30000E+03 ];
