
ZAI = [
922350
922380
666
0
];

NAMES = [
'U235            '
'U238            '
'lost            '
'total           '
];

i922350 = 1; iU235             = 1;
i922380 = 2; iU238             = 2;
iLOST    = 3;
iTOT     = 4;

MAT_un_VOLUME = [ 2.43593E+05 2.43593E+05 ];

MAT_un_BURNUP = [ 0.00000E+00 4.70571E+01 ];

MAT_un_ADENS = [
4.83387E-03 3.39892E-03 % U235
1.93936E-02 1.88271E-02 % U238
0.00000E+00 5.07664E-30 % lost data
7.26897E-02 7.39102E-02 % total
];

MAT_un_MDENS = [
1.88669E+00 1.32662E+00 % U235
7.66628E+00 7.44232E+00 % U238
0.00000E+00 0.00000E+00 % lost data
1.08000E+01 1.07984E+01 % total
];

MAT_un_A = [
3.67478E+10 2.58392E+10 % U235
2.32242E+10 2.25458E+10 % U238
0.00000E+00 0.00000E+00 % lost data
5.99721E+10 3.26219E+18 % total
];

MAT_un_H = [
2.75477E-02 1.93701E-02 % U235
1.58887E-02 1.54245E-02 % U238
0.00000E+00 0.00000E+00 % lost data
4.34363E-02 9.60749E+05 % total
];

MAT_un_SF = [
2.64584E+00 1.86042E+00 % U235
1.26804E+04 1.23100E+04 % U238
0.00000E+00 0.00000E+00 % lost data
1.26831E+04 1.30375E+08 % total
];

MAT_un_GSRC = [
4.64311E+10 3.26480E+10 % U235
2.05659E+09 1.99651E+09 % U238
0.00000E+00 0.00000E+00 % lost data
4.84877E+10 3.50246E+18 % total
];

MAT_un_ING_TOX = [
1.72715E+03 1.21444E+03 % U235
1.04509E+03 1.01456E+03 % U238
0.00000E+00 0.00000E+00 % lost data
2.77224E+03 2.24904E+09 % total
];

MAT_un_INH_TOX = [
3.12357E+05 2.19633E+05 % U235
1.85794E+05 1.80366E+05 % U238
0.00000E+00 0.00000E+00 % lost data
4.98151E+05 8.79186E+10 % total
];

TOT_VOLUME = [ 2.43593E+05 2.43593E+05 ];

TOT_BURNUP = [ 0.00000E+00 4.70571E+01 ];

TOT_ADENS = [
4.83387E-03 3.39892E-03 % U235
1.93936E-02 1.88271E-02 % U238
0.00000E+00 5.07664E-30 % lost data
7.26897E-02 7.39102E-02 % total
];

TOT_MASS = [
4.59583E+05 3.23155E+05 % U235
1.86745E+06 1.81289E+06 % U238
0.00000E+00 0.00000E+00 % lost data
2.63080E+06 2.63042E+06 % total
];

TOT_A = [
3.67478E+10 2.58392E+10 % U235
2.32242E+10 2.25458E+10 % U238
0.00000E+00 0.00000E+00 % lost data
5.99721E+10 3.26219E+18 % total
];

TOT_H = [
2.75477E-02 1.93701E-02 % U235
1.58887E-02 1.54245E-02 % U238
0.00000E+00 0.00000E+00 % lost data
4.34363E-02 9.60749E+05 % total
];

TOT_SF = [
2.64584E+00 1.86042E+00 % U235
1.26804E+04 1.23100E+04 % U238
0.00000E+00 0.00000E+00 % lost data
1.26831E+04 1.30375E+08 % total
];

TOT_GSRC = [
4.64311E+10 3.26480E+10 % U235
2.05659E+09 1.99651E+09 % U238
0.00000E+00 0.00000E+00 % lost data
4.84877E+10 3.50246E+18 % total
];

TOT_ING_TOX = [
1.72715E+03 1.21444E+03 % U235
1.04509E+03 1.01456E+03 % U238
0.00000E+00 0.00000E+00 % lost data
2.77224E+03 2.24904E+09 % total
];

TOT_INH_TOX = [
3.12357E+05 2.19633E+05 % U235
1.85794E+05 1.80366E+05 % U238
0.00000E+00 0.00000E+00 % lost data
4.98151E+05 8.79186E+10 % total
];

BU = [ 0.00000E+00 4.70556E+01 ];

DAYS = [ 0.00000E+00 7.30000E+03 ];
