
DETassem1 = [
    1    1    1    1    1    1    1    1    1    1  0.00000E+00 0.00000 
    2    1    1    1    1    1    1    1    1    2  0.00000E+00 0.00000 
    3    1    1    1    1    1    1    1    1    3  0.00000E+00 0.00000 
    4    1    1    1    1    1    1    1    1    4  0.00000E+00 0.00000 
    5    1    1    1    1    1    1    1    1    5  0.00000E+00 0.00000 
    6    1    1    1    1    1    1    1    1    6  0.00000E+00 0.00000 
    7    1    1    1    1    1    1    1    1    7  0.00000E+00 0.00000 
    8    1    1    1    1    1    1    1    1    8  2.05513E+04 0.00336 
    9    1    1    1    1    1    1    1    1    9  0.00000E+00 0.00000 
   10    1    1    1    1    1    1    1    1   10  0.00000E+00 0.00000 
   11    1    1    1    1    1    1    1    1   11  1.21653E+04 0.00397 
   12    1    1    1    1    1    1    1    2    1  2.10010E+04 0.00329 
   13    1    1    1    1    1    1    1    2    2  0.00000E+00 0.00000 
   14    1    1    1    1    1    1    1    2    3  0.00000E+00 0.00000 
   15    1    1    1    1    1    1    1    2    4  0.00000E+00 0.00000 
   16    1    1    1    1    1    1    1    2    5  0.00000E+00 0.00000 
   17    1    1    1    1    1    1    1    2    6  2.10607E+04 0.00333 
   18    1    1    1    1    1    1    1    2    7  1.73975E+04 0.00353 
   19    1    1    1    1    1    1    1    2    8  0.00000E+00 0.00000 
   20    1    1    1    1    1    1    1    2    9  1.37433E+04 0.00394 
   21    1    1    1    1    1    1    1    2   10  1.22004E+04 0.00400 
   22    1    1    1    1    1    1    1    2   11  0.00000E+00 0.00000 
   23    1    1    1    1    1    1    1    3    1  1.73624E+04 0.00355 
   24    1    1    1    1    1    1    1    3    2  2.04237E+04 0.00338 
   25    1    1    1    1    1    1    1    3    3  0.00000E+00 0.00000 
   26    1    1    1    1    1    1    1    3    4  2.03380E+04 0.00335 
   27    1    1    1    1    1    1    1    3    5  1.73262E+04 0.00359 
   28    1    1    1    1    1    1    1    3    6  0.00000E+00 0.00000 
   29    1    1    1    1    1    1    1    3    7  1.36516E+04 0.00386 
   30    1    1    1    1    1    1    1    3    8  1.25148E+04 0.00398 
   31    1    1    1    1    1    1    1    3    9  0.00000E+00 0.00000 
   32    1    1    1    1    1    1    1    3   10  1.12062E+04 0.00410 
   33    1    1    1    1    1    1    1    3   11  0.00000E+00 0.00000 
   34    1    1    1    1    1    1    1    4    1  0.00000E+00 0.00000 
   35    1    1    1    1    1    1    1    4    2  0.00000E+00 0.00000 
   36    1    1    1    1    1    1    1    4    3  0.00000E+00 0.00000 
   37    1    1    1    1    1    1    1    4    4  0.00000E+00 0.00000 
   38    1    1    1    1    1    1    1    4    5  1.36312E+04 0.00385 
   39    1    1    1    1    1    1    1    4    6  1.24589E+04 0.00395 
   40    1    1    1    1    1    1    1    4    7  0.00000E+00 0.00000 
   41    1    1    1    1    1    1    1    4    8  1.10757E+04 0.00419 
   42    1    1    1    1    1    1    1    4    9  1.06318E+04 0.00415 
   43    1    1    1    1    1    1    1    4   10  0.00000E+00 0.00000 
   44    1    1    1    1    1    1    1    4   11  1.04374E+04 0.00421 
   45    1    1    1    1    1    1    1    5    1  1.37181E+04 0.00391 
   46    1    1    1    1    1    1    1    5    2  0.00000E+00 0.00000 
   47    1    1    1    1    1    1    1    5    3  1.37163E+04 0.00386 
   48    1    1    1    1    1    1    1    5    4  1.25016E+04 0.00393 
   49    1    1    1    1    1    1    1    5    5  0.00000E+00 0.00000 
   50    1    1    1    1    1    1    1    5    6  1.10125E+04 0.00413 
   51    1    1    1    1    1    1    1    5    7  1.04964E+04 0.00419 
   52    1    1    1    1    1    1    1    5    8  0.00000E+00 0.00000 
   53    1    1    1    1    1    1    1    5    9  9.98509E+03 0.00433 
   54    1    1    1    1    1    1    1    5   10  9.89250E+03 0.00420 
   55    1    1    1    1    1    1    1    5   11  0.00000E+00 0.00000 
   56    1    1    1    1    1    1    1    6    1  1.22115E+04 0.00392 
   57    1    1    1    1    1    1    1    6    2  1.21844E+04 0.00393 
   58    1    1    1    1    1    1    1    6    3  0.00000E+00 0.00000 
   59    1    1    1    1    1    1    1    6    4  1.09632E+04 0.00428 
   60    1    1    1    1    1    1    1    6    5  1.04936E+04 0.00413 
   61    1    1    1    1    1    1    1    6    6  0.00000E+00 0.00000 
   62    1    1    1    1    1    1    1    6    7  9.80634E+03 0.00431 
   63    1    1    1    1    1    1    1    6    8  9.67298E+03 0.00426 
   64    1    1    1    1    1    1    1    6    9  0.00000E+00 0.00000 
   65    1    1    1    1    1    1    1    6   10  9.59647E+03 0.00428 
   66    1    1    1    1    1    1    1    6   11  9.61982E+03 0.00433 
   67    1    1    1    1    1    1    1    7    1  0.00000E+00 0.00000 
   68    1    1    1    1    1    1    1    7    2  1.11784E+04 0.00414 
   69    1    1    1    1    1    1    1    7    3  1.05542E+04 0.00414 
   70    1    1    1    1    1    1    1    7    4  0.00000E+00 0.00000 
   71    1    1    1    1    1    1    1    7    5  9.86203E+03 0.00424 
   72    1    1    1    1    1    1    1    7    6  9.62235E+03 0.00423 
   73    1    1    1    1    1    1    1    7    7  0.00000E+00 0.00000 
   74    1    1    1    1    1    1    1    7    8  9.39382E+03 0.00430 
   75    1    1    1    1    1    1    1    7    9  9.38489E+03 0.00438 
   76    1    1    1    1    1    1    1    7   10  0.00000E+00 0.00000 
   77    1    1    1    1    1    1    1    7   11  9.50615E+03 0.00433 
   78    1    1    1    1    1    1    1    8    1  0.00000E+00 0.00000 
   79    1    1    1    1    1    1    1    8    2  0.00000E+00 0.00000 
   80    1    1    1    1    1    1    1    8    3  9.98773E+03 0.00431 
   81    1    1    1    1    1    1    1    8    4  9.66087E+03 0.00423 
   82    1    1    1    1    1    1    1    8    5  0.00000E+00 0.00000 
   83    1    1    1    1    1    1    1    8    6  9.35576E+03 0.00434 
   84    1    1    1    1    1    1    1    8    7  9.33008E+03 0.00436 
   85    1    1    1    1    1    1    1    8    8  0.00000E+00 0.00000 
   86    1    1    1    1    1    1    1    8    9  9.36832E+03 0.00441 
   87    1    1    1    1    1    1    1    8   10  9.50933E+03 0.00440 
   88    1    1    1    1    1    1    1    8   11  0.00000E+00 0.00000 
   89    1    1    1    1    1    1    1    9    1  1.03102E+04 0.00421 
   90    1    1    1    1    1    1    1    9    2  9.90914E+03 0.00424 
   91    1    1    1    1    1    1    1    9    3  0.00000E+00 0.00000 
   92    1    1    1    1    1    1    1    9    4  9.35093E+03 0.00427 
   93    1    1    1    1    1    1    1    9    5  9.28102E+03 0.00426 
   94    1    1    1    1    1    1    1    9    6  0.00000E+00 0.00000 
   95    1    1    1    1    1    1    1    9    7  9.31790E+03 0.00440 
   96    1    1    1    1    1    1    1    9    8  9.45719E+03 0.00440 
   97    1    1    1    1    1    1    1    9    9  0.00000E+00 0.00000 
   98    1    1    1    1    1    1    1    9   10  9.73746E+03 0.00430 
   99    1    1    1    1    1    1    1    9   11  9.76532E+03 0.00438 
  100    1    1    1    1    1    1    1   10    1  0.00000E+00 0.00000 
  101    1    1    1    1    1    1    1   10    2  9.46400E+03 0.00435 
  102    1    1    1    1    1    1    1   10    3  9.36434E+03 0.00440 
  103    1    1    1    1    1    1    1   10    4  0.00000E+00 0.00000 
  104    1    1    1    1    1    1    1   10    5  9.39051E+03 0.00444 
  105    1    1    1    1    1    1    1   10    6  9.44132E+03 0.00432 
  106    1    1    1    1    1    1    1   10    7  0.00000E+00 0.00000 
  107    1    1    1    1    1    1    1   10    8  9.79069E+03 0.00426 
  108    1    1    1    1    1    1    1   10    9  0.00000E+00 0.00000 
  109    1    1    1    1    1    1    1   10   10  0.00000E+00 0.00000 
