
ZAI = [
922350
922380
666
0
];

NAMES = [
'U235            '
'U238            '
'lost            '
'total           '
];

i922350 = 1; iU235             = 1;
i922380 = 2; iU238             = 2;
iLOST    = 3;
iTOT     = 4;

MAT_un_VOLUME = [ 2.45047E+05 2.45047E+05 ];

MAT_un_BURNUP = [ 0.00000E+00 4.67778E+01 ];

MAT_un_ADENS = [
4.83387E-03 3.40653E-03 % U235
1.93936E-02 1.88304E-02 % U238
0.00000E+00 4.20926E-30 % lost data
7.26897E-02 7.39028E-02 % total
];

MAT_un_MDENS = [
1.88669E+00 1.32959E+00 % U235
7.66628E+00 7.44363E+00 % U238
0.00000E+00 0.00000E+00 % lost data
1.08000E+01 1.07984E+01 % total
];

MAT_un_A = [
3.69672E+10 2.60516E+10 % U235
2.33629E+10 2.26843E+10 % U238
0.00000E+00 0.00000E+00 % lost data
6.03301E+10 3.26196E+18 % total
];

MAT_un_H = [
2.77121E-02 1.95293E-02 % U235
1.59835E-02 1.55193E-02 % U238
0.00000E+00 0.00000E+00 % lost data
4.36956E-02 9.60866E+05 % total
];

MAT_un_SF = [
2.66164E+00 1.87571E+00 % U235
1.27561E+04 1.23857E+04 % U238
0.00000E+00 0.00000E+00 % lost data
1.27588E+04 1.28532E+08 % total
];

MAT_un_GSRC = [
4.67083E+10 3.29163E+10 % U235
2.06887E+09 2.00878E+09 % U238
0.00000E+00 0.00000E+00 % lost data
4.87772E+10 3.50229E+18 % total
];

MAT_un_ING_TOX = [
1.73746E+03 1.22442E+03 % U235
1.05133E+03 1.02080E+03 % U238
0.00000E+00 0.00000E+00 % lost data
2.78879E+03 2.24706E+09 % total
];

MAT_un_INH_TOX = [
3.14221E+05 2.21438E+05 % U235
1.86903E+05 1.81475E+05 % U238
0.00000E+00 0.00000E+00 % lost data
5.01124E+05 8.72601E+10 % total
];

TOT_VOLUME = [ 2.45047E+05 2.45047E+05 ];

TOT_BURNUP = [ 0.00000E+00 4.67778E+01 ];

TOT_ADENS = [
4.83387E-03 3.40653E-03 % U235
1.93936E-02 1.88304E-02 % U238
0.00000E+00 4.20926E-30 % lost data
7.26897E-02 7.39028E-02 % total
];

TOT_MASS = [
4.62327E+05 3.25811E+05 % U235
1.87860E+06 1.82404E+06 % U238
0.00000E+00 0.00000E+00 % lost data
2.64650E+06 2.64612E+06 % total
];

TOT_A = [
3.69672E+10 2.60516E+10 % U235
2.33629E+10 2.26843E+10 % U238
0.00000E+00 0.00000E+00 % lost data
6.03301E+10 3.26196E+18 % total
];

TOT_H = [
2.77121E-02 1.95293E-02 % U235
1.59835E-02 1.55193E-02 % U238
0.00000E+00 0.00000E+00 % lost data
4.36956E-02 9.60866E+05 % total
];

TOT_SF = [
2.66164E+00 1.87571E+00 % U235
1.27561E+04 1.23857E+04 % U238
0.00000E+00 0.00000E+00 % lost data
1.27588E+04 1.28532E+08 % total
];

TOT_GSRC = [
4.67083E+10 3.29163E+10 % U235
2.06887E+09 2.00878E+09 % U238
0.00000E+00 0.00000E+00 % lost data
4.87772E+10 3.50229E+18 % total
];

TOT_ING_TOX = [
1.73746E+03 1.22442E+03 % U235
1.05133E+03 1.02080E+03 % U238
0.00000E+00 0.00000E+00 % lost data
2.78879E+03 2.24706E+09 % total
];

TOT_INH_TOX = [
3.14221E+05 2.21438E+05 % U235
1.86903E+05 1.81475E+05 % U238
0.00000E+00 0.00000E+00 % lost data
5.01124E+05 8.72601E+10 % total
];

BU = [ 0.00000E+00 4.67764E+01 ];

DAYS = [ 0.00000E+00 7.30000E+03 ];
