
ZAI = [
922350
922380
666
0
];

NAMES = [
'U235            '
'U238            '
'lost            '
'total           '
];

i922350 = 1; iU235             = 1;
i922380 = 2; iU238             = 2;
iLOST    = 3;
iTOT     = 4;

MAT_un_VOLUME = [ 2.45199E+05 2.45199E+05 ];

MAT_un_BURNUP = [ 0.00000E+00 4.67488E+01 ];

MAT_un_ADENS = [
4.83387E-03 3.40755E-03 % U235
1.93936E-02 1.88313E-02 % U238
0.00000E+00 4.52284E-30 % lost data
7.26897E-02 7.39020E-02 % total
];

MAT_un_MDENS = [
1.88669E+00 1.32999E+00 % U235
7.66628E+00 7.44400E+00 % U238
0.00000E+00 0.00000E+00 % lost data
1.08000E+01 1.07984E+01 % total
];

MAT_un_A = [
3.69902E+10 2.60756E+10 % U235
2.33774E+10 2.26996E+10 % U238
0.00000E+00 0.00000E+00 % lost data
6.03676E+10 3.26110E+18 % total
];

MAT_un_H = [
2.77293E-02 1.95473E-02 % U235
1.59935E-02 1.55297E-02 % U238
0.00000E+00 0.00000E+00 % lost data
4.37228E-02 9.60785E+05 % total
];

MAT_un_SF = [
2.66329E+00 1.87744E+00 % U235
1.27641E+04 1.23940E+04 % U238
0.00000E+00 0.00000E+00 % lost data
1.27667E+04 1.27680E+08 % total
];

MAT_un_GSRC = [
4.67373E+10 3.29467E+10 % U235
2.07015E+09 2.01013E+09 % U238
0.00000E+00 0.00000E+00 % lost data
4.88075E+10 3.50135E+18 % total
];

MAT_un_ING_TOX = [
1.73854E+03 1.22555E+03 % U235
1.05198E+03 1.02148E+03 % U238
0.00000E+00 0.00000E+00 % lost data
2.79052E+03 2.24571E+09 % total
];

MAT_un_INH_TOX = [
3.14417E+05 2.21642E+05 % U235
1.87019E+05 1.81597E+05 % U238
0.00000E+00 0.00000E+00 % lost data
5.01436E+05 8.69107E+10 % total
];

TOT_VOLUME = [ 2.45199E+05 2.45199E+05 ];

TOT_BURNUP = [ 0.00000E+00 4.67488E+01 ];

TOT_ADENS = [
4.83387E-03 3.40755E-03 % U235
1.93936E-02 1.88313E-02 % U238
0.00000E+00 4.52284E-30 % lost data
7.26897E-02 7.39020E-02 % total
];

TOT_MASS = [
4.62614E+05 3.26112E+05 % U235
1.87976E+06 1.82526E+06 % U238
0.00000E+00 0.00000E+00 % lost data
2.64815E+06 2.64777E+06 % total
];

TOT_A = [
3.69902E+10 2.60756E+10 % U235
2.33774E+10 2.26996E+10 % U238
0.00000E+00 0.00000E+00 % lost data
6.03676E+10 3.26110E+18 % total
];

TOT_H = [
2.77293E-02 1.95473E-02 % U235
1.59935E-02 1.55297E-02 % U238
0.00000E+00 0.00000E+00 % lost data
4.37228E-02 9.60785E+05 % total
];

TOT_SF = [
2.66329E+00 1.87744E+00 % U235
1.27641E+04 1.23940E+04 % U238
0.00000E+00 0.00000E+00 % lost data
1.27667E+04 1.27680E+08 % total
];

TOT_GSRC = [
4.67373E+10 3.29467E+10 % U235
2.07015E+09 2.01013E+09 % U238
0.00000E+00 0.00000E+00 % lost data
4.88075E+10 3.50135E+18 % total
];

TOT_ING_TOX = [
1.73854E+03 1.22555E+03 % U235
1.05198E+03 1.02148E+03 % U238
0.00000E+00 0.00000E+00 % lost data
2.79052E+03 2.24571E+09 % total
];

TOT_INH_TOX = [
3.14417E+05 2.21642E+05 % U235
1.87019E+05 1.81597E+05 % U238
0.00000E+00 0.00000E+00 % lost data
5.01436E+05 8.69107E+10 % total
];

BU = [ 0.00000E+00 4.67473E+01 ];

DAYS = [ 0.00000E+00 7.30000E+03 ];
