
ZAI = [
922350
922380
666
0
];

NAMES = [
'U235            '
'U238            '
'lost            '
'total           '
];

i922350 = 1; iU235             = 1;
i922380 = 2; iU238             = 2;
iLOST    = 3;
iTOT     = 4;

MAT_un_VOLUME = [ 2.58603E+05 2.58603E+05 ];

MAT_un_BURNUP = [ 0.00000E+00 4.43257E+01 ];

MAT_un_ADENS = [
4.83387E-03 3.47123E-03 % U235
1.93936E-02 1.88458E-02 % U238
0.00000E+00 3.77276E-30 % lost data
7.26897E-02 7.38387E-02 % total
];

MAT_un_MDENS = [
1.88669E+00 1.35484E+00 % U235
7.66628E+00 7.44972E+00 % U238
0.00000E+00 0.00000E+00 % lost data
1.08000E+01 1.07985E+01 % total
];

MAT_un_A = [
3.90122E+10 2.80149E+10 % U235
2.46553E+10 2.39588E+10 % U238
0.00000E+00 0.00000E+00 % lost data
6.36676E+10 3.27526E+18 % total
];

MAT_un_H = [
2.92452E-02 2.10011E-02 % U235
1.68677E-02 1.63913E-02 % U238
0.00000E+00 0.00000E+00 % lost data
4.61129E-02 9.63357E+05 % total
];

MAT_un_SF = [
2.80888E+00 2.01707E+00 % U235
1.34618E+04 1.30815E+04 % U238
0.00000E+00 0.00000E+00 % lost data
1.34646E+04 1.12866E+08 % total
];

MAT_un_GSRC = [
4.92922E+10 3.53970E+10 % U235
2.18332E+09 2.12164E+09 % U238
0.00000E+00 0.00000E+00 % lost data
5.14756E+10 3.51928E+18 % total
];

MAT_un_ING_TOX = [
1.83358E+03 1.31670E+03 % U235
1.10949E+03 1.07815E+03 % U238
0.00000E+00 0.00000E+00 % lost data
2.94307E+03 2.24005E+09 % total
];

MAT_un_INH_TOX = [
3.31604E+05 2.38127E+05 % U235
1.97243E+05 1.91671E+05 % U238
0.00000E+00 0.00000E+00 % lost data
5.28847E+05 8.28583E+10 % total
];

TOT_VOLUME = [ 2.58603E+05 2.58603E+05 ];

TOT_BURNUP = [ 0.00000E+00 4.43257E+01 ];

TOT_ADENS = [
4.83387E-03 3.47123E-03 % U235
1.93936E-02 1.88458E-02 % U238
0.00000E+00 3.77276E-30 % lost data
7.26897E-02 7.38387E-02 % total
];

TOT_MASS = [
4.87903E+05 3.50366E+05 % U235
1.98252E+06 1.92652E+06 % U238
0.00000E+00 0.00000E+00 % lost data
2.79291E+06 2.79253E+06 % total
];

TOT_A = [
3.90122E+10 2.80149E+10 % U235
2.46553E+10 2.39588E+10 % U238
0.00000E+00 0.00000E+00 % lost data
6.36676E+10 3.27526E+18 % total
];

TOT_H = [
2.92452E-02 2.10011E-02 % U235
1.68677E-02 1.63913E-02 % U238
0.00000E+00 0.00000E+00 % lost data
4.61129E-02 9.63357E+05 % total
];

TOT_SF = [
2.80888E+00 2.01707E+00 % U235
1.34618E+04 1.30815E+04 % U238
0.00000E+00 0.00000E+00 % lost data
1.34646E+04 1.12866E+08 % total
];

TOT_GSRC = [
4.92922E+10 3.53970E+10 % U235
2.18332E+09 2.12164E+09 % U238
0.00000E+00 0.00000E+00 % lost data
5.14756E+10 3.51928E+18 % total
];

TOT_ING_TOX = [
1.83358E+03 1.31670E+03 % U235
1.10949E+03 1.07815E+03 % U238
0.00000E+00 0.00000E+00 % lost data
2.94307E+03 2.24005E+09 % total
];

TOT_INH_TOX = [
3.31604E+05 2.38127E+05 % U235
1.97243E+05 1.91671E+05 % U238
0.00000E+00 0.00000E+00 % lost data
5.28847E+05 8.28583E+10 % total
];

BU = [ 0.00000E+00 4.43244E+01 ];

DAYS = [ 0.00000E+00 7.30000E+03 ];
