
DETassem1 = [
    1    1    1    1    1    1    1    1    1    1  0.00000E+00 0.00000 
    2    1    1    1    1    1    1    1    1    2  0.00000E+00 0.00000 
    3    1    1    1    1    1    1    1    1    3  0.00000E+00 0.00000 
    4    1    1    1    1    1    1    1    1    4  0.00000E+00 0.00000 
    5    1    1    1    1    1    1    1    1    5  0.00000E+00 0.00000 
    6    1    1    1    1    1    1    1    1    6  0.00000E+00 0.00000 
    7    1    1    1    1    1    1    1    1    7  0.00000E+00 0.00000 
    8    1    1    1    1    1    1    1    1    8  1.94061E+04 0.00357 
    9    1    1    1    1    1    1    1    1    9  1.52958E+04 0.00389 
   10    1    1    1    1    1    1    1    1   10  0.00000E+00 0.00000 
   11    1    1    1    1    1    1    1    1   11  1.14289E+04 0.00422 
   12    1    1    1    1    1    1    1    2    1  2.07206E+04 0.00348 
   13    1    1    1    1    1    1    1    2    2  0.00000E+00 0.00000 
   14    1    1    1    1    1    1    1    2    3  0.00000E+00 0.00000 
   15    1    1    1    1    1    1    1    2    4  0.00000E+00 0.00000 
   16    1    1    1    1    1    1    1    2    5  0.00000E+00 0.00000 
   17    1    1    1    1    1    1    1    2    6  2.07581E+04 0.00347 
   18    1    1    1    1    1    1    1    2    7  1.66996E+04 0.00370 
   19    1    1    1    1    1    1    1    2    8  0.00000E+00 0.00000 
   20    1    1    1    1    1    1    1    2    9  0.00000E+00 0.00000 
   21    1    1    1    1    1    1    1    2   10  1.14949E+04 0.00422 
   22    1    1    1    1    1    1    1    2   11  0.00000E+00 0.00000 
   23    1    1    1    1    1    1    1    3    1  1.66845E+04 0.00378 
   24    1    1    1    1    1    1    1    3    2  1.94843E+04 0.00356 
   25    1    1    1    1    1    1    1    3    3  0.00000E+00 0.00000 
   26    1    1    1    1    1    1    1    3    4  1.93151E+04 0.00364 
   27    1    1    1    1    1    1    1    3    5  1.67448E+04 0.00374 
   28    1    1    1    1    1    1    1    3    6  0.00000E+00 0.00000 
   29    1    1    1    1    1    1    1    3    7  1.28718E+04 0.00409 
   30    1    1    1    1    1    1    1    3    8  1.20446E+04 0.00420 
   31    1    1    1    1    1    1    1    3    9  0.00000E+00 0.00000 
   32    1    1    1    1    1    1    1    3   10  1.01450E+04 0.00439 
   33    1    1    1    1    1    1    1    3   11  9.48378E+03 0.00448 
   34    1    1    1    1    1    1    1    4    1  0.00000E+00 0.00000 
   35    1    1    1    1    1    1    1    4    2  1.53994E+04 0.00385 
   36    1    1    1    1    1    1    1    4    3  1.53325E+04 0.00399 
   37    1    1    1    1    1    1    1    4    4  0.00000E+00 0.00000 
   38    1    1    1    1    1    1    1    4    5  1.28990E+04 0.00406 
   39    1    1    1    1    1    1    1    4    6  1.17861E+04 0.00428 
   40    1    1    1    1    1    1    1    4    7  0.00000E+00 0.00000 
   41    1    1    1    1    1    1    1    4    8  1.03415E+04 0.00443 
   42    1    1    1    1    1    1    1    4    9  1.00183E+04 0.00443 
   43    1    1    1    1    1    1    1    4   10  0.00000E+00 0.00000 
   44    1    1    1    1    1    1    1    4   11  9.11165E+03 0.00453 
   45    1    1    1    1    1    1    1    5    1  0.00000E+00 0.00000 
   46    1    1    1    1    1    1    1    5    2  0.00000E+00 0.00000 
   47    1    1    1    1    1    1    1    5    3  0.00000E+00 0.00000 
   48    1    1    1    1    1    1    1    5    4  1.19306E+04 0.00432 
   49    1    1    1    1    1    1    1    5    5  0.00000E+00 0.00000 
   50    1    1    1    1    1    1    1    5    6  1.03762E+04 0.00429 
   51    1    1    1    1    1    1    1    5    7  9.91904E+03 0.00448 
   52    1    1    1    1    1    1    1    5    8  0.00000E+00 0.00000 
   53    1    1    1    1    1    1    1    5    9  9.32811E+03 0.00450 
   54    1    1    1    1    1    1    1    5   10  9.22549E+03 0.00449 
   55    1    1    1    1    1    1    1    5   11  0.00000E+00 0.00000 
   56    1    1    1    1    1    1    1    6    1  1.13790E+04 0.00426 
   57    1    1    1    1    1    1    1    6    2  1.13490E+04 0.00419 
   58    1    1    1    1    1    1    1    6    3  0.00000E+00 0.00000 
   59    1    1    1    1    1    1    1    6    4  1.03271E+04 0.00439 
   60    1    1    1    1    1    1    1    6    5  9.94382E+03 0.00445 
   61    1    1    1    1    1    1    1    6    6  0.00000E+00 0.00000 
   62    1    1    1    1    1    1    1    6    7  9.44886E+03 0.00451 
   63    1    1    1    1    1    1    1    6    8  9.41760E+03 0.00449 
   64    1    1    1    1    1    1    1    6    9  0.00000E+00 0.00000 
   65    1    1    1    1    1    1    1    6   10  9.02868E+03 0.00447 
   66    1    1    1    1    1    1    1    6   11  8.92688E+03 0.00461 
   67    1    1    1    1    1    1    1    7    1  0.00000E+00 0.00000 
   68    1    1    1    1    1    1    1    7    2  1.00745E+04 0.00435 
   69    1    1    1    1    1    1    1    7    3  9.88176E+03 0.00433 
   70    1    1    1    1    1    1    1    7    4  0.00000E+00 0.00000 
   71    1    1    1    1    1    1    1    7    5  9.39926E+03 0.00445 
   72    1    1    1    1    1    1    1    7    6  9.20598E+03 0.00462 
   73    1    1    1    1    1    1    1    7    7  0.00000E+00 0.00000 
   74    1    1    1    1    1    1    1    7    8  0.00000E+00 0.00000 
   75    1    1    1    1    1    1    1    7    9  9.08891E+03 0.00464 
   76    1    1    1    1    1    1    1    7   10  0.00000E+00 0.00000 
   77    1    1    1    1    1    1    1    7   11  9.02353E+03 0.00453 
   78    1    1    1    1    1    1    1    8    1  9.50291E+03 0.00446 
   79    1    1    1    1    1    1    1    8    2  0.00000E+00 0.00000 
   80    1    1    1    1    1    1    1    8    3  9.30978E+03 0.00450 
   81    1    1    1    1    1    1    1    8    4  9.37320E+03 0.00461 
   82    1    1    1    1    1    1    1    8    5  0.00000E+00 0.00000 
   83    1    1    1    1    1    1    1    8    6  9.00908E+03 0.00453 
   84    1    1    1    1    1    1    1    8    7  9.08071E+03 0.00455 
   85    1    1    1    1    1    1    1    8    8  0.00000E+00 0.00000 
   86    1    1    1    1    1    1    1    8    9  8.72307E+03 0.00472 
   87    1    1    1    1    1    1    1    8   10  8.71164E+03 0.00460 
   88    1    1    1    1    1    1    1    8   11  0.00000E+00 0.00000 
   89    1    1    1    1    1    1    1    9    1  9.19778E+03 0.00454 
   90    1    1    1    1    1    1    1    9    2  9.14865E+03 0.00449 
   91    1    1    1    1    1    1    1    9    3  0.00000E+00 0.00000 
   92    1    1    1    1    1    1    1    9    4  0.00000E+00 0.00000 
   93    1    1    1    1    1    1    1    9    5  9.02847E+03 0.00465 
   94    1    1    1    1    1    1    1    9    6  0.00000E+00 0.00000 
   95    1    1    1    1    1    1    1    9    7  8.65016E+03 0.00472 
   96    1    1    1    1    1    1    1    9    8  8.52932E+03 0.00462 
   97    1    1    1    1    1    1    1    9    9  0.00000E+00 0.00000 
   98    1    1    1    1    1    1    1    9   10  8.44115E+03 0.00473 
   99    1    1    1    1    1    1    1    9   11  8.49802E+03 0.00477 
  100    1    1    1    1    1    1    1   10    1  0.00000E+00 0.00000 
  101    1    1    1    1    1    1    1   10    2  9.04706E+03 0.00459 
  102    1    1    1    1    1    1    1   10    3  9.06141E+03 0.00460 
  103    1    1    1    1    1    1    1   10    4  0.00000E+00 0.00000 
  104    1    1    1    1    1    1    1   10    5  8.68652E+03 0.00463 
  105    1    1    1    1    1    1    1   10    6  8.47362E+03 0.00469 
  106    1    1    1    1    1    1    1   10    7  0.00000E+00 0.00000 
  107    1    1    1    1    1    1    1   10    8  8.39306E+03 0.00465 
  108    1    1    1    1    1    1    1   10    9  8.29804E+03 0.00481 
  109    1    1    1    1    1    1    1   10   10  0.00000E+00 0.00000 
