
ZAI = [
922350
922380
666
0
];

NAMES = [
'U235            '
'U238            '
'lost            '
'total           '
];

i922350 = 1; iU235             = 1;
i922380 = 2; iU238             = 2;
iLOST    = 3;
iTOT     = 4;

MAT_un_VOLUME = [ 2.55391E+05 2.55391E+05 ];

MAT_un_BURNUP = [ 0.00000E+00 4.48832E+01 ];

MAT_un_ADENS = [
4.83387E-03 3.45663E-03 % U235
1.93936E-02 1.88431E-02 % U238
0.00000E+00 5.43375E-30 % lost data
7.26897E-02 7.38533E-02 % total
];

MAT_un_MDENS = [
1.88669E+00 1.34914E+00 % U235
7.66628E+00 7.44867E+00 % U238
0.00000E+00 0.00000E+00 % lost data
1.08000E+01 1.07985E+01 % total
];

MAT_un_A = [
3.85277E+10 2.75506E+10 % U235
2.43491E+10 2.36579E+10 % U238
0.00000E+00 0.00000E+00 % lost data
6.28768E+10 3.27114E+18 % total
];

MAT_un_H = [
2.88819E-02 2.06530E-02 % U235
1.66582E-02 1.61854E-02 % U238
0.00000E+00 0.00000E+00 % lost data
4.55401E-02 9.62704E+05 % total
];

MAT_un_SF = [
2.77399E+00 1.98364E+00 % U235
1.32946E+04 1.29172E+04 % U238
0.00000E+00 0.00000E+00 % lost data
1.32974E+04 1.16313E+08 % total
];

MAT_un_GSRC = [
4.86800E+10 3.48103E+10 % U235
2.15620E+09 2.09499E+09 % U238
0.00000E+00 0.00000E+00 % lost data
5.08362E+10 3.51407E+18 % total
];

MAT_un_ING_TOX = [
1.81080E+03 1.29488E+03 % U235
1.09571E+03 1.06461E+03 % U238
0.00000E+00 0.00000E+00 % lost data
2.90651E+03 2.24082E+09 % total
];

MAT_un_INH_TOX = [
3.27485E+05 2.34180E+05 % U235
1.94793E+05 1.89263E+05 % U238
0.00000E+00 0.00000E+00 % lost data
5.22278E+05 8.37475E+10 % total
];

TOT_VOLUME = [ 2.55391E+05 2.55391E+05 ];

TOT_BURNUP = [ 0.00000E+00 4.48832E+01 ];

TOT_ADENS = [
4.83387E-03 3.45663E-03 % U235
1.93936E-02 1.88431E-02 % U238
0.00000E+00 5.43375E-30 % lost data
7.26897E-02 7.38533E-02 % total
];

TOT_MASS = [
4.81843E+05 3.44559E+05 % U235
1.95790E+06 1.90232E+06 % U238
0.00000E+00 0.00000E+00 % lost data
2.75822E+06 2.75784E+06 % total
];

TOT_A = [
3.85277E+10 2.75506E+10 % U235
2.43491E+10 2.36579E+10 % U238
0.00000E+00 0.00000E+00 % lost data
6.28768E+10 3.27114E+18 % total
];

TOT_H = [
2.88819E-02 2.06530E-02 % U235
1.66582E-02 1.61854E-02 % U238
0.00000E+00 0.00000E+00 % lost data
4.55401E-02 9.62704E+05 % total
];

TOT_SF = [
2.77399E+00 1.98364E+00 % U235
1.32946E+04 1.29172E+04 % U238
0.00000E+00 0.00000E+00 % lost data
1.32974E+04 1.16313E+08 % total
];

TOT_GSRC = [
4.86800E+10 3.48103E+10 % U235
2.15620E+09 2.09499E+09 % U238
0.00000E+00 0.00000E+00 % lost data
5.08362E+10 3.51407E+18 % total
];

TOT_ING_TOX = [
1.81080E+03 1.29488E+03 % U235
1.09571E+03 1.06461E+03 % U238
0.00000E+00 0.00000E+00 % lost data
2.90651E+03 2.24082E+09 % total
];

TOT_INH_TOX = [
3.27485E+05 2.34180E+05 % U235
1.94793E+05 1.89263E+05 % U238
0.00000E+00 0.00000E+00 % lost data
5.22278E+05 8.37475E+10 % total
];

BU = [ 0.00000E+00 4.48818E+01 ];

DAYS = [ 0.00000E+00 7.30000E+03 ];
