
DETassem1 = [
    1    1    1    1    1    1    1    1    1    1  0.00000E+00 0.00000 
    2    1    1    1    1    1    1    1    1    2  0.00000E+00 0.00000 
    3    1    1    1    1    1    1    1    1    3  0.00000E+00 0.00000 
    4    1    1    1    1    1    1    1    1    4  0.00000E+00 0.00000 
    5    1    1    1    1    1    1    1    1    5  0.00000E+00 0.00000 
    6    1    1    1    1    1    1    1    1    6  0.00000E+00 0.00000 
    7    1    1    1    1    1    1    1    1    7  0.00000E+00 0.00000 
    8    1    1    1    1    1    1    1    1    8  1.84519E+04 0.00364 
    9    1    1    1    1    1    1    1    1    9  1.41953E+04 0.00397 
   10    1    1    1    1    1    1    1    1   10  0.00000E+00 0.00000 
   11    1    1    1    1    1    1    1    1   11  1.05206E+04 0.00432 
   12    1    1    1    1    1    1    1    2    1  2.00404E+04 0.00352 
   13    1    1    1    1    1    1    1    2    2  0.00000E+00 0.00000 
   14    1    1    1    1    1    1    1    2    3  0.00000E+00 0.00000 
   15    1    1    1    1    1    1    1    2    4  0.00000E+00 0.00000 
   16    1    1    1    1    1    1    1    2    5  0.00000E+00 0.00000 
   17    1    1    1    1    1    1    1    2    6  1.99304E+04 0.00350 
   18    1    1    1    1    1    1    1    2    7  1.61152E+04 0.00383 
   19    1    1    1    1    1    1    1    2    8  0.00000E+00 0.00000 
   20    1    1    1    1    1    1    1    2    9  1.16215E+04 0.00423 
   21    1    1    1    1    1    1    1    2   10  1.04160E+04 0.00436 
   22    1    1    1    1    1    1    1    2   11  0.00000E+00 0.00000 
   23    1    1    1    1    1    1    1    3    1  1.60283E+04 0.00381 
   24    1    1    1    1    1    1    1    3    2  1.85685E+04 0.00360 
   25    1    1    1    1    1    1    1    3    3  0.00000E+00 0.00000 
   26    1    1    1    1    1    1    1    3    4  1.85450E+04 0.00367 
   27    1    1    1    1    1    1    1    3    5  1.60039E+04 0.00389 
   28    1    1    1    1    1    1    1    3    6  0.00000E+00 0.00000 
   29    1    1    1    1    1    1    1    3    7  1.22886E+04 0.00420 
   30    1    1    1    1    1    1    1    3    8  1.11950E+04 0.00434 
   31    1    1    1    1    1    1    1    3    9  0.00000E+00 0.00000 
   32    1    1    1    1    1    1    1    3   10  9.97189E+03 0.00445 
   33    1    1    1    1    1    1    1    3   11  9.38215E+03 0.00455 
   34    1    1    1    1    1    1    1    4    1  0.00000E+00 0.00000 
   35    1    1    1    1    1    1    1    4    2  1.42695E+04 0.00406 
   36    1    1    1    1    1    1    1    4    3  1.41709E+04 0.00405 
   37    1    1    1    1    1    1    1    4    4  0.00000E+00 0.00000 
   38    1    1    1    1    1    1    1    4    5  1.23011E+04 0.00418 
   39    1    1    1    1    1    1    1    4    6  1.13720E+04 0.00434 
   40    1    1    1    1    1    1    1    4    7  0.00000E+00 0.00000 
   41    1    1    1    1    1    1    1    4    8  1.01679E+04 0.00449 
   42    1    1    1    1    1    1    1    4    9  0.00000E+00 0.00000 
   43    1    1    1    1    1    1    1    4   10  0.00000E+00 0.00000 
   44    1    1    1    1    1    1    1    4   11  9.07307E+03 0.00464 
   45    1    1    1    1    1    1    1    5    1  1.16432E+04 0.00425 
   46    1    1    1    1    1    1    1    5    2  0.00000E+00 0.00000 
   47    1    1    1    1    1    1    1    5    3  1.16083E+04 0.00420 
   48    1    1    1    1    1    1    1    5    4  1.12396E+04 0.00425 
   49    1    1    1    1    1    1    1    5    5  0.00000E+00 0.00000 
   50    1    1    1    1    1    1    1    5    6  1.00008E+04 0.00435 
   51    1    1    1    1    1    1    1    5    7  9.69812E+03 0.00442 
   52    1    1    1    1    1    1    1    5    8  0.00000E+00 0.00000 
   53    1    1    1    1    1    1    1    5    9  9.35015E+03 0.00451 
   54    1    1    1    1    1    1    1    5   10  8.96086E+03 0.00459 
   55    1    1    1    1    1    1    1    5   11  0.00000E+00 0.00000 
   56    1    1    1    1    1    1    1    6    1  1.04189E+04 0.00435 
   57    1    1    1    1    1    1    1    6    2  1.05629E+04 0.00441 
   58    1    1    1    1    1    1    1    6    3  0.00000E+00 0.00000 
   59    1    1    1    1    1    1    1    6    4  1.01836E+04 0.00434 
   60    1    1    1    1    1    1    1    6    5  9.70377E+03 0.00449 
   61    1    1    1    1    1    1    1    6    6  0.00000E+00 0.00000 
   62    1    1    1    1    1    1    1    6    7  9.15184E+03 0.00451 
   63    1    1    1    1    1    1    1    6    8  8.98135E+03 0.00453 
   64    1    1    1    1    1    1    1    6    9  0.00000E+00 0.00000 
   65    1    1    1    1    1    1    1    6   10  8.69861E+03 0.00468 
   66    1    1    1    1    1    1    1    6   11  8.77131E+03 0.00456 
   67    1    1    1    1    1    1    1    7    1  0.00000E+00 0.00000 
   68    1    1    1    1    1    1    1    7    2  9.89114E+03 0.00438 
   69    1    1    1    1    1    1    1    7    3  0.00000E+00 0.00000 
   70    1    1    1    1    1    1    1    7    4  0.00000E+00 0.00000 
   71    1    1    1    1    1    1    1    7    5  9.09817E+03 0.00448 
   72    1    1    1    1    1    1    1    7    6  8.88118E+03 0.00463 
   73    1    1    1    1    1    1    1    7    7  0.00000E+00 0.00000 
   74    1    1    1    1    1    1    1    7    8  8.65191E+03 0.00464 
   75    1    1    1    1    1    1    1    7    9  8.57938E+03 0.00465 
   76    1    1    1    1    1    1    1    7   10  0.00000E+00 0.00000 
   77    1    1    1    1    1    1    1    7   11  8.72293E+03 0.00470 
   78    1    1    1    1    1    1    1    8    1  9.41369E+03 0.00445 
   79    1    1    1    1    1    1    1    8    2  0.00000E+00 0.00000 
   80    1    1    1    1    1    1    1    8    3  9.28814E+03 0.00452 
   81    1    1    1    1    1    1    1    8    4  9.02869E+03 0.00456 
   82    1    1    1    1    1    1    1    8    5  0.00000E+00 0.00000 
   83    1    1    1    1    1    1    1    8    6  8.59266E+03 0.00466 
   84    1    1    1    1    1    1    1    8    7  8.41874E+03 0.00470 
   85    1    1    1    1    1    1    1    8    8  0.00000E+00 0.00000 
   86    1    1    1    1    1    1    1    8    9  8.43784E+03 0.00476 
   87    1    1    1    1    1    1    1    8   10  8.42005E+03 0.00471 
   88    1    1    1    1    1    1    1    8   11  0.00000E+00 0.00000 
   89    1    1    1    1    1    1    1    9    1  9.03864E+03 0.00452 
   90    1    1    1    1    1    1    1    9    2  9.01061E+03 0.00461 
   91    1    1    1    1    1    1    1    9    3  0.00000E+00 0.00000 
   92    1    1    1    1    1    1    1    9    4  8.61600E+03 0.00466 
   93    1    1    1    1    1    1    1    9    5  8.42115E+03 0.00462 
   94    1    1    1    1    1    1    1    9    6  0.00000E+00 0.00000 
   95    1    1    1    1    1    1    1    9    7  8.22205E+03 0.00476 
   96    1    1    1    1    1    1    1    9    8  8.20671E+03 0.00472 
   97    1    1    1    1    1    1    1    9    9  0.00000E+00 0.00000 
   98    1    1    1    1    1    1    1    9   10  8.51643E+03 0.00469 
   99    1    1    1    1    1    1    1    9   11  0.00000E+00 0.00000 
  100    1    1    1    1    1    1    1   10    1  0.00000E+00 0.00000 
  101    1    1    1    1    1    1    1   10    2  8.70206E+03 0.00460 
  102    1    1    1    1    1    1    1   10    3  8.64790E+03 0.00461 
  103    1    1    1    1    1    1    1   10    4  0.00000E+00 0.00000 
  104    1    1    1    1    1    1    1   10    5  8.23005E+03 0.00473 
  105    1    1    1    1    1    1    1   10    6  8.21975E+03 0.00472 
  106    1    1    1    1    1    1    1   10    7  0.00000E+00 0.00000 
  107    1    1    1    1    1    1    1   10    8  8.06482E+03 0.00471 
  108    1    1    1    1    1    1    1   10    9  8.01040E+03 0.00479 
  109    1    1    1    1    1    1    1   10   10  0.00000E+00 0.00000 
