
DETassem1 = [
    1    1    1    1    1    1    1    1    1    1  0.00000E+00 0.00000 
    2    1    1    1    1    1    1    1    1    2  0.00000E+00 0.00000 
    3    1    1    1    1    1    1    1    1    3  0.00000E+00 0.00000 
    4    1    1    1    1    1    1    1    1    4  0.00000E+00 0.00000 
    5    1    1    1    1    1    1    1    1    5  0.00000E+00 0.00000 
    6    1    1    1    1    1    1    1    1    6  0.00000E+00 0.00000 
    7    1    1    1    1    1    1    1    1    7  0.00000E+00 0.00000 
    8    1    1    1    1    1    1    1    1    8  1.90663E+04 0.00343 
    9    1    1    1    1    1    1    1    1    9  1.49850E+04 0.00374 
   10    1    1    1    1    1    1    1    1   10  0.00000E+00 0.00000 
   11    1    1    1    1    1    1    1    1   11  1.10147E+04 0.00413 
   12    1    1    1    1    1    1    1    2    1  2.04836E+04 0.00334 
   13    1    1    1    1    1    1    1    2    2  0.00000E+00 0.00000 
   14    1    1    1    1    1    1    1    2    3  0.00000E+00 0.00000 
   15    1    1    1    1    1    1    1    2    4  0.00000E+00 0.00000 
   16    1    1    1    1    1    1    1    2    5  0.00000E+00 0.00000 
   17    1    1    1    1    1    1    1    2    6  2.05854E+04 0.00344 
   18    1    1    1    1    1    1    1    2    7  1.71998E+04 0.00363 
   19    1    1    1    1    1    1    1    2    8  0.00000E+00 0.00000 
   20    1    1    1    1    1    1    1    2    9  1.24504E+04 0.00396 
   21    1    1    1    1    1    1    1    2   10  1.10434E+04 0.00412 
   22    1    1    1    1    1    1    1    2   11  0.00000E+00 0.00000 
   23    1    1    1    1    1    1    1    3    1  1.71285E+04 0.00355 
   24    1    1    1    1    1    1    1    3    2  1.90452E+04 0.00351 
   25    1    1    1    1    1    1    1    3    3  0.00000E+00 0.00000 
   26    1    1    1    1    1    1    1    3    4  1.89979E+04 0.00342 
   27    1    1    1    1    1    1    1    3    5  1.71813E+04 0.00359 
   28    1    1    1    1    1    1    1    3    6  0.00000E+00 0.00000 
   29    1    1    1    1    1    1    1    3    7  0.00000E+00 0.00000 
   30    1    1    1    1    1    1    1    3    8  1.22970E+04 0.00395 
   31    1    1    1    1    1    1    1    3    9  0.00000E+00 0.00000 
   32    1    1    1    1    1    1    1    3   10  1.02051E+04 0.00428 
   33    1    1    1    1    1    1    1    3   11  9.73803E+03 0.00430 
   34    1    1    1    1    1    1    1    4    1  0.00000E+00 0.00000 
   35    1    1    1    1    1    1    1    4    2  1.48829E+04 0.00372 
   36    1    1    1    1    1    1    1    4    3  1.49650E+04 0.00375 
   37    1    1    1    1    1    1    1    4    4  0.00000E+00 0.00000 
   38    1    1    1    1    1    1    1    4    5  0.00000E+00 0.00000 
   39    1    1    1    1    1    1    1    4    6  1.31277E+04 0.00397 
   40    1    1    1    1    1    1    1    4    7  0.00000E+00 0.00000 
   41    1    1    1    1    1    1    1    4    8  1.06923E+04 0.00429 
   42    1    1    1    1    1    1    1    4    9  9.98045E+03 0.00426 
   43    1    1    1    1    1    1    1    4   10  0.00000E+00 0.00000 
   44    1    1    1    1    1    1    1    4   11  9.42013E+03 0.00427 
   45    1    1    1    1    1    1    1    5    1  1.23401E+04 0.00395 
   46    1    1    1    1    1    1    1    5    2  0.00000E+00 0.00000 
   47    1    1    1    1    1    1    1    5    3  1.23932E+04 0.00405 
   48    1    1    1    1    1    1    1    5    4  1.22348E+04 0.00398 
   49    1    1    1    1    1    1    1    5    5  0.00000E+00 0.00000 
   50    1    1    1    1    1    1    1    5    6  1.10800E+04 0.00410 
   51    1    1    1    1    1    1    1    5    7  1.04607E+04 0.00424 
   52    1    1    1    1    1    1    1    5    8  0.00000E+00 0.00000 
   53    1    1    1    1    1    1    1    5    9  9.57699E+03 0.00428 
   54    1    1    1    1    1    1    1    5   10  9.59100E+03 0.00432 
   55    1    1    1    1    1    1    1    5   11  0.00000E+00 0.00000 
   56    1    1    1    1    1    1    1    6    1  1.09754E+04 0.00408 
   57    1    1    1    1    1    1    1    6    2  1.09990E+04 0.00417 
   58    1    1    1    1    1    1    1    6    3  0.00000E+00 0.00000 
   59    1    1    1    1    1    1    1    6    4  1.07656E+04 0.00410 
   60    1    1    1    1    1    1    1    6    5  1.04098E+04 0.00422 
   61    1    1    1    1    1    1    1    6    6  0.00000E+00 0.00000 
   62    1    1    1    1    1    1    1    6    7  9.67194E+03 0.00431 
   63    1    1    1    1    1    1    1    6    8  9.36539E+03 0.00430 
   64    1    1    1    1    1    1    1    6    9  0.00000E+00 0.00000 
   65    1    1    1    1    1    1    1    6   10  0.00000E+00 0.00000 
   66    1    1    1    1    1    1    1    6   11  9.20937E+03 0.00433 
   67    1    1    1    1    1    1    1    7    1  0.00000E+00 0.00000 
   68    1    1    1    1    1    1    1    7    2  1.01727E+04 0.00426 
   69    1    1    1    1    1    1    1    7    3  1.00205E+04 0.00433 
   70    1    1    1    1    1    1    1    7    4  0.00000E+00 0.00000 
   71    1    1    1    1    1    1    1    7    5  9.67147E+03 0.00427 
   72    1    1    1    1    1    1    1    7    6  9.48431E+03 0.00430 
   73    1    1    1    1    1    1    1    7    7  0.00000E+00 0.00000 
   74    1    1    1    1    1    1    1    7    8  9.17754E+03 0.00441 
   75    1    1    1    1    1    1    1    7    9  9.23517E+03 0.00425 
   76    1    1    1    1    1    1    1    7   10  0.00000E+00 0.00000 
   77    1    1    1    1    1    1    1    7   11  8.82295E+03 0.00450 
   78    1    1    1    1    1    1    1    8    1  9.65808E+03 0.00430 
   79    1    1    1    1    1    1    1    8    2  0.00000E+00 0.00000 
   80    1    1    1    1    1    1    1    8    3  9.60429E+03 0.00439 
   81    1    1    1    1    1    1    1    8    4  9.47018E+03 0.00432 
   82    1    1    1    1    1    1    1    8    5  0.00000E+00 0.00000 
   83    1    1    1    1    1    1    1    8    6  9.05891E+03 0.00446 
   84    1    1    1    1    1    1    1    8    7  9.00102E+03 0.00435 
   85    1    1    1    1    1    1    1    8    8  0.00000E+00 0.00000 
   86    1    1    1    1    1    1    1    8    9  8.78770E+03 0.00448 
   87    1    1    1    1    1    1    1    8   10  8.72990E+03 0.00448 
   88    1    1    1    1    1    1    1    8   11  0.00000E+00 0.00000 
   89    1    1    1    1    1    1    1    9    1  9.43984E+03 0.00438 
   90    1    1    1    1    1    1    1    9    2  9.60634E+03 0.00430 
   91    1    1    1    1    1    1    1    9    3  0.00000E+00 0.00000 
   92    1    1    1    1    1    1    1    9    4  9.16376E+03 0.00429 
   93    1    1    1    1    1    1    1    9    5  9.06598E+03 0.00442 
   94    1    1    1    1    1    1    1    9    6  0.00000E+00 0.00000 
   95    1    1    1    1    1    1    1    9    7  8.91046E+03 0.00452 
   96    1    1    1    1    1    1    1    9    8  8.77984E+03 0.00442 
   97    1    1    1    1    1    1    1    9    9  0.00000E+00 0.00000 
   98    1    1    1    1    1    1    1    9   10  8.49041E+03 0.00455 
   99    1    1    1    1    1    1    1    9   11  8.36251E+03 0.00464 
  100    1    1    1    1    1    1    1   10    1  0.00000E+00 0.00000 
  101    1    1    1    1    1    1    1   10    2  0.00000E+00 0.00000 
  102    1    1    1    1    1    1    1   10    3  9.25895E+03 0.00436 
  103    1    1    1    1    1    1    1   10    4  0.00000E+00 0.00000 
  104    1    1    1    1    1    1    1   10    5  8.90415E+03 0.00434 
  105    1    1    1    1    1    1    1   10    6  9.09134E+03 0.00451 
  106    1    1    1    1    1    1    1   10    7  0.00000E+00 0.00000 
  107    1    1    1    1    1    1    1   10    8  8.67469E+03 0.00453 
  108    1    1    1    1    1    1    1   10    9  8.43595E+03 0.00451 
  109    1    1    1    1    1    1    1   10   10  0.00000E+00 0.00000 
