
ZAI = [
922350
922380
666
0
];

NAMES = [
'U235            '
'U238            '
'lost            '
'total           '
];

i922350 = 1; iU235             = 1;
i922380 = 2; iU238             = 2;
iLOST    = 3;
iTOT     = 4;

MAT_un_VOLUME = [ 2.44959E+05 2.44959E+05 ];

MAT_un_BURNUP = [ 0.00000E+00 4.67946E+01 ];

MAT_un_ADENS = [
4.83387E-03 3.40520E-03 % U235
1.93936E-02 1.88255E-02 % U238
0.00000E+00 4.21943E-30 % lost data
7.26897E-02 7.39033E-02 % total
];

MAT_un_MDENS = [
1.88669E+00 1.32907E+00 % U235
7.66628E+00 7.44170E+00 % U238
0.00000E+00 0.00000E+00 % lost data
1.08000E+01 1.07984E+01 % total
];

MAT_un_A = [
3.69540E+10 2.60321E+10 % U235
2.33546E+10 2.26704E+10 % U238
0.00000E+00 0.00000E+00 % lost data
6.03086E+10 3.26645E+18 % total
];

MAT_un_H = [
2.77022E-02 1.95147E-02 % U235
1.59778E-02 1.55098E-02 % U238
0.00000E+00 0.00000E+00 % lost data
4.36801E-02 9.61233E+05 % total
];

MAT_un_SF = [
2.66069E+00 1.87431E+00 % U235
1.27516E+04 1.23780E+04 % U238
0.00000E+00 0.00000E+00 % lost data
1.27542E+04 1.27978E+08 % total
];

MAT_un_GSRC = [
4.66917E+10 3.28917E+10 % U235
2.06813E+09 2.00754E+09 % U238
0.00000E+00 0.00000E+00 % lost data
4.87598E+10 3.50781E+18 % total
];

MAT_un_ING_TOX = [
1.73684E+03 1.22351E+03 % U235
1.05096E+03 1.02017E+03 % U238
0.00000E+00 0.00000E+00 % lost data
2.78779E+03 2.24992E+09 % total
];

MAT_un_INH_TOX = [
3.14109E+05 2.21273E+05 % U235
1.86836E+05 1.81363E+05 % U238
0.00000E+00 0.00000E+00 % lost data
5.00946E+05 8.74917E+10 % total
];

TOT_VOLUME = [ 2.44959E+05 2.44959E+05 ];

TOT_BURNUP = [ 0.00000E+00 4.67946E+01 ];

TOT_ADENS = [
4.83387E-03 3.40520E-03 % U235
1.93936E-02 1.88255E-02 % U238
0.00000E+00 4.21943E-30 % lost data
7.26897E-02 7.39033E-02 % total
];

TOT_MASS = [
4.62162E+05 3.25568E+05 % U235
1.87793E+06 1.82291E+06 % U238
0.00000E+00 0.00000E+00 % lost data
2.64556E+06 2.64518E+06 % total
];

TOT_A = [
3.69540E+10 2.60321E+10 % U235
2.33546E+10 2.26704E+10 % U238
0.00000E+00 0.00000E+00 % lost data
6.03086E+10 3.26645E+18 % total
];

TOT_H = [
2.77022E-02 1.95147E-02 % U235
1.59778E-02 1.55098E-02 % U238
0.00000E+00 0.00000E+00 % lost data
4.36801E-02 9.61233E+05 % total
];

TOT_SF = [
2.66069E+00 1.87431E+00 % U235
1.27516E+04 1.23780E+04 % U238
0.00000E+00 0.00000E+00 % lost data
1.27542E+04 1.27978E+08 % total
];

TOT_GSRC = [
4.66917E+10 3.28917E+10 % U235
2.06813E+09 2.00754E+09 % U238
0.00000E+00 0.00000E+00 % lost data
4.87598E+10 3.50781E+18 % total
];

TOT_ING_TOX = [
1.73684E+03 1.22351E+03 % U235
1.05096E+03 1.02017E+03 % U238
0.00000E+00 0.00000E+00 % lost data
2.78779E+03 2.24992E+09 % total
];

TOT_INH_TOX = [
3.14109E+05 2.21273E+05 % U235
1.86836E+05 1.81363E+05 % U238
0.00000E+00 0.00000E+00 % lost data
5.00946E+05 8.74917E+10 % total
];

BU = [ 0.00000E+00 4.67931E+01 ];

DAYS = [ 0.00000E+00 7.30000E+03 ];
