
DETassem1 = [
    1    1    1    1    1    1    1    1    1    1  0.00000E+00 0.00000 
    2    1    1    1    1    1    1    1    1    2  0.00000E+00 0.00000 
    3    1    1    1    1    1    1    1    1    3  0.00000E+00 0.00000 
    4    1    1    1    1    1    1    1    1    4  0.00000E+00 0.00000 
    5    1    1    1    1    1    1    1    1    5  0.00000E+00 0.00000 
    6    1    1    1    1    1    1    1    1    6  0.00000E+00 0.00000 
    7    1    1    1    1    1    1    1    1    7  0.00000E+00 0.00000 
    8    1    1    1    1    1    1    1    1    8  1.84116E+04 0.00355 
    9    1    1    1    1    1    1    1    1    9  1.44392E+04 0.00375 
   10    1    1    1    1    1    1    1    1   10  0.00000E+00 0.00000 
   11    1    1    1    1    1    1    1    1   11  1.09051E+04 0.00410 
   12    1    1    1    1    1    1    1    2    1  1.96721E+04 0.00345 
   13    1    1    1    1    1    1    1    2    2  0.00000E+00 0.00000 
   14    1    1    1    1    1    1    1    2    3  0.00000E+00 0.00000 
   15    1    1    1    1    1    1    1    2    4  0.00000E+00 0.00000 
   16    1    1    1    1    1    1    1    2    5  0.00000E+00 0.00000 
   17    1    1    1    1    1    1    1    2    6  1.97178E+04 0.00327 
   18    1    1    1    1    1    1    1    2    7  1.62873E+04 0.00363 
   19    1    1    1    1    1    1    1    2    8  0.00000E+00 0.00000 
   20    1    1    1    1    1    1    1    2    9  1.20543E+04 0.00404 
   21    1    1    1    1    1    1    1    2   10  1.09198E+04 0.00416 
   22    1    1    1    1    1    1    1    2   11  0.00000E+00 0.00000 
   23    1    1    1    1    1    1    1    3    1  1.62675E+04 0.00370 
   24    1    1    1    1    1    1    1    3    2  1.83908E+04 0.00347 
   25    1    1    1    1    1    1    1    3    3  0.00000E+00 0.00000 
   26    1    1    1    1    1    1    1    3    4  1.85122E+04 0.00356 
   27    1    1    1    1    1    1    1    3    5  1.62170E+04 0.00368 
   28    1    1    1    1    1    1    1    3    6  0.00000E+00 0.00000 
   29    1    1    1    1    1    1    1    3    7  1.28222E+04 0.00397 
   30    1    1    1    1    1    1    1    3    8  1.17736E+04 0.00404 
   31    1    1    1    1    1    1    1    3    9  0.00000E+00 0.00000 
   32    1    1    1    1    1    1    1    3   10  1.01054E+04 0.00427 
   33    1    1    1    1    1    1    1    3   11  9.77922E+03 0.00431 
   34    1    1    1    1    1    1    1    4    1  0.00000E+00 0.00000 
   35    1    1    1    1    1    1    1    4    2  1.43728E+04 0.00376 
   36    1    1    1    1    1    1    1    4    3  1.45853E+04 0.00383 
   37    1    1    1    1    1    1    1    4    4  0.00000E+00 0.00000 
   38    1    1    1    1    1    1    1    4    5  1.30195E+04 0.00384 
   39    1    1    1    1    1    1    1    4    6  1.21170E+04 0.00402 
   40    1    1    1    1    1    1    1    4    7  0.00000E+00 0.00000 
   41    1    1    1    1    1    1    1    4    8  1.08477E+04 0.00419 
   42    1    1    1    1    1    1    1    4    9  1.00930E+04 0.00430 
   43    1    1    1    1    1    1    1    4   10  0.00000E+00 0.00000 
   44    1    1    1    1    1    1    1    4   11  9.48632E+03 0.00430 
   45    1    1    1    1    1    1    1    5    1  1.20928E+04 0.00403 
   46    1    1    1    1    1    1    1    5    2  0.00000E+00 0.00000 
   47    1    1    1    1    1    1    1    5    3  1.19745E+04 0.00400 
   48    1    1    1    1    1    1    1    5    4  1.17131E+04 0.00413 
   49    1    1    1    1    1    1    1    5    5  0.00000E+00 0.00000 
   50    1    1    1    1    1    1    1    5    6  1.13383E+04 0.00403 
   51    1    1    1    1    1    1    1    5    7  0.00000E+00 0.00000 
   52    1    1    1    1    1    1    1    5    8  0.00000E+00 0.00000 
   53    1    1    1    1    1    1    1    5    9  9.76818E+03 0.00427 
   54    1    1    1    1    1    1    1    5   10  9.38922E+03 0.00426 
   55    1    1    1    1    1    1    1    5   11  0.00000E+00 0.00000 
   56    1    1    1    1    1    1    1    6    1  1.08549E+04 0.00417 
   57    1    1    1    1    1    1    1    6    2  1.09300E+04 0.00407 
   58    1    1    1    1    1    1    1    6    3  0.00000E+00 0.00000 
   59    1    1    1    1    1    1    1    6    4  1.08051E+04 0.00413 
   60    1    1    1    1    1    1    1    6    5  0.00000E+00 0.00000 
   61    1    1    1    1    1    1    1    6    6  0.00000E+00 0.00000 
   62    1    1    1    1    1    1    1    6    7  1.02460E+04 0.00422 
   63    1    1    1    1    1    1    1    6    8  9.76475E+03 0.00431 
   64    1    1    1    1    1    1    1    6    9  0.00000E+00 0.00000 
   65    1    1    1    1    1    1    1    6   10  9.24876E+03 0.00437 
   66    1    1    1    1    1    1    1    6   11  9.16214E+03 0.00453 
   67    1    1    1    1    1    1    1    7    1  0.00000E+00 0.00000 
   68    1    1    1    1    1    1    1    7    2  1.01292E+04 0.00429 
   69    1    1    1    1    1    1    1    7    3  1.01682E+04 0.00418 
   70    1    1    1    1    1    1    1    7    4  0.00000E+00 0.00000 
   71    1    1    1    1    1    1    1    7    5  1.02650E+04 0.00428 
   72    1    1    1    1    1    1    1    7    6  1.00870E+04 0.00429 
   73    1    1    1    1    1    1    1    7    7  0.00000E+00 0.00000 
   74    1    1    1    1    1    1    1    7    8  9.48324E+03 0.00424 
   75    1    1    1    1    1    1    1    7    9  9.17423E+03 0.00426 
   76    1    1    1    1    1    1    1    7   10  0.00000E+00 0.00000 
   77    1    1    1    1    1    1    1    7   11  8.97488E+03 0.00444 
   78    1    1    1    1    1    1    1    8    1  9.84960E+03 0.00425 
   79    1    1    1    1    1    1    1    8    2  0.00000E+00 0.00000 
   80    1    1    1    1    1    1    1    8    3  9.73882E+03 0.00426 
   81    1    1    1    1    1    1    1    8    4  9.70353E+03 0.00433 
   82    1    1    1    1    1    1    1    8    5  0.00000E+00 0.00000 
   83    1    1    1    1    1    1    1    8    6  9.81564E+03 0.00426 
   84    1    1    1    1    1    1    1    8    7  0.00000E+00 0.00000 
   85    1    1    1    1    1    1    1    8    8  0.00000E+00 0.00000 
   86    1    1    1    1    1    1    1    8    9  8.93564E+03 0.00438 
   87    1    1    1    1    1    1    1    8   10  8.72301E+03 0.00444 
   88    1    1    1    1    1    1    1    8   11  0.00000E+00 0.00000 
   89    1    1    1    1    1    1    1    9    1  9.49573E+03 0.00429 
   90    1    1    1    1    1    1    1    9    2  9.40156E+03 0.00424 
   91    1    1    1    1    1    1    1    9    3  0.00000E+00 0.00000 
   92    1    1    1    1    1    1    1    9    4  9.51934E+03 0.00436 
   93    1    1    1    1    1    1    1    9    5  0.00000E+00 0.00000 
   94    1    1    1    1    1    1    1    9    6  0.00000E+00 0.00000 
   95    1    1    1    1    1    1    1    9    7  9.27478E+03 0.00439 
   96    1    1    1    1    1    1    1    9    8  8.79875E+03 0.00452 
   97    1    1    1    1    1    1    1    9    9  0.00000E+00 0.00000 
   98    1    1    1    1    1    1    1    9   10  8.46557E+03 0.00457 
   99    1    1    1    1    1    1    1    9   11  8.34826E+03 0.00467 
  100    1    1    1    1    1    1    1   10    1  0.00000E+00 0.00000 
  101    1    1    1    1    1    1    1   10    2  9.21776E+03 0.00436 
  102    1    1    1    1    1    1    1   10    3  9.25280E+03 0.00436 
  103    1    1    1    1    1    1    1   10    4  0.00000E+00 0.00000 
  104    1    1    1    1    1    1    1   10    5  9.32341E+03 0.00438 
  105    1    1    1    1    1    1    1   10    6  9.01162E+03 0.00453 
  106    1    1    1    1    1    1    1   10    7  0.00000E+00 0.00000 
  107    1    1    1    1    1    1    1   10    8  8.46640E+03 0.00459 
  108    1    1    1    1    1    1    1   10    9  8.34464E+03 0.00451 
  109    1    1    1    1    1    1    1   10   10  0.00000E+00 0.00000 
