
DETassem1 = [
    1    1    1    1    1    1    1    1    1    1  0.00000E+00 0.00000 
    2    1    1    1    1    1    1    1    1    2  0.00000E+00 0.00000 
    3    1    1    1    1    1    1    1    1    3  0.00000E+00 0.00000 
    4    1    1    1    1    1    1    1    1    4  0.00000E+00 0.00000 
    5    1    1    1    1    1    1    1    1    5  0.00000E+00 0.00000 
    6    1    1    1    1    1    1    1    1    6  0.00000E+00 0.00000 
    7    1    1    1    1    1    1    1    1    7  0.00000E+00 0.00000 
    8    1    1    1    1    1    1    1    1    8  1.87247E+04 0.00366 
    9    1    1    1    1    1    1    1    1    9  1.42194E+04 0.00392 
   10    1    1    1    1    1    1    1    1   10  0.00000E+00 0.00000 
   11    1    1    1    1    1    1    1    1   11  1.04496E+04 0.00438 
   12    1    1    1    1    1    1    1    2    1  2.01461E+04 0.00357 
   13    1    1    1    1    1    1    1    2    2  0.00000E+00 0.00000 
   14    1    1    1    1    1    1    1    2    3  0.00000E+00 0.00000 
   15    1    1    1    1    1    1    1    2    4  0.00000E+00 0.00000 
   16    1    1    1    1    1    1    1    2    5  0.00000E+00 0.00000 
   17    1    1    1    1    1    1    1    2    6  2.02534E+04 0.00362 
   18    1    1    1    1    1    1    1    2    7  1.62682E+04 0.00383 
   19    1    1    1    1    1    1    1    2    8  0.00000E+00 0.00000 
   20    1    1    1    1    1    1    1    2    9  1.16940E+04 0.00418 
   21    1    1    1    1    1    1    1    2   10  1.04131E+04 0.00436 
   22    1    1    1    1    1    1    1    2   11  0.00000E+00 0.00000 
   23    1    1    1    1    1    1    1    3    1  1.62080E+04 0.00372 
   24    1    1    1    1    1    1    1    3    2  1.87149E+04 0.00364 
   25    1    1    1    1    1    1    1    3    3  0.00000E+00 0.00000 
   26    1    1    1    1    1    1    1    3    4  1.86557E+04 0.00367 
   27    1    1    1    1    1    1    1    3    5  1.61140E+04 0.00383 
   28    1    1    1    1    1    1    1    3    6  0.00000E+00 0.00000 
   29    1    1    1    1    1    1    1    3    7  1.25068E+04 0.00407 
   30    1    1    1    1    1    1    1    3    8  1.13808E+04 0.00424 
   31    1    1    1    1    1    1    1    3    9  0.00000E+00 0.00000 
   32    1    1    1    1    1    1    1    3   10  9.67684E+03 0.00444 
   33    1    1    1    1    1    1    1    3   11  9.32998E+03 0.00459 
   34    1    1    1    1    1    1    1    4    1  0.00000E+00 0.00000 
   35    1    1    1    1    1    1    1    4    2  1.43731E+04 0.00386 
   36    1    1    1    1    1    1    1    4    3  1.42473E+04 0.00399 
   37    1    1    1    1    1    1    1    4    4  0.00000E+00 0.00000 
   38    1    1    1    1    1    1    1    4    5  1.25216E+04 0.00410 
   39    1    1    1    1    1    1    1    4    6  1.18007E+04 0.00421 
   40    1    1    1    1    1    1    1    4    7  0.00000E+00 0.00000 
   41    1    1    1    1    1    1    1    4    8  1.04323E+04 0.00433 
   42    1    1    1    1    1    1    1    4    9  9.79033E+03 0.00443 
   43    1    1    1    1    1    1    1    4   10  0.00000E+00 0.00000 
   44    1    1    1    1    1    1    1    4   11  9.16864E+03 0.00456 
   45    1    1    1    1    1    1    1    5    1  1.16049E+04 0.00436 
   46    1    1    1    1    1    1    1    5    2  0.00000E+00 0.00000 
   47    1    1    1    1    1    1    1    5    3  1.16828E+04 0.00421 
   48    1    1    1    1    1    1    1    5    4  1.13921E+04 0.00421 
   49    1    1    1    1    1    1    1    5    5  0.00000E+00 0.00000 
   50    1    1    1    1    1    1    1    5    6  1.10030E+04 0.00429 
   51    1    1    1    1    1    1    1    5    7  0.00000E+00 0.00000 
   52    1    1    1    1    1    1    1    5    8  0.00000E+00 0.00000 
   53    1    1    1    1    1    1    1    5    9  9.34546E+03 0.00452 
   54    1    1    1    1    1    1    1    5   10  9.04376E+03 0.00458 
   55    1    1    1    1    1    1    1    5   11  0.00000E+00 0.00000 
   56    1    1    1    1    1    1    1    6    1  1.04065E+04 0.00434 
   57    1    1    1    1    1    1    1    6    2  1.04477E+04 0.00431 
   58    1    1    1    1    1    1    1    6    3  0.00000E+00 0.00000 
   59    1    1    1    1    1    1    1    6    4  1.05047E+04 0.00419 
   60    1    1    1    1    1    1    1    6    5  0.00000E+00 0.00000 
   61    1    1    1    1    1    1    1    6    6  0.00000E+00 0.00000 
   62    1    1    1    1    1    1    1    6    7  9.89761E+03 0.00447 
   63    1    1    1    1    1    1    1    6    8  9.40231E+03 0.00452 
   64    1    1    1    1    1    1    1    6    9  0.00000E+00 0.00000 
   65    1    1    1    1    1    1    1    6   10  8.88032E+03 0.00452 
   66    1    1    1    1    1    1    1    6   11  8.90151E+03 0.00451 
   67    1    1    1    1    1    1    1    7    1  0.00000E+00 0.00000 
   68    1    1    1    1    1    1    1    7    2  9.72561E+03 0.00445 
   69    1    1    1    1    1    1    1    7    3  9.75398E+03 0.00438 
   70    1    1    1    1    1    1    1    7    4  0.00000E+00 0.00000 
   71    1    1    1    1    1    1    1    7    5  9.91649E+03 0.00440 
   72    1    1    1    1    1    1    1    7    6  9.70425E+03 0.00455 
   73    1    1    1    1    1    1    1    7    7  0.00000E+00 0.00000 
   74    1    1    1    1    1    1    1    7    8  9.14356E+03 0.00446 
   75    1    1    1    1    1    1    1    7    9  8.88419E+03 0.00455 
   76    1    1    1    1    1    1    1    7   10  0.00000E+00 0.00000 
   77    1    1    1    1    1    1    1    7   11  8.70338E+03 0.00469 
   78    1    1    1    1    1    1    1    8    1  9.23639E+03 0.00448 
   79    1    1    1    1    1    1    1    8    2  0.00000E+00 0.00000 
   80    1    1    1    1    1    1    1    8    3  9.36793E+03 0.00443 
   81    1    1    1    1    1    1    1    8    4  9.34173E+03 0.00435 
   82    1    1    1    1    1    1    1    8    5  0.00000E+00 0.00000 
   83    1    1    1    1    1    1    1    8    6  9.63598E+03 0.00449 
   84    1    1    1    1    1    1    1    8    7  0.00000E+00 0.00000 
   85    1    1    1    1    1    1    1    8    8  0.00000E+00 0.00000 
   86    1    1    1    1    1    1    1    8    9  8.62608E+03 0.00460 
   87    1    1    1    1    1    1    1    8   10  8.50670E+03 0.00469 
   88    1    1    1    1    1    1    1    8   11  0.00000E+00 0.00000 
   89    1    1    1    1    1    1    1    9    1  9.08345E+03 0.00460 
   90    1    1    1    1    1    1    1    9    2  9.05076E+03 0.00449 
   91    1    1    1    1    1    1    1    9    3  0.00000E+00 0.00000 
   92    1    1    1    1    1    1    1    9    4  9.23425E+03 0.00446 
   93    1    1    1    1    1    1    1    9    5  0.00000E+00 0.00000 
   94    1    1    1    1    1    1    1    9    6  0.00000E+00 0.00000 
   95    1    1    1    1    1    1    1    9    7  8.91412E+03 0.00471 
   96    1    1    1    1    1    1    1    9    8  8.48862E+03 0.00474 
   97    1    1    1    1    1    1    1    9    9  0.00000E+00 0.00000 
   98    1    1    1    1    1    1    1    9   10  8.12443E+03 0.00484 
   99    1    1    1    1    1    1    1    9   11  8.20159E+03 0.00482 
  100    1    1    1    1    1    1    1   10    1  0.00000E+00 0.00000 
  101    1    1    1    1    1    1    1   10    2  8.91102E+03 0.00458 
  102    1    1    1    1    1    1    1   10    3  8.80470E+03 0.00459 
  103    1    1    1    1    1    1    1   10    4  0.00000E+00 0.00000 
  104    1    1    1    1    1    1    1   10    5  8.90649E+03 0.00454 
  105    1    1    1    1    1    1    1   10    6  8.62278E+03 0.00461 
  106    1    1    1    1    1    1    1   10    7  0.00000E+00 0.00000 
  107    1    1    1    1    1    1    1   10    8  8.16104E+03 0.00472 
  108    1    1    1    1    1    1    1   10    9  8.00453E+03 0.00482 
  109    1    1    1    1    1    1    1   10   10  0.00000E+00 0.00000 
