
DETassem1 = [
    1    1    1    1    1    1    1    1    1    1  0.00000E+00 0.00000 
    2    1    1    1    1    1    1    1    1    2  0.00000E+00 0.00000 
    3    1    1    1    1    1    1    1    1    3  0.00000E+00 0.00000 
    4    1    1    1    1    1    1    1    1    4  0.00000E+00 0.00000 
    5    1    1    1    1    1    1    1    1    5  0.00000E+00 0.00000 
    6    1    1    1    1    1    1    1    1    6  0.00000E+00 0.00000 
    7    1    1    1    1    1    1    1    1    7  0.00000E+00 0.00000 
    8    1    1    1    1    1    1    1    1    8  1.83690E+04 0.00365 
    9    1    1    1    1    1    1    1    1    9  1.39476E+04 0.00400 
   10    1    1    1    1    1    1    1    1   10  0.00000E+00 0.00000 
   11    1    1    1    1    1    1    1    1   11  1.02244E+04 0.00440 
   12    1    1    1    1    1    1    1    2    1  1.97677E+04 0.00358 
   13    1    1    1    1    1    1    1    2    2  0.00000E+00 0.00000 
   14    1    1    1    1    1    1    1    2    3  0.00000E+00 0.00000 
   15    1    1    1    1    1    1    1    2    4  0.00000E+00 0.00000 
   16    1    1    1    1    1    1    1    2    5  0.00000E+00 0.00000 
   17    1    1    1    1    1    1    1    2    6  1.98433E+04 0.00357 
   18    1    1    1    1    1    1    1    2    7  1.58553E+04 0.00389 
   19    1    1    1    1    1    1    1    2    8  0.00000E+00 0.00000 
   20    1    1    1    1    1    1    1    2    9  1.13637E+04 0.00423 
   21    1    1    1    1    1    1    1    2   10  1.02280E+04 0.00429 
   22    1    1    1    1    1    1    1    2   11  0.00000E+00 0.00000 
   23    1    1    1    1    1    1    1    3    1  1.58621E+04 0.00382 
   24    1    1    1    1    1    1    1    3    2  1.84232E+04 0.00371 
   25    1    1    1    1    1    1    1    3    3  0.00000E+00 0.00000 
   26    1    1    1    1    1    1    1    3    4  1.85306E+04 0.00359 
   27    1    1    1    1    1    1    1    3    5  1.58712E+04 0.00387 
   28    1    1    1    1    1    1    1    3    6  0.00000E+00 0.00000 
   29    1    1    1    1    1    1    1    3    7  1.21306E+04 0.00406 
   30    1    1    1    1    1    1    1    3    8  1.09064E+04 0.00427 
   31    1    1    1    1    1    1    1    3    9  0.00000E+00 0.00000 
   32    1    1    1    1    1    1    1    3   10  9.56768E+03 0.00441 
   33    1    1    1    1    1    1    1    3   11  9.21506E+03 0.00450 
   34    1    1    1    1    1    1    1    4    1  0.00000E+00 0.00000 
   35    1    1    1    1    1    1    1    4    2  1.40528E+04 0.00400 
   36    1    1    1    1    1    1    1    4    3  1.39584E+04 0.00398 
   37    1    1    1    1    1    1    1    4    4  0.00000E+00 0.00000 
   38    1    1    1    1    1    1    1    4    5  1.21150E+04 0.00420 
   39    1    1    1    1    1    1    1    4    6  1.12104E+04 0.00440 
   40    1    1    1    1    1    1    1    4    7  0.00000E+00 0.00000 
   41    1    1    1    1    1    1    1    4    8  9.67171E+03 0.00446 
   42    1    1    1    1    1    1    1    4    9  9.41037E+03 0.00444 
   43    1    1    1    1    1    1    1    4   10  0.00000E+00 0.00000 
   44    1    1    1    1    1    1    1    4   11  9.14747E+03 0.00450 
   45    1    1    1    1    1    1    1    5    1  1.13739E+04 0.00434 
   46    1    1    1    1    1    1    1    5    2  0.00000E+00 0.00000 
   47    1    1    1    1    1    1    1    5    3  1.14056E+04 0.00434 
   48    1    1    1    1    1    1    1    5    4  1.08152E+04 0.00425 
   49    1    1    1    1    1    1    1    5    5  0.00000E+00 0.00000 
   50    1    1    1    1    1    1    1    5    6  9.84471E+03 0.00436 
   51    1    1    1    1    1    1    1    5    7  9.42656E+03 0.00448 
   52    1    1    1    1    1    1    1    5    8  0.00000E+00 0.00000 
   53    1    1    1    1    1    1    1    5    9  9.02120E+03 0.00455 
   54    1    1    1    1    1    1    1    5   10  9.18494E+03 0.00448 
   55    1    1    1    1    1    1    1    5   11  0.00000E+00 0.00000 
   56    1    1    1    1    1    1    1    6    1  1.02774E+04 0.00437 
   57    1    1    1    1    1    1    1    6    2  1.02523E+04 0.00435 
   58    1    1    1    1    1    1    1    6    3  0.00000E+00 0.00000 
   59    1    1    1    1    1    1    1    6    4  9.71481E+03 0.00441 
   60    1    1    1    1    1    1    1    6    5  9.43251E+03 0.00449 
   61    1    1    1    1    1    1    1    6    6  0.00000E+00 0.00000 
   62    1    1    1    1    1    1    1    6    7  8.85573E+03 0.00460 
   63    1    1    1    1    1    1    1    6    8  8.96088E+03 0.00457 
   64    1    1    1    1    1    1    1    6    9  0.00000E+00 0.00000 
   65    1    1    1    1    1    1    1    6   10  0.00000E+00 0.00000 
   66    1    1    1    1    1    1    1    6   11  9.20724E+03 0.00461 
   67    1    1    1    1    1    1    1    7    1  0.00000E+00 0.00000 
   68    1    1    1    1    1    1    1    7    2  9.55771E+03 0.00454 
   69    1    1    1    1    1    1    1    7    3  9.38932E+03 0.00453 
   70    1    1    1    1    1    1    1    7    4  0.00000E+00 0.00000 
   71    1    1    1    1    1    1    1    7    5  8.90394E+03 0.00450 
   72    1    1    1    1    1    1    1    7    6  8.82984E+03 0.00462 
   73    1    1    1    1    1    1    1    7    7  0.00000E+00 0.00000 
   74    1    1    1    1    1    1    1    7    8  8.67987E+03 0.00447 
   75    1    1    1    1    1    1    1    7    9  8.89500E+03 0.00456 
   76    1    1    1    1    1    1    1    7   10  0.00000E+00 0.00000 
   77    1    1    1    1    1    1    1    7   11  8.91467E+03 0.00457 
   78    1    1    1    1    1    1    1    8    1  9.21486E+03 0.00449 
   79    1    1    1    1    1    1    1    8    2  0.00000E+00 0.00000 
   80    1    1    1    1    1    1    1    8    3  9.07913E+03 0.00450 
   81    1    1    1    1    1    1    1    8    4  8.92814E+03 0.00446 
   82    1    1    1    1    1    1    1    8    5  0.00000E+00 0.00000 
   83    1    1    1    1    1    1    1    8    6  8.52949E+03 0.00466 
   84    1    1    1    1    1    1    1    8    7  8.49911E+03 0.00459 
   85    1    1    1    1    1    1    1    8    8  0.00000E+00 0.00000 
   86    1    1    1    1    1    1    1    8    9  8.58012E+03 0.00466 
   87    1    1    1    1    1    1    1    8   10  8.68182E+03 0.00480 
   88    1    1    1    1    1    1    1    8   11  0.00000E+00 0.00000 
   89    1    1    1    1    1    1    1    9    1  9.02225E+03 0.00461 
   90    1    1    1    1    1    1    1    9    2  9.11645E+03 0.00449 
   91    1    1    1    1    1    1    1    9    3  0.00000E+00 0.00000 
   92    1    1    1    1    1    1    1    9    4  8.68196E+03 0.00454 
   93    1    1    1    1    1    1    1    9    5  8.52708E+03 0.00471 
   94    1    1    1    1    1    1    1    9    6  0.00000E+00 0.00000 
   95    1    1    1    1    1    1    1    9    7  8.43074E+03 0.00469 
   96    1    1    1    1    1    1    1    9    8  8.27887E+03 0.00462 
   97    1    1    1    1    1    1    1    9    9  0.00000E+00 0.00000 
   98    1    1    1    1    1    1    1    9   10  8.60002E+03 0.00468 
   99    1    1    1    1    1    1    1    9   11  0.00000E+00 0.00000 
  100    1    1    1    1    1    1    1   10    1  0.00000E+00 0.00000 
  101    1    1    1    1    1    1    1   10    2  0.00000E+00 0.00000 
  102    1    1    1    1    1    1    1   10    3  8.86444E+03 0.00453 
  103    1    1    1    1    1    1    1   10    4  0.00000E+00 0.00000 
  104    1    1    1    1    1    1    1   10    5  8.41599E+03 0.00472 
  105    1    1    1    1    1    1    1   10    6  8.21802E+03 0.00461 
  106    1    1    1    1    1    1    1   10    7  0.00000E+00 0.00000 
  107    1    1    1    1    1    1    1   10    8  8.12525E+03 0.00473 
  108    1    1    1    1    1    1    1   10    9  8.17995E+03 0.00485 
  109    1    1    1    1    1    1    1   10   10  0.00000E+00 0.00000 
