
DETassem1 = [
    1    1    1    1    1    1    1    1    1    1  0.00000E+00 0.00000 
    2    1    1    1    1    1    1    1    1    2  0.00000E+00 0.00000 
    3    1    1    1    1    1    1    1    1    3  0.00000E+00 0.00000 
    4    1    1    1    1    1    1    1    1    4  0.00000E+00 0.00000 
    5    1    1    1    1    1    1    1    1    5  0.00000E+00 0.00000 
    6    1    1    1    1    1    1    1    1    6  0.00000E+00 0.00000 
    7    1    1    1    1    1    1    1    1    7  0.00000E+00 0.00000 
    8    1    1    1    1    1    1    1    1    8  1.87596E+04 0.00343 
    9    1    1    1    1    1    1    1    1    9  1.48448E+04 0.00371 
   10    1    1    1    1    1    1    1    1   10  0.00000E+00 0.00000 
   11    1    1    1    1    1    1    1    1   11  1.13767E+04 0.00411 
   12    1    1    1    1    1    1    1    2    1  1.99327E+04 0.00341 
   13    1    1    1    1    1    1    1    2    2  0.00000E+00 0.00000 
   14    1    1    1    1    1    1    1    2    3  0.00000E+00 0.00000 
   15    1    1    1    1    1    1    1    2    4  0.00000E+00 0.00000 
   16    1    1    1    1    1    1    1    2    5  0.00000E+00 0.00000 
   17    1    1    1    1    1    1    1    2    6  1.99733E+04 0.00333 
   18    1    1    1    1    1    1    1    2    7  1.65541E+04 0.00365 
   19    1    1    1    1    1    1    1    2    8  0.00000E+00 0.00000 
   20    1    1    1    1    1    1    1    2    9  1.24742E+04 0.00396 
   21    1    1    1    1    1    1    1    2   10  1.13506E+04 0.00415 
   22    1    1    1    1    1    1    1    2   11  0.00000E+00 0.00000 
   23    1    1    1    1    1    1    1    3    1  1.65088E+04 0.00368 
   24    1    1    1    1    1    1    1    3    2  1.87989E+04 0.00348 
   25    1    1    1    1    1    1    1    3    3  0.00000E+00 0.00000 
   26    1    1    1    1    1    1    1    3    4  1.88030E+04 0.00336 
   27    1    1    1    1    1    1    1    3    5  1.66101E+04 0.00365 
   28    1    1    1    1    1    1    1    3    6  0.00000E+00 0.00000 
   29    1    1    1    1    1    1    1    3    7  1.33530E+04 0.00387 
   30    1    1    1    1    1    1    1    3    8  1.24259E+04 0.00401 
   31    1    1    1    1    1    1    1    3    9  0.00000E+00 0.00000 
   32    1    1    1    1    1    1    1    3   10  1.05003E+04 0.00416 
   33    1    1    1    1    1    1    1    3   11  9.98150E+03 0.00422 
   34    1    1    1    1    1    1    1    4    1  0.00000E+00 0.00000 
   35    1    1    1    1    1    1    1    4    2  1.47247E+04 0.00379 
   36    1    1    1    1    1    1    1    4    3  1.48133E+04 0.00374 
   37    1    1    1    1    1    1    1    4    4  0.00000E+00 0.00000 
   38    1    1    1    1    1    1    1    4    5  1.32928E+04 0.00393 
   39    1    1    1    1    1    1    1    4    6  1.27310E+04 0.00389 
   40    1    1    1    1    1    1    1    4    7  0.00000E+00 0.00000 
   41    1    1    1    1    1    1    1    4    8  0.00000E+00 0.00000 
   42    1    1    1    1    1    1    1    4    9  1.09046E+04 0.00418 
   43    1    1    1    1    1    1    1    4   10  0.00000E+00 0.00000 
   44    1    1    1    1    1    1    1    4   11  9.51658E+03 0.00428 
   45    1    1    1    1    1    1    1    5    1  1.23582E+04 0.00398 
   46    1    1    1    1    1    1    1    5    2  0.00000E+00 0.00000 
   47    1    1    1    1    1    1    1    5    3  1.25331E+04 0.00402 
   48    1    1    1    1    1    1    1    5    4  1.25294E+04 0.00402 
   49    1    1    1    1    1    1    1    5    5  0.00000E+00 0.00000 
   50    1    1    1    1    1    1    1    5    6  1.20280E+04 0.00406 
   51    1    1    1    1    1    1    1    5    7  0.00000E+00 0.00000 
   52    1    1    1    1    1    1    1    5    8  0.00000E+00 0.00000 
   53    1    1    1    1    1    1    1    5    9  1.01367E+04 0.00418 
   54    1    1    1    1    1    1    1    5   10  9.77319E+03 0.00431 
   55    1    1    1    1    1    1    1    5   11  0.00000E+00 0.00000 
   56    1    1    1    1    1    1    1    6    1  1.12131E+04 0.00416 
   57    1    1    1    1    1    1    1    6    2  1.12109E+04 0.00410 
   58    1    1    1    1    1    1    1    6    3  0.00000E+00 0.00000 
   59    1    1    1    1    1    1    1    6    4  0.00000E+00 0.00000 
   60    1    1    1    1    1    1    1    6    5  0.00000E+00 0.00000 
   61    1    1    1    1    1    1    1    6    6  0.00000E+00 0.00000 
   62    1    1    1    1    1    1    1    6    7  1.07114E+04 0.00420 
   63    1    1    1    1    1    1    1    6    8  1.00901E+04 0.00428 
   64    1    1    1    1    1    1    1    6    9  0.00000E+00 0.00000 
   65    1    1    1    1    1    1    1    6   10  9.57966E+03 0.00435 
   66    1    1    1    1    1    1    1    6   11  9.60376E+03 0.00438 
   67    1    1    1    1    1    1    1    7    1  0.00000E+00 0.00000 
   68    1    1    1    1    1    1    1    7    2  1.05597E+04 0.00418 
   69    1    1    1    1    1    1    1    7    3  1.08848E+04 0.00410 
   70    1    1    1    1    1    1    1    7    4  0.00000E+00 0.00000 
   71    1    1    1    1    1    1    1    7    5  1.08230E+04 0.00409 
   72    1    1    1    1    1    1    1    7    6  1.02539E+04 0.00423 
   73    1    1    1    1    1    1    1    7    7  0.00000E+00 0.00000 
   74    1    1    1    1    1    1    1    7    8  9.76467E+03 0.00427 
   75    1    1    1    1    1    1    1    7    9  9.60238E+03 0.00437 
   76    1    1    1    1    1    1    1    7   10  0.00000E+00 0.00000 
   77    1    1    1    1    1    1    1    7   11  0.00000E+00 0.00000 
   78    1    1    1    1    1    1    1    8    1  9.97665E+03 0.00428 
   79    1    1    1    1    1    1    1    8    2  0.00000E+00 0.00000 
   80    1    1    1    1    1    1    1    8    3  1.01457E+04 0.00425 
   81    1    1    1    1    1    1    1    8    4  1.01461E+04 0.00422 
   82    1    1    1    1    1    1    1    8    5  0.00000E+00 0.00000 
   83    1    1    1    1    1    1    1    8    6  1.00007E+04 0.00425 
   84    1    1    1    1    1    1    1    8    7  1.00752E+04 0.00418 
   85    1    1    1    1    1    1    1    8    8  0.00000E+00 0.00000 
   86    1    1    1    1    1    1    1    8    9  9.51190E+03 0.00438 
   87    1    1    1    1    1    1    1    8   10  9.48123E+03 0.00437 
   88    1    1    1    1    1    1    1    8   11  0.00000E+00 0.00000 
   89    1    1    1    1    1    1    1    9    1  9.68547E+03 0.00432 
   90    1    1    1    1    1    1    1    9    2  9.67152E+03 0.00429 
   91    1    1    1    1    1    1    1    9    3  0.00000E+00 0.00000 
   92    1    1    1    1    1    1    1    9    4  9.83419E+03 0.00441 
   93    1    1    1    1    1    1    1    9    5  9.99931E+03 0.00429 
   94    1    1    1    1    1    1    1    9    6  0.00000E+00 0.00000 
   95    1    1    1    1    1    1    1    9    7  0.00000E+00 0.00000 
   96    1    1    1    1    1    1    1    9    8  9.67920E+03 0.00435 
   97    1    1    1    1    1    1    1    9    9  0.00000E+00 0.00000 
   98    1    1    1    1    1    1    1    9   10  9.15498E+03 0.00441 
   99    1    1    1    1    1    1    1    9   11  0.00000E+00 0.00000 
  100    1    1    1    1    1    1    1   10    1  0.00000E+00 0.00000 
  101    1    1    1    1    1    1    1   10    2  9.49086E+03 0.00436 
  102    1    1    1    1    1    1    1   10    3  9.58754E+03 0.00439 
  103    1    1    1    1    1    1    1   10    4  0.00000E+00 0.00000 
  104    1    1    1    1    1    1    1   10    5  0.00000E+00 0.00000 
  105    1    1    1    1    1    1    1   10    6  0.00000E+00 0.00000 
  106    1    1    1    1    1    1    1   10    7  0.00000E+00 0.00000 
  107    1    1    1    1    1    1    1   10    8  9.10054E+03 0.00450 
  108    1    1    1    1    1    1    1   10    9  8.84721E+03 0.00454 
  109    1    1    1    1    1    1    1   10   10  0.00000E+00 0.00000 
