
ZAI = [
922350
922380
666
0
];

NAMES = [
'U235            '
'U238            '
'lost            '
'total           '
];

i922350 = 1; iU235             = 1;
i922380 = 2; iU238             = 2;
iLOST    = 3;
iTOT     = 4;

MAT_un_VOLUME = [ 2.45599E+05 2.45599E+05 ];

MAT_un_BURNUP = [ 0.00000E+00 4.66727E+01 ];

MAT_un_ADENS = [
4.83387E-03 3.40883E-03 % U235
1.93936E-02 1.88285E-02 % U238
0.00000E+00 5.16885E-30 % lost data
7.26897E-02 7.39002E-02 % total
];

MAT_un_MDENS = [
1.88669E+00 1.33049E+00 % U235
7.66628E+00 7.44288E+00 % U238
0.00000E+00 0.00000E+00 % lost data
1.08000E+01 1.07984E+01 % total
];

MAT_un_A = [
3.70505E+10 2.61279E+10 % U235
2.34155E+10 2.27332E+10 % U238
0.00000E+00 0.00000E+00 % lost data
6.04660E+10 3.26521E+18 % total
];

MAT_un_H = [
2.77745E-02 1.95865E-02 % U235
1.60195E-02 1.55527E-02 % U238
0.00000E+00 0.00000E+00 % lost data
4.37941E-02 9.61244E+05 % total
];

MAT_un_SF = [
2.66764E+00 1.88121E+00 % U235
1.27849E+04 1.24123E+04 % U238
0.00000E+00 0.00000E+00 % lost data
1.27875E+04 1.27666E+08 % total
];

MAT_un_GSRC = [
4.68135E+10 3.30128E+10 % U235
2.07353E+09 2.01310E+09 % U238
0.00000E+00 0.00000E+00 % lost data
4.88871E+10 3.50626E+18 % total
];

MAT_un_ING_TOX = [
1.74137E+03 1.22801E+03 % U235
1.05370E+03 1.02299E+03 % U238
0.00000E+00 0.00000E+00 % lost data
2.79507E+03 2.24855E+09 % total
];

MAT_un_INH_TOX = [
3.14929E+05 2.22087E+05 % U235
1.87324E+05 1.81865E+05 % U238
0.00000E+00 0.00000E+00 % lost data
5.02253E+05 8.72527E+10 % total
];

TOT_VOLUME = [ 2.45599E+05 2.45599E+05 ];

TOT_BURNUP = [ 0.00000E+00 4.66727E+01 ];

TOT_ADENS = [
4.83387E-03 3.40883E-03 % U235
1.93936E-02 1.88285E-02 % U238
0.00000E+00 5.16885E-30 % lost data
7.26897E-02 7.39002E-02 % total
];

TOT_MASS = [
4.63368E+05 3.26766E+05 % U235
1.88283E+06 1.82796E+06 % U238
0.00000E+00 0.00000E+00 % lost data
2.65247E+06 2.65208E+06 % total
];

TOT_A = [
3.70505E+10 2.61279E+10 % U235
2.34155E+10 2.27332E+10 % U238
0.00000E+00 0.00000E+00 % lost data
6.04660E+10 3.26521E+18 % total
];

TOT_H = [
2.77745E-02 1.95865E-02 % U235
1.60195E-02 1.55527E-02 % U238
0.00000E+00 0.00000E+00 % lost data
4.37941E-02 9.61244E+05 % total
];

TOT_SF = [
2.66764E+00 1.88121E+00 % U235
1.27849E+04 1.24123E+04 % U238
0.00000E+00 0.00000E+00 % lost data
1.27875E+04 1.27666E+08 % total
];

TOT_GSRC = [
4.68135E+10 3.30128E+10 % U235
2.07353E+09 2.01310E+09 % U238
0.00000E+00 0.00000E+00 % lost data
4.88871E+10 3.50626E+18 % total
];

TOT_ING_TOX = [
1.74137E+03 1.22801E+03 % U235
1.05370E+03 1.02299E+03 % U238
0.00000E+00 0.00000E+00 % lost data
2.79507E+03 2.24855E+09 % total
];

TOT_INH_TOX = [
3.14929E+05 2.22087E+05 % U235
1.87324E+05 1.81865E+05 % U238
0.00000E+00 0.00000E+00 % lost data
5.02253E+05 8.72527E+10 % total
];

BU = [ 0.00000E+00 4.66713E+01 ];

DAYS = [ 0.00000E+00 7.30000E+03 ];
