
ZAI = [
922350
922380
666
0
];

NAMES = [
'U235            '
'U238            '
'lost            '
'total           '
];

i922350 = 1; iU235             = 1;
i922380 = 2; iU238             = 2;
iLOST    = 3;
iTOT     = 4;

MAT_un_VOLUME = [ 2.44501E+05 2.44501E+05 ];

MAT_un_BURNUP = [ 0.00000E+00 4.68823E+01 ];

MAT_un_ADENS = [
4.83387E-03 3.40328E-03 % U235
1.93936E-02 1.88269E-02 % U238
0.00000E+00 4.50475E-30 % lost data
7.26897E-02 7.39056E-02 % total
];

MAT_un_MDENS = [
1.88669E+00 1.32832E+00 % U235
7.66628E+00 7.44224E+00 % U238
0.00000E+00 0.00000E+00 % lost data
1.08000E+01 1.07984E+01 % total
];

MAT_un_A = [
3.68848E+10 2.59687E+10 % U235
2.33108E+10 2.26296E+10 % U238
0.00000E+00 0.00000E+00 % lost data
6.01957E+10 3.26400E+18 % total
];

MAT_un_H = [
2.76504E-02 1.94672E-02 % U235
1.59479E-02 1.54818E-02 % U238
0.00000E+00 0.00000E+00 % lost data
4.35983E-02 9.60971E+05 % total
];

MAT_un_SF = [
2.65571E+00 1.86975E+00 % U235
1.27277E+04 1.23558E+04 % U238
0.00000E+00 0.00000E+00 % lost data
1.27304E+04 1.28615E+08 % total
];

MAT_un_GSRC = [
4.66042E+10 3.28117E+10 % U235
2.06426E+09 2.00393E+09 % U238
0.00000E+00 0.00000E+00 % lost data
4.86685E+10 3.50480E+18 % total
];

MAT_un_ING_TOX = [
1.73359E+03 1.22053E+03 % U235
1.04899E+03 1.01833E+03 % U238
0.00000E+00 0.00000E+00 % lost data
2.78257E+03 2.24871E+09 % total
];

MAT_un_INH_TOX = [
3.13521E+05 2.20734E+05 % U235
1.86487E+05 1.81037E+05 % U238
0.00000E+00 0.00000E+00 % lost data
5.00008E+05 8.74830E+10 % total
];

TOT_VOLUME = [ 2.44501E+05 2.44501E+05 ];

TOT_BURNUP = [ 0.00000E+00 4.68823E+01 ];

TOT_ADENS = [
4.83387E-03 3.40328E-03 % U235
1.93936E-02 1.88269E-02 % U238
0.00000E+00 4.50475E-30 % lost data
7.26897E-02 7.39056E-02 % total
];

TOT_MASS = [
4.61297E+05 3.24775E+05 % U235
1.87441E+06 1.81963E+06 % U238
0.00000E+00 0.00000E+00 % lost data
2.64061E+06 2.64023E+06 % total
];

TOT_A = [
3.68848E+10 2.59687E+10 % U235
2.33108E+10 2.26296E+10 % U238
0.00000E+00 0.00000E+00 % lost data
6.01957E+10 3.26400E+18 % total
];

TOT_H = [
2.76504E-02 1.94672E-02 % U235
1.59479E-02 1.54818E-02 % U238
0.00000E+00 0.00000E+00 % lost data
4.35983E-02 9.60971E+05 % total
];

TOT_SF = [
2.65571E+00 1.86975E+00 % U235
1.27277E+04 1.23558E+04 % U238
0.00000E+00 0.00000E+00 % lost data
1.27304E+04 1.28615E+08 % total
];

TOT_GSRC = [
4.66042E+10 3.28117E+10 % U235
2.06426E+09 2.00393E+09 % U238
0.00000E+00 0.00000E+00 % lost data
4.86685E+10 3.50480E+18 % total
];

TOT_ING_TOX = [
1.73359E+03 1.22053E+03 % U235
1.04899E+03 1.01833E+03 % U238
0.00000E+00 0.00000E+00 % lost data
2.78257E+03 2.24871E+09 % total
];

TOT_INH_TOX = [
3.13521E+05 2.20734E+05 % U235
1.86487E+05 1.81037E+05 % U238
0.00000E+00 0.00000E+00 % lost data
5.00008E+05 8.74830E+10 % total
];

BU = [ 0.00000E+00 4.68809E+01 ];

DAYS = [ 0.00000E+00 7.30000E+03 ];
