
DETassem1 = [
    1    1    1    1    1    1    1    1    1    1  0.00000E+00 0.00000 
    2    1    1    1    1    1    1    1    1    2  0.00000E+00 0.00000 
    3    1    1    1    1    1    1    1    1    3  0.00000E+00 0.00000 
    4    1    1    1    1    1    1    1    1    4  0.00000E+00 0.00000 
    5    1    1    1    1    1    1    1    1    5  0.00000E+00 0.00000 
    6    1    1    1    1    1    1    1    1    6  0.00000E+00 0.00000 
    7    1    1    1    1    1    1    1    1    7  0.00000E+00 0.00000 
    8    1    1    1    1    1    1    1    1    8  1.93437E+04 0.00358 
    9    1    1    1    1    1    1    1    1    9  1.49967E+04 0.00395 
   10    1    1    1    1    1    1    1    1   10  0.00000E+00 0.00000 
   11    1    1    1    1    1    1    1    1   11  1.06243E+04 0.00440 
   12    1    1    1    1    1    1    1    2    1  2.09868E+04 0.00347 
   13    1    1    1    1    1    1    1    2    2  0.00000E+00 0.00000 
   14    1    1    1    1    1    1    1    2    3  0.00000E+00 0.00000 
   15    1    1    1    1    1    1    1    2    4  0.00000E+00 0.00000 
   16    1    1    1    1    1    1    1    2    5  0.00000E+00 0.00000 
   17    1    1    1    1    1    1    1    2    6  2.09275E+04 0.00344 
   18    1    1    1    1    1    1    1    2    7  1.73079E+04 0.00366 
   19    1    1    1    1    1    1    1    2    8  0.00000E+00 0.00000 
   20    1    1    1    1    1    1    1    2    9  1.20118E+04 0.00418 
   21    1    1    1    1    1    1    1    2   10  1.06567E+04 0.00430 
   22    1    1    1    1    1    1    1    2   11  0.00000E+00 0.00000 
   23    1    1    1    1    1    1    1    3    1  1.73195E+04 0.00384 
   24    1    1    1    1    1    1    1    3    2  1.94352E+04 0.00367 
   25    1    1    1    1    1    1    1    3    3  0.00000E+00 0.00000 
   26    1    1    1    1    1    1    1    3    4  1.93974E+04 0.00364 
   27    1    1    1    1    1    1    1    3    5  1.73717E+04 0.00374 
   28    1    1    1    1    1    1    1    3    6  0.00000E+00 0.00000 
   29    1    1    1    1    1    1    1    3    7  0.00000E+00 0.00000 
   30    1    1    1    1    1    1    1    3    8  1.20117E+04 0.00422 
   31    1    1    1    1    1    1    1    3    9  0.00000E+00 0.00000 
   32    1    1    1    1    1    1    1    3   10  9.76924E+03 0.00436 
   33    1    1    1    1    1    1    1    3   11  9.39052E+03 0.00454 
   34    1    1    1    1    1    1    1    4    1  0.00000E+00 0.00000 
   35    1    1    1    1    1    1    1    4    2  1.47603E+04 0.00398 
   36    1    1    1    1    1    1    1    4    3  1.48220E+04 0.00381 
   37    1    1    1    1    1    1    1    4    4  0.00000E+00 0.00000 
   38    1    1    1    1    1    1    1    4    5  0.00000E+00 0.00000 
   39    1    1    1    1    1    1    1    4    6  1.29360E+04 0.00414 
   40    1    1    1    1    1    1    1    4    7  0.00000E+00 0.00000 
   41    1    1    1    1    1    1    1    4    8  1.03572E+04 0.00435 
   42    1    1    1    1    1    1    1    4    9  9.65528E+03 0.00446 
   43    1    1    1    1    1    1    1    4   10  0.00000E+00 0.00000 
   44    1    1    1    1    1    1    1    4   11  9.08768E+03 0.00455 
   45    1    1    1    1    1    1    1    5    1  1.20546E+04 0.00422 
   46    1    1    1    1    1    1    1    5    2  0.00000E+00 0.00000 
   47    1    1    1    1    1    1    1    5    3  1.20569E+04 0.00416 
   48    1    1    1    1    1    1    1    5    4  1.19726E+04 0.00425 
   49    1    1    1    1    1    1    1    5    5  0.00000E+00 0.00000 
   50    1    1    1    1    1    1    1    5    6  1.07145E+04 0.00439 
   51    1    1    1    1    1    1    1    5    7  1.00367E+04 0.00447 
   52    1    1    1    1    1    1    1    5    8  0.00000E+00 0.00000 
   53    1    1    1    1    1    1    1    5    9  9.18388E+03 0.00445 
   54    1    1    1    1    1    1    1    5   10  9.25630E+03 0.00452 
   55    1    1    1    1    1    1    1    5   11  0.00000E+00 0.00000 
   56    1    1    1    1    1    1    1    6    1  1.06022E+04 0.00427 
   57    1    1    1    1    1    1    1    6    2  1.05606E+04 0.00433 
   58    1    1    1    1    1    1    1    6    3  0.00000E+00 0.00000 
   59    1    1    1    1    1    1    1    6    4  1.03555E+04 0.00439 
   60    1    1    1    1    1    1    1    6    5  1.00406E+04 0.00444 
   61    1    1    1    1    1    1    1    6    6  0.00000E+00 0.00000 
   62    1    1    1    1    1    1    1    6    7  9.31039E+03 0.00448 
   63    1    1    1    1    1    1    1    6    8  9.10339E+03 0.00450 
   64    1    1    1    1    1    1    1    6    9  0.00000E+00 0.00000 
   65    1    1    1    1    1    1    1    6   10  0.00000E+00 0.00000 
   66    1    1    1    1    1    1    1    6   11  8.92137E+03 0.00456 
   67    1    1    1    1    1    1    1    7    1  0.00000E+00 0.00000 
   68    1    1    1    1    1    1    1    7    2  9.75010E+03 0.00435 
   69    1    1    1    1    1    1    1    7    3  9.63424E+03 0.00459 
   70    1    1    1    1    1    1    1    7    4  0.00000E+00 0.00000 
   71    1    1    1    1    1    1    1    7    5  9.25013E+03 0.00458 
   72    1    1    1    1    1    1    1    7    6  9.03424E+03 0.00450 
   73    1    1    1    1    1    1    1    7    7  0.00000E+00 0.00000 
   74    1    1    1    1    1    1    1    7    8  8.80960E+03 0.00463 
   75    1    1    1    1    1    1    1    7    9  8.83853E+03 0.00463 
   76    1    1    1    1    1    1    1    7   10  0.00000E+00 0.00000 
   77    1    1    1    1    1    1    1    7   11  8.54063E+03 0.00485 
   78    1    1    1    1    1    1    1    8    1  9.30742E+03 0.00447 
   79    1    1    1    1    1    1    1    8    2  0.00000E+00 0.00000 
   80    1    1    1    1    1    1    1    8    3  9.19479E+03 0.00448 
   81    1    1    1    1    1    1    1    8    4  9.10511E+03 0.00453 
   82    1    1    1    1    1    1    1    8    5  0.00000E+00 0.00000 
   83    1    1    1    1    1    1    1    8    6  8.67452E+03 0.00462 
   84    1    1    1    1    1    1    1    8    7  8.67802E+03 0.00469 
   85    1    1    1    1    1    1    1    8    8  0.00000E+00 0.00000 
   86    1    1    1    1    1    1    1    8    9  8.60385E+03 0.00467 
   87    1    1    1    1    1    1    1    8   10  8.37587E+03 0.00460 
   88    1    1    1    1    1    1    1    8   11  0.00000E+00 0.00000 
   89    1    1    1    1    1    1    1    9    1  9.13336E+03 0.00451 
   90    1    1    1    1    1    1    1    9    2  9.22987E+03 0.00456 
   91    1    1    1    1    1    1    1    9    3  0.00000E+00 0.00000 
   92    1    1    1    1    1    1    1    9    4  8.82578E+03 0.00467 
   93    1    1    1    1    1    1    1    9    5  8.60941E+03 0.00459 
   94    1    1    1    1    1    1    1    9    6  0.00000E+00 0.00000 
   95    1    1    1    1    1    1    1    9    7  8.62582E+03 0.00457 
   96    1    1    1    1    1    1    1    9    8  8.47228E+03 0.00471 
   97    1    1    1    1    1    1    1    9    9  0.00000E+00 0.00000 
   98    1    1    1    1    1    1    1    9   10  8.18120E+03 0.00477 
   99    1    1    1    1    1    1    1    9   11  8.00508E+03 0.00479 
  100    1    1    1    1    1    1    1   10    1  0.00000E+00 0.00000 
  101    1    1    1    1    1    1    1   10    2  0.00000E+00 0.00000 
  102    1    1    1    1    1    1    1   10    3  8.87544E+03 0.00462 
  103    1    1    1    1    1    1    1   10    4  0.00000E+00 0.00000 
  104    1    1    1    1    1    1    1   10    5  8.56784E+03 0.00472 
  105    1    1    1    1    1    1    1   10    6  8.76664E+03 0.00475 
  106    1    1    1    1    1    1    1   10    7  0.00000E+00 0.00000 
  107    1    1    1    1    1    1    1   10    8  8.38196E+03 0.00482 
  108    1    1    1    1    1    1    1   10    9  8.17935E+03 0.00477 
  109    1    1    1    1    1    1    1   10   10  0.00000E+00 0.00000 
