
DETassem1 = [
    1    1    1    1    1    1    1    1    1    1  0.00000E+00 0.00000 
    2    1    1    1    1    1    1    1    1    2  0.00000E+00 0.00000 
    3    1    1    1    1    1    1    1    1    3  0.00000E+00 0.00000 
    4    1    1    1    1    1    1    1    1    4  0.00000E+00 0.00000 
    5    1    1    1    1    1    1    1    1    5  0.00000E+00 0.00000 
    6    1    1    1    1    1    1    1    1    6  0.00000E+00 0.00000 
    7    1    1    1    1    1    1    1    1    7  0.00000E+00 0.00000 
    8    1    1    1    1    1    1    1    1    8  0.00000E+00 0.00000 
    9    1    1    1    1    1    1    1    1    9  1.68324E+04 0.00361 
   10    1    1    1    1    1    1    1    1   10  0.00000E+00 0.00000 
   11    1    1    1    1    1    1    1    1   11  1.12626E+04 0.00410 
   12    1    1    1    1    1    1    1    2    1  2.20138E+04 0.00328 
   13    1    1    1    1    1    1    1    2    2  0.00000E+00 0.00000 
   14    1    1    1    1    1    1    1    2    3  0.00000E+00 0.00000 
   15    1    1    1    1    1    1    1    2    4  0.00000E+00 0.00000 
   16    1    1    1    1    1    1    1    2    5  0.00000E+00 0.00000 
   17    1    1    1    1    1    1    1    2    6  2.20217E+04 0.00329 
   18    1    1    1    1    1    1    1    2    7  1.85855E+04 0.00345 
   19    1    1    1    1    1    1    1    2    8  0.00000E+00 0.00000 
   20    1    1    1    1    1    1    1    2    9  1.28769E+04 0.00396 
   21    1    1    1    1    1    1    1    2   10  1.12750E+04 0.00410 
   22    1    1    1    1    1    1    1    2   11  0.00000E+00 0.00000 
   23    1    1    1    1    1    1    1    3    1  1.85186E+04 0.00351 
   24    1    1    1    1    1    1    1    3    2  0.00000E+00 0.00000 
   25    1    1    1    1    1    1    1    3    3  0.00000E+00 0.00000 
   26    1    1    1    1    1    1    1    3    4  0.00000E+00 0.00000 
   27    1    1    1    1    1    1    1    3    5  1.84721E+04 0.00356 
   28    1    1    1    1    1    1    1    3    6  0.00000E+00 0.00000 
   29    1    1    1    1    1    1    1    3    7  1.37735E+04 0.00392 
   30    1    1    1    1    1    1    1    3    8  1.23684E+04 0.00401 
   31    1    1    1    1    1    1    1    3    9  0.00000E+00 0.00000 
   32    1    1    1    1    1    1    1    3   10  1.03148E+04 0.00431 
   33    1    1    1    1    1    1    1    3   11  9.73803E+03 0.00426 
   34    1    1    1    1    1    1    1    4    1  0.00000E+00 0.00000 
   35    1    1    1    1    1    1    1    4    2  1.67294E+04 0.00367 
   36    1    1    1    1    1    1    1    4    3  1.69750E+04 0.00369 
   37    1    1    1    1    1    1    1    4    4  0.00000E+00 0.00000 
   38    1    1    1    1    1    1    1    4    5  1.38652E+04 0.00387 
   39    1    1    1    1    1    1    1    4    6  1.25697E+04 0.00394 
   40    1    1    1    1    1    1    1    4    7  0.00000E+00 0.00000 
   41    1    1    1    1    1    1    1    4    8  1.06755E+04 0.00427 
   42    1    1    1    1    1    1    1    4    9  1.01429E+04 0.00428 
   43    1    1    1    1    1    1    1    4   10  0.00000E+00 0.00000 
   44    1    1    1    1    1    1    1    4   11  9.57715E+03 0.00428 
   45    1    1    1    1    1    1    1    5    1  1.30412E+04 0.00395 
   46    1    1    1    1    1    1    1    5    2  0.00000E+00 0.00000 
   47    1    1    1    1    1    1    1    5    3  1.29635E+04 0.00384 
   48    1    1    1    1    1    1    1    5    4  1.24435E+04 0.00400 
   49    1    1    1    1    1    1    1    5    5  0.00000E+00 0.00000 
   50    1    1    1    1    1    1    1    5    6  1.08499E+04 0.00415 
   51    1    1    1    1    1    1    1    5    7  1.03050E+04 0.00417 
   52    1    1    1    1    1    1    1    5    8  0.00000E+00 0.00000 
   53    1    1    1    1    1    1    1    5    9  9.62399E+03 0.00441 
   54    1    1    1    1    1    1    1    5   10  9.42117E+03 0.00435 
   55    1    1    1    1    1    1    1    5   11  0.00000E+00 0.00000 
   56    1    1    1    1    1    1    1    6    1  1.13100E+04 0.00416 
   57    1    1    1    1    1    1    1    6    2  1.12364E+04 0.00410 
   58    1    1    1    1    1    1    1    6    3  0.00000E+00 0.00000 
   59    1    1    1    1    1    1    1    6    4  1.07051E+04 0.00414 
   60    1    1    1    1    1    1    1    6    5  1.03213E+04 0.00429 
   61    1    1    1    1    1    1    1    6    6  0.00000E+00 0.00000 
   62    1    1    1    1    1    1    1    6    7  9.71421E+03 0.00433 
   63    1    1    1    1    1    1    1    6    8  9.56406E+03 0.00431 
   64    1    1    1    1    1    1    1    6    9  0.00000E+00 0.00000 
   65    1    1    1    1    1    1    1    6   10  9.25110E+03 0.00449 
   66    1    1    1    1    1    1    1    6   11  9.21933E+03 0.00435 
   67    1    1    1    1    1    1    1    7    1  0.00000E+00 0.00000 
   68    1    1    1    1    1    1    1    7    2  1.03122E+04 0.00422 
   69    1    1    1    1    1    1    1    7    3  1.00745E+04 0.00425 
   70    1    1    1    1    1    1    1    7    4  0.00000E+00 0.00000 
   71    1    1    1    1    1    1    1    7    5  9.70545E+03 0.00436 
   72    1    1    1    1    1    1    1    7    6  9.54303E+03 0.00432 
   73    1    1    1    1    1    1    1    7    7  0.00000E+00 0.00000 
   74    1    1    1    1    1    1    1    7    8  9.40038E+03 0.00438 
   75    1    1    1    1    1    1    1    7    9  9.15931E+03 0.00437 
   76    1    1    1    1    1    1    1    7   10  0.00000E+00 0.00000 
   77    1    1    1    1    1    1    1    7   11  9.07198E+03 0.00441 
   78    1    1    1    1    1    1    1    8    1  9.78451E+03 0.00434 
   79    1    1    1    1    1    1    1    8    2  0.00000E+00 0.00000 
   80    1    1    1    1    1    1    1    8    3  9.53209E+03 0.00419 
   81    1    1    1    1    1    1    1    8    4  9.51918E+03 0.00431 
   82    1    1    1    1    1    1    1    8    5  0.00000E+00 0.00000 
   83    1    1    1    1    1    1    1    8    6  9.53697E+03 0.00430 
   84    1    1    1    1    1    1    1    8    7  9.60156E+03 0.00437 
   85    1    1    1    1    1    1    1    8    8  0.00000E+00 0.00000 
   86    1    1    1    1    1    1    1    8    9  9.29300E+03 0.00441 
   87    1    1    1    1    1    1    1    8   10  9.02595E+03 0.00446 
   88    1    1    1    1    1    1    1    8   11  0.00000E+00 0.00000 
   89    1    1    1    1    1    1    1    9    1  9.45970E+03 0.00428 
   90    1    1    1    1    1    1    1    9    2  9.36445E+03 0.00437 
   91    1    1    1    1    1    1    1    9    3  0.00000E+00 0.00000 
   92    1    1    1    1    1    1    1    9    4  9.34938E+03 0.00433 
   93    1    1    1    1    1    1    1    9    5  9.56440E+03 0.00435 
   94    1    1    1    1    1    1    1    9    6  0.00000E+00 0.00000 
   95    1    1    1    1    1    1    1    9    7  0.00000E+00 0.00000 
   96    1    1    1    1    1    1    1    9    8  9.57752E+03 0.00439 
   97    1    1    1    1    1    1    1    9    9  0.00000E+00 0.00000 
   98    1    1    1    1    1    1    1    9   10  8.81670E+03 0.00443 
   99    1    1    1    1    1    1    1    9   11  8.57475E+03 0.00460 
  100    1    1    1    1    1    1    1   10    1  0.00000E+00 0.00000 
  101    1    1    1    1    1    1    1   10    2  9.22254E+03 0.00425 
  102    1    1    1    1    1    1    1   10    3  9.26603E+03 0.00435 
  103    1    1    1    1    1    1    1   10    4  0.00000E+00 0.00000 
  104    1    1    1    1    1    1    1   10    5  0.00000E+00 0.00000 
  105    1    1    1    1    1    1    1   10    6  9.75662E+03 0.00426 
  106    1    1    1    1    1    1    1   10    7  0.00000E+00 0.00000 
  107    1    1    1    1    1    1    1   10    8  0.00000E+00 0.00000 
  108    1    1    1    1    1    1    1   10    9  8.94740E+03 0.00453 
  109    1    1    1    1    1    1    1   10   10  0.00000E+00 0.00000 
