
DETassem1 = [
    1    1    1    1    1    1    1    1    1    1  0.00000E+00 0.00000 
    2    1    1    1    1    1    1    1    1    2  0.00000E+00 0.00000 
    3    1    1    1    1    1    1    1    1    3  0.00000E+00 0.00000 
    4    1    1    1    1    1    1    1    1    4  0.00000E+00 0.00000 
    5    1    1    1    1    1    1    1    1    5  0.00000E+00 0.00000 
    6    1    1    1    1    1    1    1    1    6  0.00000E+00 0.00000 
    7    1    1    1    1    1    1    1    1    7  0.00000E+00 0.00000 
    8    1    1    1    1    1    1    1    1    8  1.80831E+04 0.00349 
    9    1    1    1    1    1    1    1    1    9  1.41904E+04 0.00385 
   10    1    1    1    1    1    1    1    1   10  0.00000E+00 0.00000 
   11    1    1    1    1    1    1    1    1   11  1.06116E+04 0.00420 
   12    1    1    1    1    1    1    1    2    1  1.92641E+04 0.00344 
   13    1    1    1    1    1    1    1    2    2  0.00000E+00 0.00000 
   14    1    1    1    1    1    1    1    2    3  0.00000E+00 0.00000 
   15    1    1    1    1    1    1    1    2    4  0.00000E+00 0.00000 
   16    1    1    1    1    1    1    1    2    5  0.00000E+00 0.00000 
   17    1    1    1    1    1    1    1    2    6  1.93669E+04 0.00338 
   18    1    1    1    1    1    1    1    2    7  1.58459E+04 0.00373 
   19    1    1    1    1    1    1    1    2    8  0.00000E+00 0.00000 
   20    1    1    1    1    1    1    1    2    9  1.16798E+04 0.00402 
   21    1    1    1    1    1    1    1    2   10  1.05816E+04 0.00424 
   22    1    1    1    1    1    1    1    2   11  0.00000E+00 0.00000 
   23    1    1    1    1    1    1    1    3    1  1.59129E+04 0.00372 
   24    1    1    1    1    1    1    1    3    2  1.80198E+04 0.00350 
   25    1    1    1    1    1    1    1    3    3  0.00000E+00 0.00000 
   26    1    1    1    1    1    1    1    3    4  1.81261E+04 0.00351 
   27    1    1    1    1    1    1    1    3    5  1.58704E+04 0.00364 
   28    1    1    1    1    1    1    1    3    6  0.00000E+00 0.00000 
   29    1    1    1    1    1    1    1    3    7  1.23959E+04 0.00398 
   30    1    1    1    1    1    1    1    3    8  1.12974E+04 0.00420 
   31    1    1    1    1    1    1    1    3    9  0.00000E+00 0.00000 
   32    1    1    1    1    1    1    1    3   10  9.93508E+03 0.00430 
   33    1    1    1    1    1    1    1    3   11  9.51178E+03 0.00432 
   34    1    1    1    1    1    1    1    4    1  0.00000E+00 0.00000 
   35    1    1    1    1    1    1    1    4    2  1.42494E+04 0.00386 
   36    1    1    1    1    1    1    1    4    3  1.41786E+04 0.00370 
   37    1    1    1    1    1    1    1    4    4  0.00000E+00 0.00000 
   38    1    1    1    1    1    1    1    4    5  1.23302E+04 0.00397 
   39    1    1    1    1    1    1    1    4    6  1.15309E+04 0.00414 
   40    1    1    1    1    1    1    1    4    7  0.00000E+00 0.00000 
   41    1    1    1    1    1    1    1    4    8  1.01060E+04 0.00417 
   42    1    1    1    1    1    1    1    4    9  9.71002E+03 0.00433 
   43    1    1    1    1    1    1    1    4   10  0.00000E+00 0.00000 
   44    1    1    1    1    1    1    1    4   11  9.38604E+03 0.00448 
   45    1    1    1    1    1    1    1    5    1  1.16992E+04 0.00408 
   46    1    1    1    1    1    1    1    5    2  0.00000E+00 0.00000 
   47    1    1    1    1    1    1    1    5    3  1.16696E+04 0.00410 
   48    1    1    1    1    1    1    1    5    4  1.12881E+04 0.00404 
   49    1    1    1    1    1    1    1    5    5  0.00000E+00 0.00000 
   50    1    1    1    1    1    1    1    5    6  1.02090E+04 0.00418 
   51    1    1    1    1    1    1    1    5    7  9.76275E+03 0.00419 
   52    1    1    1    1    1    1    1    5    8  0.00000E+00 0.00000 
   53    1    1    1    1    1    1    1    5    9  9.40720E+03 0.00424 
   54    1    1    1    1    1    1    1    5   10  9.52774E+03 0.00439 
   55    1    1    1    1    1    1    1    5   11  0.00000E+00 0.00000 
   56    1    1    1    1    1    1    1    6    1  1.06661E+04 0.00413 
   57    1    1    1    1    1    1    1    6    2  1.06400E+04 0.00411 
   58    1    1    1    1    1    1    1    6    3  0.00000E+00 0.00000 
   59    1    1    1    1    1    1    1    6    4  1.00895E+04 0.00435 
   60    1    1    1    1    1    1    1    6    5  9.85089E+03 0.00421 
   61    1    1    1    1    1    1    1    6    6  0.00000E+00 0.00000 
   62    1    1    1    1    1    1    1    6    7  9.33045E+03 0.00437 
   63    1    1    1    1    1    1    1    6    8  9.22944E+03 0.00444 
   64    1    1    1    1    1    1    1    6    9  0.00000E+00 0.00000 
   65    1    1    1    1    1    1    1    6   10  0.00000E+00 0.00000 
   66    1    1    1    1    1    1    1    6   11  9.55760E+03 0.00433 
   67    1    1    1    1    1    1    1    7    1  0.00000E+00 0.00000 
   68    1    1    1    1    1    1    1    7    2  9.80021E+03 0.00429 
   69    1    1    1    1    1    1    1    7    3  9.80784E+03 0.00427 
   70    1    1    1    1    1    1    1    7    4  0.00000E+00 0.00000 
   71    1    1    1    1    1    1    1    7    5  9.36889E+03 0.00434 
   72    1    1    1    1    1    1    1    7    6  9.22513E+03 0.00441 
   73    1    1    1    1    1    1    1    7    7  0.00000E+00 0.00000 
   74    1    1    1    1    1    1    1    7    8  9.03648E+03 0.00445 
   75    1    1    1    1    1    1    1    7    9  9.18647E+03 0.00440 
   76    1    1    1    1    1    1    1    7   10  0.00000E+00 0.00000 
   77    1    1    1    1    1    1    1    7   11  9.13416E+03 0.00447 
   78    1    1    1    1    1    1    1    8    1  9.52579E+03 0.00428 
   79    1    1    1    1    1    1    1    8    2  0.00000E+00 0.00000 
   80    1    1    1    1    1    1    1    8    3  9.46834E+03 0.00432 
   81    1    1    1    1    1    1    1    8    4  9.26701E+03 0.00431 
   82    1    1    1    1    1    1    1    8    5  0.00000E+00 0.00000 
   83    1    1    1    1    1    1    1    8    6  8.88468E+03 0.00444 
   84    1    1    1    1    1    1    1    8    7  8.84844E+03 0.00437 
   85    1    1    1    1    1    1    1    8    8  0.00000E+00 0.00000 
   86    1    1    1    1    1    1    1    8    9  8.94258E+03 0.00439 
   87    1    1    1    1    1    1    1    8   10  8.98041E+03 0.00448 
   88    1    1    1    1    1    1    1    8   11  0.00000E+00 0.00000 
   89    1    1    1    1    1    1    1    9    1  9.47191E+03 0.00419 
   90    1    1    1    1    1    1    1    9    2  9.51147E+03 0.00430 
   91    1    1    1    1    1    1    1    9    3  0.00000E+00 0.00000 
   92    1    1    1    1    1    1    1    9    4  9.08392E+03 0.00437 
   93    1    1    1    1    1    1    1    9    5  8.92883E+03 0.00448 
   94    1    1    1    1    1    1    1    9    6  0.00000E+00 0.00000 
   95    1    1    1    1    1    1    1    9    7  8.59246E+03 0.00447 
   96    1    1    1    1    1    1    1    9    8  8.62892E+03 0.00465 
   97    1    1    1    1    1    1    1    9    9  0.00000E+00 0.00000 
   98    1    1    1    1    1    1    1    9   10  8.87189E+03 0.00451 
   99    1    1    1    1    1    1    1    9   11  0.00000E+00 0.00000 
  100    1    1    1    1    1    1    1   10    1  0.00000E+00 0.00000 
  101    1    1    1    1    1    1    1   10    2  0.00000E+00 0.00000 
  102    1    1    1    1    1    1    1   10    3  9.19286E+03 0.00444 
  103    1    1    1    1    1    1    1   10    4  0.00000E+00 0.00000 
  104    1    1    1    1    1    1    1   10    5  8.74079E+03 0.00449 
  105    1    1    1    1    1    1    1   10    6  8.53570E+03 0.00439 
  106    1    1    1    1    1    1    1   10    7  0.00000E+00 0.00000 
  107    1    1    1    1    1    1    1   10    8  8.37988E+03 0.00459 
  108    1    1    1    1    1    1    1   10    9  8.38349E+03 0.00451 
  109    1    1    1    1    1    1    1   10   10  0.00000E+00 0.00000 
