
DETassem1 = [
    1    1    1    1    1    1    1    1    1    1  0.00000E+00 0.00000 
    2    1    1    1    1    1    1    1    1    2  0.00000E+00 0.00000 
    3    1    1    1    1    1    1    1    1    3  0.00000E+00 0.00000 
    4    1    1    1    1    1    1    1    1    4  0.00000E+00 0.00000 
    5    1    1    1    1    1    1    1    1    5  0.00000E+00 0.00000 
    6    1    1    1    1    1    1    1    1    6  0.00000E+00 0.00000 
    7    1    1    1    1    1    1    1    1    7  0.00000E+00 0.00000 
    8    1    1    1    1    1    1    1    1    8  1.89422E+04 0.00365 
    9    1    1    1    1    1    1    1    1    9  1.48311E+04 0.00391 
   10    1    1    1    1    1    1    1    1   10  0.00000E+00 0.00000 
   11    1    1    1    1    1    1    1    1   11  0.00000E+00 0.00000 
   12    1    1    1    1    1    1    1    2    1  2.03599E+04 0.00359 
   13    1    1    1    1    1    1    1    2    2  0.00000E+00 0.00000 
   14    1    1    1    1    1    1    1    2    3  0.00000E+00 0.00000 
   15    1    1    1    1    1    1    1    2    4  0.00000E+00 0.00000 
   16    1    1    1    1    1    1    1    2    5  0.00000E+00 0.00000 
   17    1    1    1    1    1    1    1    2    6  2.03011E+04 0.00352 
   18    1    1    1    1    1    1    1    2    7  1.63823E+04 0.00383 
   19    1    1    1    1    1    1    1    2    8  0.00000E+00 0.00000 
   20    1    1    1    1    1    1    1    2    9  1.24493E+04 0.00405 
   21    1    1    1    1    1    1    1    2   10  0.00000E+00 0.00000 
   22    1    1    1    1    1    1    1    2   11  0.00000E+00 0.00000 
   23    1    1    1    1    1    1    1    3    1  1.62927E+04 0.00372 
   24    1    1    1    1    1    1    1    3    2  1.89358E+04 0.00363 
   25    1    1    1    1    1    1    1    3    3  0.00000E+00 0.00000 
   26    1    1    1    1    1    1    1    3    4  1.89833E+04 0.00365 
   27    1    1    1    1    1    1    1    3    5  1.63669E+04 0.00380 
   28    1    1    1    1    1    1    1    3    6  0.00000E+00 0.00000 
   29    1    1    1    1    1    1    1    3    7  1.25849E+04 0.00416 
   30    1    1    1    1    1    1    1    3    8  1.14644E+04 0.00420 
   31    1    1    1    1    1    1    1    3    9  0.00000E+00 0.00000 
   32    1    1    1    1    1    1    1    3   10  1.03631E+04 0.00442 
   33    1    1    1    1    1    1    1    3   11  9.72221E+03 0.00446 
   34    1    1    1    1    1    1    1    4    1  0.00000E+00 0.00000 
   35    1    1    1    1    1    1    1    4    2  1.47967E+04 0.00396 
   36    1    1    1    1    1    1    1    4    3  1.48409E+04 0.00395 
   37    1    1    1    1    1    1    1    4    4  0.00000E+00 0.00000 
   38    1    1    1    1    1    1    1    4    5  1.25262E+04 0.00415 
   39    1    1    1    1    1    1    1    4    6  1.15224E+04 0.00426 
   40    1    1    1    1    1    1    1    4    7  0.00000E+00 0.00000 
   41    1    1    1    1    1    1    1    4    8  1.02368E+04 0.00437 
   42    1    1    1    1    1    1    1    4    9  9.79727E+03 0.00444 
   43    1    1    1    1    1    1    1    4   10  0.00000E+00 0.00000 
   44    1    1    1    1    1    1    1    4   11  9.22271E+03 0.00461 
   45    1    1    1    1    1    1    1    5    1  1.24840E+04 0.00422 
   46    1    1    1    1    1    1    1    5    2  0.00000E+00 0.00000 
   47    1    1    1    1    1    1    1    5    3  1.24519E+04 0.00414 
   48    1    1    1    1    1    1    1    5    4  1.15330E+04 0.00427 
   49    1    1    1    1    1    1    1    5    5  0.00000E+00 0.00000 
   50    1    1    1    1    1    1    1    5    6  1.01261E+04 0.00438 
   51    1    1    1    1    1    1    1    5    7  9.70414E+03 0.00455 
   52    1    1    1    1    1    1    1    5    8  0.00000E+00 0.00000 
   53    1    1    1    1    1    1    1    5    9  9.17167E+03 0.00459 
   54    1    1    1    1    1    1    1    5   10  9.02145E+03 0.00454 
   55    1    1    1    1    1    1    1    5   11  0.00000E+00 0.00000 
   56    1    1    1    1    1    1    1    6    1  0.00000E+00 0.00000 
   57    1    1    1    1    1    1    1    6    2  0.00000E+00 0.00000 
   58    1    1    1    1    1    1    1    6    3  0.00000E+00 0.00000 
   59    1    1    1    1    1    1    1    6    4  1.01102E+04 0.00434 
   60    1    1    1    1    1    1    1    6    5  9.72540E+03 0.00447 
   61    1    1    1    1    1    1    1    6    6  0.00000E+00 0.00000 
   62    1    1    1    1    1    1    1    6    7  9.14063E+03 0.00455 
   63    1    1    1    1    1    1    1    6    8  8.93443E+03 0.00444 
   64    1    1    1    1    1    1    1    6    9  0.00000E+00 0.00000 
   65    1    1    1    1    1    1    1    6   10  8.84931E+03 0.00470 
   66    1    1    1    1    1    1    1    6   11  9.03498E+03 0.00464 
   67    1    1    1    1    1    1    1    7    1  0.00000E+00 0.00000 
   68    1    1    1    1    1    1    1    7    2  1.05009E+04 0.00432 
   69    1    1    1    1    1    1    1    7    3  9.80211E+03 0.00441 
   70    1    1    1    1    1    1    1    7    4  0.00000E+00 0.00000 
   71    1    1    1    1    1    1    1    7    5  9.11109E+03 0.00459 
   72    1    1    1    1    1    1    1    7    6  8.91836E+03 0.00456 
   73    1    1    1    1    1    1    1    7    7  0.00000E+00 0.00000 
   74    1    1    1    1    1    1    1    7    8  8.62206E+03 0.00464 
   75    1    1    1    1    1    1    1    7    9  8.73199E+03 0.00457 
   76    1    1    1    1    1    1    1    7   10  0.00000E+00 0.00000 
   77    1    1    1    1    1    1    1    7   11  8.99910E+03 0.00455 
   78    1    1    1    1    1    1    1    8    1  9.64797E+03 0.00448 
   79    1    1    1    1    1    1    1    8    2  0.00000E+00 0.00000 
   80    1    1    1    1    1    1    1    8    3  9.21657E+03 0.00447 
   81    1    1    1    1    1    1    1    8    4  8.95715E+03 0.00466 
   82    1    1    1    1    1    1    1    8    5  0.00000E+00 0.00000 
   83    1    1    1    1    1    1    1    8    6  8.63779E+03 0.00466 
   84    1    1    1    1    1    1    1    8    7  8.57090E+03 0.00463 
   85    1    1    1    1    1    1    1    8    8  0.00000E+00 0.00000 
   86    1    1    1    1    1    1    1    8    9  8.80957E+03 0.00456 
   87    1    1    1    1    1    1    1    8   10  0.00000E+00 0.00000 
   88    1    1    1    1    1    1    1    8   11  0.00000E+00 0.00000 
   89    1    1    1    1    1    1    1    9    1  9.22516E+03 0.00458 
   90    1    1    1    1    1    1    1    9    2  8.92911E+03 0.00459 
   91    1    1    1    1    1    1    1    9    3  0.00000E+00 0.00000 
   92    1    1    1    1    1    1    1    9    4  8.74443E+03 0.00463 
   93    1    1    1    1    1    1    1    9    5  8.53946E+03 0.00462 
   94    1    1    1    1    1    1    1    9    6  0.00000E+00 0.00000 
   95    1    1    1    1    1    1    1    9    7  8.39673E+03 0.00473 
   96    1    1    1    1    1    1    1    9    8  8.38951E+03 0.00460 
   97    1    1    1    1    1    1    1    9    9  0.00000E+00 0.00000 
   98    1    1    1    1    1    1    1    9   10  8.61418E+03 0.00476 
   99    1    1    1    1    1    1    1    9   11  8.35303E+03 0.00472 
  100    1    1    1    1    1    1    1   10    1  0.00000E+00 0.00000 
  101    1    1    1    1    1    1    1   10    2  8.87417E+03 0.00469 
  102    1    1    1    1    1    1    1   10    3  8.85832E+03 0.00460 
  103    1    1    1    1    1    1    1   10    4  0.00000E+00 0.00000 
  104    1    1    1    1    1    1    1   10    5  8.39455E+03 0.00468 
  105    1    1    1    1    1    1    1   10    6  8.30796E+03 0.00469 
  106    1    1    1    1    1    1    1   10    7  0.00000E+00 0.00000 
  107    1    1    1    1    1    1    1   10    8  8.21141E+03 0.00479 
  108    1    1    1    1    1    1    1   10    9  8.23265E+03 0.00468 
  109    1    1    1    1    1    1    1   10   10  0.00000E+00 0.00000 
