
DETassem1 = [
    1    1    1    1    1    1    1    1    1    1  0.00000E+00 0.00000 
    2    1    1    1    1    1    1    1    1    2  0.00000E+00 0.00000 
    3    1    1    1    1    1    1    1    1    3  0.00000E+00 0.00000 
    4    1    1    1    1    1    1    1    1    4  0.00000E+00 0.00000 
    5    1    1    1    1    1    1    1    1    5  0.00000E+00 0.00000 
    6    1    1    1    1    1    1    1    1    6  0.00000E+00 0.00000 
    7    1    1    1    1    1    1    1    1    7  0.00000E+00 0.00000 
    8    1    1    1    1    1    1    1    1    8  1.86401E+04 0.00348 
    9    1    1    1    1    1    1    1    1    9  1.48085E+04 0.00368 
   10    1    1    1    1    1    1    1    1   10  0.00000E+00 0.00000 
   11    1    1    1    1    1    1    1    1   11  1.17663E+04 0.00406 
   12    1    1    1    1    1    1    1    2    1  2.01239E+04 0.00339 
   13    1    1    1    1    1    1    1    2    2  0.00000E+00 0.00000 
   14    1    1    1    1    1    1    1    2    3  0.00000E+00 0.00000 
   15    1    1    1    1    1    1    1    2    4  0.00000E+00 0.00000 
   16    1    1    1    1    1    1    1    2    5  0.00000E+00 0.00000 
   17    1    1    1    1    1    1    1    2    6  1.99678E+04 0.00337 
   18    1    1    1    1    1    1    1    2    7  1.64247E+04 0.00370 
   19    1    1    1    1    1    1    1    2    8  0.00000E+00 0.00000 
   20    1    1    1    1    1    1    1    2    9  1.23007E+04 0.00397 
   21    1    1    1    1    1    1    1    2   10  1.17044E+04 0.00409 
   22    1    1    1    1    1    1    1    2   11  0.00000E+00 0.00000 
   23    1    1    1    1    1    1    1    3    1  1.64842E+04 0.00364 
   24    1    1    1    1    1    1    1    3    2  1.88018E+04 0.00348 
   25    1    1    1    1    1    1    1    3    3  0.00000E+00 0.00000 
   26    1    1    1    1    1    1    1    3    4  1.87308E+04 0.00349 
   27    1    1    1    1    1    1    1    3    5  1.65145E+04 0.00360 
   28    1    1    1    1    1    1    1    3    6  0.00000E+00 0.00000 
   29    1    1    1    1    1    1    1    3    7  1.29347E+04 0.00390 
   30    1    1    1    1    1    1    1    3    8  1.19550E+04 0.00403 
   31    1    1    1    1    1    1    1    3    9  0.00000E+00 0.00000 
   32    1    1    1    1    1    1    1    3   10  0.00000E+00 0.00000 
   33    1    1    1    1    1    1    1    3   11  1.06099E+04 0.00419 
   34    1    1    1    1    1    1    1    4    1  0.00000E+00 0.00000 
   35    1    1    1    1    1    1    1    4    2  1.48705E+04 0.00376 
   36    1    1    1    1    1    1    1    4    3  1.47239E+04 0.00381 
   37    1    1    1    1    1    1    1    4    4  0.00000E+00 0.00000 
   38    1    1    1    1    1    1    1    4    5  1.29063E+04 0.00388 
   39    1    1    1    1    1    1    1    4    6  1.20680E+04 0.00397 
   40    1    1    1    1    1    1    1    4    7  0.00000E+00 0.00000 
   41    1    1    1    1    1    1    1    4    8  1.09101E+04 0.00411 
   42    1    1    1    1    1    1    1    4    9  1.06452E+04 0.00410 
   43    1    1    1    1    1    1    1    4   10  0.00000E+00 0.00000 
   44    1    1    1    1    1    1    1    4   11  1.02676E+04 0.00430 
   45    1    1    1    1    1    1    1    5    1  1.24792E+04 0.00394 
   46    1    1    1    1    1    1    1    5    2  0.00000E+00 0.00000 
   47    1    1    1    1    1    1    1    5    3  1.24114E+04 0.00401 
   48    1    1    1    1    1    1    1    5    4  1.19459E+04 0.00407 
   49    1    1    1    1    1    1    1    5    5  0.00000E+00 0.00000 
   50    1    1    1    1    1    1    1    5    6  1.07694E+04 0.00416 
   51    1    1    1    1    1    1    1    5    7  1.04004E+04 0.00420 
   52    1    1    1    1    1    1    1    5    8  0.00000E+00 0.00000 
   53    1    1    1    1    1    1    1    5    9  1.00552E+04 0.00422 
   54    1    1    1    1    1    1    1    5   10  1.00824E+04 0.00434 
   55    1    1    1    1    1    1    1    5   11  0.00000E+00 0.00000 
   56    1    1    1    1    1    1    1    6    1  1.17442E+04 0.00397 
   57    1    1    1    1    1    1    1    6    2  1.17701E+04 0.00407 
   58    1    1    1    1    1    1    1    6    3  0.00000E+00 0.00000 
   59    1    1    1    1    1    1    1    6    4  1.07611E+04 0.00414 
   60    1    1    1    1    1    1    1    6    5  1.03894E+04 0.00409 
   61    1    1    1    1    1    1    1    6    6  0.00000E+00 0.00000 
   62    1    1    1    1    1    1    1    6    7  9.91364E+03 0.00429 
   63    1    1    1    1    1    1    1    6    8  9.78151E+03 0.00423 
   64    1    1    1    1    1    1    1    6    9  0.00000E+00 0.00000 
   65    1    1    1    1    1    1    1    6   10  1.02141E+04 0.00419 
   66    1    1    1    1    1    1    1    6   11  0.00000E+00 0.00000 
   67    1    1    1    1    1    1    1    7    1  0.00000E+00 0.00000 
   68    1    1    1    1    1    1    1    7    2  0.00000E+00 0.00000 
   69    1    1    1    1    1    1    1    7    3  1.06926E+04 0.00409 
   70    1    1    1    1    1    1    1    7    4  0.00000E+00 0.00000 
   71    1    1    1    1    1    1    1    7    5  9.86259E+03 0.00423 
   72    1    1    1    1    1    1    1    7    6  9.67600E+03 0.00425 
   73    1    1    1    1    1    1    1    7    7  0.00000E+00 0.00000 
   74    1    1    1    1    1    1    1    7    8  9.65685E+03 0.00430 
   75    1    1    1    1    1    1    1    7    9  9.90136E+03 0.00430 
   76    1    1    1    1    1    1    1    7   10  0.00000E+00 0.00000 
   77    1    1    1    1    1    1    1    7   11  0.00000E+00 0.00000 
   78    1    1    1    1    1    1    1    8    1  1.06844E+04 0.00425 
   79    1    1    1    1    1    1    1    8    2  0.00000E+00 0.00000 
   80    1    1    1    1    1    1    1    8    3  1.00373E+04 0.00425 
   81    1    1    1    1    1    1    1    8    4  9.82227E+03 0.00439 
   82    1    1    1    1    1    1    1    8    5  0.00000E+00 0.00000 
   83    1    1    1    1    1    1    1    8    6  9.45289E+03 0.00442 
   84    1    1    1    1    1    1    1    8    7  9.50076E+03 0.00427 
   85    1    1    1    1    1    1    1    8    8  0.00000E+00 0.00000 
   86    1    1    1    1    1    1    1    8    9  1.01136E+04 0.00424 
   87    1    1    1    1    1    1    1    8   10  0.00000E+00 0.00000 
   88    1    1    1    1    1    1    1    8   11  0.00000E+00 0.00000 
   89    1    1    1    1    1    1    1    9    1  1.01792E+04 0.00414 
   90    1    1    1    1    1    1    1    9    2  1.00942E+04 0.00415 
   91    1    1    1    1    1    1    1    9    3  0.00000E+00 0.00000 
   92    1    1    1    1    1    1    1    9    4  9.56849E+03 0.00419 
   93    1    1    1    1    1    1    1    9    5  9.42022E+03 0.00432 
   94    1    1    1    1    1    1    1    9    6  0.00000E+00 0.00000 
   95    1    1    1    1    1    1    1    9    7  9.50121E+03 0.00443 
   96    1    1    1    1    1    1    1    9    8  9.82572E+03 0.00422 
   97    1    1    1    1    1    1    1    9    9  0.00000E+00 0.00000 
   98    1    1    1    1    1    1    1    9   10  9.80287E+03 0.00437 
   99    1    1    1    1    1    1    1    9   11  9.27528E+03 0.00439 
  100    1    1    1    1    1    1    1   10    1  0.00000E+00 0.00000 
  101    1    1    1    1    1    1    1   10    2  1.02490E+04 0.00422 
  102    1    1    1    1    1    1    1   10    3  9.86474E+03 0.00433 
  103    1    1    1    1    1    1    1   10    4  0.00000E+00 0.00000 
  104    1    1    1    1    1    1    1   10    5  9.57287E+03 0.00422 
  105    1    1    1    1    1    1    1   10    6  9.43570E+03 0.00439 
  106    1    1    1    1    1    1    1   10    7  0.00000E+00 0.00000 
  107    1    1    1    1    1    1    1   10    8  0.00000E+00 0.00000 
  108    1    1    1    1    1    1    1   10    9  9.56674E+03 0.00433 
  109    1    1    1    1    1    1    1   10   10  0.00000E+00 0.00000 
