
ZAI = [
922350
922380
666
0
];

NAMES = [
'U235            '
'U238            '
'lost            '
'total           '
];

i922350 = 1; iU235             = 1;
i922380 = 2; iU238             = 2;
iLOST    = 3;
iTOT     = 4;

MAT_un_VOLUME = [ 2.41970E+05 2.41970E+05 ];

MAT_un_BURNUP = [ 0.00000E+00 4.73726E+01 ];

MAT_un_ADENS = [
4.83387E-03 3.39144E-03 % U235
1.93936E-02 1.88292E-02 % U238
0.00000E+00 3.72055E-30 % lost data
7.26897E-02 7.39184E-02 % total
];

MAT_un_MDENS = [
1.88669E+00 1.32370E+00 % U235
7.66628E+00 7.44316E+00 % U238
0.00000E+00 0.00000E+00 % lost data
1.08000E+01 1.07984E+01 % total
];

MAT_un_A = [
3.65031E+10 2.56105E+10 % U235
2.30696E+10 2.23981E+10 % U238
0.00000E+00 0.00000E+00 % lost data
5.95726E+10 3.25635E+18 % total
];

MAT_un_H = [
2.73642E-02 1.91987E-02 % U235
1.57828E-02 1.53235E-02 % U238
0.00000E+00 0.00000E+00 % lost data
4.31470E-02 9.60038E+05 % total
];

MAT_un_SF = [
2.62822E+00 1.84396E+00 % U235
1.25960E+04 1.22294E+04 % U238
0.00000E+00 0.00000E+00 % lost data
1.25986E+04 1.32960E+08 % total
];

MAT_un_GSRC = [
4.61219E+10 3.23591E+10 % U235
2.04289E+09 1.98343E+09 % U238
0.00000E+00 0.00000E+00 % lost data
4.81648E+10 3.49525E+18 % total
];

MAT_un_ING_TOX = [
1.71564E+03 1.20369E+03 % U235
1.03813E+03 1.00792E+03 % U238
0.00000E+00 0.00000E+00 % lost data
2.75377E+03 2.24725E+09 % total
];

MAT_un_INH_TOX = [
3.10276E+05 2.17689E+05 % U235
1.84556E+05 1.79185E+05 % U238
0.00000E+00 0.00000E+00 % lost data
4.94832E+05 8.82489E+10 % total
];

TOT_VOLUME = [ 2.41970E+05 2.41970E+05 ];

TOT_BURNUP = [ 0.00000E+00 4.73726E+01 ];

TOT_ADENS = [
4.83387E-03 3.39144E-03 % U235
1.93936E-02 1.88292E-02 % U238
0.00000E+00 3.72055E-30 % lost data
7.26897E-02 7.39184E-02 % total
];

TOT_MASS = [
4.56522E+05 3.20296E+05 % U235
1.85501E+06 1.80102E+06 % U238
0.00000E+00 0.00000E+00 % lost data
2.61328E+06 2.61289E+06 % total
];

TOT_A = [
3.65031E+10 2.56105E+10 % U235
2.30696E+10 2.23981E+10 % U238
0.00000E+00 0.00000E+00 % lost data
5.95726E+10 3.25635E+18 % total
];

TOT_H = [
2.73642E-02 1.91987E-02 % U235
1.57828E-02 1.53235E-02 % U238
0.00000E+00 0.00000E+00 % lost data
4.31470E-02 9.60038E+05 % total
];

TOT_SF = [
2.62822E+00 1.84396E+00 % U235
1.25960E+04 1.22294E+04 % U238
0.00000E+00 0.00000E+00 % lost data
1.25986E+04 1.32960E+08 % total
];

TOT_GSRC = [
4.61219E+10 3.23591E+10 % U235
2.04289E+09 1.98343E+09 % U238
0.00000E+00 0.00000E+00 % lost data
4.81648E+10 3.49525E+18 % total
];

TOT_ING_TOX = [
1.71564E+03 1.20369E+03 % U235
1.03813E+03 1.00792E+03 % U238
0.00000E+00 0.00000E+00 % lost data
2.75377E+03 2.24725E+09 % total
];

TOT_INH_TOX = [
3.10276E+05 2.17689E+05 % U235
1.84556E+05 1.79185E+05 % U238
0.00000E+00 0.00000E+00 % lost data
4.94832E+05 8.82489E+10 % total
];

BU = [ 0.00000E+00 4.73712E+01 ];

DAYS = [ 0.00000E+00 7.30000E+03 ];
