
ZAI = [
922350
922380
666
0
];

NAMES = [
'U235            '
'U238            '
'lost            '
'total           '
];

i922350 = 1; iU235             = 1;
i922380 = 2; iU238             = 2;
iLOST    = 3;
iTOT     = 4;

MAT_un_VOLUME = [ 2.53626E+05 2.53626E+05 ];

MAT_un_BURNUP = [ 0.00000E+00 4.51956E+01 ];

MAT_un_ADENS = [
4.83387E-03 3.44827E-03 % U235
1.93936E-02 1.88407E-02 % U238
0.00000E+00 4.59233E-30 % lost data
7.26897E-02 7.38615E-02 % total
];

MAT_un_MDENS = [
1.88669E+00 1.34588E+00 % U235
7.66628E+00 7.44770E+00 % U238
0.00000E+00 0.00000E+00 % lost data
1.08000E+01 1.07985E+01 % total
];

MAT_un_A = [
3.82614E+10 2.72940E+10 % U235
2.41808E+10 2.34914E+10 % U238
0.00000E+00 0.00000E+00 % lost data
6.24422E+10 3.27024E+18 % total
];

MAT_un_H = [
2.86823E-02 2.04607E-02 % U235
1.65431E-02 1.60714E-02 % U238
0.00000E+00 0.00000E+00 % lost data
4.52254E-02 9.62478E+05 % total
];

MAT_un_SF = [
2.75482E+00 1.96517E+00 % U235
1.32027E+04 1.28263E+04 % U238
0.00000E+00 0.00000E+00 % lost data
1.32055E+04 1.18398E+08 % total
];

MAT_un_GSRC = [
4.83436E+10 3.44862E+10 % U235
2.14130E+09 2.08025E+09 % U238
0.00000E+00 0.00000E+00 % lost data
5.04849E+10 3.51285E+18 % total
];

MAT_un_ING_TOX = [
1.79829E+03 1.28282E+03 % U235
1.08814E+03 1.05711E+03 % U238
0.00000E+00 0.00000E+00 % lost data
2.88642E+03 2.24241E+09 % total
];

MAT_un_INH_TOX = [
3.25222E+05 2.31999E+05 % U235
1.93447E+05 1.87931E+05 % U238
0.00000E+00 0.00000E+00 % lost data
5.18669E+05 8.44142E+10 % total
];

TOT_VOLUME = [ 2.53626E+05 2.53626E+05 ];

TOT_BURNUP = [ 0.00000E+00 4.51956E+01 ];

TOT_ADENS = [
4.83387E-03 3.44827E-03 % U235
1.93936E-02 1.88407E-02 % U238
0.00000E+00 4.59233E-30 % lost data
7.26897E-02 7.38615E-02 % total
];

TOT_MASS = [
4.78513E+05 3.41350E+05 % U235
1.94437E+06 1.88893E+06 % U238
0.00000E+00 0.00000E+00 % lost data
2.73916E+06 2.73878E+06 % total
];

TOT_A = [
3.82614E+10 2.72940E+10 % U235
2.41808E+10 2.34914E+10 % U238
0.00000E+00 0.00000E+00 % lost data
6.24422E+10 3.27024E+18 % total
];

TOT_H = [
2.86823E-02 2.04607E-02 % U235
1.65431E-02 1.60714E-02 % U238
0.00000E+00 0.00000E+00 % lost data
4.52254E-02 9.62478E+05 % total
];

TOT_SF = [
2.75482E+00 1.96517E+00 % U235
1.32027E+04 1.28263E+04 % U238
0.00000E+00 0.00000E+00 % lost data
1.32055E+04 1.18398E+08 % total
];

TOT_GSRC = [
4.83436E+10 3.44862E+10 % U235
2.14130E+09 2.08025E+09 % U238
0.00000E+00 0.00000E+00 % lost data
5.04849E+10 3.51285E+18 % total
];

TOT_ING_TOX = [
1.79829E+03 1.28282E+03 % U235
1.08814E+03 1.05711E+03 % U238
0.00000E+00 0.00000E+00 % lost data
2.88642E+03 2.24241E+09 % total
];

TOT_INH_TOX = [
3.25222E+05 2.31999E+05 % U235
1.93447E+05 1.87931E+05 % U238
0.00000E+00 0.00000E+00 % lost data
5.18669E+05 8.44142E+10 % total
];

BU = [ 0.00000E+00 4.51942E+01 ];

DAYS = [ 0.00000E+00 7.30000E+03 ];
