
DETassem1 = [
    1    1    1    1    1    1    1    1    1    1  0.00000E+00 0.00000 
    2    1    1    1    1    1    1    1    1    2  0.00000E+00 0.00000 
    3    1    1    1    1    1    1    1    1    3  0.00000E+00 0.00000 
    4    1    1    1    1    1    1    1    1    4  0.00000E+00 0.00000 
    5    1    1    1    1    1    1    1    1    5  0.00000E+00 0.00000 
    6    1    1    1    1    1    1    1    1    6  0.00000E+00 0.00000 
    7    1    1    1    1    1    1    1    1    7  0.00000E+00 0.00000 
    8    1    1    1    1    1    1    1    1    8  1.81009E+04 0.00359 
    9    1    1    1    1    1    1    1    1    9  1.43203E+04 0.00386 
   10    1    1    1    1    1    1    1    1   10  0.00000E+00 0.00000 
   11    1    1    1    1    1    1    1    1   11  1.09259E+04 0.00416 
   12    1    1    1    1    1    1    1    2    1  1.94107E+04 0.00341 
   13    1    1    1    1    1    1    1    2    2  0.00000E+00 0.00000 
   14    1    1    1    1    1    1    1    2    3  0.00000E+00 0.00000 
   15    1    1    1    1    1    1    1    2    4  0.00000E+00 0.00000 
   16    1    1    1    1    1    1    1    2    5  0.00000E+00 0.00000 
   17    1    1    1    1    1    1    1    2    6  1.94422E+04 0.00338 
   18    1    1    1    1    1    1    1    2    7  1.58634E+04 0.00372 
   19    1    1    1    1    1    1    1    2    8  0.00000E+00 0.00000 
   20    1    1    1    1    1    1    1    2    9  1.18710E+04 0.00397 
   21    1    1    1    1    1    1    1    2   10  1.07625E+04 0.00418 
   22    1    1    1    1    1    1    1    2   11  0.00000E+00 0.00000 
   23    1    1    1    1    1    1    1    3    1  1.59312E+04 0.00362 
   24    1    1    1    1    1    1    1    3    2  1.80995E+04 0.00356 
   25    1    1    1    1    1    1    1    3    3  0.00000E+00 0.00000 
   26    1    1    1    1    1    1    1    3    4  1.81983E+04 0.00348 
   27    1    1    1    1    1    1    1    3    5  1.59024E+04 0.00363 
   28    1    1    1    1    1    1    1    3    6  0.00000E+00 0.00000 
   29    1    1    1    1    1    1    1    3    7  1.25421E+04 0.00397 
   30    1    1    1    1    1    1    1    3    8  1.14086E+04 0.00407 
   31    1    1    1    1    1    1    1    3    9  0.00000E+00 0.00000 
   32    1    1    1    1    1    1    1    3   10  1.02846E+04 0.00416 
   33    1    1    1    1    1    1    1    3   11  9.75925E+03 0.00429 
   34    1    1    1    1    1    1    1    4    1  0.00000E+00 0.00000 
   35    1    1    1    1    1    1    1    4    2  1.42342E+04 0.00380 
   36    1    1    1    1    1    1    1    4    3  1.41495E+04 0.00383 
   37    1    1    1    1    1    1    1    4    4  0.00000E+00 0.00000 
   38    1    1    1    1    1    1    1    4    5  1.24321E+04 0.00401 
   39    1    1    1    1    1    1    1    4    6  1.16991E+04 0.00415 
   40    1    1    1    1    1    1    1    4    7  0.00000E+00 0.00000 
   41    1    1    1    1    1    1    1    4    8  1.05187E+04 0.00426 
   42    1    1    1    1    1    1    1    4    9  0.00000E+00 0.00000 
   43    1    1    1    1    1    1    1    4   10  0.00000E+00 0.00000 
   44    1    1    1    1    1    1    1    4   11  9.50030E+03 0.00428 
   45    1    1    1    1    1    1    1    5    1  1.18801E+04 0.00401 
   46    1    1    1    1    1    1    1    5    2  0.00000E+00 0.00000 
   47    1    1    1    1    1    1    1    5    3  1.18999E+04 0.00400 
   48    1    1    1    1    1    1    1    5    4  1.13808E+04 0.00407 
   49    1    1    1    1    1    1    1    5    5  0.00000E+00 0.00000 
   50    1    1    1    1    1    1    1    5    6  1.04057E+04 0.00418 
   51    1    1    1    1    1    1    1    5    7  1.00651E+04 0.00435 
   52    1    1    1    1    1    1    1    5    8  0.00000E+00 0.00000 
   53    1    1    1    1    1    1    1    5    9  9.68679E+03 0.00431 
   54    1    1    1    1    1    1    1    5   10  9.28074E+03 0.00434 
   55    1    1    1    1    1    1    1    5   11  0.00000E+00 0.00000 
   56    1    1    1    1    1    1    1    6    1  1.08910E+04 0.00416 
   57    1    1    1    1    1    1    1    6    2  1.07948E+04 0.00409 
   58    1    1    1    1    1    1    1    6    3  0.00000E+00 0.00000 
   59    1    1    1    1    1    1    1    6    4  1.05027E+04 0.00421 
   60    1    1    1    1    1    1    1    6    5  1.00504E+04 0.00422 
   61    1    1    1    1    1    1    1    6    6  0.00000E+00 0.00000 
   62    1    1    1    1    1    1    1    6    7  9.49139E+03 0.00438 
   63    1    1    1    1    1    1    1    6    8  9.26860E+03 0.00435 
   64    1    1    1    1    1    1    1    6    9  0.00000E+00 0.00000 
   65    1    1    1    1    1    1    1    6   10  9.02871E+03 0.00442 
   66    1    1    1    1    1    1    1    6   11  9.10128E+03 0.00450 
   67    1    1    1    1    1    1    1    7    1  0.00000E+00 0.00000 
   68    1    1    1    1    1    1    1    7    2  1.02683E+04 0.00421 
   69    1    1    1    1    1    1    1    7    3  0.00000E+00 0.00000 
   70    1    1    1    1    1    1    1    7    4  0.00000E+00 0.00000 
   71    1    1    1    1    1    1    1    7    5  9.45553E+03 0.00436 
   72    1    1    1    1    1    1    1    7    6  9.18843E+03 0.00438 
   73    1    1    1    1    1    1    1    7    7  0.00000E+00 0.00000 
   74    1    1    1    1    1    1    1    7    8  8.98057E+03 0.00448 
   75    1    1    1    1    1    1    1    7    9  8.91082E+03 0.00441 
   76    1    1    1    1    1    1    1    7   10  0.00000E+00 0.00000 
   77    1    1    1    1    1    1    1    7   11  8.96326E+03 0.00443 
   78    1    1    1    1    1    1    1    8    1  9.76957E+03 0.00435 
   79    1    1    1    1    1    1    1    8    2  0.00000E+00 0.00000 
   80    1    1    1    1    1    1    1    8    3  9.66264E+03 0.00429 
   81    1    1    1    1    1    1    1    8    4  9.26609E+03 0.00439 
   82    1    1    1    1    1    1    1    8    5  0.00000E+00 0.00000 
   83    1    1    1    1    1    1    1    8    6  8.90962E+03 0.00450 
   84    1    1    1    1    1    1    1    8    7  8.77261E+03 0.00457 
   85    1    1    1    1    1    1    1    8    8  0.00000E+00 0.00000 
   86    1    1    1    1    1    1    1    8    9  8.74909E+03 0.00449 
   87    1    1    1    1    1    1    1    8   10  8.81582E+03 0.00451 
   88    1    1    1    1    1    1    1    8   11  0.00000E+00 0.00000 
   89    1    1    1    1    1    1    1    9    1  9.39576E+03 0.00435 
   90    1    1    1    1    1    1    1    9    2  9.37696E+03 0.00435 
   91    1    1    1    1    1    1    1    9    3  0.00000E+00 0.00000 
   92    1    1    1    1    1    1    1    9    4  8.94822E+03 0.00444 
   93    1    1    1    1    1    1    1    9    5  8.74967E+03 0.00446 
   94    1    1    1    1    1    1    1    9    6  0.00000E+00 0.00000 
   95    1    1    1    1    1    1    1    9    7  8.53879E+03 0.00444 
   96    1    1    1    1    1    1    1    9    8  8.53544E+03 0.00445 
   97    1    1    1    1    1    1    1    9    9  0.00000E+00 0.00000 
   98    1    1    1    1    1    1    1    9   10  8.67776E+03 0.00448 
   99    1    1    1    1    1    1    1    9   11  0.00000E+00 0.00000 
  100    1    1    1    1    1    1    1   10    1  0.00000E+00 0.00000 
  101    1    1    1    1    1    1    1   10    2  9.00586E+03 0.00440 
  102    1    1    1    1    1    1    1   10    3  8.90418E+03 0.00445 
  103    1    1    1    1    1    1    1   10    4  0.00000E+00 0.00000 
  104    1    1    1    1    1    1    1   10    5  8.57335E+03 0.00453 
  105    1    1    1    1    1    1    1   10    6  8.41860E+03 0.00456 
  106    1    1    1    1    1    1    1   10    7  0.00000E+00 0.00000 
  107    1    1    1    1    1    1    1   10    8  8.33221E+03 0.00445 
  108    1    1    1    1    1    1    1   10    9  8.43649E+03 0.00451 
  109    1    1    1    1    1    1    1   10   10  0.00000E+00 0.00000 
