
ZAI = [
922350
922380
666
0
];

NAMES = [
'U235            '
'U238            '
'lost            '
'total           '
];

i922350 = 1; iU235             = 1;
i922380 = 2; iU238             = 2;
iLOST    = 3;
iTOT     = 4;

MAT_un_VOLUME = [ 2.53647E+05 2.53647E+05 ];

MAT_un_BURNUP = [ 0.00000E+00 4.51917E+01 ];

MAT_un_ADENS = [
4.83387E-03 3.44831E-03 % U235
1.93936E-02 1.88405E-02 % U238
0.00000E+00 3.92256E-30 % lost data
7.26897E-02 7.38614E-02 % total
];

MAT_un_MDENS = [
1.88669E+00 1.34590E+00 % U235
7.66628E+00 7.44764E+00 % U238
0.00000E+00 0.00000E+00 % lost data
1.08000E+01 1.07985E+01 % total
];

MAT_un_A = [
3.82647E+10 2.72966E+10 % U235
2.41829E+10 2.34932E+10 % U238
0.00000E+00 0.00000E+00 % lost data
6.24476E+10 3.27050E+18 % total
];

MAT_un_H = [
2.86848E-02 2.04627E-02 % U235
1.65445E-02 1.60727E-02 % U238
0.00000E+00 0.00000E+00 % lost data
4.52293E-02 9.62504E+05 % total
];

MAT_un_SF = [
2.75506E+00 1.96536E+00 % U235
1.32039E+04 1.28273E+04 % U238
0.00000E+00 0.00000E+00 % lost data
1.32066E+04 1.18214E+08 % total
];

MAT_un_GSRC = [
4.83477E+10 3.44895E+10 % U235
2.14148E+09 2.08041E+09 % U238
0.00000E+00 0.00000E+00 % lost data
5.04892E+10 3.51318E+18 % total
];

MAT_un_ING_TOX = [
1.79844E+03 1.28294E+03 % U235
1.08823E+03 1.05719E+03 % U238
0.00000E+00 0.00000E+00 % lost data
2.88667E+03 2.24238E+09 % total
];

MAT_un_INH_TOX = [
3.25250E+05 2.32021E+05 % U235
1.93463E+05 1.87946E+05 % U238
0.00000E+00 0.00000E+00 % lost data
5.18713E+05 8.43614E+10 % total
];

TOT_VOLUME = [ 2.53647E+05 2.53647E+05 ];

TOT_BURNUP = [ 0.00000E+00 4.51917E+01 ];

TOT_ADENS = [
4.83387E-03 3.44831E-03 % U235
1.93936E-02 1.88405E-02 % U238
0.00000E+00 3.92256E-30 % lost data
7.26897E-02 7.38614E-02 % total
];

TOT_MASS = [
4.78554E+05 3.41383E+05 % U235
1.94453E+06 1.88907E+06 % U238
0.00000E+00 0.00000E+00 % lost data
2.73939E+06 2.73901E+06 % total
];

TOT_A = [
3.82647E+10 2.72966E+10 % U235
2.41829E+10 2.34932E+10 % U238
0.00000E+00 0.00000E+00 % lost data
6.24476E+10 3.27050E+18 % total
];

TOT_H = [
2.86848E-02 2.04627E-02 % U235
1.65445E-02 1.60727E-02 % U238
0.00000E+00 0.00000E+00 % lost data
4.52293E-02 9.62504E+05 % total
];

TOT_SF = [
2.75506E+00 1.96536E+00 % U235
1.32039E+04 1.28273E+04 % U238
0.00000E+00 0.00000E+00 % lost data
1.32066E+04 1.18214E+08 % total
];

TOT_GSRC = [
4.83477E+10 3.44895E+10 % U235
2.14148E+09 2.08041E+09 % U238
0.00000E+00 0.00000E+00 % lost data
5.04892E+10 3.51318E+18 % total
];

TOT_ING_TOX = [
1.79844E+03 1.28294E+03 % U235
1.08823E+03 1.05719E+03 % U238
0.00000E+00 0.00000E+00 % lost data
2.88667E+03 2.24238E+09 % total
];

TOT_INH_TOX = [
3.25250E+05 2.32021E+05 % U235
1.93463E+05 1.87946E+05 % U238
0.00000E+00 0.00000E+00 % lost data
5.18713E+05 8.43614E+10 % total
];

BU = [ 0.00000E+00 4.51903E+01 ];

DAYS = [ 0.00000E+00 7.30000E+03 ];
