
ZAI = [
922350
922380
666
0
];

NAMES = [
'U235            '
'U238            '
'lost            '
'total           '
];

i922350 = 1; iU235             = 1;
i922380 = 2; iU238             = 2;
iLOST    = 3;
iTOT     = 4;

MAT_un_VOLUME = [ 2.55420E+05 2.55420E+05 ];

MAT_un_BURNUP = [ 0.00000E+00 4.48780E+01 ];

MAT_un_ADENS = [
4.83387E-03 3.45654E-03 % U235
1.93936E-02 1.88417E-02 % U238
0.00000E+00 4.06731E-30 % lost data
7.26897E-02 7.38531E-02 % total
];

MAT_un_MDENS = [
1.88669E+00 1.34911E+00 % U235
7.66628E+00 7.44809E+00 % U238
0.00000E+00 0.00000E+00 % lost data
1.08000E+01 1.07985E+01 % total
];

MAT_un_A = [
3.85322E+10 2.75531E+10 % U235
2.43519E+10 2.36588E+10 % U238
0.00000E+00 0.00000E+00 % lost data
6.28841E+10 3.27239E+18 % total
];

MAT_un_H = [
2.88853E-02 2.06549E-02 % U235
1.66602E-02 1.61860E-02 % U238
0.00000E+00 0.00000E+00 % lost data
4.55454E-02 9.62753E+05 % total
];

MAT_un_SF = [
2.77431E+00 1.98382E+00 % U235
1.32961E+04 1.29177E+04 % U238
0.00000E+00 0.00000E+00 % lost data
1.32989E+04 1.16075E+08 % total
];

MAT_un_GSRC = [
4.86856E+10 3.48135E+10 % U235
2.15645E+09 2.09508E+09 % U238
0.00000E+00 0.00000E+00 % lost data
5.08421E+10 3.51565E+18 % total
];

MAT_un_ING_TOX = [
1.81101E+03 1.29500E+03 % U235
1.09584E+03 1.06465E+03 % U238
0.00000E+00 0.00000E+00 % lost data
2.90685E+03 2.24163E+09 % total
];

MAT_un_INH_TOX = [
3.27523E+05 2.34201E+05 % U235
1.94815E+05 1.89271E+05 % U238
0.00000E+00 0.00000E+00 % lost data
5.22339E+05 8.38320E+10 % total
];

TOT_VOLUME = [ 2.55420E+05 2.55420E+05 ];

TOT_BURNUP = [ 0.00000E+00 4.48780E+01 ];

TOT_ADENS = [
4.83387E-03 3.45654E-03 % U235
1.93936E-02 1.88417E-02 % U238
0.00000E+00 4.06731E-30 % lost data
7.26897E-02 7.38531E-02 % total
];

TOT_MASS = [
4.81899E+05 3.44590E+05 % U235
1.95812E+06 1.90239E+06 % U238
0.00000E+00 0.00000E+00 % lost data
2.75854E+06 2.75816E+06 % total
];

TOT_A = [
3.85322E+10 2.75531E+10 % U235
2.43519E+10 2.36588E+10 % U238
0.00000E+00 0.00000E+00 % lost data
6.28841E+10 3.27239E+18 % total
];

TOT_H = [
2.88853E-02 2.06549E-02 % U235
1.66602E-02 1.61860E-02 % U238
0.00000E+00 0.00000E+00 % lost data
4.55454E-02 9.62753E+05 % total
];

TOT_SF = [
2.77431E+00 1.98382E+00 % U235
1.32961E+04 1.29177E+04 % U238
0.00000E+00 0.00000E+00 % lost data
1.32989E+04 1.16075E+08 % total
];

TOT_GSRC = [
4.86856E+10 3.48135E+10 % U235
2.15645E+09 2.09508E+09 % U238
0.00000E+00 0.00000E+00 % lost data
5.08421E+10 3.51565E+18 % total
];

TOT_ING_TOX = [
1.81101E+03 1.29500E+03 % U235
1.09584E+03 1.06465E+03 % U238
0.00000E+00 0.00000E+00 % lost data
2.90685E+03 2.24163E+09 % total
];

TOT_INH_TOX = [
3.27523E+05 2.34201E+05 % U235
1.94815E+05 1.89271E+05 % U238
0.00000E+00 0.00000E+00 % lost data
5.22339E+05 8.38320E+10 % total
];

BU = [ 0.00000E+00 4.48766E+01 ];

DAYS = [ 0.00000E+00 7.30000E+03 ];
