
DETassem1 = [
    1    1    1    1    1    1    1    1    1    1  0.00000E+00 0.00000 
    2    1    1    1    1    1    1    1    1    2  0.00000E+00 0.00000 
    3    1    1    1    1    1    1    1    1    3  0.00000E+00 0.00000 
    4    1    1    1    1    1    1    1    1    4  0.00000E+00 0.00000 
    5    1    1    1    1    1    1    1    1    5  0.00000E+00 0.00000 
    6    1    1    1    1    1    1    1    1    6  0.00000E+00 0.00000 
    7    1    1    1    1    1    1    1    1    7  0.00000E+00 0.00000 
    8    1    1    1    1    1    1    1    1    8  1.85066E+04 0.00351 
    9    1    1    1    1    1    1    1    1    9  1.49385E+04 0.00371 
   10    1    1    1    1    1    1    1    1   10  0.00000E+00 0.00000 
   11    1    1    1    1    1    1    1    1   11  1.13645E+04 0.00414 
   12    1    1    1    1    1    1    1    2    1  1.98656E+04 0.00341 
   13    1    1    1    1    1    1    1    2    2  0.00000E+00 0.00000 
   14    1    1    1    1    1    1    1    2    3  0.00000E+00 0.00000 
   15    1    1    1    1    1    1    1    2    4  0.00000E+00 0.00000 
   16    1    1    1    1    1    1    1    2    5  0.00000E+00 0.00000 
   17    1    1    1    1    1    1    1    2    6  1.98518E+04 0.00344 
   18    1    1    1    1    1    1    1    2    7  1.63481E+04 0.00364 
   19    1    1    1    1    1    1    1    2    8  0.00000E+00 0.00000 
   20    1    1    1    1    1    1    1    2    9  0.00000E+00 0.00000 
   21    1    1    1    1    1    1    1    2   10  1.13669E+04 0.00414 
   22    1    1    1    1    1    1    1    2   11  0.00000E+00 0.00000 
   23    1    1    1    1    1    1    1    3    1  1.63535E+04 0.00361 
   24    1    1    1    1    1    1    1    3    2  1.85754E+04 0.00349 
   25    1    1    1    1    1    1    1    3    3  0.00000E+00 0.00000 
   26    1    1    1    1    1    1    1    3    4  1.85503E+04 0.00349 
   27    1    1    1    1    1    1    1    3    5  1.63247E+04 0.00363 
   28    1    1    1    1    1    1    1    3    6  0.00000E+00 0.00000 
   29    1    1    1    1    1    1    1    3    7  1.28764E+04 0.00394 
   30    1    1    1    1    1    1    1    3    8  1.19820E+04 0.00401 
   31    1    1    1    1    1    1    1    3    9  0.00000E+00 0.00000 
   32    1    1    1    1    1    1    1    3   10  1.01653E+04 0.00421 
   33    1    1    1    1    1    1    1    3   11  9.55179E+03 0.00429 
   34    1    1    1    1    1    1    1    4    1  0.00000E+00 0.00000 
   35    1    1    1    1    1    1    1    4    2  1.50211E+04 0.00367 
   36    1    1    1    1    1    1    1    4    3  1.51436E+04 0.00375 
   37    1    1    1    1    1    1    1    4    4  0.00000E+00 0.00000 
   38    1    1    1    1    1    1    1    4    5  1.28274E+04 0.00397 
   39    1    1    1    1    1    1    1    4    6  1.18048E+04 0.00410 
   40    1    1    1    1    1    1    1    4    7  0.00000E+00 0.00000 
   41    1    1    1    1    1    1    1    4    8  1.04852E+04 0.00426 
   42    1    1    1    1    1    1    1    4    9  9.87176E+03 0.00429 
   43    1    1    1    1    1    1    1    4   10  0.00000E+00 0.00000 
   44    1    1    1    1    1    1    1    4   11  9.12035E+03 0.00444 
   45    1    1    1    1    1    1    1    5    1  0.00000E+00 0.00000 
   46    1    1    1    1    1    1    1    5    2  0.00000E+00 0.00000 
   47    1    1    1    1    1    1    1    5    3  0.00000E+00 0.00000 
   48    1    1    1    1    1    1    1    5    4  1.19646E+04 0.00410 
   49    1    1    1    1    1    1    1    5    5  0.00000E+00 0.00000 
   50    1    1    1    1    1    1    1    5    6  1.04401E+04 0.00417 
   51    1    1    1    1    1    1    1    5    7  9.86398E+03 0.00424 
   52    1    1    1    1    1    1    1    5    8  0.00000E+00 0.00000 
   53    1    1    1    1    1    1    1    5    9  9.18591E+03 0.00447 
   54    1    1    1    1    1    1    1    5   10  9.01530E+03 0.00442 
   55    1    1    1    1    1    1    1    5   11  0.00000E+00 0.00000 
   56    1    1    1    1    1    1    1    6    1  1.14447E+04 0.00408 
   57    1    1    1    1    1    1    1    6    2  1.14761E+04 0.00416 
   58    1    1    1    1    1    1    1    6    3  0.00000E+00 0.00000 
   59    1    1    1    1    1    1    1    6    4  1.04531E+04 0.00427 
   60    1    1    1    1    1    1    1    6    5  1.00069E+04 0.00431 
   61    1    1    1    1    1    1    1    6    6  0.00000E+00 0.00000 
   62    1    1    1    1    1    1    1    6    7  9.18905E+03 0.00431 
   63    1    1    1    1    1    1    1    6    8  9.04352E+03 0.00448 
   64    1    1    1    1    1    1    1    6    9  0.00000E+00 0.00000 
   65    1    1    1    1    1    1    1    6   10  8.72000E+03 0.00445 
   66    1    1    1    1    1    1    1    6   11  8.63485E+03 0.00448 
   67    1    1    1    1    1    1    1    7    1  0.00000E+00 0.00000 
   68    1    1    1    1    1    1    1    7    2  1.01591E+04 0.00425 
   69    1    1    1    1    1    1    1    7    3  9.95455E+03 0.00421 
   70    1    1    1    1    1    1    1    7    4  0.00000E+00 0.00000 
   71    1    1    1    1    1    1    1    7    5  9.23945E+03 0.00435 
   72    1    1    1    1    1    1    1    7    6  9.05092E+03 0.00439 
   73    1    1    1    1    1    1    1    7    7  0.00000E+00 0.00000 
   74    1    1    1    1    1    1    1    7    8  8.68311E+03 0.00453 
   75    1    1    1    1    1    1    1    7    9  8.55991E+03 0.00452 
   76    1    1    1    1    1    1    1    7   10  0.00000E+00 0.00000 
   77    1    1    1    1    1    1    1    7   11  8.41617E+03 0.00455 
   78    1    1    1    1    1    1    1    8    1  9.55383E+03 0.00430 
   79    1    1    1    1    1    1    1    8    2  0.00000E+00 0.00000 
   80    1    1    1    1    1    1    1    8    3  9.20028E+03 0.00436 
   81    1    1    1    1    1    1    1    8    4  9.00887E+03 0.00435 
   82    1    1    1    1    1    1    1    8    5  0.00000E+00 0.00000 
   83    1    1    1    1    1    1    1    8    6  8.75077E+03 0.00441 
   84    1    1    1    1    1    1    1    8    7  8.62228E+03 0.00450 
   85    1    1    1    1    1    1    1    8    8  0.00000E+00 0.00000 
   86    1    1    1    1    1    1    1    8    9  8.37457E+03 0.00444 
   87    1    1    1    1    1    1    1    8   10  8.30609E+03 0.00444 
   88    1    1    1    1    1    1    1    8   11  0.00000E+00 0.00000 
   89    1    1    1    1    1    1    1    9    1  9.11780E+03 0.00434 
   90    1    1    1    1    1    1    1    9    2  8.95267E+03 0.00448 
   91    1    1    1    1    1    1    1    9    3  0.00000E+00 0.00000 
   92    1    1    1    1    1    1    1    9    4  8.71698E+03 0.00442 
   93    1    1    1    1    1    1    1    9    5  8.59628E+03 0.00449 
   94    1    1    1    1    1    1    1    9    6  0.00000E+00 0.00000 
   95    1    1    1    1    1    1    1    9    7  8.34719E+03 0.00450 
   96    1    1    1    1    1    1    1    9    8  8.32865E+03 0.00460 
   97    1    1    1    1    1    1    1    9    9  0.00000E+00 0.00000 
   98    1    1    1    1    1    1    1    9   10  8.18162E+03 0.00457 
   99    1    1    1    1    1    1    1    9   11  8.09769E+03 0.00459 
  100    1    1    1    1    1    1    1   10    1  0.00000E+00 0.00000 
  101    1    1    1    1    1    1    1   10    2  8.71715E+03 0.00448 
  102    1    1    1    1    1    1    1   10    3  8.66767E+03 0.00443 
  103    1    1    1    1    1    1    1   10    4  0.00000E+00 0.00000 
  104    1    1    1    1    1    1    1   10    5  8.38728E+03 0.00449 
  105    1    1    1    1    1    1    1   10    6  8.32674E+03 0.00448 
  106    1    1    1    1    1    1    1   10    7  0.00000E+00 0.00000 
  107    1    1    1    1    1    1    1   10    8  8.08242E+03 0.00454 
  108    1    1    1    1    1    1    1   10    9  8.05332E+03 0.00462 
  109    1    1    1    1    1    1    1   10   10  0.00000E+00 0.00000 
