
ZAI = [
922350
922380
666
0
];

NAMES = [
'U235            '
'U238            '
'lost            '
'total           '
];

i922350 = 1; iU235             = 1;
i922380 = 2; iU238             = 2;
iLOST    = 3;
iTOT     = 4;

MAT_un_VOLUME = [ 2.46883E+05 2.46883E+05 ];

MAT_un_BURNUP = [ 0.00000E+00 4.64300E+01 ];

MAT_un_ADENS = [
4.83387E-03 3.41543E-03 % U235
1.93936E-02 1.88308E-02 % U238
0.00000E+00 4.24870E-30 % lost data
7.26897E-02 7.38937E-02 % total
];

MAT_un_MDENS = [
1.88669E+00 1.33306E+00 % U235
7.66628E+00 7.44380E+00 % U238
0.00000E+00 0.00000E+00 % lost data
1.08000E+01 1.07985E+01 % total
];

MAT_un_A = [
3.72442E+10 2.63153E+10 % U235
2.35379E+10 2.28548E+10 % U238
0.00000E+00 0.00000E+00 % lost data
6.07821E+10 3.26550E+18 % total
];

MAT_un_H = [
2.79197E-02 1.97270E-02 % U235
1.61033E-02 1.56359E-02 % U238
0.00000E+00 0.00000E+00 % lost data
4.40230E-02 9.61391E+05 % total
];

MAT_un_SF = [
2.68158E+00 1.89470E+00 % U235
1.28517E+04 1.24787E+04 % U238
0.00000E+00 0.00000E+00 % lost data
1.28544E+04 1.25426E+08 % total
];

MAT_un_GSRC = [
4.70582E+10 3.32496E+10 % U235
2.08437E+09 2.02388E+09 % U238
0.00000E+00 0.00000E+00 % lost data
4.91426E+10 3.50675E+18 % total
];

MAT_un_ING_TOX = [
1.75048E+03 1.23682E+03 % U235
1.05921E+03 1.02847E+03 % U238
0.00000E+00 0.00000E+00 % lost data
2.80968E+03 2.24646E+09 % total
];

MAT_un_INH_TOX = [
3.16575E+05 2.23680E+05 % U235
1.88303E+05 1.82839E+05 % U238
0.00000E+00 0.00000E+00 % lost data
5.04879E+05 8.64835E+10 % total
];

TOT_VOLUME = [ 2.46883E+05 2.46883E+05 ];

TOT_BURNUP = [ 0.00000E+00 4.64300E+01 ];

TOT_ADENS = [
4.83387E-03 3.41543E-03 % U235
1.93936E-02 1.88308E-02 % U238
0.00000E+00 4.24870E-30 % lost data
7.26897E-02 7.38937E-02 % total
];

TOT_MASS = [
4.65791E+05 3.29110E+05 % U235
1.89267E+06 1.83774E+06 % U238
0.00000E+00 0.00000E+00 % lost data
2.66633E+06 2.66595E+06 % total
];

TOT_A = [
3.72442E+10 2.63153E+10 % U235
2.35379E+10 2.28548E+10 % U238
0.00000E+00 0.00000E+00 % lost data
6.07821E+10 3.26550E+18 % total
];

TOT_H = [
2.79197E-02 1.97270E-02 % U235
1.61033E-02 1.56359E-02 % U238
0.00000E+00 0.00000E+00 % lost data
4.40230E-02 9.61391E+05 % total
];

TOT_SF = [
2.68158E+00 1.89470E+00 % U235
1.28517E+04 1.24787E+04 % U238
0.00000E+00 0.00000E+00 % lost data
1.28544E+04 1.25426E+08 % total
];

TOT_GSRC = [
4.70582E+10 3.32496E+10 % U235
2.08437E+09 2.02388E+09 % U238
0.00000E+00 0.00000E+00 % lost data
4.91426E+10 3.50675E+18 % total
];

TOT_ING_TOX = [
1.75048E+03 1.23682E+03 % U235
1.05921E+03 1.02847E+03 % U238
0.00000E+00 0.00000E+00 % lost data
2.80968E+03 2.24646E+09 % total
];

TOT_INH_TOX = [
3.16575E+05 2.23680E+05 % U235
1.88303E+05 1.82839E+05 % U238
0.00000E+00 0.00000E+00 % lost data
5.04879E+05 8.64835E+10 % total
];

BU = [ 0.00000E+00 4.64286E+01 ];

DAYS = [ 0.00000E+00 7.30000E+03 ];
