
DETassem1 = [
    1    1    1    1    1    1    1    1    1    1  0.00000E+00 0.00000 
    2    1    1    1    1    1    1    1    1    2  0.00000E+00 0.00000 
    3    1    1    1    1    1    1    1    1    3  0.00000E+00 0.00000 
    4    1    1    1    1    1    1    1    1    4  0.00000E+00 0.00000 
    5    1    1    1    1    1    1    1    1    5  0.00000E+00 0.00000 
    6    1    1    1    1    1    1    1    1    6  0.00000E+00 0.00000 
    7    1    1    1    1    1    1    1    1    7  0.00000E+00 0.00000 
    8    1    1    1    1    1    1    1    1    8  1.82344E+04 0.00350 
    9    1    1    1    1    1    1    1    1    9  1.43735E+04 0.00387 
   10    1    1    1    1    1    1    1    1   10  0.00000E+00 0.00000 
   11    1    1    1    1    1    1    1    1   11  1.12404E+04 0.00404 
   12    1    1    1    1    1    1    1    2    1  1.95151E+04 0.00345 
   13    1    1    1    1    1    1    1    2    2  0.00000E+00 0.00000 
   14    1    1    1    1    1    1    1    2    3  0.00000E+00 0.00000 
   15    1    1    1    1    1    1    1    2    4  0.00000E+00 0.00000 
   16    1    1    1    1    1    1    1    2    5  0.00000E+00 0.00000 
   17    1    1    1    1    1    1    1    2    6  1.95376E+04 0.00331 
   18    1    1    1    1    1    1    1    2    7  1.59926E+04 0.00368 
   19    1    1    1    1    1    1    1    2    8  0.00000E+00 0.00000 
   20    1    1    1    1    1    1    1    2    9  1.20550E+04 0.00397 
   21    1    1    1    1    1    1    1    2   10  1.13214E+04 0.00411 
   22    1    1    1    1    1    1    1    2   11  0.00000E+00 0.00000 
   23    1    1    1    1    1    1    1    3    1  1.60751E+04 0.00367 
   24    1    1    1    1    1    1    1    3    2  1.82493E+04 0.00351 
   25    1    1    1    1    1    1    1    3    3  0.00000E+00 0.00000 
   26    1    1    1    1    1    1    1    3    4  1.82764E+04 0.00352 
   27    1    1    1    1    1    1    1    3    5  1.60177E+04 0.00366 
   28    1    1    1    1    1    1    1    3    6  0.00000E+00 0.00000 
   29    1    1    1    1    1    1    1    3    7  1.26079E+04 0.00391 
   30    1    1    1    1    1    1    1    3    8  1.16376E+04 0.00410 
   31    1    1    1    1    1    1    1    3    9  0.00000E+00 0.00000 
   32    1    1    1    1    1    1    1    3   10  1.09543E+04 0.00416 
   33    1    1    1    1    1    1    1    3   11  0.00000E+00 0.00000 
   34    1    1    1    1    1    1    1    4    1  0.00000E+00 0.00000 
   35    1    1    1    1    1    1    1    4    2  1.43619E+04 0.00385 
   36    1    1    1    1    1    1    1    4    3  1.44371E+04 0.00381 
   37    1    1    1    1    1    1    1    4    4  0.00000E+00 0.00000 
   38    1    1    1    1    1    1    1    4    5  1.25194E+04 0.00400 
   39    1    1    1    1    1    1    1    4    6  1.17008E+04 0.00401 
   40    1    1    1    1    1    1    1    4    7  0.00000E+00 0.00000 
   41    1    1    1    1    1    1    1    4    8  1.05271E+04 0.00426 
   42    1    1    1    1    1    1    1    4    9  1.03633E+04 0.00420 
   43    1    1    1    1    1    1    1    4   10  0.00000E+00 0.00000 
   44    1    1    1    1    1    1    1    4   11  0.00000E+00 0.00000 
   45    1    1    1    1    1    1    1    5    1  1.19439E+04 0.00404 
   46    1    1    1    1    1    1    1    5    2  0.00000E+00 0.00000 
   47    1    1    1    1    1    1    1    5    3  1.20651E+04 0.00396 
   48    1    1    1    1    1    1    1    5    4  1.16340E+04 0.00407 
   49    1    1    1    1    1    1    1    5    5  0.00000E+00 0.00000 
   50    1    1    1    1    1    1    1    5    6  1.04447E+04 0.00418 
   51    1    1    1    1    1    1    1    5    7  9.99015E+03 0.00436 
   52    1    1    1    1    1    1    1    5    8  0.00000E+00 0.00000 
   53    1    1    1    1    1    1    1    5    9  9.88945E+03 0.00423 
   54    1    1    1    1    1    1    1    5   10  1.00081E+04 0.00429 
   55    1    1    1    1    1    1    1    5   11  0.00000E+00 0.00000 
   56    1    1    1    1    1    1    1    6    1  1.12125E+04 0.00423 
   57    1    1    1    1    1    1    1    6    2  1.12477E+04 0.00410 
   58    1    1    1    1    1    1    1    6    3  0.00000E+00 0.00000 
   59    1    1    1    1    1    1    1    6    4  1.04473E+04 0.00425 
   60    1    1    1    1    1    1    1    6    5  1.00523E+04 0.00432 
   61    1    1    1    1    1    1    1    6    6  0.00000E+00 0.00000 
   62    1    1    1    1    1    1    1    6    7  9.49666E+03 0.00425 
   63    1    1    1    1    1    1    1    6    8  9.37154E+03 0.00438 
   64    1    1    1    1    1    1    1    6    9  0.00000E+00 0.00000 
   65    1    1    1    1    1    1    1    6   10  9.31102E+03 0.00433 
   66    1    1    1    1    1    1    1    6   11  9.01232E+03 0.00446 
   67    1    1    1    1    1    1    1    7    1  0.00000E+00 0.00000 
   68    1    1    1    1    1    1    1    7    2  1.10013E+04 0.00422 
   69    1    1    1    1    1    1    1    7    3  1.02831E+04 0.00414 
   70    1    1    1    1    1    1    1    7    4  0.00000E+00 0.00000 
   71    1    1    1    1    1    1    1    7    5  9.48517E+03 0.00437 
   72    1    1    1    1    1    1    1    7    6  9.20789E+03 0.00432 
   73    1    1    1    1    1    1    1    7    7  0.00000E+00 0.00000 
   74    1    1    1    1    1    1    1    7    8  9.01407E+03 0.00444 
   75    1    1    1    1    1    1    1    7    9  8.99241E+03 0.00437 
   76    1    1    1    1    1    1    1    7   10  0.00000E+00 0.00000 
   77    1    1    1    1    1    1    1    7   11  8.71266E+03 0.00446 
   78    1    1    1    1    1    1    1    8    1  0.00000E+00 0.00000 
   79    1    1    1    1    1    1    1    8    2  0.00000E+00 0.00000 
   80    1    1    1    1    1    1    1    8    3  9.83325E+03 0.00420 
   81    1    1    1    1    1    1    1    8    4  9.34091E+03 0.00441 
   82    1    1    1    1    1    1    1    8    5  0.00000E+00 0.00000 
   83    1    1    1    1    1    1    1    8    6  9.00192E+03 0.00444 
   84    1    1    1    1    1    1    1    8    7  8.81178E+03 0.00440 
   85    1    1    1    1    1    1    1    8    8  0.00000E+00 0.00000 
   86    1    1    1    1    1    1    1    8    9  8.66624E+03 0.00446 
   87    1    1    1    1    1    1    1    8   10  8.51284E+03 0.00446 
   88    1    1    1    1    1    1    1    8   11  0.00000E+00 0.00000 
   89    1    1    1    1    1    1    1    9    1  0.00000E+00 0.00000 
   90    1    1    1    1    1    1    1    9    2  9.97590E+03 0.00430 
   91    1    1    1    1    1    1    1    9    3  0.00000E+00 0.00000 
   92    1    1    1    1    1    1    1    9    4  9.00992E+03 0.00443 
   93    1    1    1    1    1    1    1    9    5  8.83184E+03 0.00450 
   94    1    1    1    1    1    1    1    9    6  0.00000E+00 0.00000 
   95    1    1    1    1    1    1    1    9    7  8.71681E+03 0.00444 
   96    1    1    1    1    1    1    1    9    8  8.60830E+03 0.00447 
   97    1    1    1    1    1    1    1    9    9  0.00000E+00 0.00000 
   98    1    1    1    1    1    1    1    9   10  8.34381E+03 0.00455 
   99    1    1    1    1    1    1    1    9   11  8.24094E+03 0.00463 
  100    1    1    1    1    1    1    1   10    1  0.00000E+00 0.00000 
  101    1    1    1    1    1    1    1   10    2  9.30100E+03 0.00434 
  102    1    1    1    1    1    1    1   10    3  8.99257E+03 0.00446 
  103    1    1    1    1    1    1    1   10    4  0.00000E+00 0.00000 
  104    1    1    1    1    1    1    1   10    5  8.68914E+03 0.00453 
  105    1    1    1    1    1    1    1   10    6  8.84861E+03 0.00450 
  106    1    1    1    1    1    1    1   10    7  0.00000E+00 0.00000 
  107    1    1    1    1    1    1    1   10    8  8.41971E+03 0.00453 
  108    1    1    1    1    1    1    1   10    9  8.22246E+03 0.00462 
  109    1    1    1    1    1    1    1   10   10  0.00000E+00 0.00000 
