
ZAI = [
922350
922380
666
0
];

NAMES = [
'U235            '
'U238            '
'lost            '
'total           '
];

i922350 = 1; iU235             = 1;
i922380 = 2; iU238             = 2;
iLOST    = 3;
iTOT     = 4;

MAT_un_VOLUME = [ 2.41902E+05 2.41902E+05 ];

MAT_un_BURNUP = [ 0.00000E+00 4.73860E+01 ];

MAT_un_ADENS = [
4.83387E-03 3.38969E-03 % U235
1.93936E-02 1.88220E-02 % U238
0.00000E+00 5.19698E-30 % lost data
7.26897E-02 7.39190E-02 % total
];

MAT_un_MDENS = [
1.88669E+00 1.32302E+00 % U235
7.66628E+00 7.44031E+00 % U238
0.00000E+00 0.00000E+00 % lost data
1.08000E+01 1.07984E+01 % total
];

MAT_un_A = [
3.64928E+10 2.55901E+10 % U235
2.30631E+10 2.23833E+10 % U238
0.00000E+00 0.00000E+00 % lost data
5.95559E+10 3.26366E+18 % total
];

MAT_un_H = [
2.73565E-02 1.91834E-02 % U235
1.57784E-02 1.53133E-02 % U238
0.00000E+00 0.00000E+00 % lost data
4.31349E-02 9.60768E+05 % total
];

MAT_un_SF = [
2.62748E+00 1.84249E+00 % U235
1.25924E+04 1.22213E+04 % U238
0.00000E+00 0.00000E+00 % lost data
1.25951E+04 1.32626E+08 % total
];

MAT_un_GSRC = [
4.61089E+10 3.23333E+10 % U235
2.04232E+09 1.98212E+09 % U238
0.00000E+00 0.00000E+00 % lost data
4.81512E+10 3.50406E+18 % total
];

MAT_un_ING_TOX = [
1.71516E+03 1.20274E+03 % U235
1.03784E+03 1.00725E+03 % U238
0.00000E+00 0.00000E+00 % lost data
2.75300E+03 2.25246E+09 % total
];

MAT_un_INH_TOX = [
3.10189E+05 2.17516E+05 % U235
1.84505E+05 1.79066E+05 % U238
0.00000E+00 0.00000E+00 % lost data
4.94693E+05 8.88306E+10 % total
];

TOT_VOLUME = [ 2.41902E+05 2.41902E+05 ];

TOT_BURNUP = [ 0.00000E+00 4.73860E+01 ];

TOT_ADENS = [
4.83387E-03 3.38969E-03 % U235
1.93936E-02 1.88220E-02 % U238
0.00000E+00 5.19698E-30 % lost data
7.26897E-02 7.39190E-02 % total
];

TOT_MASS = [
4.56394E+05 3.20041E+05 % U235
1.85449E+06 1.79983E+06 % U238
0.00000E+00 0.00000E+00 % lost data
2.61254E+06 2.61216E+06 % total
];

TOT_A = [
3.64928E+10 2.55901E+10 % U235
2.30631E+10 2.23833E+10 % U238
0.00000E+00 0.00000E+00 % lost data
5.95559E+10 3.26366E+18 % total
];

TOT_H = [
2.73565E-02 1.91834E-02 % U235
1.57784E-02 1.53133E-02 % U238
0.00000E+00 0.00000E+00 % lost data
4.31349E-02 9.60768E+05 % total
];

TOT_SF = [
2.62748E+00 1.84249E+00 % U235
1.25924E+04 1.22213E+04 % U238
0.00000E+00 0.00000E+00 % lost data
1.25951E+04 1.32626E+08 % total
];

TOT_GSRC = [
4.61089E+10 3.23333E+10 % U235
2.04232E+09 1.98212E+09 % U238
0.00000E+00 0.00000E+00 % lost data
4.81512E+10 3.50406E+18 % total
];

TOT_ING_TOX = [
1.71516E+03 1.20274E+03 % U235
1.03784E+03 1.00725E+03 % U238
0.00000E+00 0.00000E+00 % lost data
2.75300E+03 2.25246E+09 % total
];

TOT_INH_TOX = [
3.10189E+05 2.17516E+05 % U235
1.84505E+05 1.79066E+05 % U238
0.00000E+00 0.00000E+00 % lost data
4.94693E+05 8.88306E+10 % total
];

BU = [ 0.00000E+00 4.73845E+01 ];

DAYS = [ 0.00000E+00 7.30000E+03 ];
