
DETassem1 = [
    1    1    1    1    1    1    1    1    1    1  0.00000E+00 0.00000 
    2    1    1    1    1    1    1    1    1    2  0.00000E+00 0.00000 
    3    1    1    1    1    1    1    1    1    3  0.00000E+00 0.00000 
    4    1    1    1    1    1    1    1    1    4  0.00000E+00 0.00000 
    5    1    1    1    1    1    1    1    1    5  0.00000E+00 0.00000 
    6    1    1    1    1    1    1    1    1    6  0.00000E+00 0.00000 
    7    1    1    1    1    1    1    1    1    7  0.00000E+00 0.00000 
    8    1    1    1    1    1    1    1    1    8  1.86170E+04 0.00356 
    9    1    1    1    1    1    1    1    1    9  1.48919E+04 0.00371 
   10    1    1    1    1    1    1    1    1   10  0.00000E+00 0.00000 
   11    1    1    1    1    1    1    1    1   11  0.00000E+00 0.00000 
   12    1    1    1    1    1    1    1    2    1  1.98241E+04 0.00343 
   13    1    1    1    1    1    1    1    2    2  0.00000E+00 0.00000 
   14    1    1    1    1    1    1    1    2    3  0.00000E+00 0.00000 
   15    1    1    1    1    1    1    1    2    4  0.00000E+00 0.00000 
   16    1    1    1    1    1    1    1    2    5  0.00000E+00 0.00000 
   17    1    1    1    1    1    1    1    2    6  1.99182E+04 0.00335 
   18    1    1    1    1    1    1    1    2    7  1.63405E+04 0.00365 
   19    1    1    1    1    1    1    1    2    8  0.00000E+00 0.00000 
   20    1    1    1    1    1    1    1    2    9  1.26665E+04 0.00395 
   21    1    1    1    1    1    1    1    2   10  0.00000E+00 0.00000 
   22    1    1    1    1    1    1    1    2   11  0.00000E+00 0.00000 
   23    1    1    1    1    1    1    1    3    1  1.63337E+04 0.00365 
   24    1    1    1    1    1    1    1    3    2  1.87387E+04 0.00343 
   25    1    1    1    1    1    1    1    3    3  0.00000E+00 0.00000 
   26    1    1    1    1    1    1    1    3    4  1.86992E+04 0.00349 
   27    1    1    1    1    1    1    1    3    5  1.62930E+04 0.00365 
   28    1    1    1    1    1    1    1    3    6  0.00000E+00 0.00000 
   29    1    1    1    1    1    1    1    3    7  1.28245E+04 0.00384 
   30    1    1    1    1    1    1    1    3    8  1.18300E+04 0.00404 
   31    1    1    1    1    1    1    1    3    9  0.00000E+00 0.00000 
   32    1    1    1    1    1    1    1    3   10  1.07682E+04 0.00428 
   33    1    1    1    1    1    1    1    3   11  1.01414E+04 0.00430 
   34    1    1    1    1    1    1    1    4    1  0.00000E+00 0.00000 
   35    1    1    1    1    1    1    1    4    2  1.48883E+04 0.00382 
   36    1    1    1    1    1    1    1    4    3  1.48555E+04 0.00382 
   37    1    1    1    1    1    1    1    4    4  0.00000E+00 0.00000 
   38    1    1    1    1    1    1    1    4    5  1.28731E+04 0.00393 
   39    1    1    1    1    1    1    1    4    6  1.19404E+04 0.00404 
   40    1    1    1    1    1    1    1    4    7  0.00000E+00 0.00000 
   41    1    1    1    1    1    1    1    4    8  1.05595E+04 0.00413 
   42    1    1    1    1    1    1    1    4    9  1.02196E+04 0.00431 
   43    1    1    1    1    1    1    1    4   10  0.00000E+00 0.00000 
   44    1    1    1    1    1    1    1    4   11  9.56738E+03 0.00429 
   45    1    1    1    1    1    1    1    5    1  1.25840E+04 0.00406 
   46    1    1    1    1    1    1    1    5    2  0.00000E+00 0.00000 
   47    1    1    1    1    1    1    1    5    3  1.26454E+04 0.00395 
   48    1    1    1    1    1    1    1    5    4  1.18982E+04 0.00398 
   49    1    1    1    1    1    1    1    5    5  0.00000E+00 0.00000 
   50    1    1    1    1    1    1    1    5    6  1.05663E+04 0.00417 
   51    1    1    1    1    1    1    1    5    7  1.00528E+04 0.00427 
   52    1    1    1    1    1    1    1    5    8  0.00000E+00 0.00000 
   53    1    1    1    1    1    1    1    5    9  9.64004E+03 0.00427 
   54    1    1    1    1    1    1    1    5   10  9.38415E+03 0.00430 
   55    1    1    1    1    1    1    1    5   11  0.00000E+00 0.00000 
   56    1    1    1    1    1    1    1    6    1  0.00000E+00 0.00000 
   57    1    1    1    1    1    1    1    6    2  0.00000E+00 0.00000 
   58    1    1    1    1    1    1    1    6    3  0.00000E+00 0.00000 
   59    1    1    1    1    1    1    1    6    4  1.04930E+04 0.00414 
   60    1    1    1    1    1    1    1    6    5  1.01109E+04 0.00417 
   61    1    1    1    1    1    1    1    6    6  0.00000E+00 0.00000 
   62    1    1    1    1    1    1    1    6    7  9.48342E+03 0.00432 
   63    1    1    1    1    1    1    1    6    8  9.31549E+03 0.00441 
   64    1    1    1    1    1    1    1    6    9  0.00000E+00 0.00000 
   65    1    1    1    1    1    1    1    6   10  9.26944E+03 0.00443 
   66    1    1    1    1    1    1    1    6   11  9.22486E+03 0.00447 
   67    1    1    1    1    1    1    1    7    1  0.00000E+00 0.00000 
   68    1    1    1    1    1    1    1    7    2  1.07460E+04 0.00418 
   69    1    1    1    1    1    1    1    7    3  1.01242E+04 0.00430 
   70    1    1    1    1    1    1    1    7    4  0.00000E+00 0.00000 
   71    1    1    1    1    1    1    1    7    5  9.49372E+03 0.00434 
   72    1    1    1    1    1    1    1    7    6  9.30144E+03 0.00431 
   73    1    1    1    1    1    1    1    7    7  0.00000E+00 0.00000 
   74    1    1    1    1    1    1    1    7    8  9.03825E+03 0.00434 
   75    1    1    1    1    1    1    1    7    9  9.11593E+03 0.00441 
   76    1    1    1    1    1    1    1    7   10  0.00000E+00 0.00000 
   77    1    1    1    1    1    1    1    7   11  9.21906E+03 0.00441 
   78    1    1    1    1    1    1    1    8    1  1.00782E+04 0.00423 
   79    1    1    1    1    1    1    1    8    2  0.00000E+00 0.00000 
   80    1    1    1    1    1    1    1    8    3  9.60339E+03 0.00432 
   81    1    1    1    1    1    1    1    8    4  9.35583E+03 0.00433 
   82    1    1    1    1    1    1    1    8    5  0.00000E+00 0.00000 
   83    1    1    1    1    1    1    1    8    6  8.92951E+03 0.00445 
   84    1    1    1    1    1    1    1    8    7  8.82510E+03 0.00440 
   85    1    1    1    1    1    1    1    8    8  0.00000E+00 0.00000 
   86    1    1    1    1    1    1    1    8    9  9.10010E+03 0.00439 
   87    1    1    1    1    1    1    1    8   10  0.00000E+00 0.00000 
   88    1    1    1    1    1    1    1    8   11  0.00000E+00 0.00000 
   89    1    1    1    1    1    1    1    9    1  9.60998E+03 0.00427 
   90    1    1    1    1    1    1    1    9    2  9.40067E+03 0.00434 
   91    1    1    1    1    1    1    1    9    3  0.00000E+00 0.00000 
   92    1    1    1    1    1    1    1    9    4  9.04498E+03 0.00442 
   93    1    1    1    1    1    1    1    9    5  8.92340E+03 0.00440 
   94    1    1    1    1    1    1    1    9    6  0.00000E+00 0.00000 
   95    1    1    1    1    1    1    1    9    7  8.72204E+03 0.00440 
   96    1    1    1    1    1    1    1    9    8  8.68530E+03 0.00455 
   97    1    1    1    1    1    1    1    9    9  0.00000E+00 0.00000 
   98    1    1    1    1    1    1    1    9   10  8.81382E+03 0.00452 
   99    1    1    1    1    1    1    1    9   11  8.58618E+03 0.00439 
  100    1    1    1    1    1    1    1   10    1  0.00000E+00 0.00000 
  101    1    1    1    1    1    1    1   10    2  9.21362E+03 0.00426 
  102    1    1    1    1    1    1    1   10    3  9.03124E+03 0.00437 
  103    1    1    1    1    1    1    1   10    4  0.00000E+00 0.00000 
  104    1    1    1    1    1    1    1   10    5  8.75138E+03 0.00455 
  105    1    1    1    1    1    1    1   10    6  8.64350E+03 0.00443 
  106    1    1    1    1    1    1    1   10    7  0.00000E+00 0.00000 
  107    1    1    1    1    1    1    1   10    8  8.49072E+03 0.00460 
  108    1    1    1    1    1    1    1   10    9  8.40853E+03 0.00456 
  109    1    1    1    1    1    1    1   10   10  0.00000E+00 0.00000 
