
DETassem1 = [
    1    1    1    1    1    1    1    1    1    1  0.00000E+00 0.00000 
    2    1    1    1    1    1    1    1    1    2  0.00000E+00 0.00000 
    3    1    1    1    1    1    1    1    1    3  0.00000E+00 0.00000 
    4    1    1    1    1    1    1    1    1    4  0.00000E+00 0.00000 
    5    1    1    1    1    1    1    1    1    5  0.00000E+00 0.00000 
    6    1    1    1    1    1    1    1    1    6  0.00000E+00 0.00000 
    7    1    1    1    1    1    1    1    1    7  0.00000E+00 0.00000 
    8    1    1    1    1    1    1    1    1    8  1.90443E+04 0.00361 
    9    1    1    1    1    1    1    1    1    9  1.51190E+04 0.00395 
   10    1    1    1    1    1    1    1    1   10  0.00000E+00 0.00000 
   11    1    1    1    1    1    1    1    1   11  1.11209E+04 0.00432 
   12    1    1    1    1    1    1    1    2    1  2.05205E+04 0.00353 
   13    1    1    1    1    1    1    1    2    2  0.00000E+00 0.00000 
   14    1    1    1    1    1    1    1    2    3  0.00000E+00 0.00000 
   15    1    1    1    1    1    1    1    2    4  0.00000E+00 0.00000 
   16    1    1    1    1    1    1    1    2    5  0.00000E+00 0.00000 
   17    1    1    1    1    1    1    1    2    6  2.04356E+04 0.00351 
   18    1    1    1    1    1    1    1    2    7  1.63846E+04 0.00372 
   19    1    1    1    1    1    1    1    2    8  0.00000E+00 0.00000 
   20    1    1    1    1    1    1    1    2    9  0.00000E+00 0.00000 
   21    1    1    1    1    1    1    1    2   10  1.12153E+04 0.00421 
   22    1    1    1    1    1    1    1    2   11  0.00000E+00 0.00000 
   23    1    1    1    1    1    1    1    3    1  1.64944E+04 0.00372 
   24    1    1    1    1    1    1    1    3    2  1.91883E+04 0.00364 
   25    1    1    1    1    1    1    1    3    3  0.00000E+00 0.00000 
   26    1    1    1    1    1    1    1    3    4  1.91010E+04 0.00366 
   27    1    1    1    1    1    1    1    3    5  1.64063E+04 0.00375 
   28    1    1    1    1    1    1    1    3    6  0.00000E+00 0.00000 
   29    1    1    1    1    1    1    1    3    7  1.25723E+04 0.00412 
   30    1    1    1    1    1    1    1    3    8  1.16740E+04 0.00423 
   31    1    1    1    1    1    1    1    3    9  0.00000E+00 0.00000 
   32    1    1    1    1    1    1    1    3   10  9.88502E+03 0.00441 
   33    1    1    1    1    1    1    1    3   11  9.20171E+03 0.00454 
   34    1    1    1    1    1    1    1    4    1  0.00000E+00 0.00000 
   35    1    1    1    1    1    1    1    4    2  1.51411E+04 0.00388 
   36    1    1    1    1    1    1    1    4    3  1.50895E+04 0.00389 
   37    1    1    1    1    1    1    1    4    4  0.00000E+00 0.00000 
   38    1    1    1    1    1    1    1    4    5  1.26383E+04 0.00416 
   39    1    1    1    1    1    1    1    4    6  1.15588E+04 0.00429 
   40    1    1    1    1    1    1    1    4    7  0.00000E+00 0.00000 
   41    1    1    1    1    1    1    1    4    8  1.00555E+04 0.00434 
   42    1    1    1    1    1    1    1    4    9  9.54297E+03 0.00440 
   43    1    1    1    1    1    1    1    4   10  0.00000E+00 0.00000 
   44    1    1    1    1    1    1    1    4   11  8.81964E+03 0.00456 
   45    1    1    1    1    1    1    1    5    1  0.00000E+00 0.00000 
   46    1    1    1    1    1    1    1    5    2  0.00000E+00 0.00000 
   47    1    1    1    1    1    1    1    5    3  0.00000E+00 0.00000 
   48    1    1    1    1    1    1    1    5    4  1.16731E+04 0.00420 
   49    1    1    1    1    1    1    1    5    5  0.00000E+00 0.00000 
   50    1    1    1    1    1    1    1    5    6  1.01049E+04 0.00436 
   51    1    1    1    1    1    1    1    5    7  9.64845E+03 0.00448 
   52    1    1    1    1    1    1    1    5    8  0.00000E+00 0.00000 
   53    1    1    1    1    1    1    1    5    9  8.94205E+03 0.00452 
   54    1    1    1    1    1    1    1    5   10  8.68279E+03 0.00468 
   55    1    1    1    1    1    1    1    5   11  0.00000E+00 0.00000 
   56    1    1    1    1    1    1    1    6    1  1.11812E+04 0.00430 
   57    1    1    1    1    1    1    1    6    2  1.11364E+04 0.00423 
   58    1    1    1    1    1    1    1    6    3  0.00000E+00 0.00000 
   59    1    1    1    1    1    1    1    6    4  1.01549E+04 0.00446 
   60    1    1    1    1    1    1    1    6    5  9.58640E+03 0.00449 
   61    1    1    1    1    1    1    1    6    6  0.00000E+00 0.00000 
   62    1    1    1    1    1    1    1    6    7  8.94908E+03 0.00453 
   63    1    1    1    1    1    1    1    6    8  8.70914E+03 0.00459 
   64    1    1    1    1    1    1    1    6    9  0.00000E+00 0.00000 
   65    1    1    1    1    1    1    1    6   10  8.44737E+03 0.00463 
   66    1    1    1    1    1    1    1    6   11  8.28893E+03 0.00469 
   67    1    1    1    1    1    1    1    7    1  0.00000E+00 0.00000 
   68    1    1    1    1    1    1    1    7    2  9.81795E+03 0.00450 
   69    1    1    1    1    1    1    1    7    3  9.54051E+03 0.00448 
   70    1    1    1    1    1    1    1    7    4  0.00000E+00 0.00000 
   71    1    1    1    1    1    1    1    7    5  8.92953E+03 0.00456 
   72    1    1    1    1    1    1    1    7    6  8.74602E+03 0.00467 
   73    1    1    1    1    1    1    1    7    7  0.00000E+00 0.00000 
   74    1    1    1    1    1    1    1    7    8  8.36235E+03 0.00456 
   75    1    1    1    1    1    1    1    7    9  8.29443E+03 0.00460 
   76    1    1    1    1    1    1    1    7   10  0.00000E+00 0.00000 
   77    1    1    1    1    1    1    1    7   11  8.22931E+03 0.00482 
   78    1    1    1    1    1    1    1    8    1  9.20512E+03 0.00447 
   79    1    1    1    1    1    1    1    8    2  0.00000E+00 0.00000 
   80    1    1    1    1    1    1    1    8    3  8.89329E+03 0.00444 
   81    1    1    1    1    1    1    1    8    4  8.74858E+03 0.00462 
   82    1    1    1    1    1    1    1    8    5  0.00000E+00 0.00000 
   83    1    1    1    1    1    1    1    8    6  8.42320E+03 0.00465 
   84    1    1    1    1    1    1    1    8    7  8.27635E+03 0.00474 
   85    1    1    1    1    1    1    1    8    8  0.00000E+00 0.00000 
   86    1    1    1    1    1    1    1    8    9  8.16898E+03 0.00477 
   87    1    1    1    1    1    1    1    8   10  8.08619E+03 0.00473 
   88    1    1    1    1    1    1    1    8   11  0.00000E+00 0.00000 
   89    1    1    1    1    1    1    1    9    1  8.83336E+03 0.00456 
   90    1    1    1    1    1    1    1    9    2  8.70825E+03 0.00457 
   91    1    1    1    1    1    1    1    9    3  0.00000E+00 0.00000 
   92    1    1    1    1    1    1    1    9    4  8.38016E+03 0.00464 
   93    1    1    1    1    1    1    1    9    5  8.24606E+03 0.00466 
   94    1    1    1    1    1    1    1    9    6  0.00000E+00 0.00000 
   95    1    1    1    1    1    1    1    9    7  8.08972E+03 0.00475 
   96    1    1    1    1    1    1    1    9    8  8.01773E+03 0.00465 
   97    1    1    1    1    1    1    1    9    9  0.00000E+00 0.00000 
   98    1    1    1    1    1    1    1    9   10  7.91980E+03 0.00476 
   99    1    1    1    1    1    1    1    9   11  7.88491E+03 0.00484 
  100    1    1    1    1    1    1    1   10    1  0.00000E+00 0.00000 
  101    1    1    1    1    1    1    1   10    2  8.47629E+03 0.00465 
  102    1    1    1    1    1    1    1   10    3  8.36942E+03 0.00478 
  103    1    1    1    1    1    1    1   10    4  0.00000E+00 0.00000 
  104    1    1    1    1    1    1    1   10    5  8.12309E+03 0.00459 
  105    1    1    1    1    1    1    1   10    6  7.99064E+03 0.00460 
  106    1    1    1    1    1    1    1   10    7  0.00000E+00 0.00000 
  107    1    1    1    1    1    1    1   10    8  7.78547E+03 0.00492 
  108    1    1    1    1    1    1    1   10    9  7.78815E+03 0.00484 
  109    1    1    1    1    1    1    1   10   10  0.00000E+00 0.00000 
