
ZAI = [
922350
922380
666
0
];

NAMES = [
'U235            '
'U238            '
'lost            '
'total           '
];

i922350 = 1; iU235             = 1;
i922380 = 2; iU238             = 2;
iLOST    = 3;
iTOT     = 4;

MAT_un_VOLUME = [ 2.58745E+05 2.58745E+05 ];

MAT_un_BURNUP = [ 0.00000E+00 4.43013E+01 ];

MAT_un_ADENS = [
4.83387E-03 3.47181E-03 % U235
1.93936E-02 1.88457E-02 % U238
0.00000E+00 4.38630E-30 % lost data
7.26897E-02 7.38381E-02 % total
];

MAT_un_MDENS = [
1.88669E+00 1.35507E+00 % U235
7.66628E+00 7.44967E+00 % U238
0.00000E+00 0.00000E+00 % lost data
1.08000E+01 1.07985E+01 % total
];

MAT_un_A = [
3.90338E+10 2.80351E+10 % U235
2.46689E+10 2.39719E+10 % U238
0.00000E+00 0.00000E+00 % lost data
6.37027E+10 3.27542E+18 % total
];

MAT_un_H = [
2.92613E-02 2.10162E-02 % U235
1.68771E-02 1.64002E-02 % U238
0.00000E+00 0.00000E+00 % lost data
4.61383E-02 9.63348E+05 % total
];

MAT_un_SF = [
2.81043E+00 2.01852E+00 % U235
1.34692E+04 1.30887E+04 % U238
0.00000E+00 0.00000E+00 % lost data
1.34720E+04 1.12328E+08 % total
];

MAT_un_GSRC = [
4.93194E+10 3.54225E+10 % U235
2.18452E+09 2.12280E+09 % U238
0.00000E+00 0.00000E+00 % lost data
5.15040E+10 3.51954E+18 % total
];

MAT_un_ING_TOX = [
1.83459E+03 1.31765E+03 % U235
1.11010E+03 1.07874E+03 % U238
0.00000E+00 0.00000E+00 % lost data
2.94469E+03 2.23971E+09 % total
];

MAT_un_INH_TOX = [
3.31787E+05 2.38298E+05 % U235
1.97351E+05 1.91775E+05 % U238
0.00000E+00 0.00000E+00 % lost data
5.29139E+05 8.26918E+10 % total
];

TOT_VOLUME = [ 2.58745E+05 2.58745E+05 ];

TOT_BURNUP = [ 0.00000E+00 4.43013E+01 ];

TOT_ADENS = [
4.83387E-03 3.47181E-03 % U235
1.93936E-02 1.88457E-02 % U238
0.00000E+00 4.38630E-30 % lost data
7.26897E-02 7.38381E-02 % total
];

TOT_MASS = [
4.88172E+05 3.50618E+05 % U235
1.98362E+06 1.92757E+06 % U238
0.00000E+00 0.00000E+00 % lost data
2.79445E+06 2.79407E+06 % total
];

TOT_A = [
3.90338E+10 2.80351E+10 % U235
2.46689E+10 2.39719E+10 % U238
0.00000E+00 0.00000E+00 % lost data
6.37027E+10 3.27542E+18 % total
];

TOT_H = [
2.92613E-02 2.10162E-02 % U235
1.68771E-02 1.64002E-02 % U238
0.00000E+00 0.00000E+00 % lost data
4.61383E-02 9.63348E+05 % total
];

TOT_SF = [
2.81043E+00 2.01852E+00 % U235
1.34692E+04 1.30887E+04 % U238
0.00000E+00 0.00000E+00 % lost data
1.34720E+04 1.12328E+08 % total
];

TOT_GSRC = [
4.93194E+10 3.54225E+10 % U235
2.18452E+09 2.12280E+09 % U238
0.00000E+00 0.00000E+00 % lost data
5.15040E+10 3.51954E+18 % total
];

TOT_ING_TOX = [
1.83459E+03 1.31765E+03 % U235
1.11010E+03 1.07874E+03 % U238
0.00000E+00 0.00000E+00 % lost data
2.94469E+03 2.23971E+09 % total
];

TOT_INH_TOX = [
3.31787E+05 2.38298E+05 % U235
1.97351E+05 1.91775E+05 % U238
0.00000E+00 0.00000E+00 % lost data
5.29139E+05 8.26918E+10 % total
];

BU = [ 0.00000E+00 4.42999E+01 ];

DAYS = [ 0.00000E+00 7.30000E+03 ];
