
ZAI = [
922350
922380
666
0
];

NAMES = [
'U235            '
'U238            '
'lost            '
'total           '
];

i922350 = 1; iU235             = 1;
i922380 = 2; iU238             = 2;
iLOST    = 3;
iTOT     = 4;

MAT_un_VOLUME = [ 2.29868E+05 2.29868E+05 ];

MAT_un_BURNUP = [ 0.00000E+00 4.98667E+01 ];

MAT_un_ADENS = [
4.83387E-03 3.32595E-03 % U235
1.93936E-02 1.88120E-02 % U238
0.00000E+00 5.07366E-30 % lost data
7.26897E-02 7.39833E-02 % total
];

MAT_un_MDENS = [
1.88669E+00 1.29814E+00 % U235
7.66628E+00 7.43636E+00 % U238
0.00000E+00 0.00000E+00 % lost data
1.08000E+01 1.07983E+01 % total
];

MAT_un_A = [
3.46774E+10 2.38598E+10 % U235
2.19158E+10 2.12585E+10 % U238
0.00000E+00 0.00000E+00 % lost data
5.65932E+10 3.24482E+18 % total
];

MAT_un_H = [
2.59956E-02 1.78863E-02 % U235
1.49935E-02 1.45438E-02 % U238
0.00000E+00 0.00000E+00 % lost data
4.09891E-02 9.57515E+05 % total
];

MAT_un_SF = [
2.49677E+00 1.71791E+00 % U235
1.19660E+04 1.16071E+04 % U238
0.00000E+00 0.00000E+00 % lost data
1.19685E+04 1.48248E+08 % total
];

MAT_un_GSRC = [
4.38152E+10 3.01470E+10 % U235
1.94072E+09 1.88252E+09 % U238
0.00000E+00 0.00000E+00 % lost data
4.57559E+10 3.48069E+18 % total
];

MAT_un_ING_TOX = [
1.62984E+03 1.12141E+03 % U235
9.86209E+02 9.56632E+02 % U238
0.00000E+00 0.00000E+00 % lost data
2.61605E+03 2.25430E+09 % total
];

MAT_un_INH_TOX = [
2.94758E+05 2.02808E+05 % U235
1.75326E+05 1.70068E+05 % U238
0.00000E+00 0.00000E+00 % lost data
4.70084E+05 9.23911E+10 % total
];

TOT_VOLUME = [ 2.29868E+05 2.29868E+05 ];

TOT_BURNUP = [ 0.00000E+00 4.98667E+01 ];

TOT_ADENS = [
4.83387E-03 3.32595E-03 % U235
1.93936E-02 1.88120E-02 % U238
0.00000E+00 5.07366E-30 % lost data
7.26897E-02 7.39833E-02 % total
];

TOT_MASS = [
4.33690E+05 2.98401E+05 % U235
1.76223E+06 1.70938E+06 % U238
0.00000E+00 0.00000E+00 % lost data
2.48258E+06 2.48219E+06 % total
];

TOT_A = [
3.46774E+10 2.38598E+10 % U235
2.19158E+10 2.12585E+10 % U238
0.00000E+00 0.00000E+00 % lost data
5.65932E+10 3.24482E+18 % total
];

TOT_H = [
2.59956E-02 1.78863E-02 % U235
1.49935E-02 1.45438E-02 % U238
0.00000E+00 0.00000E+00 % lost data
4.09891E-02 9.57515E+05 % total
];

TOT_SF = [
2.49677E+00 1.71791E+00 % U235
1.19660E+04 1.16071E+04 % U238
0.00000E+00 0.00000E+00 % lost data
1.19685E+04 1.48248E+08 % total
];

TOT_GSRC = [
4.38152E+10 3.01470E+10 % U235
1.94072E+09 1.88252E+09 % U238
0.00000E+00 0.00000E+00 % lost data
4.57559E+10 3.48069E+18 % total
];

TOT_ING_TOX = [
1.62984E+03 1.12141E+03 % U235
9.86209E+02 9.56632E+02 % U238
0.00000E+00 0.00000E+00 % lost data
2.61605E+03 2.25430E+09 % total
];

TOT_INH_TOX = [
2.94758E+05 2.02808E+05 % U235
1.75326E+05 1.70068E+05 % U238
0.00000E+00 0.00000E+00 % lost data
4.70084E+05 9.23911E+10 % total
];

BU = [ 0.00000E+00 4.98651E+01 ];

DAYS = [ 0.00000E+00 7.30000E+03 ];
