
DETassem1 = [
    1    1    1    1    1    1    1    1    1    1  0.00000E+00 0.00000 
    2    1    1    1    1    1    1    1    1    2  0.00000E+00 0.00000 
    3    1    1    1    1    1    1    1    1    3  0.00000E+00 0.00000 
    4    1    1    1    1    1    1    1    1    4  0.00000E+00 0.00000 
    5    1    1    1    1    1    1    1    1    5  0.00000E+00 0.00000 
    6    1    1    1    1    1    1    1    1    6  0.00000E+00 0.00000 
    7    1    1    1    1    1    1    1    1    7  0.00000E+00 0.00000 
    8    1    1    1    1    1    1    1    1    8  1.82797E+04 0.00374 
    9    1    1    1    1    1    1    1    1    9  1.39976E+04 0.00396 
   10    1    1    1    1    1    1    1    1   10  0.00000E+00 0.00000 
   11    1    1    1    1    1    1    1    1   11  1.01857E+04 0.00445 
   12    1    1    1    1    1    1    1    2    1  1.98335E+04 0.00364 
   13    1    1    1    1    1    1    1    2    2  0.00000E+00 0.00000 
   14    1    1    1    1    1    1    1    2    3  0.00000E+00 0.00000 
   15    1    1    1    1    1    1    1    2    4  0.00000E+00 0.00000 
   16    1    1    1    1    1    1    1    2    5  0.00000E+00 0.00000 
   17    1    1    1    1    1    1    1    2    6  1.97269E+04 0.00351 
   18    1    1    1    1    1    1    1    2    7  1.58783E+04 0.00389 
   19    1    1    1    1    1    1    1    2    8  0.00000E+00 0.00000 
   20    1    1    1    1    1    1    1    2    9  1.12967E+04 0.00429 
   21    1    1    1    1    1    1    1    2   10  1.02299E+04 0.00439 
   22    1    1    1    1    1    1    1    2   11  0.00000E+00 0.00000 
   23    1    1    1    1    1    1    1    3    1  1.58751E+04 0.00381 
   24    1    1    1    1    1    1    1    3    2  1.83610E+04 0.00363 
   25    1    1    1    1    1    1    1    3    3  0.00000E+00 0.00000 
   26    1    1    1    1    1    1    1    3    4  1.83204E+04 0.00368 
   27    1    1    1    1    1    1    1    3    5  1.59274E+04 0.00387 
   28    1    1    1    1    1    1    1    3    6  0.00000E+00 0.00000 
   29    1    1    1    1    1    1    1    3    7  1.21862E+04 0.00416 
   30    1    1    1    1    1    1    1    3    8  1.09063E+04 0.00432 
   31    1    1    1    1    1    1    1    3    9  0.00000E+00 0.00000 
   32    1    1    1    1    1    1    1    3   10  9.41573E+03 0.00454 
   33    1    1    1    1    1    1    1    3   11  9.02727E+03 0.00459 
   34    1    1    1    1    1    1    1    4    1  0.00000E+00 0.00000 
   35    1    1    1    1    1    1    1    4    2  1.39570E+04 0.00400 
   36    1    1    1    1    1    1    1    4    3  1.40041E+04 0.00401 
   37    1    1    1    1    1    1    1    4    4  0.00000E+00 0.00000 
   38    1    1    1    1    1    1    1    4    5  1.21446E+04 0.00419 
   39    1    1    1    1    1    1    1    4    6  1.12477E+04 0.00425 
   40    1    1    1    1    1    1    1    4    7  0.00000E+00 0.00000 
   41    1    1    1    1    1    1    1    4    8  9.90090E+03 0.00448 
   42    1    1    1    1    1    1    1    4    9  9.36650E+03 0.00450 
   43    1    1    1    1    1    1    1    4   10  0.00000E+00 0.00000 
   44    1    1    1    1    1    1    1    4   11  8.81851E+03 0.00457 
   45    1    1    1    1    1    1    1    5    1  1.12429E+04 0.00434 
   46    1    1    1    1    1    1    1    5    2  0.00000E+00 0.00000 
   47    1    1    1    1    1    1    1    5    3  1.13478E+04 0.00433 
   48    1    1    1    1    1    1    1    5    4  1.09433E+04 0.00422 
   49    1    1    1    1    1    1    1    5    5  0.00000E+00 0.00000 
   50    1    1    1    1    1    1    1    5    6  9.99377E+03 0.00452 
   51    1    1    1    1    1    1    1    5    7  9.68324E+03 0.00444 
   52    1    1    1    1    1    1    1    5    8  0.00000E+00 0.00000 
   53    1    1    1    1    1    1    1    5    9  9.18691E+03 0.00447 
   54    1    1    1    1    1    1    1    5   10  8.85807E+03 0.00464 
   55    1    1    1    1    1    1    1    5   11  0.00000E+00 0.00000 
   56    1    1    1    1    1    1    1    6    1  1.02426E+04 0.00444 
   57    1    1    1    1    1    1    1    6    2  1.01896E+04 0.00431 
   58    1    1    1    1    1    1    1    6    3  0.00000E+00 0.00000 
   59    1    1    1    1    1    1    1    6    4  9.93805E+03 0.00449 
   60    1    1    1    1    1    1    1    6    5  9.64895E+03 0.00439 
   61    1    1    1    1    1    1    1    6    6  0.00000E+00 0.00000 
   62    1    1    1    1    1    1    1    6    7  9.28464E+03 0.00456 
   63    1    1    1    1    1    1    1    6    8  0.00000E+00 0.00000 
   64    1    1    1    1    1    1    1    6    9  0.00000E+00 0.00000 
   65    1    1    1    1    1    1    1    6   10  8.65326E+03 0.00456 
   66    1    1    1    1    1    1    1    6   11  8.43601E+03 0.00481 
   67    1    1    1    1    1    1    1    7    1  0.00000E+00 0.00000 
   68    1    1    1    1    1    1    1    7    2  9.53262E+03 0.00461 
   69    1    1    1    1    1    1    1    7    3  9.31807E+03 0.00447 
   70    1    1    1    1    1    1    1    7    4  0.00000E+00 0.00000 
   71    1    1    1    1    1    1    1    7    5  9.30878E+03 0.00455 
   72    1    1    1    1    1    1    1    7    6  9.06084E+03 0.00466 
   73    1    1    1    1    1    1    1    7    7  0.00000E+00 0.00000 
   74    1    1    1    1    1    1    1    7    8  8.90937E+03 0.00461 
   75    1    1    1    1    1    1    1    7    9  8.59514E+03 0.00464 
   76    1    1    1    1    1    1    1    7   10  0.00000E+00 0.00000 
   77    1    1    1    1    1    1    1    7   11  8.21372E+03 0.00470 
   78    1    1    1    1    1    1    1    8    1  9.11578E+03 0.00451 
   79    1    1    1    1    1    1    1    8    2  0.00000E+00 0.00000 
   80    1    1    1    1    1    1    1    8    3  9.21006E+03 0.00452 
   81    1    1    1    1    1    1    1    8    4  0.00000E+00 0.00000 
   82    1    1    1    1    1    1    1    8    5  0.00000E+00 0.00000 
   83    1    1    1    1    1    1    1    8    6  8.76536E+03 0.00464 
   84    1    1    1    1    1    1    1    8    7  8.51164E+03 0.00466 
   85    1    1    1    1    1    1    1    8    8  0.00000E+00 0.00000 
   86    1    1    1    1    1    1    1    8    9  8.26369E+03 0.00481 
   87    1    1    1    1    1    1    1    8   10  8.18821E+03 0.00472 
   88    1    1    1    1    1    1    1    8   11  0.00000E+00 0.00000 
   89    1    1    1    1    1    1    1    9    1  8.74627E+03 0.00468 
   90    1    1    1    1    1    1    1    9    2  8.89146E+03 0.00456 
   91    1    1    1    1    1    1    1    9    3  0.00000E+00 0.00000 
   92    1    1    1    1    1    1    1    9    4  8.82153E+03 0.00465 
   93    1    1    1    1    1    1    1    9    5  8.58045E+03 0.00461 
   94    1    1    1    1    1    1    1    9    6  0.00000E+00 0.00000 
   95    1    1    1    1    1    1    1    9    7  8.33498E+03 0.00468 
   96    1    1    1    1    1    1    1    9    8  8.18961E+03 0.00466 
   97    1    1    1    1    1    1    1    9    9  0.00000E+00 0.00000 
   98    1    1    1    1    1    1    1    9   10  8.01471E+03 0.00474 
   99    1    1    1    1    1    1    1    9   11  7.90915E+03 0.00484 
  100    1    1    1    1    1    1    1   10    1  0.00000E+00 0.00000 
  101    1    1    1    1    1    1    1   10    2  8.69155E+03 0.00461 
  102    1    1    1    1    1    1    1   10    3  8.50785E+03 0.00472 
  103    1    1    1    1    1    1    1   10    4  0.00000E+00 0.00000 
  104    1    1    1    1    1    1    1   10    5  8.32711E+03 0.00475 
  105    1    1    1    1    1    1    1   10    6  8.20526E+03 0.00471 
  106    1    1    1    1    1    1    1   10    7  0.00000E+00 0.00000 
  107    1    1    1    1    1    1    1   10    8  7.98708E+03 0.00471 
  108    1    1    1    1    1    1    1   10    9  7.93146E+03 0.00478 
  109    1    1    1    1    1    1    1   10   10  0.00000E+00 0.00000 
