
ZAI = [
922350
922380
666
0
];

NAMES = [
'U235            '
'U238            '
'lost            '
'total           '
];

i922350 = 1; iU235             = 1;
i922380 = 2; iU238             = 2;
iLOST    = 3;
iTOT     = 4;

MAT_un_VOLUME = [ 2.24428E+05 2.24428E+05 ];

MAT_un_BURNUP = [ 0.00000E+00 5.10755E+01 ];

MAT_un_ADENS = [
4.83387E-03 3.29322E-03 % U235
1.93936E-02 1.87964E-02 % U238
0.00000E+00 4.43383E-30 % lost data
7.26897E-02 7.40151E-02 % total
];

MAT_un_MDENS = [
1.88669E+00 1.28536E+00 % U235
7.66628E+00 7.43020E+00 % U238
0.00000E+00 0.00000E+00 % lost data
1.08000E+01 1.07983E+01 % total
];

MAT_un_A = [
3.38567E+10 2.30659E+10 % U235
2.13971E+10 2.07381E+10 % U238
0.00000E+00 0.00000E+00 % lost data
5.52537E+10 3.24623E+18 % total
];

MAT_un_H = [
2.53803E-02 1.72911E-02 % U235
1.46386E-02 1.41878E-02 % U238
0.00000E+00 0.00000E+00 % lost data
4.00189E-02 9.56948E+05 % total
];

MAT_un_SF = [
2.43768E+00 1.66074E+00 % U235
1.16828E+04 1.13230E+04 % U238
0.00000E+00 0.00000E+00 % lost data
1.16852E+04 1.55128E+08 % total
];

MAT_un_GSRC = [
4.27781E+10 2.91439E+10 % U235
1.89479E+09 1.83644E+09 % U238
0.00000E+00 0.00000E+00 % lost data
4.46729E+10 3.48214E+18 % total
];

MAT_un_ING_TOX = [
1.59126E+03 1.08410E+03 % U235
9.62867E+02 9.33216E+02 % U238
0.00000E+00 0.00000E+00 % lost data
2.55413E+03 2.26232E+09 % total
];

MAT_un_INH_TOX = [
2.87782E+05 1.96060E+05 % U235
1.71176E+05 1.65905E+05 % U238
0.00000E+00 0.00000E+00 % lost data
4.58958E+05 9.48123E+10 % total
];

TOT_VOLUME = [ 2.24428E+05 2.24428E+05 ];

TOT_BURNUP = [ 0.00000E+00 5.10755E+01 ];

TOT_ADENS = [
4.83387E-03 3.29322E-03 % U235
1.93936E-02 1.87964E-02 % U238
0.00000E+00 4.43383E-30 % lost data
7.26897E-02 7.40151E-02 % total
];

TOT_MASS = [
4.23425E+05 2.88471E+05 % U235
1.72053E+06 1.66754E+06 % U238
0.00000E+00 0.00000E+00 % lost data
2.42382E+06 2.42343E+06 % total
];

TOT_A = [
3.38567E+10 2.30659E+10 % U235
2.13971E+10 2.07381E+10 % U238
0.00000E+00 0.00000E+00 % lost data
5.52537E+10 3.24623E+18 % total
];

TOT_H = [
2.53803E-02 1.72911E-02 % U235
1.46386E-02 1.41878E-02 % U238
0.00000E+00 0.00000E+00 % lost data
4.00189E-02 9.56948E+05 % total
];

TOT_SF = [
2.43768E+00 1.66074E+00 % U235
1.16828E+04 1.13230E+04 % U238
0.00000E+00 0.00000E+00 % lost data
1.16852E+04 1.55128E+08 % total
];

TOT_GSRC = [
4.27781E+10 2.91439E+10 % U235
1.89479E+09 1.83644E+09 % U238
0.00000E+00 0.00000E+00 % lost data
4.46729E+10 3.48214E+18 % total
];

TOT_ING_TOX = [
1.59126E+03 1.08410E+03 % U235
9.62867E+02 9.33216E+02 % U238
0.00000E+00 0.00000E+00 % lost data
2.55413E+03 2.26232E+09 % total
];

TOT_INH_TOX = [
2.87782E+05 1.96060E+05 % U235
1.71176E+05 1.65905E+05 % U238
0.00000E+00 0.00000E+00 % lost data
4.58958E+05 9.48123E+10 % total
];

BU = [ 0.00000E+00 5.10739E+01 ];

DAYS = [ 0.00000E+00 7.30000E+03 ];
