
DETassem1 = [
    1    1    1    1    1    1    1    1    1    1  0.00000E+00 0.00000 
    2    1    1    1    1    1    1    1    1    2  0.00000E+00 0.00000 
    3    1    1    1    1    1    1    1    1    3  0.00000E+00 0.00000 
    4    1    1    1    1    1    1    1    1    4  0.00000E+00 0.00000 
    5    1    1    1    1    1    1    1    1    5  0.00000E+00 0.00000 
    6    1    1    1    1    1    1    1    1    6  0.00000E+00 0.00000 
    7    1    1    1    1    1    1    1    1    7  0.00000E+00 0.00000 
    8    1    1    1    1    1    1    1    1    8  0.00000E+00 0.00000 
    9    1    1    1    1    1    1    1    1    9  2.01218E+04 0.00336 
   10    1    1    1    1    1    1    1    1   10  0.00000E+00 0.00000 
   11    1    1    1    1    1    1    1    1   11  0.00000E+00 0.00000 
   12    1    1    1    1    1    1    1    2    1  2.71528E+04 0.00299 
   13    1    1    1    1    1    1    1    2    2  0.00000E+00 0.00000 
   14    1    1    1    1    1    1    1    2    3  0.00000E+00 0.00000 
   15    1    1    1    1    1    1    1    2    4  0.00000E+00 0.00000 
   16    1    1    1    1    1    1    1    2    5  0.00000E+00 0.00000 
   17    1    1    1    1    1    1    1    2    6  2.70174E+04 0.00306 
   18    1    1    1    1    1    1    1    2    7  0.00000E+00 0.00000 
   19    1    1    1    1    1    1    1    2    8  0.00000E+00 0.00000 
   20    1    1    1    1    1    1    1    2    9  1.58716E+04 0.00366 
   21    1    1    1    1    1    1    1    2   10  0.00000E+00 0.00000 
   22    1    1    1    1    1    1    1    2   11  0.00000E+00 0.00000 
   23    1    1    1    1    1    1    1    3    1  0.00000E+00 0.00000 
   24    1    1    1    1    1    1    1    3    2  0.00000E+00 0.00000 
   25    1    1    1    1    1    1    1    3    3  0.00000E+00 0.00000 
   26    1    1    1    1    1    1    1    3    4  0.00000E+00 0.00000 
   27    1    1    1    1    1    1    1    3    5  0.00000E+00 0.00000 
   28    1    1    1    1    1    1    1    3    6  0.00000E+00 0.00000 
   29    1    1    1    1    1    1    1    3    7  1.70882E+04 0.00365 
   30    1    1    1    1    1    1    1    3    8  1.47141E+04 0.00375 
   31    1    1    1    1    1    1    1    3    9  0.00000E+00 0.00000 
   32    1    1    1    1    1    1    1    3   10  1.29625E+04 0.00400 
   33    1    1    1    1    1    1    1    3   11  0.00000E+00 0.00000 
   34    1    1    1    1    1    1    1    4    1  0.00000E+00 0.00000 
   35    1    1    1    1    1    1    1    4    2  2.01376E+04 0.00340 
   36    1    1    1    1    1    1    1    4    3  2.02176E+04 0.00334 
   37    1    1    1    1    1    1    1    4    4  0.00000E+00 0.00000 
   38    1    1    1    1    1    1    1    4    5  1.71801E+04 0.00369 
   39    1    1    1    1    1    1    1    4    6  1.48953E+04 0.00369 
   40    1    1    1    1    1    1    1    4    7  0.00000E+00 0.00000 
   41    1    1    1    1    1    1    1    4    8  1.23113E+04 0.00391 
   42    1    1    1    1    1    1    1    4    9  1.18055E+04 0.00405 
   43    1    1    1    1    1    1    1    4   10  0.00000E+00 0.00000 
   44    1    1    1    1    1    1    1    4   11  1.13644E+04 0.00414 
   45    1    1    1    1    1    1    1    5    1  1.58554E+04 0.00381 
   46    1    1    1    1    1    1    1    5    2  0.00000E+00 0.00000 
   47    1    1    1    1    1    1    1    5    3  1.59594E+04 0.00358 
   48    1    1    1    1    1    1    1    5    4  1.46456E+04 0.00380 
   49    1    1    1    1    1    1    1    5    5  0.00000E+00 0.00000 
   50    1    1    1    1    1    1    1    5    6  1.22540E+04 0.00406 
   51    1    1    1    1    1    1    1    5    7  1.15276E+04 0.00417 
   52    1    1    1    1    1    1    1    5    8  0.00000E+00 0.00000 
   53    1    1    1    1    1    1    1    5    9  1.09005E+04 0.00416 
   54    1    1    1    1    1    1    1    5   10  1.07315E+04 0.00418 
   55    1    1    1    1    1    1    1    5   11  0.00000E+00 0.00000 
   56    1    1    1    1    1    1    1    6    1  0.00000E+00 0.00000 
   57    1    1    1    1    1    1    1    6    2  0.00000E+00 0.00000 
   58    1    1    1    1    1    1    1    6    3  0.00000E+00 0.00000 
   59    1    1    1    1    1    1    1    6    4  1.23674E+04 0.00400 
   60    1    1    1    1    1    1    1    6    5  1.15297E+04 0.00409 
   61    1    1    1    1    1    1    1    6    6  0.00000E+00 0.00000 
   62    1    1    1    1    1    1    1    6    7  1.06254E+04 0.00420 
   63    1    1    1    1    1    1    1    6    8  1.05957E+04 0.00424 
   64    1    1    1    1    1    1    1    6    9  0.00000E+00 0.00000 
   65    1    1    1    1    1    1    1    6   10  1.03020E+04 0.00424 
   66    1    1    1    1    1    1    1    6   11  1.03940E+04 0.00430 
   67    1    1    1    1    1    1    1    7    1  0.00000E+00 0.00000 
   68    1    1    1    1    1    1    1    7    2  1.30143E+04 0.00388 
   69    1    1    1    1    1    1    1    7    3  1.17952E+04 0.00404 
   70    1    1    1    1    1    1    1    7    4  0.00000E+00 0.00000 
   71    1    1    1    1    1    1    1    7    5  1.06174E+04 0.00420 
   72    1    1    1    1    1    1    1    7    6  1.03834E+04 0.00426 
   73    1    1    1    1    1    1    1    7    7  0.00000E+00 0.00000 
   74    1    1    1    1    1    1    1    7    8  0.00000E+00 0.00000 
   75    1    1    1    1    1    1    1    7    9  1.02233E+04 0.00422 
   76    1    1    1    1    1    1    1    7   10  0.00000E+00 0.00000 
   77    1    1    1    1    1    1    1    7   11  1.02320E+04 0.00420 
   78    1    1    1    1    1    1    1    8    1  0.00000E+00 0.00000 
   79    1    1    1    1    1    1    1    8    2  0.00000E+00 0.00000 
   80    1    1    1    1    1    1    1    8    3  1.08667E+04 0.00407 
   81    1    1    1    1    1    1    1    8    4  1.05238E+04 0.00424 
   82    1    1    1    1    1    1    1    8    5  0.00000E+00 0.00000 
   83    1    1    1    1    1    1    1    8    6  9.93750E+03 0.00432 
   84    1    1    1    1    1    1    1    8    7  9.96031E+03 0.00441 
   85    1    1    1    1    1    1    1    8    8  0.00000E+00 0.00000 
   86    1    1    1    1    1    1    1    8    9  9.87092E+03 0.00432 
   87    1    1    1    1    1    1    1    8   10  1.01849E+04 0.00432 
   88    1    1    1    1    1    1    1    8   11  0.00000E+00 0.00000 
   89    1    1    1    1    1    1    1    9    1  1.12586E+04 0.00404 
   90    1    1    1    1    1    1    1    9    2  1.07724E+04 0.00415 
   91    1    1    1    1    1    1    1    9    3  0.00000E+00 0.00000 
   92    1    1    1    1    1    1    1    9    4  0.00000E+00 0.00000 
   93    1    1    1    1    1    1    1    9    5  1.00324E+04 0.00432 
   94    1    1    1    1    1    1    1    9    6  0.00000E+00 0.00000 
   95    1    1    1    1    1    1    1    9    7  9.62817E+03 0.00431 
   96    1    1    1    1    1    1    1    9    8  9.70158E+03 0.00436 
   97    1    1    1    1    1    1    1    9    9  0.00000E+00 0.00000 
   98    1    1    1    1    1    1    1    9   10  0.00000E+00 0.00000 
   99    1    1    1    1    1    1    1    9   11  9.97700E+03 0.00444 
  100    1    1    1    1    1    1    1   10    1  0.00000E+00 0.00000 
  101    1    1    1    1    1    1    1   10    2  1.03377E+04 0.00417 
  102    1    1    1    1    1    1    1   10    3  1.02329E+04 0.00420 
  103    1    1    1    1    1    1    1   10    4  0.00000E+00 0.00000 
  104    1    1    1    1    1    1    1   10    5  9.60908E+03 0.00433 
  105    1    1    1    1    1    1    1   10    6  9.51426E+03 0.00441 
  106    1    1    1    1    1    1    1   10    7  0.00000E+00 0.00000 
  107    1    1    1    1    1    1    1   10    8  9.59140E+03 0.00439 
  108    1    1    1    1    1    1    1   10    9  0.00000E+00 0.00000 
  109    1    1    1    1    1    1    1   10   10  0.00000E+00 0.00000 
