
ZAI = [
922350
922380
666
0
];

NAMES = [
'U235            '
'U238            '
'lost            '
'total           '
];

i922350 = 1; iU235             = 1;
i922380 = 2; iU238             = 2;
iLOST    = 3;
iTOT     = 4;

MAT_un_VOLUME = [ 2.24819E+05 2.24819E+05 ];

MAT_un_BURNUP = [ 0.00000E+00 5.09865E+01 ];

MAT_un_ADENS = [
4.83387E-03 3.29674E-03 % U235
1.93936E-02 1.88037E-02 % U238
0.00000E+00 5.15114E-30 % lost data
7.26897E-02 7.40125E-02 % total
];

MAT_un_MDENS = [
1.88669E+00 1.28674E+00 % U235
7.66628E+00 7.43310E+00 % U238
0.00000E+00 0.00000E+00 % lost data
1.08000E+01 1.07983E+01 % total
];

MAT_un_A = [
3.39157E+10 2.31308E+10 % U235
2.14344E+10 2.07824E+10 % U238
0.00000E+00 0.00000E+00 % lost data
5.53501E+10 3.24006E+18 % total
];

MAT_un_H = [
2.54246E-02 1.73398E-02 % U235
1.46642E-02 1.42181E-02 % U238
0.00000E+00 0.00000E+00 % lost data
4.00888E-02 9.56369E+05 % total
];

MAT_un_SF = [
2.44193E+00 1.66542E+00 % U235
1.17032E+04 1.13472E+04 % U238
0.00000E+00 0.00000E+00 % lost data
1.17056E+04 1.54523E+08 % total
];

MAT_un_GSRC = [
4.28527E+10 2.92259E+10 % U235
1.89809E+09 1.84036E+09 % U238
0.00000E+00 0.00000E+00 % lost data
4.47508E+10 3.47477E+18 % total
];

MAT_un_ING_TOX = [
1.59404E+03 1.08715E+03 % U235
9.64547E+02 9.35209E+02 % U238
0.00000E+00 0.00000E+00 % lost data
2.55859E+03 2.25720E+09 % total
];

MAT_un_INH_TOX = [
2.88284E+05 1.96612E+05 % U235
1.71475E+05 1.66259E+05 % U238
0.00000E+00 0.00000E+00 % lost data
4.59759E+05 9.40341E+10 % total
];

TOT_VOLUME = [ 2.24819E+05 2.24819E+05 ];

TOT_BURNUP = [ 0.00000E+00 5.09865E+01 ];

TOT_ADENS = [
4.83387E-03 3.29674E-03 % U235
1.93936E-02 1.88037E-02 % U238
0.00000E+00 5.15114E-30 % lost data
7.26897E-02 7.40125E-02 % total
];

TOT_MASS = [
4.24164E+05 2.89283E+05 % U235
1.72353E+06 1.67110E+06 % U238
0.00000E+00 0.00000E+00 % lost data
2.42805E+06 2.42765E+06 % total
];

TOT_A = [
3.39157E+10 2.31308E+10 % U235
2.14344E+10 2.07824E+10 % U238
0.00000E+00 0.00000E+00 % lost data
5.53501E+10 3.24006E+18 % total
];

TOT_H = [
2.54246E-02 1.73398E-02 % U235
1.46642E-02 1.42181E-02 % U238
0.00000E+00 0.00000E+00 % lost data
4.00888E-02 9.56369E+05 % total
];

TOT_SF = [
2.44193E+00 1.66542E+00 % U235
1.17032E+04 1.13472E+04 % U238
0.00000E+00 0.00000E+00 % lost data
1.17056E+04 1.54523E+08 % total
];

TOT_GSRC = [
4.28527E+10 2.92259E+10 % U235
1.89809E+09 1.84036E+09 % U238
0.00000E+00 0.00000E+00 % lost data
4.47508E+10 3.47477E+18 % total
];

TOT_ING_TOX = [
1.59404E+03 1.08715E+03 % U235
9.64547E+02 9.35209E+02 % U238
0.00000E+00 0.00000E+00 % lost data
2.55859E+03 2.25720E+09 % total
];

TOT_INH_TOX = [
2.88284E+05 1.96612E+05 % U235
1.71475E+05 1.66259E+05 % U238
0.00000E+00 0.00000E+00 % lost data
4.59759E+05 9.40341E+10 % total
];

BU = [ 0.00000E+00 5.09850E+01 ];

DAYS = [ 0.00000E+00 7.30000E+03 ];
