
DETassem1 = [
    1    1    1    1    1    1    1    1    1    1  0.00000E+00 0.00000 
    2    1    1    1    1    1    1    1    1    2  0.00000E+00 0.00000 
    3    1    1    1    1    1    1    1    1    3  0.00000E+00 0.00000 
    4    1    1    1    1    1    1    1    1    4  0.00000E+00 0.00000 
    5    1    1    1    1    1    1    1    1    5  0.00000E+00 0.00000 
    6    1    1    1    1    1    1    1    1    6  0.00000E+00 0.00000 
    7    1    1    1    1    1    1    1    1    7  0.00000E+00 0.00000 
    8    1    1    1    1    1    1    1    1    8  1.79299E+04 0.00349 
    9    1    1    1    1    1    1    1    1    9  1.41819E+04 0.00388 
   10    1    1    1    1    1    1    1    1   10  0.00000E+00 0.00000 
   11    1    1    1    1    1    1    1    1   11  1.05150E+04 0.00418 
   12    1    1    1    1    1    1    1    2    1  1.92690E+04 0.00347 
   13    1    1    1    1    1    1    1    2    2  0.00000E+00 0.00000 
   14    1    1    1    1    1    1    1    2    3  0.00000E+00 0.00000 
   15    1    1    1    1    1    1    1    2    4  0.00000E+00 0.00000 
   16    1    1    1    1    1    1    1    2    5  0.00000E+00 0.00000 
   17    1    1    1    1    1    1    1    2    6  1.92536E+04 0.00341 
   18    1    1    1    1    1    1    1    2    7  1.57922E+04 0.00367 
   19    1    1    1    1    1    1    1    2    8  0.00000E+00 0.00000 
   20    1    1    1    1    1    1    1    2    9  1.16313E+04 0.00408 
   21    1    1    1    1    1    1    1    2   10  1.05875E+04 0.00416 
   22    1    1    1    1    1    1    1    2   11  0.00000E+00 0.00000 
   23    1    1    1    1    1    1    1    3    1  1.58107E+04 0.00367 
   24    1    1    1    1    1    1    1    3    2  1.79434E+04 0.00353 
   25    1    1    1    1    1    1    1    3    3  0.00000E+00 0.00000 
   26    1    1    1    1    1    1    1    3    4  1.80489E+04 0.00353 
   27    1    1    1    1    1    1    1    3    5  1.57961E+04 0.00367 
   28    1    1    1    1    1    1    1    3    6  0.00000E+00 0.00000 
   29    1    1    1    1    1    1    1    3    7  1.24050E+04 0.00396 
   30    1    1    1    1    1    1    1    3    8  1.13053E+04 0.00411 
   31    1    1    1    1    1    1    1    3    9  0.00000E+00 0.00000 
   32    1    1    1    1    1    1    1    3   10  9.78152E+03 0.00431 
   33    1    1    1    1    1    1    1    3   11  9.38483E+03 0.00431 
   34    1    1    1    1    1    1    1    4    1  0.00000E+00 0.00000 
   35    1    1    1    1    1    1    1    4    2  1.40949E+04 0.00378 
   36    1    1    1    1    1    1    1    4    3  1.41913E+04 0.00377 
   37    1    1    1    1    1    1    1    4    4  0.00000E+00 0.00000 
   38    1    1    1    1    1    1    1    4    5  1.24539E+04 0.00404 
   39    1    1    1    1    1    1    1    4    6  1.16083E+04 0.00409 
   40    1    1    1    1    1    1    1    4    7  0.00000E+00 0.00000 
   41    1    1    1    1    1    1    1    4    8  1.02030E+04 0.00423 
   42    1    1    1    1    1    1    1    4    9  9.73442E+03 0.00426 
   43    1    1    1    1    1    1    1    4   10  0.00000E+00 0.00000 
   44    1    1    1    1    1    1    1    4   11  9.15295E+03 0.00434 
   45    1    1    1    1    1    1    1    5    1  1.16470E+04 0.00413 
   46    1    1    1    1    1    1    1    5    2  0.00000E+00 0.00000 
   47    1    1    1    1    1    1    1    5    3  1.16492E+04 0.00408 
   48    1    1    1    1    1    1    1    5    4  1.12923E+04 0.00410 
   49    1    1    1    1    1    1    1    5    5  0.00000E+00 0.00000 
   50    1    1    1    1    1    1    1    5    6  1.02453E+04 0.00424 
   51    1    1    1    1    1    1    1    5    7  9.94808E+03 0.00426 
   52    1    1    1    1    1    1    1    5    8  0.00000E+00 0.00000 
   53    1    1    1    1    1    1    1    5    9  9.47435E+03 0.00433 
   54    1    1    1    1    1    1    1    5   10  9.16195E+03 0.00446 
   55    1    1    1    1    1    1    1    5   11  0.00000E+00 0.00000 
   56    1    1    1    1    1    1    1    6    1  1.05254E+04 0.00419 
   57    1    1    1    1    1    1    1    6    2  1.06274E+04 0.00412 
   58    1    1    1    1    1    1    1    6    3  0.00000E+00 0.00000 
   59    1    1    1    1    1    1    1    6    4  1.02206E+04 0.00414 
   60    1    1    1    1    1    1    1    6    5  1.00247E+04 0.00425 
   61    1    1    1    1    1    1    1    6    6  0.00000E+00 0.00000 
   62    1    1    1    1    1    1    1    6    7  9.58391E+03 0.00433 
   63    1    1    1    1    1    1    1    6    8  0.00000E+00 0.00000 
   64    1    1    1    1    1    1    1    6    9  0.00000E+00 0.00000 
   65    1    1    1    1    1    1    1    6   10  8.95841E+03 0.00440 
   66    1    1    1    1    1    1    1    6   11  8.80546E+03 0.00454 
   67    1    1    1    1    1    1    1    7    1  0.00000E+00 0.00000 
   68    1    1    1    1    1    1    1    7    2  9.81304E+03 0.00418 
   69    1    1    1    1    1    1    1    7    3  9.80365E+03 0.00425 
   70    1    1    1    1    1    1    1    7    4  0.00000E+00 0.00000 
   71    1    1    1    1    1    1    1    7    5  9.66627E+03 0.00440 
   72    1    1    1    1    1    1    1    7    6  9.32057E+03 0.00428 
   73    1    1    1    1    1    1    1    7    7  0.00000E+00 0.00000 
   74    1    1    1    1    1    1    1    7    8  9.13766E+03 0.00439 
   75    1    1    1    1    1    1    1    7    9  8.92306E+03 0.00433 
   76    1    1    1    1    1    1    1    7   10  0.00000E+00 0.00000 
   77    1    1    1    1    1    1    1    7   11  8.59055E+03 0.00449 
   78    1    1    1    1    1    1    1    8    1  9.44986E+03 0.00433 
   79    1    1    1    1    1    1    1    8    2  0.00000E+00 0.00000 
   80    1    1    1    1    1    1    1    8    3  9.57759E+03 0.00434 
   81    1    1    1    1    1    1    1    8    4  0.00000E+00 0.00000 
   82    1    1    1    1    1    1    1    8    5  0.00000E+00 0.00000 
   83    1    1    1    1    1    1    1    8    6  9.05925E+03 0.00440 
   84    1    1    1    1    1    1    1    8    7  8.92763E+03 0.00443 
   85    1    1    1    1    1    1    1    8    8  0.00000E+00 0.00000 
   86    1    1    1    1    1    1    1    8    9  8.64233E+03 0.00451 
   87    1    1    1    1    1    1    1    8   10  8.49197E+03 0.00458 
   88    1    1    1    1    1    1    1    8   11  0.00000E+00 0.00000 
   89    1    1    1    1    1    1    1    9    1  9.15864E+03 0.00436 
   90    1    1    1    1    1    1    1    9    2  9.15065E+03 0.00429 
   91    1    1    1    1    1    1    1    9    3  0.00000E+00 0.00000 
   92    1    1    1    1    1    1    1    9    4  9.25563E+03 0.00439 
   93    1    1    1    1    1    1    1    9    5  8.94200E+03 0.00442 
   94    1    1    1    1    1    1    1    9    6  0.00000E+00 0.00000 
   95    1    1    1    1    1    1    1    9    7  8.61529E+03 0.00449 
   96    1    1    1    1    1    1    1    9    8  8.44875E+03 0.00443 
   97    1    1    1    1    1    1    1    9    9  0.00000E+00 0.00000 
   98    1    1    1    1    1    1    1    9   10  8.22287E+03 0.00463 
   99    1    1    1    1    1    1    1    9   11  8.21138E+03 0.00456 
  100    1    1    1    1    1    1    1   10    1  0.00000E+00 0.00000 
  101    1    1    1    1    1    1    1   10    2  8.93187E+03 0.00445 
  102    1    1    1    1    1    1    1   10    3  8.85796E+03 0.00446 
  103    1    1    1    1    1    1    1   10    4  0.00000E+00 0.00000 
  104    1    1    1    1    1    1    1   10    5  8.58888E+03 0.00446 
  105    1    1    1    1    1    1    1   10    6  8.49128E+03 0.00450 
  106    1    1    1    1    1    1    1   10    7  0.00000E+00 0.00000 
  107    1    1    1    1    1    1    1   10    8  8.23396E+03 0.00456 
  108    1    1    1    1    1    1    1   10    9  8.19188E+03 0.00461 
  109    1    1    1    1    1    1    1   10   10  0.00000E+00 0.00000 
