
ZAI = [
922350
922380
666
0
];

NAMES = [
'U235            '
'U238            '
'lost            '
'total           '
];

i922350 = 1; iU235             = 1;
i922380 = 2; iU238             = 2;
iLOST    = 3;
iTOT     = 4;

MAT_un_VOLUME = [ 2.58692E+05 2.58692E+05 ];

MAT_un_BURNUP = [ 0.00000E+00 4.43105E+01 ];

MAT_un_ADENS = [
4.83387E-03 3.47176E-03 % U235
1.93936E-02 1.88464E-02 % U238
0.00000E+00 3.84377E-30 % lost data
7.26897E-02 7.38383E-02 % total
];

MAT_un_MDENS = [
1.88669E+00 1.35505E+00 % U235
7.66628E+00 7.44995E+00 % U238
0.00000E+00 0.00000E+00 % lost data
1.08000E+01 1.07985E+01 % total
];

MAT_un_A = [
3.90257E+10 2.80288E+10 % U235
2.46638E+10 2.39678E+10 % U238
0.00000E+00 0.00000E+00 % lost data
6.36895E+10 3.27425E+18 % total
];

MAT_un_H = [
2.92552E-02 2.10116E-02 % U235
1.68736E-02 1.63974E-02 % U238
0.00000E+00 0.00000E+00 % lost data
4.61288E-02 9.63195E+05 % total
];

MAT_un_SF = [
2.80985E+00 2.01808E+00 % U235
1.34664E+04 1.30864E+04 % U238
0.00000E+00 0.00000E+00 % lost data
1.34693E+04 1.12682E+08 % total
];

MAT_un_GSRC = [
4.93092E+10 3.54146E+10 % U235
2.18407E+09 2.12244E+09 % U238
0.00000E+00 0.00000E+00 % lost data
5.14933E+10 3.51811E+18 % total
];

MAT_un_ING_TOX = [
1.83421E+03 1.31736E+03 % U235
1.10987E+03 1.07855E+03 % U238
0.00000E+00 0.00000E+00 % lost data
2.94408E+03 2.23928E+09 % total
];

MAT_un_INH_TOX = [
3.31718E+05 2.38245E+05 % U235
1.97311E+05 1.91743E+05 % U238
0.00000E+00 0.00000E+00 % lost data
5.29029E+05 8.27701E+10 % total
];

TOT_VOLUME = [ 2.58692E+05 2.58692E+05 ];

TOT_BURNUP = [ 0.00000E+00 4.43105E+01 ];

TOT_ADENS = [
4.83387E-03 3.47176E-03 % U235
1.93936E-02 1.88464E-02 % U238
0.00000E+00 3.84377E-30 % lost data
7.26897E-02 7.38383E-02 % total
];

TOT_MASS = [
4.88071E+05 3.50540E+05 % U235
1.98320E+06 1.92724E+06 % U238
0.00000E+00 0.00000E+00 % lost data
2.79387E+06 2.79349E+06 % total
];

TOT_A = [
3.90257E+10 2.80288E+10 % U235
2.46638E+10 2.39678E+10 % U238
0.00000E+00 0.00000E+00 % lost data
6.36895E+10 3.27425E+18 % total
];

TOT_H = [
2.92552E-02 2.10116E-02 % U235
1.68736E-02 1.63974E-02 % U238
0.00000E+00 0.00000E+00 % lost data
4.61288E-02 9.63195E+05 % total
];

TOT_SF = [
2.80985E+00 2.01808E+00 % U235
1.34664E+04 1.30864E+04 % U238
0.00000E+00 0.00000E+00 % lost data
1.34693E+04 1.12682E+08 % total
];

TOT_GSRC = [
4.93092E+10 3.54146E+10 % U235
2.18407E+09 2.12244E+09 % U238
0.00000E+00 0.00000E+00 % lost data
5.14933E+10 3.51811E+18 % total
];

TOT_ING_TOX = [
1.83421E+03 1.31736E+03 % U235
1.10987E+03 1.07855E+03 % U238
0.00000E+00 0.00000E+00 % lost data
2.94408E+03 2.23928E+09 % total
];

TOT_INH_TOX = [
3.31718E+05 2.38245E+05 % U235
1.97311E+05 1.91743E+05 % U238
0.00000E+00 0.00000E+00 % lost data
5.29029E+05 8.27701E+10 % total
];

BU = [ 0.00000E+00 4.43091E+01 ];

DAYS = [ 0.00000E+00 7.30000E+03 ];
