
ZAI = [
922350
922380
666
0
];

NAMES = [
'U235            '
'U238            '
'lost            '
'total           '
];

i922350 = 1; iU235             = 1;
i922380 = 2; iU238             = 2;
iLOST    = 3;
iTOT     = 4;

MAT_un_VOLUME = [ 2.27922E+05 2.27922E+05 ];

MAT_un_BURNUP = [ 0.00000E+00 5.02923E+01 ];

MAT_un_ADENS = [
4.83387E-03 3.31410E-03 % U235
1.93936E-02 1.88047E-02 % U238
0.00000E+00 5.76981E-30 % lost data
7.26897E-02 7.39945E-02 % total
];

MAT_un_MDENS = [
1.88669E+00 1.29351E+00 % U235
7.66628E+00 7.43349E+00 % U238
0.00000E+00 0.00000E+00 % lost data
1.08000E+01 1.07983E+01 % total
];

MAT_un_A = [
3.43839E+10 2.35736E+10 % U235
2.17303E+10 2.10704E+10 % U238
0.00000E+00 0.00000E+00 % lost data
5.61141E+10 3.24664E+18 % total
];

MAT_un_H = [
2.57755E-02 1.76717E-02 % U235
1.48666E-02 1.44152E-02 % U238
0.00000E+00 0.00000E+00 % lost data
4.06421E-02 9.57377E+05 % total
];

MAT_un_SF = [
2.47564E+00 1.69730E+00 % U235
1.18647E+04 1.15044E+04 % U238
0.00000E+00 0.00000E+00 % lost data
1.18672E+04 1.50223E+08 % total
];

MAT_un_GSRC = [
4.34443E+10 2.97854E+10 % U235
1.92429E+09 1.86586E+09 % U238
0.00000E+00 0.00000E+00 % lost data
4.53686E+10 3.48288E+18 % total
];

MAT_un_ING_TOX = [
1.61604E+03 1.10796E+03 % U235
9.77861E+02 9.48168E+02 % U238
0.00000E+00 0.00000E+00 % lost data
2.59390E+03 2.25784E+09 % total
];

MAT_un_INH_TOX = [
2.92263E+05 2.00375E+05 % U235
1.73842E+05 1.68563E+05 % U238
0.00000E+00 0.00000E+00 % lost data
4.66105E+05 9.32548E+10 % total
];

TOT_VOLUME = [ 2.27922E+05 2.27922E+05 ];

TOT_BURNUP = [ 0.00000E+00 5.02923E+01 ];

TOT_ADENS = [
4.83387E-03 3.31410E-03 % U235
1.93936E-02 1.88047E-02 % U238
0.00000E+00 5.76981E-30 % lost data
7.26897E-02 7.39945E-02 % total
];

TOT_MASS = [
4.30019E+05 2.94821E+05 % U235
1.74732E+06 1.69426E+06 % U238
0.00000E+00 0.00000E+00 % lost data
2.46156E+06 2.46117E+06 % total
];

TOT_A = [
3.43839E+10 2.35736E+10 % U235
2.17303E+10 2.10704E+10 % U238
0.00000E+00 0.00000E+00 % lost data
5.61141E+10 3.24664E+18 % total
];

TOT_H = [
2.57755E-02 1.76717E-02 % U235
1.48666E-02 1.44152E-02 % U238
0.00000E+00 0.00000E+00 % lost data
4.06421E-02 9.57377E+05 % total
];

TOT_SF = [
2.47564E+00 1.69730E+00 % U235
1.18647E+04 1.15044E+04 % U238
0.00000E+00 0.00000E+00 % lost data
1.18672E+04 1.50223E+08 % total
];

TOT_GSRC = [
4.34443E+10 2.97854E+10 % U235
1.92429E+09 1.86586E+09 % U238
0.00000E+00 0.00000E+00 % lost data
4.53686E+10 3.48288E+18 % total
];

TOT_ING_TOX = [
1.61604E+03 1.10796E+03 % U235
9.77861E+02 9.48168E+02 % U238
0.00000E+00 0.00000E+00 % lost data
2.59390E+03 2.25784E+09 % total
];

TOT_INH_TOX = [
2.92263E+05 2.00375E+05 % U235
1.73842E+05 1.68563E+05 % U238
0.00000E+00 0.00000E+00 % lost data
4.66105E+05 9.32548E+10 % total
];

BU = [ 0.00000E+00 5.02908E+01 ];

DAYS = [ 0.00000E+00 7.30000E+03 ];
