
ZAI = [
922350
922380
666
0
];

NAMES = [
'U235            '
'U238            '
'lost            '
'total           '
];

i922350 = 1; iU235             = 1;
i922380 = 2; iU238             = 2;
iLOST    = 3;
iTOT     = 4;

MAT_un_VOLUME = [ 2.26101E+05 2.26101E+05 ];

MAT_un_BURNUP = [ 0.00000E+00 5.06974E+01 ];

MAT_un_ADENS = [
4.83387E-03 3.30425E-03 % U235
1.93936E-02 1.88053E-02 % U238
0.00000E+00 5.91031E-30 % lost data
7.26897E-02 7.40048E-02 % total
];

MAT_un_MDENS = [
1.88669E+00 1.28967E+00 % U235
7.66628E+00 7.43370E+00 % U238
0.00000E+00 0.00000E+00 % lost data
1.08000E+01 1.07983E+01 % total
];

MAT_un_A = [
3.41092E+10 2.33157E+10 % U235
2.15566E+10 2.09026E+10 % U238
0.00000E+00 0.00000E+00 % lost data
5.56658E+10 3.24086E+18 % total
];

MAT_un_H = [
2.55696E-02 1.74784E-02 % U235
1.47478E-02 1.43004E-02 % U238
0.00000E+00 0.00000E+00 % lost data
4.03174E-02 9.56517E+05 % total
];

MAT_un_SF = [
2.45586E+00 1.67873E+00 % U235
1.17699E+04 1.14128E+04 % U238
0.00000E+00 0.00000E+00 % lost data
1.17724E+04 1.51477E+08 % total
];

MAT_un_GSRC = [
4.30972E+10 2.94596E+10 % U235
1.90892E+09 1.85100E+09 % U238
0.00000E+00 0.00000E+00 % lost data
4.50061E+10 3.47596E+18 % total
];

MAT_un_ING_TOX = [
1.60313E+03 1.09584E+03 % U235
9.70049E+02 9.40619E+02 % U238
0.00000E+00 0.00000E+00 % lost data
2.57318E+03 2.25509E+09 % total
];

MAT_un_INH_TOX = [
2.89928E+05 1.98184E+05 % U235
1.72453E+05 1.67221E+05 % U238
0.00000E+00 0.00000E+00 % lost data
4.62381E+05 9.31783E+10 % total
];

TOT_VOLUME = [ 2.26101E+05 2.26101E+05 ];

TOT_BURNUP = [ 0.00000E+00 5.06974E+01 ];

TOT_ADENS = [
4.83387E-03 3.30425E-03 % U235
1.93936E-02 1.88053E-02 % U238
0.00000E+00 5.91031E-30 % lost data
7.26897E-02 7.40048E-02 % total
];

TOT_MASS = [
4.26583E+05 2.91596E+05 % U235
1.73336E+06 1.68077E+06 % U238
0.00000E+00 0.00000E+00 % lost data
2.44190E+06 2.44150E+06 % total
];

TOT_A = [
3.41092E+10 2.33157E+10 % U235
2.15566E+10 2.09026E+10 % U238
0.00000E+00 0.00000E+00 % lost data
5.56658E+10 3.24086E+18 % total
];

TOT_H = [
2.55696E-02 1.74784E-02 % U235
1.47478E-02 1.43004E-02 % U238
0.00000E+00 0.00000E+00 % lost data
4.03174E-02 9.56517E+05 % total
];

TOT_SF = [
2.45586E+00 1.67873E+00 % U235
1.17699E+04 1.14128E+04 % U238
0.00000E+00 0.00000E+00 % lost data
1.17724E+04 1.51477E+08 % total
];

TOT_GSRC = [
4.30972E+10 2.94596E+10 % U235
1.90892E+09 1.85100E+09 % U238
0.00000E+00 0.00000E+00 % lost data
4.50061E+10 3.47596E+18 % total
];

TOT_ING_TOX = [
1.60313E+03 1.09584E+03 % U235
9.70049E+02 9.40619E+02 % U238
0.00000E+00 0.00000E+00 % lost data
2.57318E+03 2.25509E+09 % total
];

TOT_INH_TOX = [
2.89928E+05 1.98184E+05 % U235
1.72453E+05 1.67221E+05 % U238
0.00000E+00 0.00000E+00 % lost data
4.62381E+05 9.31783E+10 % total
];

BU = [ 0.00000E+00 5.06958E+01 ];

DAYS = [ 0.00000E+00 7.30000E+03 ];
