
DETassem1 = [
    1    1    1    1    1    1    1    1    1    1  0.00000E+00 0.00000 
    2    1    1    1    1    1    1    1    1    2  0.00000E+00 0.00000 
    3    1    1    1    1    1    1    1    1    3  0.00000E+00 0.00000 
    4    1    1    1    1    1    1    1    1    4  0.00000E+00 0.00000 
    5    1    1    1    1    1    1    1    1    5  0.00000E+00 0.00000 
    6    1    1    1    1    1    1    1    1    6  0.00000E+00 0.00000 
    7    1    1    1    1    1    1    1    1    7  0.00000E+00 0.00000 
    8    1    1    1    1    1    1    1    1    8  1.85749E+04 0.00352 
    9    1    1    1    1    1    1    1    1    9  1.45231E+04 0.00385 
   10    1    1    1    1    1    1    1    1   10  0.00000E+00 0.00000 
   11    1    1    1    1    1    1    1    1   11  1.08814E+04 0.00413 
   12    1    1    1    1    1    1    1    2    1  1.98652E+04 0.00339 
   13    1    1    1    1    1    1    1    2    2  0.00000E+00 0.00000 
   14    1    1    1    1    1    1    1    2    3  0.00000E+00 0.00000 
   15    1    1    1    1    1    1    1    2    4  0.00000E+00 0.00000 
   16    1    1    1    1    1    1    1    2    5  0.00000E+00 0.00000 
   17    1    1    1    1    1    1    1    2    6  1.99638E+04 0.00342 
   18    1    1    1    1    1    1    1    2    7  1.63084E+04 0.00365 
   19    1    1    1    1    1    1    1    2    8  0.00000E+00 0.00000 
   20    1    1    1    1    1    1    1    2    9  1.19757E+04 0.00397 
   21    1    1    1    1    1    1    1    2   10  1.08726E+04 0.00413 
   22    1    1    1    1    1    1    1    2   11  0.00000E+00 0.00000 
   23    1    1    1    1    1    1    1    3    1  1.63462E+04 0.00363 
   24    1    1    1    1    1    1    1    3    2  1.85923E+04 0.00349 
   25    1    1    1    1    1    1    1    3    3  0.00000E+00 0.00000 
   26    1    1    1    1    1    1    1    3    4  1.86877E+04 0.00340 
   27    1    1    1    1    1    1    1    3    5  1.63544E+04 0.00363 
   28    1    1    1    1    1    1    1    3    6  0.00000E+00 0.00000 
   29    1    1    1    1    1    1    1    3    7  1.28234E+04 0.00396 
   30    1    1    1    1    1    1    1    3    8  1.17449E+04 0.00410 
   31    1    1    1    1    1    1    1    3    9  0.00000E+00 0.00000 
   32    1    1    1    1    1    1    1    3   10  1.01335E+04 0.00419 
   33    1    1    1    1    1    1    1    3   11  9.78454E+03 0.00425 
   34    1    1    1    1    1    1    1    4    1  0.00000E+00 0.00000 
   35    1    1    1    1    1    1    1    4    2  1.45953E+04 0.00374 
   36    1    1    1    1    1    1    1    4    3  1.45454E+04 0.00379 
   37    1    1    1    1    1    1    1    4    4  0.00000E+00 0.00000 
   38    1    1    1    1    1    1    1    4    5  1.28428E+04 0.00400 
   39    1    1    1    1    1    1    1    4    6  1.22523E+04 0.00392 
   40    1    1    1    1    1    1    1    4    7  0.00000E+00 0.00000 
   41    1    1    1    1    1    1    1    4    8  1.05663E+04 0.00423 
   42    1    1    1    1    1    1    1    4    9  1.01270E+04 0.00411 
   43    1    1    1    1    1    1    1    4   10  0.00000E+00 0.00000 
   44    1    1    1    1    1    1    1    4   11  9.57431E+03 0.00437 
   45    1    1    1    1    1    1    1    5    1  1.20036E+04 0.00409 
   46    1    1    1    1    1    1    1    5    2  0.00000E+00 0.00000 
   47    1    1    1    1    1    1    1    5    3  1.19980E+04 0.00397 
   48    1    1    1    1    1    1    1    5    4  1.16978E+04 0.00398 
   49    1    1    1    1    1    1    1    5    5  0.00000E+00 0.00000 
   50    1    1    1    1    1    1    1    5    6  0.00000E+00 0.00000 
   51    1    1    1    1    1    1    1    5    7  1.06024E+04 0.00417 
   52    1    1    1    1    1    1    1    5    8  0.00000E+00 0.00000 
   53    1    1    1    1    1    1    1    5    9  9.60639E+03 0.00434 
   54    1    1    1    1    1    1    1    5   10  9.55515E+03 0.00428 
   55    1    1    1    1    1    1    1    5   11  0.00000E+00 0.00000 
   56    1    1    1    1    1    1    1    6    1  1.09101E+04 0.00412 
   57    1    1    1    1    1    1    1    6    2  1.08890E+04 0.00419 
   58    1    1    1    1    1    1    1    6    3  0.00000E+00 0.00000 
   59    1    1    1    1    1    1    1    6    4  1.05340E+04 0.00418 
   60    1    1    1    1    1    1    1    6    5  1.05828E+04 0.00413 
   61    1    1    1    1    1    1    1    6    6  0.00000E+00 0.00000 
   62    1    1    1    1    1    1    1    6    7  9.74766E+03 0.00429 
   63    1    1    1    1    1    1    1    6    8  9.42905E+03 0.00429 
   64    1    1    1    1    1    1    1    6    9  0.00000E+00 0.00000 
   65    1    1    1    1    1    1    1    6   10  9.37933E+03 0.00437 
   66    1    1    1    1    1    1    1    6   11  9.60824E+03 0.00445 
   67    1    1    1    1    1    1    1    7    1  0.00000E+00 0.00000 
   68    1    1    1    1    1    1    1    7    2  1.01327E+04 0.00416 
   69    1    1    1    1    1    1    1    7    3  1.00240E+04 0.00432 
   70    1    1    1    1    1    1    1    7    4  0.00000E+00 0.00000 
   71    1    1    1    1    1    1    1    7    5  9.78268E+03 0.00433 
   72    1    1    1    1    1    1    1    7    6  9.51949E+03 0.00435 
   73    1    1    1    1    1    1    1    7    7  0.00000E+00 0.00000 
   74    1    1    1    1    1    1    1    7    8  9.12746E+03 0.00445 
   75    1    1    1    1    1    1    1    7    9  9.20823E+03 0.00439 
   76    1    1    1    1    1    1    1    7   10  0.00000E+00 0.00000 
   77    1    1    1    1    1    1    1    7   11  9.90596E+03 0.00429 
   78    1    1    1    1    1    1    1    8    1  9.82358E+03 0.00424 
   79    1    1    1    1    1    1    1    8    2  0.00000E+00 0.00000 
   80    1    1    1    1    1    1    1    8    3  9.58752E+03 0.00431 
   81    1    1    1    1    1    1    1    8    4  9.50053E+03 0.00435 
   82    1    1    1    1    1    1    1    8    5  0.00000E+00 0.00000 
   83    1    1    1    1    1    1    1    8    6  9.09051E+03 0.00428 
   84    1    1    1    1    1    1    1    8    7  9.10597E+03 0.00438 
   85    1    1    1    1    1    1    1    8    8  0.00000E+00 0.00000 
   86    1    1    1    1    1    1    1    8    9  9.05680E+03 0.00437 
   87    1    1    1    1    1    1    1    8   10  9.42662E+03 0.00442 
   88    1    1    1    1    1    1    1    8   11  0.00000E+00 0.00000 
   89    1    1    1    1    1    1    1    9    1  9.51990E+03 0.00430 
   90    1    1    1    1    1    1    1    9    2  9.49212E+03 0.00435 
   91    1    1    1    1    1    1    1    9    3  0.00000E+00 0.00000 
   92    1    1    1    1    1    1    1    9    4  9.19285E+03 0.00436 
   93    1    1    1    1    1    1    1    9    5  9.06231E+03 0.00442 
   94    1    1    1    1    1    1    1    9    6  0.00000E+00 0.00000 
   95    1    1    1    1    1    1    1    9    7  8.93793E+03 0.00444 
   96    1    1    1    1    1    1    1    9    8  8.92789E+03 0.00443 
   97    1    1    1    1    1    1    1    9    9  0.00000E+00 0.00000 
   98    1    1    1    1    1    1    1    9   10  9.40268E+03 0.00432 
   99    1    1    1    1    1    1    1    9   11  0.00000E+00 0.00000 
  100    1    1    1    1    1    1    1   10    1  0.00000E+00 0.00000 
  101    1    1    1    1    1    1    1   10    2  9.35449E+03 0.00433 
  102    1    1    1    1    1    1    1   10    3  9.22311E+03 0.00435 
  103    1    1    1    1    1    1    1   10    4  0.00000E+00 0.00000 
  104    1    1    1    1    1    1    1   10    5  8.88094E+03 0.00444 
  105    1    1    1    1    1    1    1   10    6  8.80384E+03 0.00449 
  106    1    1    1    1    1    1    1   10    7  0.00000E+00 0.00000 
  107    1    1    1    1    1    1    1   10    8  8.83721E+03 0.00448 
  108    1    1    1    1    1    1    1   10    9  8.93693E+03 0.00450 
  109    1    1    1    1    1    1    1   10   10  0.00000E+00 0.00000 
