
ZAI = [
922350
922380
666
0
];

NAMES = [
'U235            '
'U238            '
'lost            '
'total           '
];

i922350 = 1; iU235             = 1;
i922380 = 2; iU238             = 2;
iLOST    = 3;
iTOT     = 4;

MAT_un_VOLUME = [ 2.32329E+05 2.32329E+05 ];

MAT_un_BURNUP = [ 0.00000E+00 4.93384E+01 ];

MAT_un_ADENS = [
4.83387E-03 3.33941E-03 % U235
1.93936E-02 1.88130E-02 % U238
0.00000E+00 5.33164E-30 % lost data
7.26897E-02 7.39696E-02 % total
];

MAT_un_MDENS = [
1.88669E+00 1.30339E+00 % U235
7.66628E+00 7.43675E+00 % U238
0.00000E+00 0.00000E+00 % lost data
1.08000E+01 1.07983E+01 % total
];

MAT_un_A = [
3.50487E+10 2.42129E+10 % U235
2.21504E+10 2.14872E+10 % U238
0.00000E+00 0.00000E+00 % lost data
5.71991E+10 3.24965E+18 % total
];

MAT_un_H = [
2.62739E-02 1.81510E-02 % U235
1.51540E-02 1.47003E-02 % U238
0.00000E+00 0.00000E+00 % lost data
4.14279E-02 9.58262E+05 % total
];

MAT_un_SF = [
2.52350E+00 1.74333E+00 % U235
1.20941E+04 1.17320E+04 % U238
0.00000E+00 0.00000E+00 % lost data
1.20966E+04 1.44620E+08 % total
];

MAT_un_GSRC = [
4.42842E+10 3.05932E+10 % U235
1.96150E+09 1.90277E+09 % U238
0.00000E+00 0.00000E+00 % lost data
4.62457E+10 3.48669E+18 % total
];

MAT_un_ING_TOX = [
1.64729E+03 1.13801E+03 % U235
9.96768E+02 9.66925E+02 % U238
0.00000E+00 0.00000E+00 % lost data
2.64406E+03 2.25436E+09 % total
];

MAT_un_INH_TOX = [
2.97914E+05 2.05810E+05 % U235
1.77203E+05 1.71898E+05 % U238
0.00000E+00 0.00000E+00 % lost data
4.75117E+05 9.16264E+10 % total
];

TOT_VOLUME = [ 2.32329E+05 2.32329E+05 ];

TOT_BURNUP = [ 0.00000E+00 4.93384E+01 ];

TOT_ADENS = [
4.83387E-03 3.33941E-03 % U235
1.93936E-02 1.88130E-02 % U238
0.00000E+00 5.33164E-30 % lost data
7.26897E-02 7.39696E-02 % total
];

TOT_MASS = [
4.38333E+05 3.02817E+05 % U235
1.78110E+06 1.72778E+06 % U238
0.00000E+00 0.00000E+00 % lost data
2.50916E+06 2.50877E+06 % total
];

TOT_A = [
3.50487E+10 2.42129E+10 % U235
2.21504E+10 2.14872E+10 % U238
0.00000E+00 0.00000E+00 % lost data
5.71991E+10 3.24965E+18 % total
];

TOT_H = [
2.62739E-02 1.81510E-02 % U235
1.51540E-02 1.47003E-02 % U238
0.00000E+00 0.00000E+00 % lost data
4.14279E-02 9.58262E+05 % total
];

TOT_SF = [
2.52350E+00 1.74333E+00 % U235
1.20941E+04 1.17320E+04 % U238
0.00000E+00 0.00000E+00 % lost data
1.20966E+04 1.44620E+08 % total
];

TOT_GSRC = [
4.42842E+10 3.05932E+10 % U235
1.96150E+09 1.90277E+09 % U238
0.00000E+00 0.00000E+00 % lost data
4.62457E+10 3.48669E+18 % total
];

TOT_ING_TOX = [
1.64729E+03 1.13801E+03 % U235
9.96768E+02 9.66925E+02 % U238
0.00000E+00 0.00000E+00 % lost data
2.64406E+03 2.25436E+09 % total
];

TOT_INH_TOX = [
2.97914E+05 2.05810E+05 % U235
1.77203E+05 1.71898E+05 % U238
0.00000E+00 0.00000E+00 % lost data
4.75117E+05 9.16264E+10 % total
];

BU = [ 0.00000E+00 4.93369E+01 ];

DAYS = [ 0.00000E+00 7.30000E+03 ];
