
DETassem1 = [
    1    1    1    1    1    1    1    1    1    1  0.00000E+00 0.00000 
    2    1    1    1    1    1    1    1    1    2  0.00000E+00 0.00000 
    3    1    1    1    1    1    1    1    1    3  0.00000E+00 0.00000 
    4    1    1    1    1    1    1    1    1    4  0.00000E+00 0.00000 
    5    1    1    1    1    1    1    1    1    5  0.00000E+00 0.00000 
    6    1    1    1    1    1    1    1    1    6  0.00000E+00 0.00000 
    7    1    1    1    1    1    1    1    1    7  0.00000E+00 0.00000 
    8    1    1    1    1    1    1    1    1    8  2.09853E+04 0.00349 
    9    1    1    1    1    1    1    1    1    9  1.54703E+04 0.00383 
   10    1    1    1    1    1    1    1    1   10  0.00000E+00 0.00000 
   11    1    1    1    1    1    1    1    1   11  1.08824E+04 0.00437 
   12    1    1    1    1    1    1    1    2    1  2.32968E+04 0.00345 
   13    1    1    1    1    1    1    1    2    2  0.00000E+00 0.00000 
   14    1    1    1    1    1    1    1    2    3  0.00000E+00 0.00000 
   15    1    1    1    1    1    1    1    2    4  0.00000E+00 0.00000 
   16    1    1    1    1    1    1    1    2    5  0.00000E+00 0.00000 
   17    1    1    1    1    1    1    1    2    6  2.33561E+04 0.00344 
   18    1    1    1    1    1    1    1    2    7  0.00000E+00 0.00000 
   19    1    1    1    1    1    1    1    2    8  0.00000E+00 0.00000 
   20    1    1    1    1    1    1    1    2    9  1.24428E+04 0.00413 
   21    1    1    1    1    1    1    1    2   10  1.08771E+04 0.00422 
   22    1    1    1    1    1    1    1    2   11  0.00000E+00 0.00000 
   23    1    1    1    1    1    1    1    3    1  0.00000E+00 0.00000 
   24    1    1    1    1    1    1    1    3    2  2.09086E+04 0.00349 
   25    1    1    1    1    1    1    1    3    3  0.00000E+00 0.00000 
   26    1    1    1    1    1    1    1    3    4  2.10234E+04 0.00350 
   27    1    1    1    1    1    1    1    3    5  0.00000E+00 0.00000 
   28    1    1    1    1    1    1    1    3    6  0.00000E+00 0.00000 
   29    1    1    1    1    1    1    1    3    7  1.45773E+04 0.00399 
   30    1    1    1    1    1    1    1    3    8  1.22332E+04 0.00421 
   31    1    1    1    1    1    1    1    3    9  0.00000E+00 0.00000 
   32    1    1    1    1    1    1    1    3   10  9.87838E+03 0.00448 
   33    1    1    1    1    1    1    1    3   11  9.37213E+03 0.00442 
   34    1    1    1    1    1    1    1    4    1  0.00000E+00 0.00000 
   35    1    1    1    1    1    1    1    4    2  1.55912E+04 0.00390 
   36    1    1    1    1    1    1    1    4    3  1.55531E+04 0.00391 
   37    1    1    1    1    1    1    1    4    4  0.00000E+00 0.00000 
   38    1    1    1    1    1    1    1    4    5  1.45676E+04 0.00392 
   39    1    1    1    1    1    1    1    4    6  1.31864E+04 0.00414 
   40    1    1    1    1    1    1    1    4    7  0.00000E+00 0.00000 
   41    1    1    1    1    1    1    1    4    8  1.05425E+04 0.00442 
   42    1    1    1    1    1    1    1    4    9  9.76626E+03 0.00451 
   43    1    1    1    1    1    1    1    4   10  0.00000E+00 0.00000 
   44    1    1    1    1    1    1    1    4   11  9.03278E+03 0.00457 
   45    1    1    1    1    1    1    1    5    1  1.24470E+04 0.00415 
   46    1    1    1    1    1    1    1    5    2  0.00000E+00 0.00000 
   47    1    1    1    1    1    1    1    5    3  1.24871E+04 0.00414 
   48    1    1    1    1    1    1    1    5    4  1.21961E+04 0.00427 
   49    1    1    1    1    1    1    1    5    5  0.00000E+00 0.00000 
   50    1    1    1    1    1    1    1    5    6  0.00000E+00 0.00000 
   51    1    1    1    1    1    1    1    5    7  1.03921E+04 0.00436 
   52    1    1    1    1    1    1    1    5    8  0.00000E+00 0.00000 
   53    1    1    1    1    1    1    1    5    9  9.16506E+03 0.00469 
   54    1    1    1    1    1    1    1    5   10  9.02476E+03 0.00453 
   55    1    1    1    1    1    1    1    5   11  0.00000E+00 0.00000 
   56    1    1    1    1    1    1    1    6    1  1.07963E+04 0.00439 
   57    1    1    1    1    1    1    1    6    2  1.07994E+04 0.00433 
   58    1    1    1    1    1    1    1    6    3  0.00000E+00 0.00000 
   59    1    1    1    1    1    1    1    6    4  1.05049E+04 0.00434 
   60    1    1    1    1    1    1    1    6    5  1.04771E+04 0.00433 
   61    1    1    1    1    1    1    1    6    6  0.00000E+00 0.00000 
   62    1    1    1    1    1    1    1    6    7  9.45223E+03 0.00452 
   63    1    1    1    1    1    1    1    6    8  9.09682E+03 0.00461 
   64    1    1    1    1    1    1    1    6    9  0.00000E+00 0.00000 
   65    1    1    1    1    1    1    1    6   10  8.91853E+03 0.00463 
   66    1    1    1    1    1    1    1    6   11  8.96175E+03 0.00466 
   67    1    1    1    1    1    1    1    7    1  0.00000E+00 0.00000 
   68    1    1    1    1    1    1    1    7    2  9.80656E+03 0.00456 
   69    1    1    1    1    1    1    1    7    3  9.64267E+03 0.00442 
   70    1    1    1    1    1    1    1    7    4  0.00000E+00 0.00000 
   71    1    1    1    1    1    1    1    7    5  9.48189E+03 0.00451 
   72    1    1    1    1    1    1    1    7    6  9.24199E+03 0.00453 
   73    1    1    1    1    1    1    1    7    7  0.00000E+00 0.00000 
   74    1    1    1    1    1    1    1    7    8  8.89314E+03 0.00465 
   75    1    1    1    1    1    1    1    7    9  8.73213E+03 0.00459 
   76    1    1    1    1    1    1    1    7   10  0.00000E+00 0.00000 
   77    1    1    1    1    1    1    1    7   11  9.27297E+03 0.00470 
   78    1    1    1    1    1    1    1    8    1  9.39454E+03 0.00450 
   79    1    1    1    1    1    1    1    8    2  0.00000E+00 0.00000 
   80    1    1    1    1    1    1    1    8    3  9.20735E+03 0.00458 
   81    1    1    1    1    1    1    1    8    4  9.09659E+03 0.00452 
   82    1    1    1    1    1    1    1    8    5  0.00000E+00 0.00000 
   83    1    1    1    1    1    1    1    8    6  8.81558E+03 0.00451 
   84    1    1    1    1    1    1    1    8    7  8.81057E+03 0.00462 
   85    1    1    1    1    1    1    1    8    8  0.00000E+00 0.00000 
   86    1    1    1    1    1    1    1    8    9  8.75368E+03 0.00474 
   87    1    1    1    1    1    1    1    8   10  8.94647E+03 0.00460 
   88    1    1    1    1    1    1    1    8   11  0.00000E+00 0.00000 
   89    1    1    1    1    1    1    1    9    1  9.12017E+03 0.00458 
   90    1    1    1    1    1    1    1    9    2  8.96461E+03 0.00460 
   91    1    1    1    1    1    1    1    9    3  0.00000E+00 0.00000 
   92    1    1    1    1    1    1    1    9    4  8.81901E+03 0.00461 
   93    1    1    1    1    1    1    1    9    5  8.72412E+03 0.00458 
   94    1    1    1    1    1    1    1    9    6  0.00000E+00 0.00000 
   95    1    1    1    1    1    1    1    9    7  8.77589E+03 0.00465 
   96    1    1    1    1    1    1    1    9    8  8.86704E+03 0.00455 
   97    1    1    1    1    1    1    1    9    9  0.00000E+00 0.00000 
   98    1    1    1    1    1    1    1    9   10  9.07809E+03 0.00467 
   99    1    1    1    1    1    1    1    9   11  0.00000E+00 0.00000 
  100    1    1    1    1    1    1    1   10    1  0.00000E+00 0.00000 
  101    1    1    1    1    1    1    1   10    2  8.91174E+03 0.00462 
  102    1    1    1    1    1    1    1   10    3  8.74818E+03 0.00463 
  103    1    1    1    1    1    1    1   10    4  0.00000E+00 0.00000 
  104    1    1    1    1    1    1    1   10    5  8.84278E+03 0.00477 
  105    1    1    1    1    1    1    1   10    6  8.93802E+03 0.00462 
  106    1    1    1    1    1    1    1   10    7  0.00000E+00 0.00000 
  107    1    1    1    1    1    1    1   10    8  9.06357E+03 0.00466 
  108    1    1    1    1    1    1    1   10    9  8.89646E+03 0.00472 
  109    1    1    1    1    1    1    1   10   10  0.00000E+00 0.00000 
