
DETassem1 = [
    1    1    1    1    1    1    1    1    1    1  0.00000E+00 0.00000 
    2    1    1    1    1    1    1    1    1    2  0.00000E+00 0.00000 
    3    1    1    1    1    1    1    1    1    3  0.00000E+00 0.00000 
    4    1    1    1    1    1    1    1    1    4  0.00000E+00 0.00000 
    5    1    1    1    1    1    1    1    1    5  0.00000E+00 0.00000 
    6    1    1    1    1    1    1    1    1    6  0.00000E+00 0.00000 
    7    1    1    1    1    1    1    1    1    7  0.00000E+00 0.00000 
    8    1    1    1    1    1    1    1    1    8  2.27726E+04 0.00328 
    9    1    1    1    1    1    1    1    1    9  0.00000E+00 0.00000 
   10    1    1    1    1    1    1    1    1   10  0.00000E+00 0.00000 
   11    1    1    1    1    1    1    1    1   11  1.30348E+04 0.00397 
   12    1    1    1    1    1    1    1    2    1  0.00000E+00 0.00000 
   13    1    1    1    1    1    1    1    2    2  0.00000E+00 0.00000 
   14    1    1    1    1    1    1    1    2    3  0.00000E+00 0.00000 
   15    1    1    1    1    1    1    1    2    4  0.00000E+00 0.00000 
   16    1    1    1    1    1    1    1    2    5  0.00000E+00 0.00000 
   17    1    1    1    1    1    1    1    2    6  0.00000E+00 0.00000 
   18    1    1    1    1    1    1    1    2    7  2.04009E+04 0.00334 
   19    1    1    1    1    1    1    1    2    8  0.00000E+00 0.00000 
   20    1    1    1    1    1    1    1    2    9  1.48509E+04 0.00372 
   21    1    1    1    1    1    1    1    2   10  1.29547E+04 0.00394 
   22    1    1    1    1    1    1    1    2   11  0.00000E+00 0.00000 
   23    1    1    1    1    1    1    1    3    1  2.04204E+04 0.00337 
   24    1    1    1    1    1    1    1    3    2  2.27786E+04 0.00323 
   25    1    1    1    1    1    1    1    3    3  0.00000E+00 0.00000 
   26    1    1    1    1    1    1    1    3    4  2.27138E+04 0.00320 
   27    1    1    1    1    1    1    1    3    5  2.02513E+04 0.00343 
   28    1    1    1    1    1    1    1    3    6  0.00000E+00 0.00000 
   29    1    1    1    1    1    1    1    3    7  1.56383E+04 0.00376 
   30    1    1    1    1    1    1    1    3    8  1.37237E+04 0.00377 
   31    1    1    1    1    1    1    1    3    9  0.00000E+00 0.00000 
   32    1    1    1    1    1    1    1    3   10  1.19470E+04 0.00401 
   33    1    1    1    1    1    1    1    3   11  0.00000E+00 0.00000 
   34    1    1    1    1    1    1    1    4    1  0.00000E+00 0.00000 
   35    1    1    1    1    1    1    1    4    2  0.00000E+00 0.00000 
   36    1    1    1    1    1    1    1    4    3  0.00000E+00 0.00000 
   37    1    1    1    1    1    1    1    4    4  0.00000E+00 0.00000 
   38    1    1    1    1    1    1    1    4    5  1.58003E+04 0.00368 
   39    1    1    1    1    1    1    1    4    6  0.00000E+00 0.00000 
   40    1    1    1    1    1    1    1    4    7  0.00000E+00 0.00000 
   41    1    1    1    1    1    1    1    4    8  1.17443E+04 0.00402 
   42    1    1    1    1    1    1    1    4    9  1.11976E+04 0.00413 
   43    1    1    1    1    1    1    1    4   10  0.00000E+00 0.00000 
   44    1    1    1    1    1    1    1    4   11  1.12492E+04 0.00414 
   45    1    1    1    1    1    1    1    5    1  1.48664E+04 0.00377 
   46    1    1    1    1    1    1    1    5    2  0.00000E+00 0.00000 
   47    1    1    1    1    1    1    1    5    3  1.48126E+04 0.00374 
   48    1    1    1    1    1    1    1    5    4  1.37080E+04 0.00391 
   49    1    1    1    1    1    1    1    5    5  0.00000E+00 0.00000 
   50    1    1    1    1    1    1    1    5    6  1.22808E+04 0.00394 
   51    1    1    1    1    1    1    1    5    7  1.12260E+04 0.00408 
   52    1    1    1    1    1    1    1    5    8  0.00000E+00 0.00000 
   53    1    1    1    1    1    1    1    5    9  1.03638E+04 0.00430 
   54    1    1    1    1    1    1    1    5   10  1.03697E+04 0.00416 
   55    1    1    1    1    1    1    1    5   11  0.00000E+00 0.00000 
   56    1    1    1    1    1    1    1    6    1  1.29372E+04 0.00391 
   57    1    1    1    1    1    1    1    6    2  1.29807E+04 0.00393 
   58    1    1    1    1    1    1    1    6    3  0.00000E+00 0.00000 
   59    1    1    1    1    1    1    1    6    4  1.17494E+04 0.00409 
   60    1    1    1    1    1    1    1    6    5  1.12226E+04 0.00412 
   61    1    1    1    1    1    1    1    6    6  0.00000E+00 0.00000 
   62    1    1    1    1    1    1    1    6    7  1.02494E+04 0.00412 
   63    1    1    1    1    1    1    1    6    8  1.00004E+04 0.00424 
   64    1    1    1    1    1    1    1    6    9  0.00000E+00 0.00000 
   65    1    1    1    1    1    1    1    6   10  9.79582E+03 0.00420 
   66    1    1    1    1    1    1    1    6   11  9.83714E+03 0.00430 
   67    1    1    1    1    1    1    1    7    1  0.00000E+00 0.00000 
   68    1    1    1    1    1    1    1    7    2  1.19039E+04 0.00405 
   69    1    1    1    1    1    1    1    7    3  1.11845E+04 0.00405 
   70    1    1    1    1    1    1    1    7    4  0.00000E+00 0.00000 
   71    1    1    1    1    1    1    1    7    5  1.02318E+04 0.00429 
   72    1    1    1    1    1    1    1    7    6  9.96429E+03 0.00426 
   73    1    1    1    1    1    1    1    7    7  0.00000E+00 0.00000 
   74    1    1    1    1    1    1    1    7    8  9.59449E+03 0.00429 
   75    1    1    1    1    1    1    1    7    9  9.49787E+03 0.00437 
   76    1    1    1    1    1    1    1    7   10  0.00000E+00 0.00000 
   77    1    1    1    1    1    1    1    7   11  9.62820E+03 0.00430 
   78    1    1    1    1    1    1    1    8    1  0.00000E+00 0.00000 
   79    1    1    1    1    1    1    1    8    2  0.00000E+00 0.00000 
   80    1    1    1    1    1    1    1    8    3  1.04504E+04 0.00410 
   81    1    1    1    1    1    1    1    8    4  9.97644E+03 0.00424 
   82    1    1    1    1    1    1    1    8    5  0.00000E+00 0.00000 
   83    1    1    1    1    1    1    1    8    6  9.44178E+03 0.00432 
   84    1    1    1    1    1    1    1    8    7  9.39642E+03 0.00432 
   85    1    1    1    1    1    1    1    8    8  0.00000E+00 0.00000 
   86    1    1    1    1    1    1    1    8    9  9.39050E+03 0.00437 
   87    1    1    1    1    1    1    1    8   10  9.45387E+03 0.00438 
   88    1    1    1    1    1    1    1    8   11  0.00000E+00 0.00000 
   89    1    1    1    1    1    1    1    9    1  1.12607E+04 0.00416 
   90    1    1    1    1    1    1    1    9    2  1.03929E+04 0.00424 
   91    1    1    1    1    1    1    1    9    3  0.00000E+00 0.00000 
   92    1    1    1    1    1    1    1    9    4  9.51522E+03 0.00426 
   93    1    1    1    1    1    1    1    9    5  9.32228E+03 0.00432 
   94    1    1    1    1    1    1    1    9    6  0.00000E+00 0.00000 
   95    1    1    1    1    1    1    1    9    7  9.13417E+03 0.00437 
   96    1    1    1    1    1    1    1    9    8  9.29453E+03 0.00446 
   97    1    1    1    1    1    1    1    9    9  0.00000E+00 0.00000 
   98    1    1    1    1    1    1    1    9   10  9.56276E+03 0.00435 
   99    1    1    1    1    1    1    1    9   11  0.00000E+00 0.00000 
  100    1    1    1    1    1    1    1   10    1  0.00000E+00 0.00000 
  101    1    1    1    1    1    1    1   10    2  9.92352E+03 0.00418 
  102    1    1    1    1    1    1    1   10    3  9.51135E+03 0.00446 
  103    1    1    1    1    1    1    1   10    4  0.00000E+00 0.00000 
  104    1    1    1    1    1    1    1   10    5  9.18655E+03 0.00439 
  105    1    1    1    1    1    1    1   10    6  9.12945E+03 0.00434 
  106    1    1    1    1    1    1    1   10    7  0.00000E+00 0.00000 
  107    1    1    1    1    1    1    1   10    8  9.19696E+03 0.00442 
  108    1    1    1    1    1    1    1   10    9  9.35586E+03 0.00436 
  109    1    1    1    1    1    1    1   10   10  0.00000E+00 0.00000 
