
DETassem1 = [
    1    1    1    1    1    1    1    1    1    1  0.00000E+00 0.00000 
    2    1    1    1    1    1    1    1    1    2  0.00000E+00 0.00000 
    3    1    1    1    1    1    1    1    1    3  0.00000E+00 0.00000 
    4    1    1    1    1    1    1    1    1    4  0.00000E+00 0.00000 
    5    1    1    1    1    1    1    1    1    5  0.00000E+00 0.00000 
    6    1    1    1    1    1    1    1    1    6  0.00000E+00 0.00000 
    7    1    1    1    1    1    1    1    1    7  0.00000E+00 0.00000 
    8    1    1    1    1    1    1    1    1    8  2.05044E+04 0.00339 
    9    1    1    1    1    1    1    1    1    9  1.56489E+04 0.00369 
   10    1    1    1    1    1    1    1    1   10  0.00000E+00 0.00000 
   11    1    1    1    1    1    1    1    1   11  1.11913E+04 0.00418 
   12    1    1    1    1    1    1    1    2    1  2.28283E+04 0.00325 
   13    1    1    1    1    1    1    1    2    2  0.00000E+00 0.00000 
   14    1    1    1    1    1    1    1    2    3  0.00000E+00 0.00000 
   15    1    1    1    1    1    1    1    2    4  0.00000E+00 0.00000 
   16    1    1    1    1    1    1    1    2    5  0.00000E+00 0.00000 
   17    1    1    1    1    1    1    1    2    6  2.26072E+04 0.00324 
   18    1    1    1    1    1    1    1    2    7  0.00000E+00 0.00000 
   19    1    1    1    1    1    1    1    2    8  0.00000E+00 0.00000 
   20    1    1    1    1    1    1    1    2    9  1.28213E+04 0.00396 
   21    1    1    1    1    1    1    1    2   10  1.11786E+04 0.00413 
   22    1    1    1    1    1    1    1    2   11  0.00000E+00 0.00000 
   23    1    1    1    1    1    1    1    3    1  0.00000E+00 0.00000 
   24    1    1    1    1    1    1    1    3    2  2.05161E+04 0.00339 
   25    1    1    1    1    1    1    1    3    3  0.00000E+00 0.00000 
   26    1    1    1    1    1    1    1    3    4  2.06029E+04 0.00330 
   27    1    1    1    1    1    1    1    3    5  0.00000E+00 0.00000 
   28    1    1    1    1    1    1    1    3    6  0.00000E+00 0.00000 
   29    1    1    1    1    1    1    1    3    7  1.46752E+04 0.00376 
   30    1    1    1    1    1    1    1    3    8  1.24499E+04 0.00396 
   31    1    1    1    1    1    1    1    3    9  0.00000E+00 0.00000 
   32    1    1    1    1    1    1    1    3   10  1.02566E+04 0.00425 
   33    1    1    1    1    1    1    1    3   11  9.83568E+03 0.00431 
   34    1    1    1    1    1    1    1    4    1  0.00000E+00 0.00000 
   35    1    1    1    1    1    1    1    4    2  1.57457E+04 0.00368 
   36    1    1    1    1    1    1    1    4    3  1.57911E+04 0.00367 
   37    1    1    1    1    1    1    1    4    4  0.00000E+00 0.00000 
   38    1    1    1    1    1    1    1    4    5  1.45814E+04 0.00379 
   39    1    1    1    1    1    1    1    4    6  1.35527E+04 0.00386 
   40    1    1    1    1    1    1    1    4    7  0.00000E+00 0.00000 
   41    1    1    1    1    1    1    1    4    8  1.08770E+04 0.00418 
   42    1    1    1    1    1    1    1    4    9  1.01179E+04 0.00418 
   43    1    1    1    1    1    1    1    4   10  0.00000E+00 0.00000 
   44    1    1    1    1    1    1    1    4   11  9.47534E+03 0.00429 
   45    1    1    1    1    1    1    1    5    1  1.28584E+04 0.00394 
   46    1    1    1    1    1    1    1    5    2  0.00000E+00 0.00000 
   47    1    1    1    1    1    1    1    5    3  1.28595E+04 0.00391 
   48    1    1    1    1    1    1    1    5    4  1.24861E+04 0.00402 
   49    1    1    1    1    1    1    1    5    5  0.00000E+00 0.00000 
   50    1    1    1    1    1    1    1    5    6  0.00000E+00 0.00000 
   51    1    1    1    1    1    1    1    5    7  1.08953E+04 0.00412 
   52    1    1    1    1    1    1    1    5    8  0.00000E+00 0.00000 
   53    1    1    1    1    1    1    1    5    9  9.60398E+03 0.00434 
   54    1    1    1    1    1    1    1    5   10  9.43811E+03 0.00433 
   55    1    1    1    1    1    1    1    5   11  0.00000E+00 0.00000 
   56    1    1    1    1    1    1    1    6    1  1.11577E+04 0.00406 
   57    1    1    1    1    1    1    1    6    2  1.13583E+04 0.00412 
   58    1    1    1    1    1    1    1    6    3  0.00000E+00 0.00000 
   59    1    1    1    1    1    1    1    6    4  1.09268E+04 0.00413 
   60    1    1    1    1    1    1    1    6    5  1.08363E+04 0.00419 
   61    1    1    1    1    1    1    1    6    6  0.00000E+00 0.00000 
   62    1    1    1    1    1    1    1    6    7  9.80692E+03 0.00426 
   63    1    1    1    1    1    1    1    6    8  9.57622E+03 0.00434 
   64    1    1    1    1    1    1    1    6    9  0.00000E+00 0.00000 
   65    1    1    1    1    1    1    1    6   10  9.26387E+03 0.00438 
   66    1    1    1    1    1    1    1    6   11  9.37339E+03 0.00436 
   67    1    1    1    1    1    1    1    7    1  0.00000E+00 0.00000 
   68    1    1    1    1    1    1    1    7    2  1.03003E+04 0.00425 
   69    1    1    1    1    1    1    1    7    3  1.02203E+04 0.00431 
   70    1    1    1    1    1    1    1    7    4  0.00000E+00 0.00000 
   71    1    1    1    1    1    1    1    7    5  9.98958E+03 0.00430 
   72    1    1    1    1    1    1    1    7    6  9.70758E+03 0.00432 
   73    1    1    1    1    1    1    1    7    7  0.00000E+00 0.00000 
   74    1    1    1    1    1    1    1    7    8  9.25779E+03 0.00432 
   75    1    1    1    1    1    1    1    7    9  9.28111E+03 0.00431 
   76    1    1    1    1    1    1    1    7   10  0.00000E+00 0.00000 
   77    1    1    1    1    1    1    1    7   11  9.62927E+03 0.00435 
   78    1    1    1    1    1    1    1    8    1  9.76928E+03 0.00422 
   79    1    1    1    1    1    1    1    8    2  0.00000E+00 0.00000 
   80    1    1    1    1    1    1    1    8    3  9.67258E+03 0.00426 
   81    1    1    1    1    1    1    1    8    4  9.49310E+03 0.00424 
   82    1    1    1    1    1    1    1    8    5  0.00000E+00 0.00000 
   83    1    1    1    1    1    1    1    8    6  9.28558E+03 0.00439 
   84    1    1    1    1    1    1    1    8    7  9.24309E+03 0.00431 
   85    1    1    1    1    1    1    1    8    8  0.00000E+00 0.00000 
   86    1    1    1    1    1    1    1    8    9  9.18517E+03 0.00432 
   87    1    1    1    1    1    1    1    8   10  9.40672E+03 0.00446 
   88    1    1    1    1    1    1    1    8   11  0.00000E+00 0.00000 
   89    1    1    1    1    1    1    1    9    1  9.49846E+03 0.00437 
   90    1    1    1    1    1    1    1    9    2  9.45678E+03 0.00440 
   91    1    1    1    1    1    1    1    9    3  0.00000E+00 0.00000 
   92    1    1    1    1    1    1    1    9    4  9.19274E+03 0.00428 
   93    1    1    1    1    1    1    1    9    5  9.14362E+03 0.00439 
   94    1    1    1    1    1    1    1    9    6  0.00000E+00 0.00000 
   95    1    1    1    1    1    1    1    9    7  9.18782E+03 0.00435 
   96    1    1    1    1    1    1    1    9    8  9.17974E+03 0.00438 
   97    1    1    1    1    1    1    1    9    9  0.00000E+00 0.00000 
   98    1    1    1    1    1    1    1    9   10  9.49450E+03 0.00453 
   99    1    1    1    1    1    1    1    9   11  0.00000E+00 0.00000 
  100    1    1    1    1    1    1    1   10    1  0.00000E+00 0.00000 
  101    1    1    1    1    1    1    1   10    2  9.27374E+03 0.00434 
  102    1    1    1    1    1    1    1   10    3  9.23868E+03 0.00431 
  103    1    1    1    1    1    1    1   10    4  0.00000E+00 0.00000 
  104    1    1    1    1    1    1    1   10    5  9.24805E+03 0.00437 
  105    1    1    1    1    1    1    1   10    6  9.33475E+03 0.00436 
  106    1    1    1    1    1    1    1   10    7  0.00000E+00 0.00000 
  107    1    1    1    1    1    1    1   10    8  9.38622E+03 0.00439 
  108    1    1    1    1    1    1    1   10    9  9.30527E+03 0.00446 
  109    1    1    1    1    1    1    1   10   10  0.00000E+00 0.00000 
