
ZAI = [
922350
922380
666
0
];

NAMES = [
'U235            '
'U238            '
'lost            '
'total           '
];

i922350 = 1; iU235             = 1;
i922380 = 2; iU238             = 2;
iLOST    = 3;
iTOT     = 4;

MAT_un_VOLUME = [ 2.19077E+05 2.19077E+05 ];

MAT_un_BURNUP = [ 0.00000E+00 5.23230E+01 ];

MAT_un_ADENS = [
4.83387E-03 3.26188E-03 % U235
1.93936E-02 1.87938E-02 % U238
0.00000E+00 7.33903E-30 % lost data
7.26897E-02 7.40474E-02 % total
];

MAT_un_MDENS = [
1.88669E+00 1.27313E+00 % U235
7.66628E+00 7.42916E+00 % U238
0.00000E+00 0.00000E+00 % lost data
1.08000E+01 1.07982E+01 % total
];

MAT_un_A = [
3.30495E+10 2.23017E+10 % U235
2.08869E+10 2.02409E+10 % U238
0.00000E+00 0.00000E+00 % lost data
5.39364E+10 3.23478E+18 % total
];

MAT_un_H = [
2.47752E-02 1.67182E-02 % U235
1.42896E-02 1.38476E-02 % U238
0.00000E+00 0.00000E+00 % lost data
3.90648E-02 9.55026E+05 % total
];

MAT_un_SF = [
2.37956E+00 1.60572E+00 % U235
1.14043E+04 1.10515E+04 % U238
0.00000E+00 0.00000E+00 % lost data
1.14066E+04 1.64116E+08 % total
];

MAT_un_GSRC = [
4.17582E+10 2.81783E+10 % U235
1.84961E+09 1.79240E+09 % U238
0.00000E+00 0.00000E+00 % lost data
4.36078E+10 3.46801E+18 % total
];

MAT_un_ING_TOX = [
1.55333E+03 1.04818E+03 % U235
9.39911E+02 9.10839E+02 % U238
0.00000E+00 0.00000E+00 % lost data
2.49324E+03 2.26221E+09 % total
];

MAT_un_INH_TOX = [
2.80921E+05 1.89564E+05 % U235
1.67095E+05 1.61927E+05 % U238
0.00000E+00 0.00000E+00 % lost data
4.48016E+05 9.66257E+10 % total
];

TOT_VOLUME = [ 2.19077E+05 2.19077E+05 ];

TOT_BURNUP = [ 0.00000E+00 5.23230E+01 ];

TOT_ADENS = [
4.83387E-03 3.26188E-03 % U235
1.93936E-02 1.87938E-02 % U238
0.00000E+00 7.33903E-30 % lost data
7.26897E-02 7.40474E-02 % total
];

TOT_MASS = [
4.13330E+05 2.78914E+05 % U235
1.67951E+06 1.62756E+06 % U238
0.00000E+00 0.00000E+00 % lost data
2.36603E+06 2.36564E+06 % total
];

TOT_A = [
3.30495E+10 2.23017E+10 % U235
2.08869E+10 2.02409E+10 % U238
0.00000E+00 0.00000E+00 % lost data
5.39364E+10 3.23478E+18 % total
];

TOT_H = [
2.47752E-02 1.67182E-02 % U235
1.42896E-02 1.38476E-02 % U238
0.00000E+00 0.00000E+00 % lost data
3.90648E-02 9.55026E+05 % total
];

TOT_SF = [
2.37956E+00 1.60572E+00 % U235
1.14043E+04 1.10515E+04 % U238
0.00000E+00 0.00000E+00 % lost data
1.14066E+04 1.64116E+08 % total
];

TOT_GSRC = [
4.17582E+10 2.81783E+10 % U235
1.84961E+09 1.79240E+09 % U238
0.00000E+00 0.00000E+00 % lost data
4.36078E+10 3.46801E+18 % total
];

TOT_ING_TOX = [
1.55333E+03 1.04818E+03 % U235
9.39911E+02 9.10839E+02 % U238
0.00000E+00 0.00000E+00 % lost data
2.49324E+03 2.26221E+09 % total
];

TOT_INH_TOX = [
2.80921E+05 1.89564E+05 % U235
1.67095E+05 1.61927E+05 % U238
0.00000E+00 0.00000E+00 % lost data
4.48016E+05 9.66257E+10 % total
];

BU = [ 0.00000E+00 5.23214E+01 ];

DAYS = [ 0.00000E+00 7.30000E+03 ];
