
ZAI = [
922350
922380
666
0
];

NAMES = [
'U235            '
'U238            '
'lost            '
'total           '
];

i922350 = 1; iU235             = 1;
i922380 = 2; iU238             = 2;
iLOST    = 3;
iTOT     = 4;

MAT_un_VOLUME = [ 2.38416E+05 2.38416E+05 ];

MAT_un_BURNUP = [ 0.00000E+00 4.80788E+01 ];

MAT_un_ADENS = [
4.83387E-03 3.37138E-03 % U235
1.93936E-02 1.88167E-02 % U238
0.00000E+00 4.55828E-30 % lost data
7.26897E-02 7.39369E-02 % total
];

MAT_un_MDENS = [
1.88669E+00 1.31587E+00 % U235
7.66628E+00 7.43824E+00 % U238
0.00000E+00 0.00000E+00 % lost data
1.08000E+01 1.07984E+01 % total
];

MAT_un_A = [
3.59670E+10 2.50851E+10 % U235
2.27307E+10 2.20546E+10 % U238
0.00000E+00 0.00000E+00 % lost data
5.86977E+10 3.26018E+18 % total
];

MAT_un_H = [
2.69623E-02 1.88048E-02 % U235
1.55511E-02 1.50885E-02 % U238
0.00000E+00 0.00000E+00 % lost data
4.25133E-02 9.59983E+05 % total
];

MAT_un_SF = [
2.58962E+00 1.80613E+00 % U235
1.24110E+04 1.20418E+04 % U238
0.00000E+00 0.00000E+00 % lost data
1.24136E+04 1.36437E+08 % total
];

MAT_un_GSRC = [
4.54445E+10 3.16952E+10 % U235
2.01289E+09 1.95301E+09 % U238
0.00000E+00 0.00000E+00 % lost data
4.74574E+10 3.49975E+18 % total
];

MAT_un_ING_TOX = [
1.69045E+03 1.17900E+03 % U235
1.02288E+03 9.92456E+02 % U238
0.00000E+00 0.00000E+00 % lost data
2.71333E+03 2.25399E+09 % total
];

MAT_un_INH_TOX = [
3.05719E+05 2.13224E+05 % U235
1.81846E+05 1.76437E+05 % U238
0.00000E+00 0.00000E+00 % lost data
4.87565E+05 8.98685E+10 % total
];

TOT_VOLUME = [ 2.38416E+05 2.38416E+05 ];

TOT_BURNUP = [ 0.00000E+00 4.80788E+01 ];

TOT_ADENS = [
4.83387E-03 3.37138E-03 % U235
1.93936E-02 1.88167E-02 % U238
0.00000E+00 4.55828E-30 % lost data
7.26897E-02 7.39369E-02 % total
];

TOT_MASS = [
4.49817E+05 3.13725E+05 % U235
1.82777E+06 1.77340E+06 % U238
0.00000E+00 0.00000E+00 % lost data
2.57490E+06 2.57451E+06 % total
];

TOT_A = [
3.59670E+10 2.50851E+10 % U235
2.27307E+10 2.20546E+10 % U238
0.00000E+00 0.00000E+00 % lost data
5.86977E+10 3.26018E+18 % total
];

TOT_H = [
2.69623E-02 1.88048E-02 % U235
1.55511E-02 1.50885E-02 % U238
0.00000E+00 0.00000E+00 % lost data
4.25133E-02 9.59983E+05 % total
];

TOT_SF = [
2.58962E+00 1.80613E+00 % U235
1.24110E+04 1.20418E+04 % U238
0.00000E+00 0.00000E+00 % lost data
1.24136E+04 1.36437E+08 % total
];

TOT_GSRC = [
4.54445E+10 3.16952E+10 % U235
2.01289E+09 1.95301E+09 % U238
0.00000E+00 0.00000E+00 % lost data
4.74574E+10 3.49975E+18 % total
];

TOT_ING_TOX = [
1.69045E+03 1.17900E+03 % U235
1.02288E+03 9.92456E+02 % U238
0.00000E+00 0.00000E+00 % lost data
2.71333E+03 2.25399E+09 % total
];

TOT_INH_TOX = [
3.05719E+05 2.13224E+05 % U235
1.81846E+05 1.76437E+05 % U238
0.00000E+00 0.00000E+00 % lost data
4.87565E+05 8.98685E+10 % total
];

BU = [ 0.00000E+00 4.80773E+01 ];

DAYS = [ 0.00000E+00 7.30000E+03 ];
