
ZAI = [
922350
922380
666
0
];

NAMES = [
'U235            '
'U238            '
'lost            '
'total           '
];

i922350 = 1; iU235             = 1;
i922380 = 2; iU238             = 2;
iLOST    = 3;
iTOT     = 4;

MAT_un_VOLUME = [ 2.28676E+05 2.28676E+05 ];

MAT_un_BURNUP = [ 0.00000E+00 5.01266E+01 ];

MAT_un_ADENS = [
4.83387E-03 3.31771E-03 % U235
1.93936E-02 1.88024E-02 % U238
0.00000E+00 4.70745E-30 % lost data
7.26897E-02 7.39905E-02 % total
];

MAT_un_MDENS = [
1.88669E+00 1.29492E+00 % U235
7.66628E+00 7.43258E+00 % U238
0.00000E+00 0.00000E+00 % lost data
1.08000E+01 1.07983E+01 % total
];

MAT_un_A = [
3.44976E+10 2.36774E+10 % U235
2.18021E+10 2.11375E+10 % U238
0.00000E+00 0.00000E+00 % lost data
5.62998E+10 3.25172E+18 % total
];

MAT_un_H = [
2.58608E-02 1.77495E-02 % U235
1.49158E-02 1.44611E-02 % U238
0.00000E+00 0.00000E+00 % lost data
4.07766E-02 9.58122E+05 % total
];

MAT_un_SF = [
2.48383E+00 1.70477E+00 % U235
1.19040E+04 1.15411E+04 % U238
0.00000E+00 0.00000E+00 % lost data
1.19065E+04 1.49901E+08 % total
];

MAT_un_GSRC = [
4.35880E+10 2.99165E+10 % U235
1.93066E+09 1.87180E+09 % U238
0.00000E+00 0.00000E+00 % lost data
4.55186E+10 3.48888E+18 % total
];

MAT_un_ING_TOX = [
1.62139E+03 1.11284E+03 % U235
9.81096E+02 9.51189E+02 % U238
0.00000E+00 0.00000E+00 % lost data
2.60248E+03 2.26105E+09 % total
];

MAT_un_INH_TOX = [
2.93230E+05 2.01258E+05 % U235
1.74417E+05 1.69100E+05 % U238
0.00000E+00 0.00000E+00 % lost data
4.67647E+05 9.35516E+10 % total
];

TOT_VOLUME = [ 2.28676E+05 2.28676E+05 ];

TOT_BURNUP = [ 0.00000E+00 5.01266E+01 ];

TOT_ADENS = [
4.83387E-03 3.31771E-03 % U235
1.93936E-02 1.88024E-02 % U238
0.00000E+00 4.70745E-30 % lost data
7.26897E-02 7.39905E-02 % total
];

TOT_MASS = [
4.31441E+05 2.96119E+05 % U235
1.75310E+06 1.69966E+06 % U238
0.00000E+00 0.00000E+00 % lost data
2.46971E+06 2.46932E+06 % total
];

TOT_A = [
3.44976E+10 2.36774E+10 % U235
2.18021E+10 2.11375E+10 % U238
0.00000E+00 0.00000E+00 % lost data
5.62998E+10 3.25172E+18 % total
];

TOT_H = [
2.58608E-02 1.77495E-02 % U235
1.49158E-02 1.44611E-02 % U238
0.00000E+00 0.00000E+00 % lost data
4.07766E-02 9.58122E+05 % total
];

TOT_SF = [
2.48383E+00 1.70477E+00 % U235
1.19040E+04 1.15411E+04 % U238
0.00000E+00 0.00000E+00 % lost data
1.19065E+04 1.49901E+08 % total
];

TOT_GSRC = [
4.35880E+10 2.99165E+10 % U235
1.93066E+09 1.87180E+09 % U238
0.00000E+00 0.00000E+00 % lost data
4.55186E+10 3.48888E+18 % total
];

TOT_ING_TOX = [
1.62139E+03 1.11284E+03 % U235
9.81096E+02 9.51189E+02 % U238
0.00000E+00 0.00000E+00 % lost data
2.60248E+03 2.26105E+09 % total
];

TOT_INH_TOX = [
2.93230E+05 2.01258E+05 % U235
1.74417E+05 1.69100E+05 % U238
0.00000E+00 0.00000E+00 % lost data
4.67647E+05 9.35516E+10 % total
];

BU = [ 0.00000E+00 5.01250E+01 ];

DAYS = [ 0.00000E+00 7.30000E+03 ];
