
ZAI = [
922350
922380
666
0
];

NAMES = [
'U235            '
'U238            '
'lost            '
'total           '
];

i922350 = 1; iU235             = 1;
i922380 = 2; iU238             = 2;
iLOST    = 3;
iTOT     = 4;

MAT_un_VOLUME = [ 2.35753E+05 2.35753E+05 ];

MAT_un_BURNUP = [ 0.00000E+00 4.86220E+01 ];

MAT_un_ADENS = [
4.83387E-03 3.35700E-03 % U235
1.93936E-02 1.88121E-02 % U238
0.00000E+00 4.78998E-30 % lost data
7.26897E-02 7.39512E-02 % total
];

MAT_un_MDENS = [
1.88669E+00 1.31026E+00 % U235
7.66628E+00 7.43640E+00 % U238
0.00000E+00 0.00000E+00 % lost data
1.08000E+01 1.07984E+01 % total
];

MAT_un_A = [
3.55651E+10 2.46991E+10 % U235
2.24768E+10 2.18028E+10 % U238
0.00000E+00 0.00000E+00 % lost data
5.80419E+10 3.25867E+18 % total
];

MAT_un_H = [
2.66610E-02 1.85154E-02 % U235
1.53773E-02 1.49162E-02 % U238
0.00000E+00 0.00000E+00 % lost data
4.20383E-02 9.59550E+05 % total
];

MAT_un_SF = [
2.56069E+00 1.77833E+00 % U235
1.22723E+04 1.19043E+04 % U238
0.00000E+00 0.00000E+00 % lost data
1.22749E+04 1.40083E+08 % total
];

MAT_un_GSRC = [
4.49368E+10 3.12074E+10 % U235
1.99040E+09 1.93072E+09 % U238
0.00000E+00 0.00000E+00 % lost data
4.69272E+10 3.49775E+18 % total
];

MAT_un_ING_TOX = [
1.67156E+03 1.16086E+03 % U235
1.01145E+03 9.81126E+02 % U238
0.00000E+00 0.00000E+00 % lost data
2.68302E+03 2.25664E+09 % total
];

MAT_un_INH_TOX = [
3.02303E+05 2.09942E+05 % U235
1.79814E+05 1.74422E+05 % U238
0.00000E+00 0.00000E+00 % lost data
4.82118E+05 9.10117E+10 % total
];

TOT_VOLUME = [ 2.35753E+05 2.35753E+05 ];

TOT_BURNUP = [ 0.00000E+00 4.86220E+01 ];

TOT_ADENS = [
4.83387E-03 3.35700E-03 % U235
1.93936E-02 1.88121E-02 % U238
0.00000E+00 4.78998E-30 % lost data
7.26897E-02 7.39512E-02 % total
];

TOT_MASS = [
4.44792E+05 3.08896E+05 % U235
1.80734E+06 1.75315E+06 % U238
0.00000E+00 0.00000E+00 % lost data
2.54613E+06 2.54574E+06 % total
];

TOT_A = [
3.55651E+10 2.46991E+10 % U235
2.24768E+10 2.18028E+10 % U238
0.00000E+00 0.00000E+00 % lost data
5.80419E+10 3.25867E+18 % total
];

TOT_H = [
2.66610E-02 1.85154E-02 % U235
1.53773E-02 1.49162E-02 % U238
0.00000E+00 0.00000E+00 % lost data
4.20383E-02 9.59550E+05 % total
];

TOT_SF = [
2.56069E+00 1.77833E+00 % U235
1.22723E+04 1.19043E+04 % U238
0.00000E+00 0.00000E+00 % lost data
1.22749E+04 1.40083E+08 % total
];

TOT_GSRC = [
4.49368E+10 3.12074E+10 % U235
1.99040E+09 1.93072E+09 % U238
0.00000E+00 0.00000E+00 % lost data
4.69272E+10 3.49775E+18 % total
];

TOT_ING_TOX = [
1.67156E+03 1.16086E+03 % U235
1.01145E+03 9.81126E+02 % U238
0.00000E+00 0.00000E+00 % lost data
2.68302E+03 2.25664E+09 % total
];

TOT_INH_TOX = [
3.02303E+05 2.09942E+05 % U235
1.79814E+05 1.74422E+05 % U238
0.00000E+00 0.00000E+00 % lost data
4.82118E+05 9.10117E+10 % total
];

BU = [ 0.00000E+00 4.86205E+01 ];

DAYS = [ 0.00000E+00 7.30000E+03 ];
