
DETassem1 = [
    1    1    1    1    1    1    1    1    1    1  0.00000E+00 0.00000 
    2    1    1    1    1    1    1    1    1    2  0.00000E+00 0.00000 
    3    1    1    1    1    1    1    1    1    3  0.00000E+00 0.00000 
    4    1    1    1    1    1    1    1    1    4  0.00000E+00 0.00000 
    5    1    1    1    1    1    1    1    1    5  0.00000E+00 0.00000 
    6    1    1    1    1    1    1    1    1    6  0.00000E+00 0.00000 
    7    1    1    1    1    1    1    1    1    7  0.00000E+00 0.00000 
    8    1    1    1    1    1    1    1    1    8  1.84154E+04 0.00339 
    9    1    1    1    1    1    1    1    1    9  1.45222E+04 0.00370 
   10    1    1    1    1    1    1    1    1   10  0.00000E+00 0.00000 
   11    1    1    1    1    1    1    1    1   11  1.08617E+04 0.00407 
   12    1    1    1    1    1    1    1    2    1  1.99336E+04 0.00340 
   13    1    1    1    1    1    1    1    2    2  0.00000E+00 0.00000 
   14    1    1    1    1    1    1    1    2    3  0.00000E+00 0.00000 
   15    1    1    1    1    1    1    1    2    4  0.00000E+00 0.00000 
   16    1    1    1    1    1    1    1    2    5  0.00000E+00 0.00000 
   17    1    1    1    1    1    1    1    2    6  1.98397E+04 0.00340 
   18    1    1    1    1    1    1    1    2    7  1.62124E+04 0.00367 
   19    1    1    1    1    1    1    1    2    8  0.00000E+00 0.00000 
   20    1    1    1    1    1    1    1    2    9  1.19666E+04 0.00401 
   21    1    1    1    1    1    1    1    2   10  1.08089E+04 0.00410 
   22    1    1    1    1    1    1    1    2   11  0.00000E+00 0.00000 
   23    1    1    1    1    1    1    1    3    1  1.62100E+04 0.00367 
   24    1    1    1    1    1    1    1    3    2  1.85628E+04 0.00345 
   25    1    1    1    1    1    1    1    3    3  0.00000E+00 0.00000 
   26    1    1    1    1    1    1    1    3    4  1.85445E+04 0.00345 
   27    1    1    1    1    1    1    1    3    5  1.62583E+04 0.00362 
   28    1    1    1    1    1    1    1    3    6  0.00000E+00 0.00000 
   29    1    1    1    1    1    1    1    3    7  1.26579E+04 0.00393 
   30    1    1    1    1    1    1    1    3    8  1.16002E+04 0.00404 
   31    1    1    1    1    1    1    1    3    9  0.00000E+00 0.00000 
   32    1    1    1    1    1    1    1    3   10  1.00758E+04 0.00410 
   33    1    1    1    1    1    1    1    3   11  9.63714E+03 0.00425 
   34    1    1    1    1    1    1    1    4    1  0.00000E+00 0.00000 
   35    1    1    1    1    1    1    1    4    2  1.45075E+04 0.00381 
   36    1    1    1    1    1    1    1    4    3  1.45298E+04 0.00382 
   37    1    1    1    1    1    1    1    4    4  0.00000E+00 0.00000 
   38    1    1    1    1    1    1    1    4    5  1.27502E+04 0.00404 
   39    1    1    1    1    1    1    1    4    6  1.20257E+04 0.00399 
   40    1    1    1    1    1    1    1    4    7  0.00000E+00 0.00000 
   41    1    1    1    1    1    1    1    4    8  1.04857E+04 0.00416 
   42    1    1    1    1    1    1    1    4    9  1.00195E+04 0.00417 
   43    1    1    1    1    1    1    1    4   10  0.00000E+00 0.00000 
   44    1    1    1    1    1    1    1    4   11  9.43264E+03 0.00436 
   45    1    1    1    1    1    1    1    5    1  1.20072E+04 0.00401 
   46    1    1    1    1    1    1    1    5    2  0.00000E+00 0.00000 
   47    1    1    1    1    1    1    1    5    3  1.19588E+04 0.00409 
   48    1    1    1    1    1    1    1    5    4  1.15429E+04 0.00402 
   49    1    1    1    1    1    1    1    5    5  0.00000E+00 0.00000 
   50    1    1    1    1    1    1    1    5    6  1.05900E+04 0.00415 
   51    1    1    1    1    1    1    1    5    7  1.03023E+04 0.00415 
   52    1    1    1    1    1    1    1    5    8  0.00000E+00 0.00000 
   53    1    1    1    1    1    1    1    5    9  9.70772E+03 0.00429 
   54    1    1    1    1    1    1    1    5   10  9.44475E+03 0.00432 
   55    1    1    1    1    1    1    1    5   11  0.00000E+00 0.00000 
   56    1    1    1    1    1    1    1    6    1  1.08346E+04 0.00416 
   57    1    1    1    1    1    1    1    6    2  1.08668E+04 0.00416 
   58    1    1    1    1    1    1    1    6    3  0.00000E+00 0.00000 
   59    1    1    1    1    1    1    1    6    4  1.04716E+04 0.00418 
   60    1    1    1    1    1    1    1    6    5  1.02323E+04 0.00418 
   61    1    1    1    1    1    1    1    6    6  0.00000E+00 0.00000 
   62    1    1    1    1    1    1    1    6    7  1.00484E+04 0.00427 
   63    1    1    1    1    1    1    1    6    8  9.84839E+03 0.00427 
   64    1    1    1    1    1    1    1    6    9  0.00000E+00 0.00000 
   65    1    1    1    1    1    1    1    6   10  9.25539E+03 0.00439 
   66    1    1    1    1    1    1    1    6   11  9.08429E+03 0.00434 
   67    1    1    1    1    1    1    1    7    1  0.00000E+00 0.00000 
   68    1    1    1    1    1    1    1    7    2  1.01259E+04 0.00415 
   69    1    1    1    1    1    1    1    7    3  9.98036E+03 0.00421 
   70    1    1    1    1    1    1    1    7    4  0.00000E+00 0.00000 
   71    1    1    1    1    1    1    1    7    5  9.90535E+03 0.00424 
   72    1    1    1    1    1    1    1    7    6  1.03811E+04 0.00420 
   73    1    1    1    1    1    1    1    7    7  0.00000E+00 0.00000 
   74    1    1    1    1    1    1    1    7    8  9.85862E+03 0.00426 
   75    1    1    1    1    1    1    1    7    9  9.44407E+03 0.00432 
   76    1    1    1    1    1    1    1    7   10  0.00000E+00 0.00000 
   77    1    1    1    1    1    1    1    7   11  9.00320E+03 0.00443 
   78    1    1    1    1    1    1    1    8    1  9.62254E+03 0.00435 
   79    1    1    1    1    1    1    1    8    2  0.00000E+00 0.00000 
   80    1    1    1    1    1    1    1    8    3  9.64357E+03 0.00426 
   81    1    1    1    1    1    1    1    8    4  9.90495E+03 0.00426 
   82    1    1    1    1    1    1    1    8    5  0.00000E+00 0.00000 
   83    1    1    1    1    1    1    1    8    6  0.00000E+00 0.00000 
   84    1    1    1    1    1    1    1    8    7  0.00000E+00 0.00000 
   85    1    1    1    1    1    1    1    8    8  0.00000E+00 0.00000 
   86    1    1    1    1    1    1    1    8    9  9.33950E+03 0.00442 
   87    1    1    1    1    1    1    1    8   10  9.10542E+03 0.00443 
   88    1    1    1    1    1    1    1    8   11  0.00000E+00 0.00000 
   89    1    1    1    1    1    1    1    9    1  9.39185E+03 0.00429 
   90    1    1    1    1    1    1    1    9    2  9.44800E+03 0.00431 
   91    1    1    1    1    1    1    1    9    3  0.00000E+00 0.00000 
   92    1    1    1    1    1    1    1    9    4  9.98680E+03 0.00430 
   93    1    1    1    1    1    1    1    9    5  0.00000E+00 0.00000 
   94    1    1    1    1    1    1    1    9    6  0.00000E+00 0.00000 
   95    1    1    1    1    1    1    1    9    7  1.02494E+04 0.00422 
   96    1    1    1    1    1    1    1    9    8  9.55415E+03 0.00437 
   97    1    1    1    1    1    1    1    9    9  0.00000E+00 0.00000 
   98    1    1    1    1    1    1    1    9   10  9.00585E+03 0.00443 
   99    1    1    1    1    1    1    1    9   11  8.96767E+03 0.00443 
  100    1    1    1    1    1    1    1   10    1  0.00000E+00 0.00000 
  101    1    1    1    1    1    1    1   10    2  9.28163E+03 0.00427 
  102    1    1    1    1    1    1    1   10    3  9.44659E+03 0.00431 
  103    1    1    1    1    1    1    1   10    4  0.00000E+00 0.00000 
  104    1    1    1    1    1    1    1   10    5  1.03228E+04 0.00431 
  105    1    1    1    1    1    1    1   10    6  0.00000E+00 0.00000 
  106    1    1    1    1    1    1    1   10    7  0.00000E+00 0.00000 
  107    1    1    1    1    1    1    1   10    8  9.30134E+03 0.00434 
  108    1    1    1    1    1    1    1   10    9  9.05529E+03 0.00452 
  109    1    1    1    1    1    1    1   10   10  0.00000E+00 0.00000 
