
DETassem1 = [
    1    1    1    1    1    1    1    1    1    1  0.00000E+00 0.00000 
    2    1    1    1    1    1    1    1    1    2  0.00000E+00 0.00000 
    3    1    1    1    1    1    1    1    1    3  0.00000E+00 0.00000 
    4    1    1    1    1    1    1    1    1    4  0.00000E+00 0.00000 
    5    1    1    1    1    1    1    1    1    5  0.00000E+00 0.00000 
    6    1    1    1    1    1    1    1    1    6  0.00000E+00 0.00000 
    7    1    1    1    1    1    1    1    1    7  0.00000E+00 0.00000 
    8    1    1    1    1    1    1    1    1    8  1.88312E+04 0.00364 
    9    1    1    1    1    1    1    1    1    9  1.43763E+04 0.00395 
   10    1    1    1    1    1    1    1    1   10  0.00000E+00 0.00000 
   11    1    1    1    1    1    1    1    1   11  1.04244E+04 0.00437 
   12    1    1    1    1    1    1    1    2    1  2.02048E+04 0.00351 
   13    1    1    1    1    1    1    1    2    2  0.00000E+00 0.00000 
   14    1    1    1    1    1    1    1    2    3  0.00000E+00 0.00000 
   15    1    1    1    1    1    1    1    2    4  0.00000E+00 0.00000 
   16    1    1    1    1    1    1    1    2    5  0.00000E+00 0.00000 
   17    1    1    1    1    1    1    1    2    6  2.03118E+04 0.00354 
   18    1    1    1    1    1    1    1    2    7  1.62875E+04 0.00383 
   19    1    1    1    1    1    1    1    2    8  0.00000E+00 0.00000 
   20    1    1    1    1    1    1    1    2    9  1.16783E+04 0.00422 
   21    1    1    1    1    1    1    1    2   10  1.04289E+04 0.00433 
   22    1    1    1    1    1    1    1    2   11  0.00000E+00 0.00000 
   23    1    1    1    1    1    1    1    3    1  1.63616E+04 0.00385 
   24    1    1    1    1    1    1    1    3    2  1.87657E+04 0.00361 
   25    1    1    1    1    1    1    1    3    3  0.00000E+00 0.00000 
   26    1    1    1    1    1    1    1    3    4  1.88409E+04 0.00367 
   27    1    1    1    1    1    1    1    3    5  1.62934E+04 0.00379 
   28    1    1    1    1    1    1    1    3    6  0.00000E+00 0.00000 
   29    1    1    1    1    1    1    1    3    7  1.26490E+04 0.00405 
   30    1    1    1    1    1    1    1    3    8  1.13064E+04 0.00425 
   31    1    1    1    1    1    1    1    3    9  0.00000E+00 0.00000 
   32    1    1    1    1    1    1    1    3   10  9.64327E+03 0.00450 
   33    1    1    1    1    1    1    1    3   11  9.29649E+03 0.00448 
   34    1    1    1    1    1    1    1    4    1  0.00000E+00 0.00000 
   35    1    1    1    1    1    1    1    4    2  1.43927E+04 0.00403 
   36    1    1    1    1    1    1    1    4    3  1.43552E+04 0.00404 
   37    1    1    1    1    1    1    1    4    4  0.00000E+00 0.00000 
   38    1    1    1    1    1    1    1    4    5  1.25662E+04 0.00417 
   39    1    1    1    1    1    1    1    4    6  1.19172E+04 0.00425 
   40    1    1    1    1    1    1    1    4    7  0.00000E+00 0.00000 
   41    1    1    1    1    1    1    1    4    8  1.01091E+04 0.00442 
   42    1    1    1    1    1    1    1    4    9  9.56475E+03 0.00438 
   43    1    1    1    1    1    1    1    4   10  0.00000E+00 0.00000 
   44    1    1    1    1    1    1    1    4   11  9.18596E+03 0.00448 
   45    1    1    1    1    1    1    1    5    1  1.16612E+04 0.00419 
   46    1    1    1    1    1    1    1    5    2  0.00000E+00 0.00000 
   47    1    1    1    1    1    1    1    5    3  1.16795E+04 0.00425 
   48    1    1    1    1    1    1    1    5    4  1.13800E+04 0.00417 
   49    1    1    1    1    1    1    1    5    5  0.00000E+00 0.00000 
   50    1    1    1    1    1    1    1    5    6  0.00000E+00 0.00000 
   51    1    1    1    1    1    1    1    5    7  1.00528E+04 0.00436 
   52    1    1    1    1    1    1    1    5    8  0.00000E+00 0.00000 
   53    1    1    1    1    1    1    1    5    9  9.09993E+03 0.00459 
   54    1    1    1    1    1    1    1    5   10  8.98505E+03 0.00453 
   55    1    1    1    1    1    1    1    5   11  0.00000E+00 0.00000 
   56    1    1    1    1    1    1    1    6    1  1.05407E+04 0.00433 
   57    1    1    1    1    1    1    1    6    2  1.05151E+04 0.00430 
   58    1    1    1    1    1    1    1    6    3  0.00000E+00 0.00000 
   59    1    1    1    1    1    1    1    6    4  1.01149E+04 0.00444 
   60    1    1    1    1    1    1    1    6    5  1.01259E+04 0.00443 
   61    1    1    1    1    1    1    1    6    6  0.00000E+00 0.00000 
   62    1    1    1    1    1    1    1    6    7  9.24232E+03 0.00453 
   63    1    1    1    1    1    1    1    6    8  9.02914E+03 0.00456 
   64    1    1    1    1    1    1    1    6    9  0.00000E+00 0.00000 
   65    1    1    1    1    1    1    1    6   10  8.97479E+03 0.00466 
   66    1    1    1    1    1    1    1    6   11  9.35556E+03 0.00458 
   67    1    1    1    1    1    1    1    7    1  0.00000E+00 0.00000 
   68    1    1    1    1    1    1    1    7    2  9.64237E+03 0.00435 
   69    1    1    1    1    1    1    1    7    3  9.57872E+03 0.00440 
   70    1    1    1    1    1    1    1    7    4  0.00000E+00 0.00000 
   71    1    1    1    1    1    1    1    7    5  9.25219E+03 0.00453 
   72    1    1    1    1    1    1    1    7    6  9.13681E+03 0.00454 
   73    1    1    1    1    1    1    1    7    7  0.00000E+00 0.00000 
   74    1    1    1    1    1    1    1    7    8  8.74021E+03 0.00462 
   75    1    1    1    1    1    1    1    7    9  8.74969E+03 0.00457 
   76    1    1    1    1    1    1    1    7   10  0.00000E+00 0.00000 
   77    1    1    1    1    1    1    1    7   11  9.62155E+03 0.00451 
   78    1    1    1    1    1    1    1    8    1  9.38577E+03 0.00442 
   79    1    1    1    1    1    1    1    8    2  0.00000E+00 0.00000 
   80    1    1    1    1    1    1    1    8    3  9.19814E+03 0.00450 
   81    1    1    1    1    1    1    1    8    4  8.93334E+03 0.00446 
   82    1    1    1    1    1    1    1    8    5  0.00000E+00 0.00000 
   83    1    1    1    1    1    1    1    8    6  8.72410E+03 0.00456 
   84    1    1    1    1    1    1    1    8    7  8.70168E+03 0.00461 
   85    1    1    1    1    1    1    1    8    8  0.00000E+00 0.00000 
   86    1    1    1    1    1    1    1    8    9  8.77487E+03 0.00466 
   87    1    1    1    1    1    1    1    8   10  9.17408E+03 0.00457 
   88    1    1    1    1    1    1    1    8   11  0.00000E+00 0.00000 
   89    1    1    1    1    1    1    1    9    1  9.14841E+03 0.00450 
   90    1    1    1    1    1    1    1    9    2  9.08436E+03 0.00452 
   91    1    1    1    1    1    1    1    9    3  0.00000E+00 0.00000 
   92    1    1    1    1    1    1    1    9    4  8.70547E+03 0.00458 
   93    1    1    1    1    1    1    1    9    5  8.69565E+03 0.00473 
   94    1    1    1    1    1    1    1    9    6  0.00000E+00 0.00000 
   95    1    1    1    1    1    1    1    9    7  8.46619E+03 0.00469 
   96    1    1    1    1    1    1    1    9    8  8.52731E+03 0.00465 
   97    1    1    1    1    1    1    1    9    9  0.00000E+00 0.00000 
   98    1    1    1    1    1    1    1    9   10  9.13494E+03 0.00460 
   99    1    1    1    1    1    1    1    9   11  0.00000E+00 0.00000 
  100    1    1    1    1    1    1    1   10    1  0.00000E+00 0.00000 
  101    1    1    1    1    1    1    1   10    2  8.94462E+03 0.00461 
  102    1    1    1    1    1    1    1   10    3  8.79860E+03 0.00460 
  103    1    1    1    1    1    1    1   10    4  0.00000E+00 0.00000 
  104    1    1    1    1    1    1    1   10    5  8.47374E+03 0.00463 
  105    1    1    1    1    1    1    1   10    6  8.47700E+03 0.00467 
  106    1    1    1    1    1    1    1   10    7  0.00000E+00 0.00000 
  107    1    1    1    1    1    1    1   10    8  8.56151E+03 0.00477 
  108    1    1    1    1    1    1    1   10    9  8.67093E+03 0.00462 
  109    1    1    1    1    1    1    1   10   10  0.00000E+00 0.00000 
