
ZAI = [
922350
922380
666
0
];

NAMES = [
'U235            '
'U238            '
'lost            '
'total           '
];

i922350 = 1; iU235             = 1;
i922380 = 2; iU238             = 2;
iLOST    = 3;
iTOT     = 4;

MAT_un_VOLUME = [ 2.32319E+05 2.32319E+05 ];

MAT_un_BURNUP = [ 0.00000E+00 4.93405E+01 ];

MAT_un_ADENS = [
4.83387E-03 3.33901E-03 % U235
1.93936E-02 1.88115E-02 % U238
0.00000E+00 5.61599E-30 % lost data
7.26897E-02 7.39697E-02 % total
];

MAT_un_MDENS = [
1.88669E+00 1.30324E+00 % U235
7.66628E+00 7.43616E+00 % U238
0.00000E+00 0.00000E+00 % lost data
1.08000E+01 1.07983E+01 % total
];

MAT_un_A = [
3.50472E+10 2.42090E+10 % U235
2.21494E+10 2.14846E+10 % U238
0.00000E+00 0.00000E+00 % lost data
5.71966E+10 3.25110E+18 % total
];

MAT_un_H = [
2.62728E-02 1.81480E-02 % U235
1.51534E-02 1.46985E-02 % U238
0.00000E+00 0.00000E+00 % lost data
4.14261E-02 9.58390E+05 % total
];

MAT_un_SF = [
2.52340E+00 1.74304E+00 % U235
1.20936E+04 1.17306E+04 % U238
0.00000E+00 0.00000E+00 % lost data
1.20961E+04 1.44416E+08 % total
];

MAT_un_GSRC = [
4.42823E+10 3.05882E+10 % U235
1.96141E+09 1.90254E+09 % U238
0.00000E+00 0.00000E+00 % lost data
4.62438E+10 3.48849E+18 % total
];

MAT_un_ING_TOX = [
1.64722E+03 1.13782E+03 % U235
9.96725E+02 9.66806E+02 % U238
0.00000E+00 0.00000E+00 % lost data
2.64394E+03 2.25542E+09 % total
];

MAT_un_INH_TOX = [
2.97901E+05 2.05776E+05 % U235
1.77196E+05 1.71877E+05 % U238
0.00000E+00 0.00000E+00 % lost data
4.75097E+05 9.17150E+10 % total
];

TOT_VOLUME = [ 2.32319E+05 2.32319E+05 ];

TOT_BURNUP = [ 0.00000E+00 4.93405E+01 ];

TOT_ADENS = [
4.83387E-03 3.33901E-03 % U235
1.93936E-02 1.88115E-02 % U238
0.00000E+00 5.61599E-30 % lost data
7.26897E-02 7.39697E-02 % total
];

TOT_MASS = [
4.38314E+05 3.02767E+05 % U235
1.78102E+06 1.72756E+06 % U238
0.00000E+00 0.00000E+00 % lost data
2.50905E+06 2.50866E+06 % total
];

TOT_A = [
3.50472E+10 2.42090E+10 % U235
2.21494E+10 2.14846E+10 % U238
0.00000E+00 0.00000E+00 % lost data
5.71966E+10 3.25110E+18 % total
];

TOT_H = [
2.62728E-02 1.81480E-02 % U235
1.51534E-02 1.46985E-02 % U238
0.00000E+00 0.00000E+00 % lost data
4.14261E-02 9.58390E+05 % total
];

TOT_SF = [
2.52340E+00 1.74304E+00 % U235
1.20936E+04 1.17306E+04 % U238
0.00000E+00 0.00000E+00 % lost data
1.20961E+04 1.44416E+08 % total
];

TOT_GSRC = [
4.42823E+10 3.05882E+10 % U235
1.96141E+09 1.90254E+09 % U238
0.00000E+00 0.00000E+00 % lost data
4.62438E+10 3.48849E+18 % total
];

TOT_ING_TOX = [
1.64722E+03 1.13782E+03 % U235
9.96725E+02 9.66806E+02 % U238
0.00000E+00 0.00000E+00 % lost data
2.64394E+03 2.25542E+09 % total
];

TOT_INH_TOX = [
2.97901E+05 2.05776E+05 % U235
1.77196E+05 1.71877E+05 % U238
0.00000E+00 0.00000E+00 % lost data
4.75097E+05 9.17150E+10 % total
];

BU = [ 0.00000E+00 4.93390E+01 ];

DAYS = [ 0.00000E+00 7.30000E+03 ];
