
DETassem1 = [
    1    1    1    1    1    1    1    1    1    1  0.00000E+00 0.00000 
    2    1    1    1    1    1    1    1    1    2  0.00000E+00 0.00000 
    3    1    1    1    1    1    1    1    1    3  0.00000E+00 0.00000 
    4    1    1    1    1    1    1    1    1    4  0.00000E+00 0.00000 
    5    1    1    1    1    1    1    1    1    5  0.00000E+00 0.00000 
    6    1    1    1    1    1    1    1    1    6  0.00000E+00 0.00000 
    7    1    1    1    1    1    1    1    1    7  0.00000E+00 0.00000 
    8    1    1    1    1    1    1    1    1    8  1.87999E+04 0.00368 
    9    1    1    1    1    1    1    1    1    9  1.42898E+04 0.00394 
   10    1    1    1    1    1    1    1    1   10  0.00000E+00 0.00000 
   11    1    1    1    1    1    1    1    1   11  1.03975E+04 0.00433 
   12    1    1    1    1    1    1    1    2    1  2.02343E+04 0.00353 
   13    1    1    1    1    1    1    1    2    2  0.00000E+00 0.00000 
   14    1    1    1    1    1    1    1    2    3  0.00000E+00 0.00000 
   15    1    1    1    1    1    1    1    2    4  0.00000E+00 0.00000 
   16    1    1    1    1    1    1    1    2    5  0.00000E+00 0.00000 
   17    1    1    1    1    1    1    1    2    6  2.01761E+04 0.00356 
   18    1    1    1    1    1    1    1    2    7  1.61149E+04 0.00384 
   19    1    1    1    1    1    1    1    2    8  0.00000E+00 0.00000 
   20    1    1    1    1    1    1    1    2    9  1.15820E+04 0.00427 
   21    1    1    1    1    1    1    1    2   10  1.03633E+04 0.00434 
   22    1    1    1    1    1    1    1    2   11  0.00000E+00 0.00000 
   23    1    1    1    1    1    1    1    3    1  1.62282E+04 0.00385 
   24    1    1    1    1    1    1    1    3    2  1.87561E+04 0.00362 
   25    1    1    1    1    1    1    1    3    3  0.00000E+00 0.00000 
   26    1    1    1    1    1    1    1    3    4  1.86279E+04 0.00367 
   27    1    1    1    1    1    1    1    3    5  1.62591E+04 0.00373 
   28    1    1    1    1    1    1    1    3    6  0.00000E+00 0.00000 
   29    1    1    1    1    1    1    1    3    7  1.24309E+04 0.00414 
   30    1    1    1    1    1    1    1    3    8  1.12087E+04 0.00431 
   31    1    1    1    1    1    1    1    3    9  0.00000E+00 0.00000 
   32    1    1    1    1    1    1    1    3   10  9.67335E+03 0.00435 
   33    1    1    1    1    1    1    1    3   11  9.30951E+03 0.00452 
   34    1    1    1    1    1    1    1    4    1  0.00000E+00 0.00000 
   35    1    1    1    1    1    1    1    4    2  1.43396E+04 0.00402 
   36    1    1    1    1    1    1    1    4    3  1.43097E+04 0.00397 
   37    1    1    1    1    1    1    1    4    4  0.00000E+00 0.00000 
   38    1    1    1    1    1    1    1    4    5  1.23916E+04 0.00408 
   39    1    1    1    1    1    1    1    4    6  1.14965E+04 0.00425 
   40    1    1    1    1    1    1    1    4    7  0.00000E+00 0.00000 
   41    1    1    1    1    1    1    1    4    8  1.00552E+04 0.00425 
   42    1    1    1    1    1    1    1    4    9  9.62737E+03 0.00447 
   43    1    1    1    1    1    1    1    4   10  0.00000E+00 0.00000 
   44    1    1    1    1    1    1    1    4   11  9.05339E+03 0.00459 
   45    1    1    1    1    1    1    1    5    1  1.15566E+04 0.00426 
   46    1    1    1    1    1    1    1    5    2  0.00000E+00 0.00000 
   47    1    1    1    1    1    1    1    5    3  1.15230E+04 0.00436 
   48    1    1    1    1    1    1    1    5    4  1.11262E+04 0.00422 
   49    1    1    1    1    1    1    1    5    5  0.00000E+00 0.00000 
   50    1    1    1    1    1    1    1    5    6  1.02323E+04 0.00436 
   51    1    1    1    1    1    1    1    5    7  9.88610E+03 0.00433 
   52    1    1    1    1    1    1    1    5    8  0.00000E+00 0.00000 
   53    1    1    1    1    1    1    1    5    9  9.23967E+03 0.00458 
   54    1    1    1    1    1    1    1    5   10  9.01602E+03 0.00448 
   55    1    1    1    1    1    1    1    5   11  0.00000E+00 0.00000 
   56    1    1    1    1    1    1    1    6    1  1.03008E+04 0.00427 
   57    1    1    1    1    1    1    1    6    2  1.04231E+04 0.00436 
   58    1    1    1    1    1    1    1    6    3  0.00000E+00 0.00000 
   59    1    1    1    1    1    1    1    6    4  9.98355E+03 0.00436 
   60    1    1    1    1    1    1    1    6    5  9.90534E+03 0.00444 
   61    1    1    1    1    1    1    1    6    6  0.00000E+00 0.00000 
   62    1    1    1    1    1    1    1    6    7  9.69964E+03 0.00448 
   63    1    1    1    1    1    1    1    6    8  9.42643E+03 0.00449 
   64    1    1    1    1    1    1    1    6    9  0.00000E+00 0.00000 
   65    1    1    1    1    1    1    1    6   10  9.00759E+03 0.00453 
   66    1    1    1    1    1    1    1    6   11  8.80016E+03 0.00471 
   67    1    1    1    1    1    1    1    7    1  0.00000E+00 0.00000 
   68    1    1    1    1    1    1    1    7    2  9.57309E+03 0.00447 
   69    1    1    1    1    1    1    1    7    3  9.58163E+03 0.00450 
   70    1    1    1    1    1    1    1    7    4  0.00000E+00 0.00000 
   71    1    1    1    1    1    1    1    7    5  9.51994E+03 0.00439 
   72    1    1    1    1    1    1    1    7    6  9.99136E+03 0.00438 
   73    1    1    1    1    1    1    1    7    7  0.00000E+00 0.00000 
   74    1    1    1    1    1    1    1    7    8  9.65370E+03 0.00442 
   75    1    1    1    1    1    1    1    7    9  9.16779E+03 0.00455 
   76    1    1    1    1    1    1    1    7   10  0.00000E+00 0.00000 
   77    1    1    1    1    1    1    1    7   11  8.72709E+03 0.00462 
   78    1    1    1    1    1    1    1    8    1  9.24666E+03 0.00443 
   79    1    1    1    1    1    1    1    8    2  0.00000E+00 0.00000 
   80    1    1    1    1    1    1    1    8    3  9.25460E+03 0.00451 
   81    1    1    1    1    1    1    1    8    4  9.39149E+03 0.00445 
   82    1    1    1    1    1    1    1    8    5  0.00000E+00 0.00000 
   83    1    1    1    1    1    1    1    8    6  0.00000E+00 0.00000 
   84    1    1    1    1    1    1    1    8    7  0.00000E+00 0.00000 
   85    1    1    1    1    1    1    1    8    8  0.00000E+00 0.00000 
   86    1    1    1    1    1    1    1    8    9  9.05524E+03 0.00460 
   87    1    1    1    1    1    1    1    8   10  8.75491E+03 0.00456 
   88    1    1    1    1    1    1    1    8   11  0.00000E+00 0.00000 
   89    1    1    1    1    1    1    1    9    1  8.96839E+03 0.00452 
   90    1    1    1    1    1    1    1    9    2  9.11036E+03 0.00450 
   91    1    1    1    1    1    1    1    9    3  0.00000E+00 0.00000 
   92    1    1    1    1    1    1    1    9    4  9.49445E+03 0.00447 
   93    1    1    1    1    1    1    1    9    5  0.00000E+00 0.00000 
   94    1    1    1    1    1    1    1    9    6  0.00000E+00 0.00000 
   95    1    1    1    1    1    1    1    9    7  1.00619E+04 0.00441 
   96    1    1    1    1    1    1    1    9    8  9.27083E+03 0.00458 
   97    1    1    1    1    1    1    1    9    9  0.00000E+00 0.00000 
   98    1    1    1    1    1    1    1    9   10  8.65674E+03 0.00462 
   99    1    1    1    1    1    1    1    9   11  8.69822E+03 0.00464 
  100    1    1    1    1    1    1    1   10    1  0.00000E+00 0.00000 
  101    1    1    1    1    1    1    1   10    2  8.95565E+03 0.00461 
  102    1    1    1    1    1    1    1   10    3  9.08153E+03 0.00457 
  103    1    1    1    1    1    1    1   10    4  0.00000E+00 0.00000 
  104    1    1    1    1    1    1    1   10    5  1.00611E+04 0.00449 
  105    1    1    1    1    1    1    1   10    6  0.00000E+00 0.00000 
  106    1    1    1    1    1    1    1   10    7  0.00000E+00 0.00000 
  107    1    1    1    1    1    1    1   10    8  8.94870E+03 0.00458 
  108    1    1    1    1    1    1    1   10    9  8.72809E+03 0.00470 
  109    1    1    1    1    1    1    1   10   10  0.00000E+00 0.00000 
