
ZAI = [
922350
922380
666
0
];

NAMES = [
'U235            '
'U238            '
'lost            '
'total           '
];

i922350 = 1; iU235             = 1;
i922380 = 2; iU238             = 2;
iLOST    = 3;
iTOT     = 4;

MAT_un_VOLUME = [ 2.27778E+05 2.27778E+05 ];

MAT_un_BURNUP = [ 0.00000E+00 5.03243E+01 ];

MAT_un_ADENS = [
4.83387E-03 3.31362E-03 % U235
1.93936E-02 1.88071E-02 % U238
0.00000E+00 5.23033E-30 % lost data
7.26897E-02 7.39953E-02 % total
];

MAT_un_MDENS = [
1.88669E+00 1.29333E+00 % U235
7.66628E+00 7.43442E+00 % U238
0.00000E+00 0.00000E+00 % lost data
1.08000E+01 1.07983E+01 % total
];

MAT_un_A = [
3.43621E+10 2.35552E+10 % U235
2.17165E+10 2.10597E+10 % U238
0.00000E+00 0.00000E+00 % lost data
5.60786E+10 3.24432E+18 % total
];

MAT_un_H = [
2.57592E-02 1.76580E-02 % U235
1.48572E-02 1.44078E-02 % U238
0.00000E+00 0.00000E+00 % lost data
4.06164E-02 9.57199E+05 % total
];

MAT_un_SF = [
2.47407E+00 1.69598E+00 % U235
1.18572E+04 1.14986E+04 % U238
0.00000E+00 0.00000E+00 % lost data
1.18597E+04 1.50152E+08 % total
];

MAT_un_GSRC = [
4.34167E+10 2.97622E+10 % U235
1.92307E+09 1.86491E+09 % U238
0.00000E+00 0.00000E+00 % lost data
4.53398E+10 3.48006E+18 % total
];

MAT_un_ING_TOX = [
1.61502E+03 1.10710E+03 % U235
9.77241E+02 9.47686E+02 % U238
0.00000E+00 0.00000E+00 % lost data
2.59226E+03 2.25611E+09 % total
];

MAT_un_INH_TOX = [
2.92078E+05 2.00220E+05 % U235
1.73732E+05 1.68477E+05 % U238
0.00000E+00 0.00000E+00 % lost data
4.65810E+05 9.29883E+10 % total
];

TOT_VOLUME = [ 2.27778E+05 2.27778E+05 ];

TOT_BURNUP = [ 0.00000E+00 5.03243E+01 ];

TOT_ADENS = [
4.83387E-03 3.31362E-03 % U235
1.93936E-02 1.88071E-02 % U238
0.00000E+00 5.23033E-30 % lost data
7.26897E-02 7.39953E-02 % total
];

TOT_MASS = [
4.29746E+05 2.94592E+05 % U235
1.74621E+06 1.69340E+06 % U238
0.00000E+00 0.00000E+00 % lost data
2.46000E+06 2.45961E+06 % total
];

TOT_A = [
3.43621E+10 2.35552E+10 % U235
2.17165E+10 2.10597E+10 % U238
0.00000E+00 0.00000E+00 % lost data
5.60786E+10 3.24432E+18 % total
];

TOT_H = [
2.57592E-02 1.76580E-02 % U235
1.48572E-02 1.44078E-02 % U238
0.00000E+00 0.00000E+00 % lost data
4.06164E-02 9.57199E+05 % total
];

TOT_SF = [
2.47407E+00 1.69598E+00 % U235
1.18572E+04 1.14986E+04 % U238
0.00000E+00 0.00000E+00 % lost data
1.18597E+04 1.50152E+08 % total
];

TOT_GSRC = [
4.34167E+10 2.97622E+10 % U235
1.92307E+09 1.86491E+09 % U238
0.00000E+00 0.00000E+00 % lost data
4.53398E+10 3.48006E+18 % total
];

TOT_ING_TOX = [
1.61502E+03 1.10710E+03 % U235
9.77241E+02 9.47686E+02 % U238
0.00000E+00 0.00000E+00 % lost data
2.59226E+03 2.25611E+09 % total
];

TOT_INH_TOX = [
2.92078E+05 2.00220E+05 % U235
1.73732E+05 1.68477E+05 % U238
0.00000E+00 0.00000E+00 % lost data
4.65810E+05 9.29883E+10 % total
];

BU = [ 0.00000E+00 5.03227E+01 ];

DAYS = [ 0.00000E+00 7.30000E+03 ];
