
ZAI = [
922350
922380
666
0
];

NAMES = [
'U235            '
'U238            '
'lost            '
'total           '
];

i922350 = 1; iU235             = 1;
i922380 = 2; iU238             = 2;
iLOST    = 3;
iTOT     = 4;

MAT_un_VOLUME = [ 2.23515E+05 2.23515E+05 ];

MAT_un_BURNUP = [ 0.00000E+00 5.12842E+01 ];

MAT_un_ADENS = [
4.83387E-03 3.28677E-03 % U235
1.93936E-02 1.87895E-02 % U238
0.00000E+00 5.28138E-30 % lost data
7.26897E-02 7.40208E-02 % total
];

MAT_un_MDENS = [
1.88669E+00 1.28285E+00 % U235
7.66628E+00 7.42747E+00 % U238
0.00000E+00 0.00000E+00 % lost data
1.08000E+01 1.07983E+01 % total
];

MAT_un_A = [
3.37190E+10 2.29271E+10 % U235
2.13100E+10 2.06462E+10 % U238
0.00000E+00 0.00000E+00 % lost data
5.50290E+10 3.25042E+18 % total
];

MAT_un_H = [
2.52771E-02 1.71871E-02 % U235
1.45791E-02 1.41249E-02 % U238
0.00000E+00 0.00000E+00 % lost data
3.98562E-02 9.57245E+05 % total
];

MAT_un_SF = [
2.42776E+00 1.65075E+00 % U235
1.16353E+04 1.12728E+04 % U238
0.00000E+00 0.00000E+00 % lost data
1.16377E+04 1.56910E+08 % total
];

MAT_un_GSRC = [
4.26041E+10 2.89685E+10 % U235
1.88708E+09 1.82829E+09 % U238
0.00000E+00 0.00000E+00 % lost data
4.44912E+10 3.48708E+18 % total
];

MAT_un_ING_TOX = [
1.58479E+03 1.07757E+03 % U235
9.58951E+02 9.29078E+02 % U238
0.00000E+00 0.00000E+00 % lost data
2.54374E+03 2.26716E+09 % total
];

MAT_un_INH_TOX = [
2.86611E+05 1.94880E+05 % U235
1.70480E+05 1.65169E+05 % U238
0.00000E+00 0.00000E+00 % lost data
4.57091E+05 9.58229E+10 % total
];

TOT_VOLUME = [ 2.23515E+05 2.23515E+05 ];

TOT_BURNUP = [ 0.00000E+00 5.12842E+01 ];

TOT_ADENS = [
4.83387E-03 3.28677E-03 % U235
1.93936E-02 1.87895E-02 % U238
0.00000E+00 5.28138E-30 % lost data
7.26897E-02 7.40208E-02 % total
];

TOT_MASS = [
4.21703E+05 2.86736E+05 % U235
1.71353E+06 1.66015E+06 % U238
0.00000E+00 0.00000E+00 % lost data
2.41396E+06 2.41357E+06 % total
];

TOT_A = [
3.37190E+10 2.29271E+10 % U235
2.13100E+10 2.06462E+10 % U238
0.00000E+00 0.00000E+00 % lost data
5.50290E+10 3.25042E+18 % total
];

TOT_H = [
2.52771E-02 1.71871E-02 % U235
1.45791E-02 1.41249E-02 % U238
0.00000E+00 0.00000E+00 % lost data
3.98562E-02 9.57245E+05 % total
];

TOT_SF = [
2.42776E+00 1.65075E+00 % U235
1.16353E+04 1.12728E+04 % U238
0.00000E+00 0.00000E+00 % lost data
1.16377E+04 1.56910E+08 % total
];

TOT_GSRC = [
4.26041E+10 2.89685E+10 % U235
1.88708E+09 1.82829E+09 % U238
0.00000E+00 0.00000E+00 % lost data
4.44912E+10 3.48708E+18 % total
];

TOT_ING_TOX = [
1.58479E+03 1.07757E+03 % U235
9.58951E+02 9.29078E+02 % U238
0.00000E+00 0.00000E+00 % lost data
2.54374E+03 2.26716E+09 % total
];

TOT_INH_TOX = [
2.86611E+05 1.94880E+05 % U235
1.70480E+05 1.65169E+05 % U238
0.00000E+00 0.00000E+00 % lost data
4.57091E+05 9.58229E+10 % total
];

BU = [ 0.00000E+00 5.12825E+01 ];

DAYS = [ 0.00000E+00 7.30000E+03 ];
