
DETassem1 = [
    1    1    1    1    1    1    1    1    1    1  0.00000E+00 0.00000 
    2    1    1    1    1    1    1    1    1    2  0.00000E+00 0.00000 
    3    1    1    1    1    1    1    1    1    3  0.00000E+00 0.00000 
    4    1    1    1    1    1    1    1    1    4  0.00000E+00 0.00000 
    5    1    1    1    1    1    1    1    1    5  0.00000E+00 0.00000 
    6    1    1    1    1    1    1    1    1    6  0.00000E+00 0.00000 
    7    1    1    1    1    1    1    1    1    7  0.00000E+00 0.00000 
    8    1    1    1    1    1    1    1    1    8  1.89666E+04 0.00347 
    9    1    1    1    1    1    1    1    1    9  1.48645E+04 0.00374 
   10    1    1    1    1    1    1    1    1   10  0.00000E+00 0.00000 
   11    1    1    1    1    1    1    1    1   11  1.13853E+04 0.00406 
   12    1    1    1    1    1    1    1    2    1  2.03952E+04 0.00331 
   13    1    1    1    1    1    1    1    2    2  0.00000E+00 0.00000 
   14    1    1    1    1    1    1    1    2    3  0.00000E+00 0.00000 
   15    1    1    1    1    1    1    1    2    4  0.00000E+00 0.00000 
   16    1    1    1    1    1    1    1    2    5  0.00000E+00 0.00000 
   17    1    1    1    1    1    1    1    2    6  2.02544E+04 0.00341 
   18    1    1    1    1    1    1    1    2    7  1.66790E+04 0.00358 
   19    1    1    1    1    1    1    1    2    8  0.00000E+00 0.00000 
   20    1    1    1    1    1    1    1    2    9  1.24968E+04 0.00402 
   21    1    1    1    1    1    1    1    2   10  1.14751E+04 0.00398 
   22    1    1    1    1    1    1    1    2   11  0.00000E+00 0.00000 
   23    1    1    1    1    1    1    1    3    1  1.66792E+04 0.00361 
   24    1    1    1    1    1    1    1    3    2  1.89684E+04 0.00344 
   25    1    1    1    1    1    1    1    3    3  0.00000E+00 0.00000 
   26    1    1    1    1    1    1    1    3    4  1.88636E+04 0.00340 
   27    1    1    1    1    1    1    1    3    5  1.66158E+04 0.00363 
   28    1    1    1    1    1    1    1    3    6  0.00000E+00 0.00000 
   29    1    1    1    1    1    1    1    3    7  1.32976E+04 0.00383 
   30    1    1    1    1    1    1    1    3    8  1.21995E+04 0.00402 
   31    1    1    1    1    1    1    1    3    9  0.00000E+00 0.00000 
   32    1    1    1    1    1    1    1    3   10  1.08991E+04 0.00407 
   33    1    1    1    1    1    1    1    3   11  1.08620E+04 0.00412 
   34    1    1    1    1    1    1    1    4    1  0.00000E+00 0.00000 
   35    1    1    1    1    1    1    1    4    2  1.49812E+04 0.00377 
   36    1    1    1    1    1    1    1    4    3  1.48931E+04 0.00373 
   37    1    1    1    1    1    1    1    4    4  0.00000E+00 0.00000 
   38    1    1    1    1    1    1    1    4    5  1.33284E+04 0.00389 
   39    1    1    1    1    1    1    1    4    6  1.27043E+04 0.00392 
   40    1    1    1    1    1    1    1    4    7  0.00000E+00 0.00000 
   41    1    1    1    1    1    1    1    4    8  1.13248E+04 0.00404 
   42    1    1    1    1    1    1    1    4    9  1.09822E+04 0.00406 
   43    1    1    1    1    1    1    1    4   10  0.00000E+00 0.00000 
   44    1    1    1    1    1    1    1    4   11  1.09044E+04 0.00411 
   45    1    1    1    1    1    1    1    5    1  1.24727E+04 0.00399 
   46    1    1    1    1    1    1    1    5    2  0.00000E+00 0.00000 
   47    1    1    1    1    1    1    1    5    3  1.25057E+04 0.00394 
   48    1    1    1    1    1    1    1    5    4  1.22104E+04 0.00394 
   49    1    1    1    1    1    1    1    5    5  0.00000E+00 0.00000 
   50    1    1    1    1    1    1    1    5    6  0.00000E+00 0.00000 
   51    1    1    1    1    1    1    1    5    7  1.13248E+04 0.00411 
   52    1    1    1    1    1    1    1    5    8  0.00000E+00 0.00000 
   53    1    1    1    1    1    1    1    5    9  0.00000E+00 0.00000 
   54    1    1    1    1    1    1    1    5   10  1.07083E+04 0.00417 
   55    1    1    1    1    1    1    1    5   11  0.00000E+00 0.00000 
   56    1    1    1    1    1    1    1    6    1  1.14416E+04 0.00404 
   57    1    1    1    1    1    1    1    6    2  1.14162E+04 0.00415 
   58    1    1    1    1    1    1    1    6    3  0.00000E+00 0.00000 
   59    1    1    1    1    1    1    1    6    4  1.13039E+04 0.00414 
   60    1    1    1    1    1    1    1    6    5  1.13821E+04 0.00415 
   61    1    1    1    1    1    1    1    6    6  0.00000E+00 0.00000 
   62    1    1    1    1    1    1    1    6    7  1.08537E+04 0.00414 
   63    1    1    1    1    1    1    1    6    8  1.09979E+04 0.00403 
   64    1    1    1    1    1    1    1    6    9  0.00000E+00 0.00000 
   65    1    1    1    1    1    1    1    6   10  1.03506E+04 0.00422 
   66    1    1    1    1    1    1    1    6   11  1.02952E+04 0.00420 
   67    1    1    1    1    1    1    1    7    1  0.00000E+00 0.00000 
   68    1    1    1    1    1    1    1    7    2  1.08452E+04 0.00409 
   69    1    1    1    1    1    1    1    7    3  1.10278E+04 0.00409 
   70    1    1    1    1    1    1    1    7    4  0.00000E+00 0.00000 
   71    1    1    1    1    1    1    1    7    5  1.07688E+04 0.00410 
   72    1    1    1    1    1    1    1    7    6  1.09414E+04 0.00412 
   73    1    1    1    1    1    1    1    7    7  0.00000E+00 0.00000 
   74    1    1    1    1    1    1    1    7    8  0.00000E+00 0.00000 
   75    1    1    1    1    1    1    1    7    9  1.03445E+04 0.00424 
   76    1    1    1    1    1    1    1    7   10  0.00000E+00 0.00000 
   77    1    1    1    1    1    1    1    7   11  1.02190E+04 0.00429 
   78    1    1    1    1    1    1    1    8    1  1.08141E+04 0.00409 
   79    1    1    1    1    1    1    1    8    2  0.00000E+00 0.00000 
   80    1    1    1    1    1    1    1    8    3  0.00000E+00 0.00000 
   81    1    1    1    1    1    1    1    8    4  1.09642E+04 0.00420 
   82    1    1    1    1    1    1    1    8    5  0.00000E+00 0.00000 
   83    1    1    1    1    1    1    1    8    6  0.00000E+00 0.00000 
   84    1    1    1    1    1    1    1    8    7  1.05114E+04 0.00430 
   85    1    1    1    1    1    1    1    8    8  0.00000E+00 0.00000 
   86    1    1    1    1    1    1    1    8    9  9.75077E+03 0.00428 
   87    1    1    1    1    1    1    1    8   10  9.81235E+03 0.00441 
   88    1    1    1    1    1    1    1    8   11  0.00000E+00 0.00000 
   89    1    1    1    1    1    1    1    9    1  1.09309E+04 0.00416 
   90    1    1    1    1    1    1    1    9    2  1.07222E+04 0.00420 
   91    1    1    1    1    1    1    1    9    3  0.00000E+00 0.00000 
   92    1    1    1    1    1    1    1    9    4  0.00000E+00 0.00000 
   93    1    1    1    1    1    1    1    9    5  1.04840E+04 0.00419 
   94    1    1    1    1    1    1    1    9    6  0.00000E+00 0.00000 
   95    1    1    1    1    1    1    1    9    7  9.76639E+03 0.00436 
   96    1    1    1    1    1    1    1    9    8  9.66985E+03 0.00447 
   97    1    1    1    1    1    1    1    9    9  0.00000E+00 0.00000 
   98    1    1    1    1    1    1    1    9   10  9.62305E+03 0.00439 
   99    1    1    1    1    1    1    1    9   11  9.84564E+03 0.00443 
  100    1    1    1    1    1    1    1   10    1  0.00000E+00 0.00000 
  101    1    1    1    1    1    1    1   10    2  1.03655E+04 0.00429 
  102    1    1    1    1    1    1    1   10    3  1.02231E+04 0.00419 
  103    1    1    1    1    1    1    1   10    4  0.00000E+00 0.00000 
  104    1    1    1    1    1    1    1   10    5  9.79457E+03 0.00430 
  105    1    1    1    1    1    1    1   10    6  9.60712E+03 0.00436 
  106    1    1    1    1    1    1    1   10    7  0.00000E+00 0.00000 
  107    1    1    1    1    1    1    1   10    8  9.35271E+03 0.00433 
  108    1    1    1    1    1    1    1   10    9  9.22634E+03 0.00440 
  109    1    1    1    1    1    1    1   10   10  0.00000E+00 0.00000 
