
ZAI = [
922350
922380
666
0
];

NAMES = [
'U235            '
'U238            '
'lost            '
'total           '
];

i922350 = 1; iU235             = 1;
i922380 = 2; iU238             = 2;
iLOST    = 3;
iTOT     = 4;

MAT_un_VOLUME = [ 2.30795E+05 2.30795E+05 ];

MAT_un_BURNUP = [ 0.00000E+00 4.96664E+01 ];

MAT_un_ADENS = [
4.83387E-03 3.33004E-03 % U235
1.93936E-02 1.88073E-02 % U238
0.00000E+00 5.38743E-30 % lost data
7.26897E-02 7.39785E-02 % total
];

MAT_un_MDENS = [
1.88669E+00 1.29974E+00 % U235
7.66628E+00 7.43451E+00 % U238
0.00000E+00 0.00000E+00 % lost data
1.08000E+01 1.07983E+01 % total
];

MAT_un_A = [
3.48172E+10 2.39855E+10 % U235
2.20041E+10 2.13388E+10 % U238
0.00000E+00 0.00000E+00 % lost data
5.68212E+10 3.25220E+18 % total
];

MAT_un_H = [
2.61003E-02 1.79805E-02 % U235
1.50539E-02 1.45988E-02 % U238
0.00000E+00 0.00000E+00 % lost data
4.11543E-02 9.58431E+05 % total
];

MAT_un_SF = [
2.50684E+00 1.72695E+00 % U235
1.20142E+04 1.16510E+04 % U238
0.00000E+00 0.00000E+00 % lost data
1.20167E+04 1.47252E+08 % total
];

MAT_un_GSRC = [
4.39917E+10 3.03058E+10 % U235
1.94854E+09 1.88963E+09 % U238
0.00000E+00 0.00000E+00 % lost data
4.59403E+10 3.48956E+18 % total
];

MAT_un_ING_TOX = [
1.63641E+03 1.12732E+03 % U235
9.90184E+02 9.60248E+02 % U238
0.00000E+00 0.00000E+00 % lost data
2.62659E+03 2.25873E+09 % total
];

MAT_un_INH_TOX = [
2.95946E+05 2.03876E+05 % U235
1.76033E+05 1.70711E+05 % U238
0.00000E+00 0.00000E+00 % lost data
4.71978E+05 9.26770E+10 % total
];

TOT_VOLUME = [ 2.30795E+05 2.30795E+05 ];

TOT_BURNUP = [ 0.00000E+00 4.96664E+01 ];

TOT_ADENS = [
4.83387E-03 3.33004E-03 % U235
1.93936E-02 1.88073E-02 % U238
0.00000E+00 5.38743E-30 % lost data
7.26897E-02 7.39785E-02 % total
];

TOT_MASS = [
4.35438E+05 2.99972E+05 % U235
1.76934E+06 1.71584E+06 % U238
0.00000E+00 0.00000E+00 % lost data
2.49258E+06 2.49219E+06 % total
];

TOT_A = [
3.48172E+10 2.39855E+10 % U235
2.20041E+10 2.13388E+10 % U238
0.00000E+00 0.00000E+00 % lost data
5.68212E+10 3.25220E+18 % total
];

TOT_H = [
2.61003E-02 1.79805E-02 % U235
1.50539E-02 1.45988E-02 % U238
0.00000E+00 0.00000E+00 % lost data
4.11543E-02 9.58431E+05 % total
];

TOT_SF = [
2.50684E+00 1.72695E+00 % U235
1.20142E+04 1.16510E+04 % U238
0.00000E+00 0.00000E+00 % lost data
1.20167E+04 1.47252E+08 % total
];

TOT_GSRC = [
4.39917E+10 3.03058E+10 % U235
1.94854E+09 1.88963E+09 % U238
0.00000E+00 0.00000E+00 % lost data
4.59403E+10 3.48956E+18 % total
];

TOT_ING_TOX = [
1.63641E+03 1.12732E+03 % U235
9.90184E+02 9.60248E+02 % U238
0.00000E+00 0.00000E+00 % lost data
2.62659E+03 2.25873E+09 % total
];

TOT_INH_TOX = [
2.95946E+05 2.03876E+05 % U235
1.76033E+05 1.70711E+05 % U238
0.00000E+00 0.00000E+00 % lost data
4.71978E+05 9.26770E+10 % total
];

BU = [ 0.00000E+00 4.96650E+01 ];

DAYS = [ 0.00000E+00 7.30000E+03 ];
