
ZAI = [
922350
922380
666
0
];

NAMES = [
'U235            '
'U238            '
'lost            '
'total           '
];

i922350 = 1; iU235             = 1;
i922380 = 2; iU238             = 2;
iLOST    = 3;
iTOT     = 4;

MAT_un_VOLUME = [ 2.34775E+05 2.34775E+05 ];

MAT_un_BURNUP = [ 0.00000E+00 4.88245E+01 ];

MAT_un_ADENS = [
4.83387E-03 3.35229E-03 % U235
1.93936E-02 1.88136E-02 % U238
0.00000E+00 3.72840E-30 % lost data
7.26897E-02 7.39562E-02 % total
];

MAT_un_MDENS = [
1.88669E+00 1.30842E+00 % U235
7.66628E+00 7.43701E+00 % U238
0.00000E+00 0.00000E+00 % lost data
1.08000E+01 1.07984E+01 % total
];

MAT_un_A = [
3.54176E+10 2.45621E+10 % U235
2.23835E+10 2.17141E+10 % U238
0.00000E+00 0.00000E+00 % lost data
5.78011E+10 3.25445E+18 % total
];

MAT_un_H = [
2.65505E-02 1.84127E-02 % U235
1.53135E-02 1.48556E-02 % U238
0.00000E+00 0.00000E+00 % lost data
4.18640E-02 9.58977E+05 % total
];

MAT_un_SF = [
2.55007E+00 1.76847E+00 % U235
1.22214E+04 1.18559E+04 % U238
0.00000E+00 0.00000E+00 % lost data
1.22240E+04 1.40695E+08 % total
];

MAT_un_GSRC = [
4.47504E+10 3.10344E+10 % U235
1.98214E+09 1.92287E+09 % U238
0.00000E+00 0.00000E+00 % lost data
4.67325E+10 3.49271E+18 % total
];

MAT_un_ING_TOX = [
1.66463E+03 1.15442E+03 % U235
1.00726E+03 9.77136E+02 % U238
0.00000E+00 0.00000E+00 % lost data
2.67189E+03 2.25421E+09 % total
];

MAT_un_INH_TOX = [
3.01049E+05 2.08778E+05 % U235
1.79068E+05 1.73713E+05 % U238
0.00000E+00 0.00000E+00 % lost data
4.80118E+05 9.07914E+10 % total
];

TOT_VOLUME = [ 2.34775E+05 2.34775E+05 ];

TOT_BURNUP = [ 0.00000E+00 4.88245E+01 ];

TOT_ADENS = [
4.83387E-03 3.35229E-03 % U235
1.93936E-02 1.88136E-02 % U238
0.00000E+00 3.72840E-30 % lost data
7.26897E-02 7.39562E-02 % total
];

TOT_MASS = [
4.42947E+05 3.07184E+05 % U235
1.79985E+06 1.74602E+06 % U238
0.00000E+00 0.00000E+00 % lost data
2.53557E+06 2.53518E+06 % total
];

TOT_A = [
3.54176E+10 2.45621E+10 % U235
2.23835E+10 2.17141E+10 % U238
0.00000E+00 0.00000E+00 % lost data
5.78011E+10 3.25445E+18 % total
];

TOT_H = [
2.65505E-02 1.84127E-02 % U235
1.53135E-02 1.48556E-02 % U238
0.00000E+00 0.00000E+00 % lost data
4.18640E-02 9.58977E+05 % total
];

TOT_SF = [
2.55007E+00 1.76847E+00 % U235
1.22214E+04 1.18559E+04 % U238
0.00000E+00 0.00000E+00 % lost data
1.22240E+04 1.40695E+08 % total
];

TOT_GSRC = [
4.47504E+10 3.10344E+10 % U235
1.98214E+09 1.92287E+09 % U238
0.00000E+00 0.00000E+00 % lost data
4.67325E+10 3.49271E+18 % total
];

TOT_ING_TOX = [
1.66463E+03 1.15442E+03 % U235
1.00726E+03 9.77136E+02 % U238
0.00000E+00 0.00000E+00 % lost data
2.67189E+03 2.25421E+09 % total
];

TOT_INH_TOX = [
3.01049E+05 2.08778E+05 % U235
1.79068E+05 1.73713E+05 % U238
0.00000E+00 0.00000E+00 % lost data
4.80118E+05 9.07914E+10 % total
];

BU = [ 0.00000E+00 4.88230E+01 ];

DAYS = [ 0.00000E+00 7.30000E+03 ];
