
ZAI = [
922350
922380
666
0
];

NAMES = [
'U235            '
'U238            '
'lost            '
'total           '
];

i922350 = 1; iU235             = 1;
i922380 = 2; iU238             = 2;
iLOST    = 3;
iTOT     = 4;

MAT_un_VOLUME = [ 2.28169E+05 2.28169E+05 ];

MAT_un_BURNUP = [ 0.00000E+00 5.02380E+01 ];

MAT_un_ADENS = [
4.83387E-03 3.31540E-03 % U235
1.93936E-02 1.88041E-02 % U238
0.00000E+00 4.74988E-30 % lost data
7.26897E-02 7.39929E-02 % total
];

MAT_un_MDENS = [
1.88669E+00 1.29402E+00 % U235
7.66628E+00 7.43323E+00 % U238
0.00000E+00 0.00000E+00 % lost data
1.08000E+01 1.07983E+01 % total
];

MAT_un_A = [
3.44211E+10 2.36084E+10 % U235
2.17538E+10 2.10925E+10 % U238
0.00000E+00 0.00000E+00 % lost data
5.61750E+10 3.24704E+18 % total
];

MAT_un_H = [
2.58035E-02 1.76978E-02 % U235
1.48827E-02 1.44303E-02 % U238
0.00000E+00 0.00000E+00 % lost data
4.06862E-02 9.57405E+05 % total
];

MAT_un_SF = [
2.47832E+00 1.69980E+00 % U235
1.18776E+04 1.15165E+04 % U238
0.00000E+00 0.00000E+00 % lost data
1.18801E+04 1.47830E+08 % total
];

MAT_un_GSRC = [
4.34914E+10 2.98293E+10 % U235
1.92638E+09 1.86782E+09 % U238
0.00000E+00 0.00000E+00 % lost data
4.54177E+10 3.48357E+18 % total
];

MAT_un_ING_TOX = [
1.61779E+03 1.10959E+03 % U235
9.78921E+02 9.49163E+02 % U238
0.00000E+00 0.00000E+00 % lost data
2.59672E+03 2.25623E+09 % total
];

MAT_un_INH_TOX = [
2.92580E+05 2.00671E+05 % U235
1.74030E+05 1.68740E+05 % U238
0.00000E+00 0.00000E+00 % lost data
4.66610E+05 9.26010E+10 % total
];

TOT_VOLUME = [ 2.28169E+05 2.28169E+05 ];

TOT_BURNUP = [ 0.00000E+00 5.02380E+01 ];

TOT_ADENS = [
4.83387E-03 3.31540E-03 % U235
1.93936E-02 1.88041E-02 % U238
0.00000E+00 4.74988E-30 % lost data
7.26897E-02 7.39929E-02 % total
];

TOT_MASS = [
4.30485E+05 2.95256E+05 % U235
1.74921E+06 1.69604E+06 % U238
0.00000E+00 0.00000E+00 % lost data
2.46423E+06 2.46384E+06 % total
];

TOT_A = [
3.44211E+10 2.36084E+10 % U235
2.17538E+10 2.10925E+10 % U238
0.00000E+00 0.00000E+00 % lost data
5.61750E+10 3.24704E+18 % total
];

TOT_H = [
2.58035E-02 1.76978E-02 % U235
1.48827E-02 1.44303E-02 % U238
0.00000E+00 0.00000E+00 % lost data
4.06862E-02 9.57405E+05 % total
];

TOT_SF = [
2.47832E+00 1.69980E+00 % U235
1.18776E+04 1.15165E+04 % U238
0.00000E+00 0.00000E+00 % lost data
1.18801E+04 1.47830E+08 % total
];

TOT_GSRC = [
4.34914E+10 2.98293E+10 % U235
1.92638E+09 1.86782E+09 % U238
0.00000E+00 0.00000E+00 % lost data
4.54177E+10 3.48357E+18 % total
];

TOT_ING_TOX = [
1.61779E+03 1.10959E+03 % U235
9.78921E+02 9.49163E+02 % U238
0.00000E+00 0.00000E+00 % lost data
2.59672E+03 2.25623E+09 % total
];

TOT_INH_TOX = [
2.92580E+05 2.00671E+05 % U235
1.74030E+05 1.68740E+05 % U238
0.00000E+00 0.00000E+00 % lost data
4.66610E+05 9.26010E+10 % total
];

BU = [ 0.00000E+00 5.02364E+01 ];

DAYS = [ 0.00000E+00 7.30000E+03 ];
