
ZAI = [
922350
922380
666
0
];

NAMES = [
'U235            '
'U238            '
'lost            '
'total           '
];

i922350 = 1; iU235             = 1;
i922380 = 2; iU238             = 2;
iLOST    = 3;
iTOT     = 4;

MAT_un_VOLUME = [ 2.24741E+05 2.24741E+05 ];

MAT_un_BURNUP = [ 0.00000E+00 5.10042E+01 ];

MAT_un_ADENS = [
4.83387E-03 3.29587E-03 % U235
1.93936E-02 1.88018E-02 % U238
0.00000E+00 7.40536E-30 % lost data
7.26897E-02 7.40132E-02 % total
];

MAT_un_MDENS = [
1.88669E+00 1.28640E+00 % U235
7.66628E+00 7.43234E+00 % U238
0.00000E+00 0.00000E+00 % lost data
1.08000E+01 1.07983E+01 % total
];

MAT_un_A = [
3.39040E+10 2.31167E+10 % U235
2.14270E+10 2.07731E+10 % U238
0.00000E+00 0.00000E+00 % lost data
5.53310E+10 3.24232E+18 % total
];

MAT_un_H = [
2.54158E-02 1.73292E-02 % U235
1.46591E-02 1.42118E-02 % U238
0.00000E+00 0.00000E+00 % lost data
4.00749E-02 9.56656E+05 % total
];

MAT_un_SF = [
2.44109E+00 1.66440E+00 % U235
1.16991E+04 1.13421E+04 % U238
0.00000E+00 0.00000E+00 % lost data
1.17016E+04 1.56360E+08 % total
];

MAT_un_GSRC = [
4.28379E+10 2.92081E+10 % U235
1.89744E+09 1.83954E+09 % U238
0.00000E+00 0.00000E+00 % lost data
4.47354E+10 3.47728E+18 % total
];

MAT_un_ING_TOX = [
1.59349E+03 1.08648E+03 % U235
9.64214E+02 9.34791E+02 % U238
0.00000E+00 0.00000E+00 % lost data
2.55770E+03 2.26007E+09 % total
];

MAT_un_INH_TOX = [
2.88184E+05 1.96492E+05 % U235
1.71416E+05 1.66185E+05 % U238
0.00000E+00 0.00000E+00 % lost data
4.59600E+05 9.47704E+10 % total
];

TOT_VOLUME = [ 2.24741E+05 2.24741E+05 ];

TOT_BURNUP = [ 0.00000E+00 5.10042E+01 ];

TOT_ADENS = [
4.83387E-03 3.29587E-03 % U235
1.93936E-02 1.88018E-02 % U238
0.00000E+00 7.40536E-30 % lost data
7.26897E-02 7.40132E-02 % total
];

TOT_MASS = [
4.24017E+05 2.89107E+05 % U235
1.72293E+06 1.67036E+06 % U238
0.00000E+00 0.00000E+00 % lost data
2.42721E+06 2.42682E+06 % total
];

TOT_A = [
3.39040E+10 2.31167E+10 % U235
2.14270E+10 2.07731E+10 % U238
0.00000E+00 0.00000E+00 % lost data
5.53310E+10 3.24232E+18 % total
];

TOT_H = [
2.54158E-02 1.73292E-02 % U235
1.46591E-02 1.42118E-02 % U238
0.00000E+00 0.00000E+00 % lost data
4.00749E-02 9.56656E+05 % total
];

TOT_SF = [
2.44109E+00 1.66440E+00 % U235
1.16991E+04 1.13421E+04 % U238
0.00000E+00 0.00000E+00 % lost data
1.17016E+04 1.56360E+08 % total
];

TOT_GSRC = [
4.28379E+10 2.92081E+10 % U235
1.89744E+09 1.83954E+09 % U238
0.00000E+00 0.00000E+00 % lost data
4.47354E+10 3.47728E+18 % total
];

TOT_ING_TOX = [
1.59349E+03 1.08648E+03 % U235
9.64214E+02 9.34791E+02 % U238
0.00000E+00 0.00000E+00 % lost data
2.55770E+03 2.26007E+09 % total
];

TOT_INH_TOX = [
2.88184E+05 1.96492E+05 % U235
1.71416E+05 1.66185E+05 % U238
0.00000E+00 0.00000E+00 % lost data
4.59600E+05 9.47704E+10 % total
];

BU = [ 0.00000E+00 5.10026E+01 ];

DAYS = [ 0.00000E+00 7.30000E+03 ];
