
ZAI = [
922350
922380
666
0
];

NAMES = [
'U235            '
'U238            '
'lost            '
'total           '
];

i922350 = 1; iU235             = 1;
i922380 = 2; iU238             = 2;
iLOST    = 3;
iTOT     = 4;

MAT_un_VOLUME = [ 2.63730E+05 2.63730E+05 ];

MAT_un_BURNUP = [ 0.00000E+00 4.34640E+01 ];

MAT_un_ADENS = [
4.83387E-03 3.49421E-03 % U235
1.93936E-02 1.88517E-02 % U238
0.00000E+00 4.58285E-30 % lost data
7.26897E-02 7.38161E-02 % total
];

MAT_un_MDENS = [
1.88669E+00 1.36381E+00 % U235
7.66628E+00 7.45208E+00 % U238
0.00000E+00 0.00000E+00 % lost data
1.08000E+01 1.07986E+01 % total
];

MAT_un_A = [
3.97857E+10 2.87595E+10 % U235
2.51441E+10 2.44416E+10 % U238
0.00000E+00 0.00000E+00 % lost data
6.49298E+10 3.27892E+18 % total
];

MAT_un_H = [
2.98250E-02 2.15593E-02 % U235
1.72022E-02 1.67215E-02 % U238
0.00000E+00 0.00000E+00 % lost data
4.70271E-02 9.64041E+05 % total
];

MAT_un_SF = [
2.86457E+00 2.07069E+00 % U235
1.37287E+04 1.33451E+04 % U238
0.00000E+00 0.00000E+00 % lost data
1.37316E+04 1.07293E+08 % total
];

MAT_un_GSRC = [
5.02695E+10 3.63378E+10 % U235
2.22661E+09 2.16439E+09 % U238
0.00000E+00 0.00000E+00 % lost data
5.24961E+10 3.52409E+18 % total
];

MAT_un_ING_TOX = [
1.86993E+03 1.35170E+03 % U235
1.13149E+03 1.09987E+03 % U238
0.00000E+00 0.00000E+00 % lost data
3.00141E+03 2.23658E+09 % total
];

MAT_un_INH_TOX = [
3.38178E+05 2.44456E+05 % U235
2.01153E+05 1.95533E+05 % U238
0.00000E+00 0.00000E+00 % lost data
5.39332E+05 8.11578E+10 % total
];

TOT_VOLUME = [ 2.63730E+05 2.63730E+05 ];

TOT_BURNUP = [ 0.00000E+00 4.34640E+01 ];

TOT_ADENS = [
4.83387E-03 3.49421E-03 % U235
1.93936E-02 1.88517E-02 % U238
0.00000E+00 4.58285E-30 % lost data
7.26897E-02 7.38161E-02 % total
];

TOT_MASS = [
4.97576E+05 3.59678E+05 % U235
2.02183E+06 1.96534E+06 % U238
0.00000E+00 0.00000E+00 % lost data
2.84828E+06 2.84791E+06 % total
];

TOT_A = [
3.97857E+10 2.87595E+10 % U235
2.51441E+10 2.44416E+10 % U238
0.00000E+00 0.00000E+00 % lost data
6.49298E+10 3.27892E+18 % total
];

TOT_H = [
2.98250E-02 2.15593E-02 % U235
1.72022E-02 1.67215E-02 % U238
0.00000E+00 0.00000E+00 % lost data
4.70271E-02 9.64041E+05 % total
];

TOT_SF = [
2.86457E+00 2.07069E+00 % U235
1.37287E+04 1.33451E+04 % U238
0.00000E+00 0.00000E+00 % lost data
1.37316E+04 1.07293E+08 % total
];

TOT_GSRC = [
5.02695E+10 3.63378E+10 % U235
2.22661E+09 2.16439E+09 % U238
0.00000E+00 0.00000E+00 % lost data
5.24961E+10 3.52409E+18 % total
];

TOT_ING_TOX = [
1.86993E+03 1.35170E+03 % U235
1.13149E+03 1.09987E+03 % U238
0.00000E+00 0.00000E+00 % lost data
3.00141E+03 2.23658E+09 % total
];

TOT_INH_TOX = [
3.38178E+05 2.44456E+05 % U235
2.01153E+05 1.95533E+05 % U238
0.00000E+00 0.00000E+00 % lost data
5.39332E+05 8.11578E+10 % total
];

BU = [ 0.00000E+00 4.34627E+01 ];

DAYS = [ 0.00000E+00 7.30000E+03 ];
