
DETassem1 = [
    1    1    1    1    1    1    1    1    1    1  0.00000E+00 0.00000 
    2    1    1    1    1    1    1    1    1    2  0.00000E+00 0.00000 
    3    1    1    1    1    1    1    1    1    3  0.00000E+00 0.00000 
    4    1    1    1    1    1    1    1    1    4  0.00000E+00 0.00000 
    5    1    1    1    1    1    1    1    1    5  0.00000E+00 0.00000 
    6    1    1    1    1    1    1    1    1    6  0.00000E+00 0.00000 
    7    1    1    1    1    1    1    1    1    7  0.00000E+00 0.00000 
    8    1    1    1    1    1    1    1    1    8  1.91794E+04 0.00343 
    9    1    1    1    1    1    1    1    1    9  1.52387E+04 0.00370 
   10    1    1    1    1    1    1    1    1   10  0.00000E+00 0.00000 
   11    1    1    1    1    1    1    1    1   11  1.15513E+04 0.00411 
   12    1    1    1    1    1    1    1    2    1  2.05423E+04 0.00342 
   13    1    1    1    1    1    1    1    2    2  0.00000E+00 0.00000 
   14    1    1    1    1    1    1    1    2    3  0.00000E+00 0.00000 
   15    1    1    1    1    1    1    1    2    4  0.00000E+00 0.00000 
   16    1    1    1    1    1    1    1    2    5  0.00000E+00 0.00000 
   17    1    1    1    1    1    1    1    2    6  2.05694E+04 0.00331 
   18    1    1    1    1    1    1    1    2    7  1.69341E+04 0.00355 
   19    1    1    1    1    1    1    1    2    8  0.00000E+00 0.00000 
   20    1    1    1    1    1    1    1    2    9  1.30193E+04 0.00397 
   21    1    1    1    1    1    1    1    2   10  1.15975E+04 0.00410 
   22    1    1    1    1    1    1    1    2   11  0.00000E+00 0.00000 
   23    1    1    1    1    1    1    1    3    1  1.69884E+04 0.00355 
   24    1    1    1    1    1    1    1    3    2  1.92888E+04 0.00342 
   25    1    1    1    1    1    1    1    3    3  0.00000E+00 0.00000 
   26    1    1    1    1    1    1    1    3    4  1.91818E+04 0.00350 
   27    1    1    1    1    1    1    1    3    5  1.69327E+04 0.00362 
   28    1    1    1    1    1    1    1    3    6  0.00000E+00 0.00000 
   29    1    1    1    1    1    1    1    3    7  1.37134E+04 0.00384 
   30    1    1    1    1    1    1    1    3    8  0.00000E+00 0.00000 
   31    1    1    1    1    1    1    1    3    9  0.00000E+00 0.00000 
   32    1    1    1    1    1    1    1    3   10  1.07606E+04 0.00413 
   33    1    1    1    1    1    1    1    3   11  1.03444E+04 0.00415 
   34    1    1    1    1    1    1    1    4    1  0.00000E+00 0.00000 
   35    1    1    1    1    1    1    1    4    2  1.51833E+04 0.00368 
   36    1    1    1    1    1    1    1    4    3  1.52775E+04 0.00368 
   37    1    1    1    1    1    1    1    4    4  0.00000E+00 0.00000 
   38    1    1    1    1    1    1    1    4    5  1.36708E+04 0.00375 
   39    1    1    1    1    1    1    1    4    6  1.27820E+04 0.00390 
   40    1    1    1    1    1    1    1    4    7  0.00000E+00 0.00000 
   41    1    1    1    1    1    1    1    4    8  1.13831E+04 0.00410 
   42    1    1    1    1    1    1    1    4    9  1.06102E+04 0.00432 
   43    1    1    1    1    1    1    1    4   10  0.00000E+00 0.00000 
   44    1    1    1    1    1    1    1    4   11  1.03242E+04 0.00428 
   45    1    1    1    1    1    1    1    5    1  1.29663E+04 0.00390 
   46    1    1    1    1    1    1    1    5    2  0.00000E+00 0.00000 
   47    1    1    1    1    1    1    1    5    3  1.29915E+04 0.00387 
   48    1    1    1    1    1    1    1    5    4  0.00000E+00 0.00000 
   49    1    1    1    1    1    1    1    5    5  0.00000E+00 0.00000 
   50    1    1    1    1    1    1    1    5    6  1.13056E+04 0.00405 
   51    1    1    1    1    1    1    1    5    7  1.09695E+04 0.00412 
   52    1    1    1    1    1    1    1    5    8  0.00000E+00 0.00000 
   53    1    1    1    1    1    1    1    5    9  1.01296E+04 0.00413 
   54    1    1    1    1    1    1    1    5   10  9.96267E+03 0.00424 
   55    1    1    1    1    1    1    1    5   11  0.00000E+00 0.00000 
   56    1    1    1    1    1    1    1    6    1  1.15164E+04 0.00400 
   57    1    1    1    1    1    1    1    6    2  1.15289E+04 0.00410 
   58    1    1    1    1    1    1    1    6    3  0.00000E+00 0.00000 
   59    1    1    1    1    1    1    1    6    4  1.13644E+04 0.00402 
   60    1    1    1    1    1    1    1    6    5  1.09303E+04 0.00407 
   61    1    1    1    1    1    1    1    6    6  0.00000E+00 0.00000 
   62    1    1    1    1    1    1    1    6    7  1.04692E+04 0.00426 
   63    1    1    1    1    1    1    1    6    8  1.00574E+04 0.00424 
   64    1    1    1    1    1    1    1    6    9  0.00000E+00 0.00000 
   65    1    1    1    1    1    1    1    6   10  9.79782E+03 0.00430 
   66    1    1    1    1    1    1    1    6   11  9.69468E+03 0.00433 
   67    1    1    1    1    1    1    1    7    1  0.00000E+00 0.00000 
   68    1    1    1    1    1    1    1    7    2  1.07722E+04 0.00415 
   69    1    1    1    1    1    1    1    7    3  1.06550E+04 0.00410 
   70    1    1    1    1    1    1    1    7    4  0.00000E+00 0.00000 
   71    1    1    1    1    1    1    1    7    5  1.04099E+04 0.00420 
   72    1    1    1    1    1    1    1    7    6  0.00000E+00 0.00000 
   73    1    1    1    1    1    1    1    7    7  0.00000E+00 0.00000 
   74    1    1    1    1    1    1    1    7    8  9.89245E+03 0.00429 
   75    1    1    1    1    1    1    1    7    9  9.63630E+03 0.00429 
   76    1    1    1    1    1    1    1    7   10  0.00000E+00 0.00000 
   77    1    1    1    1    1    1    1    7   11  9.54471E+03 0.00425 
   78    1    1    1    1    1    1    1    8    1  1.04086E+04 0.00422 
   79    1    1    1    1    1    1    1    8    2  0.00000E+00 0.00000 
   80    1    1    1    1    1    1    1    8    3  1.00736E+04 0.00428 
   81    1    1    1    1    1    1    1    8    4  1.00083E+04 0.00418 
   82    1    1    1    1    1    1    1    8    5  0.00000E+00 0.00000 
   83    1    1    1    1    1    1    1    8    6  1.01282E+04 0.00423 
   84    1    1    1    1    1    1    1    8    7  1.00236E+04 0.00432 
   85    1    1    1    1    1    1    1    8    8  0.00000E+00 0.00000 
   86    1    1    1    1    1    1    1    8    9  9.53682E+03 0.00440 
   87    1    1    1    1    1    1    1    8   10  9.60409E+03 0.00431 
   88    1    1    1    1    1    1    1    8   11  0.00000E+00 0.00000 
   89    1    1    1    1    1    1    1    9    1  1.03855E+04 0.00428 
   90    1    1    1    1    1    1    1    9    2  1.00739E+04 0.00431 
   91    1    1    1    1    1    1    1    9    3  0.00000E+00 0.00000 
   92    1    1    1    1    1    1    1    9    4  9.80156E+03 0.00426 
   93    1    1    1    1    1    1    1    9    5  1.00318E+04 0.00427 
   94    1    1    1    1    1    1    1    9    6  0.00000E+00 0.00000 
   95    1    1    1    1    1    1    1    9    7  0.00000E+00 0.00000 
   96    1    1    1    1    1    1    1    9    8  9.63545E+03 0.00440 
   97    1    1    1    1    1    1    1    9    9  0.00000E+00 0.00000 
   98    1    1    1    1    1    1    1    9   10  0.00000E+00 0.00000 
   99    1    1    1    1    1    1    1    9   11  9.50093E+03 0.00442 
  100    1    1    1    1    1    1    1   10    1  0.00000E+00 0.00000 
  101    1    1    1    1    1    1    1   10    2  9.75827E+03 0.00440 
  102    1    1    1    1    1    1    1   10    3  9.65069E+03 0.00436 
  103    1    1    1    1    1    1    1   10    4  0.00000E+00 0.00000 
  104    1    1    1    1    1    1    1   10    5  0.00000E+00 0.00000 
  105    1    1    1    1    1    1    1   10    6  9.99690E+03 0.00422 
  106    1    1    1    1    1    1    1   10    7  0.00000E+00 0.00000 
  107    1    1    1    1    1    1    1   10    8  9.20645E+03 0.00436 
  108    1    1    1    1    1    1    1   10    9  9.20163E+03 0.00442 
  109    1    1    1    1    1    1    1   10   10  0.00000E+00 0.00000 
