
DETassem1 = [
    1    1    1    1    1    1    1    1    1    1  0.00000E+00 0.00000 
    2    1    1    1    1    1    1    1    1    2  0.00000E+00 0.00000 
    3    1    1    1    1    1    1    1    1    3  0.00000E+00 0.00000 
    4    1    1    1    1    1    1    1    1    4  0.00000E+00 0.00000 
    5    1    1    1    1    1    1    1    1    5  0.00000E+00 0.00000 
    6    1    1    1    1    1    1    1    1    6  0.00000E+00 0.00000 
    7    1    1    1    1    1    1    1    1    7  0.00000E+00 0.00000 
    8    1    1    1    1    1    1    1    1    8  1.91614E+04 0.00342 
    9    1    1    1    1    1    1    1    1    9  1.51635E+04 0.00367 
   10    1    1    1    1    1    1    1    1   10  0.00000E+00 0.00000 
   11    1    1    1    1    1    1    1    1   11  1.20901E+04 0.00404 
   12    1    1    1    1    1    1    1    2    1  2.07444E+04 0.00336 
   13    1    1    1    1    1    1    1    2    2  0.00000E+00 0.00000 
   14    1    1    1    1    1    1    1    2    3  0.00000E+00 0.00000 
   15    1    1    1    1    1    1    1    2    4  0.00000E+00 0.00000 
   16    1    1    1    1    1    1    1    2    5  0.00000E+00 0.00000 
   17    1    1    1    1    1    1    1    2    6  2.06691E+04 0.00333 
   18    1    1    1    1    1    1    1    2    7  1.69728E+04 0.00354 
   19    1    1    1    1    1    1    1    2    8  0.00000E+00 0.00000 
   20    1    1    1    1    1    1    1    2    9  1.28104E+04 0.00392 
   21    1    1    1    1    1    1    1    2   10  1.21757E+04 0.00397 
   22    1    1    1    1    1    1    1    2   11  0.00000E+00 0.00000 
   23    1    1    1    1    1    1    1    3    1  1.70251E+04 0.00353 
   24    1    1    1    1    1    1    1    3    2  1.93042E+04 0.00351 
   25    1    1    1    1    1    1    1    3    3  0.00000E+00 0.00000 
   26    1    1    1    1    1    1    1    3    4  1.93264E+04 0.00339 
   27    1    1    1    1    1    1    1    3    5  1.70638E+04 0.00346 
   28    1    1    1    1    1    1    1    3    6  0.00000E+00 0.00000 
   29    1    1    1    1    1    1    1    3    7  1.37958E+04 0.00381 
   30    1    1    1    1    1    1    1    3    8  1.24125E+04 0.00398 
   31    1    1    1    1    1    1    1    3    9  0.00000E+00 0.00000 
   32    1    1    1    1    1    1    1    3   10  0.00000E+00 0.00000 
   33    1    1    1    1    1    1    1    3   11  1.16092E+04 0.00400 
   34    1    1    1    1    1    1    1    4    1  0.00000E+00 0.00000 
   35    1    1    1    1    1    1    1    4    2  1.52168E+04 0.00369 
   36    1    1    1    1    1    1    1    4    3  1.51843E+04 0.00375 
   37    1    1    1    1    1    1    1    4    4  0.00000E+00 0.00000 
   38    1    1    1    1    1    1    1    4    5  1.37642E+04 0.00382 
   39    1    1    1    1    1    1    1    4    6  0.00000E+00 0.00000 
   40    1    1    1    1    1    1    1    4    7  0.00000E+00 0.00000 
   41    1    1    1    1    1    1    1    4    8  1.12803E+04 0.00411 
   42    1    1    1    1    1    1    1    4    9  1.11394E+04 0.00406 
   43    1    1    1    1    1    1    1    4   10  0.00000E+00 0.00000 
   44    1    1    1    1    1    1    1    4   11  0.00000E+00 0.00000 
   45    1    1    1    1    1    1    1    5    1  1.28418E+04 0.00399 
   46    1    1    1    1    1    1    1    5    2  0.00000E+00 0.00000 
   47    1    1    1    1    1    1    1    5    3  1.28362E+04 0.00397 
   48    1    1    1    1    1    1    1    5    4  1.24719E+04 0.00398 
   49    1    1    1    1    1    1    1    5    5  0.00000E+00 0.00000 
   50    1    1    1    1    1    1    1    5    6  1.15962E+04 0.00393 
   51    1    1    1    1    1    1    1    5    7  1.08885E+04 0.00424 
   52    1    1    1    1    1    1    1    5    8  0.00000E+00 0.00000 
   53    1    1    1    1    1    1    1    5    9  1.05095E+04 0.00415 
   54    1    1    1    1    1    1    1    5   10  1.06483E+04 0.00406 
   55    1    1    1    1    1    1    1    5   11  0.00000E+00 0.00000 
   56    1    1    1    1    1    1    1    6    1  1.21299E+04 0.00397 
   57    1    1    1    1    1    1    1    6    2  1.21407E+04 0.00405 
   58    1    1    1    1    1    1    1    6    3  0.00000E+00 0.00000 
   59    1    1    1    1    1    1    1    6    4  1.13028E+04 0.00402 
   60    1    1    1    1    1    1    1    6    5  1.08543E+04 0.00424 
   61    1    1    1    1    1    1    1    6    6  0.00000E+00 0.00000 
   62    1    1    1    1    1    1    1    6    7  1.00579E+04 0.00423 
   63    1    1    1    1    1    1    1    6    8  9.93149E+03 0.00428 
   64    1    1    1    1    1    1    1    6    9  0.00000E+00 0.00000 
   65    1    1    1    1    1    1    1    6   10  1.01555E+04 0.00418 
   66    1    1    1    1    1    1    1    6   11  1.03525E+04 0.00429 
   67    1    1    1    1    1    1    1    7    1  0.00000E+00 0.00000 
   68    1    1    1    1    1    1    1    7    2  0.00000E+00 0.00000 
   69    1    1    1    1    1    1    1    7    3  1.12002E+04 0.00404 
   70    1    1    1    1    1    1    1    7    4  0.00000E+00 0.00000 
   71    1    1    1    1    1    1    1    7    5  1.00346E+04 0.00424 
   72    1    1    1    1    1    1    1    7    6  9.81442E+03 0.00420 
   73    1    1    1    1    1    1    1    7    7  0.00000E+00 0.00000 
   74    1    1    1    1    1    1    1    7    8  9.56590E+03 0.00431 
   75    1    1    1    1    1    1    1    7    9  9.65731E+03 0.00432 
   76    1    1    1    1    1    1    1    7   10  0.00000E+00 0.00000 
   77    1    1    1    1    1    1    1    7   11  1.00666E+04 0.00437 
   78    1    1    1    1    1    1    1    8    1  1.17080E+04 0.00396 
   79    1    1    1    1    1    1    1    8    2  0.00000E+00 0.00000 
   80    1    1    1    1    1    1    1    8    3  1.04337E+04 0.00414 
   81    1    1    1    1    1    1    1    8    4  1.00058E+04 0.00421 
   82    1    1    1    1    1    1    1    8    5  0.00000E+00 0.00000 
   83    1    1    1    1    1    1    1    8    6  9.40978E+03 0.00430 
   84    1    1    1    1    1    1    1    8    7  9.32129E+03 0.00442 
   85    1    1    1    1    1    1    1    8    8  0.00000E+00 0.00000 
   86    1    1    1    1    1    1    1    8    9  9.59478E+03 0.00434 
   87    1    1    1    1    1    1    1    8   10  9.71035E+03 0.00440 
   88    1    1    1    1    1    1    1    8   11  0.00000E+00 0.00000 
   89    1    1    1    1    1    1    1    9    1  0.00000E+00 0.00000 
   90    1    1    1    1    1    1    1    9    2  1.06846E+04 0.00416 
   91    1    1    1    1    1    1    1    9    3  0.00000E+00 0.00000 
   92    1    1    1    1    1    1    1    9    4  9.56427E+03 0.00429 
   93    1    1    1    1    1    1    1    9    5  9.38342E+03 0.00431 
   94    1    1    1    1    1    1    1    9    6  0.00000E+00 0.00000 
   95    1    1    1    1    1    1    1    9    7  9.15401E+03 0.00439 
   96    1    1    1    1    1    1    1    9    8  9.36249E+03 0.00437 
   97    1    1    1    1    1    1    1    9    9  0.00000E+00 0.00000 
   98    1    1    1    1    1    1    1    9   10  9.78526E+03 0.00436 
   99    1    1    1    1    1    1    1    9   11  9.92399E+03 0.00434 
  100    1    1    1    1    1    1    1   10    1  0.00000E+00 0.00000 
  101    1    1    1    1    1    1    1   10    2  1.01358E+04 0.00422 
  102    1    1    1    1    1    1    1   10    3  9.63331E+03 0.00424 
  103    1    1    1    1    1    1    1   10    4  0.00000E+00 0.00000 
  104    1    1    1    1    1    1    1   10    5  9.17309E+03 0.00435 
  105    1    1    1    1    1    1    1   10    6  9.08617E+03 0.00435 
  106    1    1    1    1    1    1    1   10    7  0.00000E+00 0.00000 
  107    1    1    1    1    1    1    1   10    8  9.34946E+03 0.00442 
  108    1    1    1    1    1    1    1   10    9  0.00000E+00 0.00000 
  109    1    1    1    1    1    1    1   10   10  0.00000E+00 0.00000 
