
DETassem1 = [
    1    1    1    1    1    1    1    1    1    1  0.00000E+00 0.00000 
    2    1    1    1    1    1    1    1    1    2  0.00000E+00 0.00000 
    3    1    1    1    1    1    1    1    1    3  0.00000E+00 0.00000 
    4    1    1    1    1    1    1    1    1    4  0.00000E+00 0.00000 
    5    1    1    1    1    1    1    1    1    5  0.00000E+00 0.00000 
    6    1    1    1    1    1    1    1    1    6  0.00000E+00 0.00000 
    7    1    1    1    1    1    1    1    1    7  0.00000E+00 0.00000 
    8    1    1    1    1    1    1    1    1    8  0.00000E+00 0.00000 
    9    1    1    1    1    1    1    1    1    9  1.86704E+04 0.00345 
   10    1    1    1    1    1    1    1    1   10  0.00000E+00 0.00000 
   11    1    1    1    1    1    1    1    1   11  1.23669E+04 0.00396 
   12    1    1    1    1    1    1    1    2    1  0.00000E+00 0.00000 
   13    1    1    1    1    1    1    1    2    2  0.00000E+00 0.00000 
   14    1    1    1    1    1    1    1    2    3  0.00000E+00 0.00000 
   15    1    1    1    1    1    1    1    2    4  0.00000E+00 0.00000 
   16    1    1    1    1    1    1    1    2    5  0.00000E+00 0.00000 
   17    1    1    1    1    1    1    1    2    6  0.00000E+00 0.00000 
   18    1    1    1    1    1    1    1    2    7  2.17703E+04 0.00329 
   19    1    1    1    1    1    1    1    2    8  0.00000E+00 0.00000 
   20    1    1    1    1    1    1    1    2    9  1.44746E+04 0.00385 
   21    1    1    1    1    1    1    1    2   10  1.22999E+04 0.00401 
   22    1    1    1    1    1    1    1    2   11  0.00000E+00 0.00000 
   23    1    1    1    1    1    1    1    3    1  2.16763E+04 0.00325 
   24    1    1    1    1    1    1    1    3    2  0.00000E+00 0.00000 
   25    1    1    1    1    1    1    1    3    3  0.00000E+00 0.00000 
   26    1    1    1    1    1    1    1    3    4  0.00000E+00 0.00000 
   27    1    1    1    1    1    1    1    3    5  2.17063E+04 0.00324 
   28    1    1    1    1    1    1    1    3    6  0.00000E+00 0.00000 
   29    1    1    1    1    1    1    1    3    7  1.58782E+04 0.00370 
   30    1    1    1    1    1    1    1    3    8  1.39334E+04 0.00389 
   31    1    1    1    1    1    1    1    3    9  0.00000E+00 0.00000 
   32    1    1    1    1    1    1    1    3   10  1.11751E+04 0.00414 
   33    1    1    1    1    1    1    1    3   11  1.05458E+04 0.00410 
   34    1    1    1    1    1    1    1    4    1  0.00000E+00 0.00000 
   35    1    1    1    1    1    1    1    4    2  1.86374E+04 0.00350 
   36    1    1    1    1    1    1    1    4    3  1.87418E+04 0.00353 
   37    1    1    1    1    1    1    1    4    4  0.00000E+00 0.00000 
   38    1    1    1    1    1    1    1    4    5  1.58861E+04 0.00371 
   39    1    1    1    1    1    1    1    4    6  1.47629E+04 0.00374 
   40    1    1    1    1    1    1    1    4    7  0.00000E+00 0.00000 
   41    1    1    1    1    1    1    1    4    8  0.00000E+00 0.00000 
   42    1    1    1    1    1    1    1    4    9  1.13671E+04 0.00408 
   43    1    1    1    1    1    1    1    4   10  0.00000E+00 0.00000 
   44    1    1    1    1    1    1    1    4   11  1.03483E+04 0.00428 
   45    1    1    1    1    1    1    1    5    1  1.43607E+04 0.00390 
   46    1    1    1    1    1    1    1    5    2  0.00000E+00 0.00000 
   47    1    1    1    1    1    1    1    5    3  1.43608E+04 0.00384 
   48    1    1    1    1    1    1    1    5    4  1.41921E+04 0.00383 
   49    1    1    1    1    1    1    1    5    5  0.00000E+00 0.00000 
   50    1    1    1    1    1    1    1    5    6  0.00000E+00 0.00000 
   51    1    1    1    1    1    1    1    5    7  1.20370E+04 0.00399 
   52    1    1    1    1    1    1    1    5    8  0.00000E+00 0.00000 
   53    1    1    1    1    1    1    1    5    9  1.05465E+04 0.00420 
   54    1    1    1    1    1    1    1    5   10  1.04478E+04 0.00413 
   55    1    1    1    1    1    1    1    5   11  0.00000E+00 0.00000 
   56    1    1    1    1    1    1    1    6    1  1.23843E+04 0.00402 
   57    1    1    1    1    1    1    1    6    2  1.23060E+04 0.00400 
   58    1    1    1    1    1    1    1    6    3  0.00000E+00 0.00000 
   59    1    1    1    1    1    1    1    6    4  0.00000E+00 0.00000 
   60    1    1    1    1    1    1    1    6    5  1.20953E+04 0.00404 
   61    1    1    1    1    1    1    1    6    6  0.00000E+00 0.00000 
   62    1    1    1    1    1    1    1    6    7  1.05526E+04 0.00409 
   63    1    1    1    1    1    1    1    6    8  1.03626E+04 0.00428 
   64    1    1    1    1    1    1    1    6    9  0.00000E+00 0.00000 
   65    1    1    1    1    1    1    1    6   10  0.00000E+00 0.00000 
   66    1    1    1    1    1    1    1    6   11  0.00000E+00 0.00000 
   67    1    1    1    1    1    1    1    7    1  0.00000E+00 0.00000 
   68    1    1    1    1    1    1    1    7    2  1.11756E+04 0.00407 
   69    1    1    1    1    1    1    1    7    3  1.14205E+04 0.00411 
   70    1    1    1    1    1    1    1    7    4  0.00000E+00 0.00000 
   71    1    1    1    1    1    1    1    7    5  1.07110E+04 0.00417 
   72    1    1    1    1    1    1    1    7    6  1.03144E+04 0.00425 
   73    1    1    1    1    1    1    1    7    7  0.00000E+00 0.00000 
   74    1    1    1    1    1    1    1    7    8  9.87400E+03 0.00423 
   75    1    1    1    1    1    1    1    7    9  1.01216E+04 0.00432 
   76    1    1    1    1    1    1    1    7   10  0.00000E+00 0.00000 
   77    1    1    1    1    1    1    1    7   11  1.02370E+04 0.00432 
   78    1    1    1    1    1    1    1    8    1  1.05717E+04 0.00417 
   79    1    1    1    1    1    1    1    8    2  0.00000E+00 0.00000 
   80    1    1    1    1    1    1    1    8    3  1.05818E+04 0.00415 
   81    1    1    1    1    1    1    1    8    4  1.02874E+04 0.00417 
   82    1    1    1    1    1    1    1    8    5  0.00000E+00 0.00000 
   83    1    1    1    1    1    1    1    8    6  9.73664E+03 0.00432 
   84    1    1    1    1    1    1    1    8    7  9.52801E+03 0.00430 
   85    1    1    1    1    1    1    1    8    8  0.00000E+00 0.00000 
   86    1    1    1    1    1    1    1    8    9  9.81397E+03 0.00434 
   87    1    1    1    1    1    1    1    8   10  9.99373E+03 0.00429 
   88    1    1    1    1    1    1    1    8   11  0.00000E+00 0.00000 
   89    1    1    1    1    1    1    1    9    1  1.04527E+04 0.00422 
   90    1    1    1    1    1    1    1    9    2  1.05693E+04 0.00423 
   91    1    1    1    1    1    1    1    9    3  0.00000E+00 0.00000 
   92    1    1    1    1    1    1    1    9    4  9.86857E+03 0.00426 
   93    1    1    1    1    1    1    1    9    5  9.53041E+03 0.00443 
   94    1    1    1    1    1    1    1    9    6  0.00000E+00 0.00000 
   95    1    1    1    1    1    1    1    9    7  9.33050E+03 0.00452 
   96    1    1    1    1    1    1    1    9    8  9.42345E+03 0.00447 
   97    1    1    1    1    1    1    1    9    9  0.00000E+00 0.00000 
   98    1    1    1    1    1    1    1    9   10  0.00000E+00 0.00000 
   99    1    1    1    1    1    1    1    9   11  9.79768E+03 0.00431 
  100    1    1    1    1    1    1    1   10    1  0.00000E+00 0.00000 
  101    1    1    1    1    1    1    1   10    2  0.00000E+00 0.00000 
  102    1    1    1    1    1    1    1   10    3  1.01059E+04 0.00430 
  103    1    1    1    1    1    1    1   10    4  0.00000E+00 0.00000 
  104    1    1    1    1    1    1    1   10    5  9.36017E+03 0.00442 
  105    1    1    1    1    1    1    1   10    6  9.24880E+03 0.00446 
  106    1    1    1    1    1    1    1   10    7  0.00000E+00 0.00000 
  107    1    1    1    1    1    1    1   10    8  9.32260E+03 0.00447 
  108    1    1    1    1    1    1    1   10    9  9.66154E+03 0.00439 
  109    1    1    1    1    1    1    1   10   10  0.00000E+00 0.00000 
