
DETassem1 = [
    1    1    1    1    1    1    1    1    1    1  0.00000E+00 0.00000 
    2    1    1    1    1    1    1    1    1    2  0.00000E+00 0.00000 
    3    1    1    1    1    1    1    1    1    3  0.00000E+00 0.00000 
    4    1    1    1    1    1    1    1    1    4  0.00000E+00 0.00000 
    5    1    1    1    1    1    1    1    1    5  0.00000E+00 0.00000 
    6    1    1    1    1    1    1    1    1    6  0.00000E+00 0.00000 
    7    1    1    1    1    1    1    1    1    7  0.00000E+00 0.00000 
    8    1    1    1    1    1    1    1    1    8  1.88916E+04 0.00340 
    9    1    1    1    1    1    1    1    1    9  1.49328E+04 0.00379 
   10    1    1    1    1    1    1    1    1   10  0.00000E+00 0.00000 
   11    1    1    1    1    1    1    1    1   11  1.13382E+04 0.00409 
   12    1    1    1    1    1    1    1    2    1  2.03609E+04 0.00336 
   13    1    1    1    1    1    1    1    2    2  0.00000E+00 0.00000 
   14    1    1    1    1    1    1    1    2    3  0.00000E+00 0.00000 
   15    1    1    1    1    1    1    1    2    4  0.00000E+00 0.00000 
   16    1    1    1    1    1    1    1    2    5  0.00000E+00 0.00000 
   17    1    1    1    1    1    1    1    2    6  2.02594E+04 0.00336 
   18    1    1    1    1    1    1    1    2    7  1.68211E+04 0.00357 
   19    1    1    1    1    1    1    1    2    8  0.00000E+00 0.00000 
   20    1    1    1    1    1    1    1    2    9  1.24503E+04 0.00395 
   21    1    1    1    1    1    1    1    2   10  1.12502E+04 0.00413 
   22    1    1    1    1    1    1    1    2   11  0.00000E+00 0.00000 
   23    1    1    1    1    1    1    1    3    1  1.66819E+04 0.00353 
   24    1    1    1    1    1    1    1    3    2  1.90549E+04 0.00337 
   25    1    1    1    1    1    1    1    3    3  0.00000E+00 0.00000 
   26    1    1    1    1    1    1    1    3    4  1.90565E+04 0.00344 
   27    1    1    1    1    1    1    1    3    5  1.67851E+04 0.00354 
   28    1    1    1    1    1    1    1    3    6  0.00000E+00 0.00000 
   29    1    1    1    1    1    1    1    3    7  1.34871E+04 0.00390 
   30    1    1    1    1    1    1    1    3    8  1.23862E+04 0.00392 
   31    1    1    1    1    1    1    1    3    9  0.00000E+00 0.00000 
   32    1    1    1    1    1    1    1    3   10  1.05641E+04 0.00415 
   33    1    1    1    1    1    1    1    3   11  1.01331E+04 0.00431 
   34    1    1    1    1    1    1    1    4    1  0.00000E+00 0.00000 
   35    1    1    1    1    1    1    1    4    2  1.49731E+04 0.00380 
   36    1    1    1    1    1    1    1    4    3  1.48925E+04 0.00376 
   37    1    1    1    1    1    1    1    4    4  0.00000E+00 0.00000 
   38    1    1    1    1    1    1    1    4    5  1.34825E+04 0.00395 
   39    1    1    1    1    1    1    1    4    6  1.29511E+04 0.00397 
   40    1    1    1    1    1    1    1    4    7  0.00000E+00 0.00000 
   41    1    1    1    1    1    1    1    4    8  1.17217E+04 0.00399 
   42    1    1    1    1    1    1    1    4    9  1.09002E+04 0.00412 
   43    1    1    1    1    1    1    1    4   10  0.00000E+00 0.00000 
   44    1    1    1    1    1    1    1    4   11  9.87668E+03 0.00424 
   45    1    1    1    1    1    1    1    5    1  1.24171E+04 0.00394 
   46    1    1    1    1    1    1    1    5    2  0.00000E+00 0.00000 
   47    1    1    1    1    1    1    1    5    3  1.24691E+04 0.00399 
   48    1    1    1    1    1    1    1    5    4  1.23168E+04 0.00391 
   49    1    1    1    1    1    1    1    5    5  0.00000E+00 0.00000 
   50    1    1    1    1    1    1    1    5    6  1.23832E+04 0.00401 
   51    1    1    1    1    1    1    1    5    7  0.00000E+00 0.00000 
   52    1    1    1    1    1    1    1    5    8  0.00000E+00 0.00000 
   53    1    1    1    1    1    1    1    5    9  1.04280E+04 0.00417 
   54    1    1    1    1    1    1    1    5   10  9.90992E+03 0.00419 
   55    1    1    1    1    1    1    1    5   11  0.00000E+00 0.00000 
   56    1    1    1    1    1    1    1    6    1  1.13961E+04 0.00401 
   57    1    1    1    1    1    1    1    6    2  1.13266E+04 0.00406 
   58    1    1    1    1    1    1    1    6    3  0.00000E+00 0.00000 
   59    1    1    1    1    1    1    1    6    4  1.17117E+04 0.00400 
   60    1    1    1    1    1    1    1    6    5  0.00000E+00 0.00000 
   61    1    1    1    1    1    1    1    6    6  0.00000E+00 0.00000 
   62    1    1    1    1    1    1    1    6    7  0.00000E+00 0.00000 
   63    1    1    1    1    1    1    1    6    8  1.09554E+04 0.00417 
   64    1    1    1    1    1    1    1    6    9  0.00000E+00 0.00000 
   65    1    1    1    1    1    1    1    6   10  9.80211E+03 0.00430 
   66    1    1    1    1    1    1    1    6   11  9.49779E+03 0.00425 
   67    1    1    1    1    1    1    1    7    1  0.00000E+00 0.00000 
   68    1    1    1    1    1    1    1    7    2  1.05813E+04 0.00415 
   69    1    1    1    1    1    1    1    7    3  1.08440E+04 0.00413 
   70    1    1    1    1    1    1    1    7    4  0.00000E+00 0.00000 
   71    1    1    1    1    1    1    1    7    5  0.00000E+00 0.00000 
   72    1    1    1    1    1    1    1    7    6  1.18906E+04 0.00391 
   73    1    1    1    1    1    1    1    7    7  0.00000E+00 0.00000 
   74    1    1    1    1    1    1    1    7    8  1.05607E+04 0.00418 
   75    1    1    1    1    1    1    1    7    9  1.00491E+04 0.00424 
   76    1    1    1    1    1    1    1    7   10  0.00000E+00 0.00000 
   77    1    1    1    1    1    1    1    7   11  9.42905E+03 0.00430 
   78    1    1    1    1    1    1    1    8    1  1.01170E+04 0.00427 
   79    1    1    1    1    1    1    1    8    2  0.00000E+00 0.00000 
   80    1    1    1    1    1    1    1    8    3  1.04883E+04 0.00419 
   81    1    1    1    1    1    1    1    8    4  1.09821E+04 0.00408 
   82    1    1    1    1    1    1    1    8    5  0.00000E+00 0.00000 
   83    1    1    1    1    1    1    1    8    6  0.00000E+00 0.00000 
   84    1    1    1    1    1    1    1    8    7  1.10520E+04 0.00421 
   85    1    1    1    1    1    1    1    8    8  0.00000E+00 0.00000 
   86    1    1    1    1    1    1    1    8    9  1.00046E+04 0.00427 
   87    1    1    1    1    1    1    1    8   10  9.50171E+03 0.00443 
   88    1    1    1    1    1    1    1    8   11  0.00000E+00 0.00000 
   89    1    1    1    1    1    1    1    9    1  9.80793E+03 0.00420 
   90    1    1    1    1    1    1    1    9    2  9.91864E+03 0.00430 
   91    1    1    1    1    1    1    1    9    3  0.00000E+00 0.00000 
   92    1    1    1    1    1    1    1    9    4  1.05759E+04 0.00418 
   93    1    1    1    1    1    1    1    9    5  1.11807E+04 0.00414 
   94    1    1    1    1    1    1    1    9    6  0.00000E+00 0.00000 
   95    1    1    1    1    1    1    1    9    7  0.00000E+00 0.00000 
   96    1    1    1    1    1    1    1    9    8  0.00000E+00 0.00000 
   97    1    1    1    1    1    1    1    9    9  0.00000E+00 0.00000 
   98    1    1    1    1    1    1    1    9   10  9.27149E+03 0.00447 
   99    1    1    1    1    1    1    1    9   11  9.17080E+03 0.00453 
  100    1    1    1    1    1    1    1   10    1  0.00000E+00 0.00000 
  101    1    1    1    1    1    1    1   10    2  9.81560E+03 0.00431 
  102    1    1    1    1    1    1    1   10    3  9.96575E+03 0.00435 
  103    1    1    1    1    1    1    1   10    4  0.00000E+00 0.00000 
  104    1    1    1    1    1    1    1   10    5  0.00000E+00 0.00000 
  105    1    1    1    1    1    1    1   10    6  1.06842E+04 0.00426 
  106    1    1    1    1    1    1    1   10    7  0.00000E+00 0.00000 
  107    1    1    1    1    1    1    1   10    8  9.57473E+03 0.00437 
  108    1    1    1    1    1    1    1   10    9  9.13379E+03 0.00448 
  109    1    1    1    1    1    1    1   10   10  0.00000E+00 0.00000 
