
DETassem1 = [
    1    1    1    1    1    1    1    1    1    1  0.00000E+00 0.00000 
    2    1    1    1    1    1    1    1    1    2  0.00000E+00 0.00000 
    3    1    1    1    1    1    1    1    1    3  0.00000E+00 0.00000 
    4    1    1    1    1    1    1    1    1    4  0.00000E+00 0.00000 
    5    1    1    1    1    1    1    1    1    5  0.00000E+00 0.00000 
    6    1    1    1    1    1    1    1    1    6  0.00000E+00 0.00000 
    7    1    1    1    1    1    1    1    1    7  0.00000E+00 0.00000 
    8    1    1    1    1    1    1    1    1    8  1.78342E+04 0.00358 
    9    1    1    1    1    1    1    1    1    9  1.39656E+04 0.00382 
   10    1    1    1    1    1    1    1    1   10  0.00000E+00 0.00000 
   11    1    1    1    1    1    1    1    1   11  1.03349E+04 0.00431 
   12    1    1    1    1    1    1    1    2    1  1.91472E+04 0.00352 
   13    1    1    1    1    1    1    1    2    2  0.00000E+00 0.00000 
   14    1    1    1    1    1    1    1    2    3  0.00000E+00 0.00000 
   15    1    1    1    1    1    1    1    2    4  0.00000E+00 0.00000 
   16    1    1    1    1    1    1    1    2    5  0.00000E+00 0.00000 
   17    1    1    1    1    1    1    1    2    6  1.91655E+04 0.00346 
   18    1    1    1    1    1    1    1    2    7  1.56745E+04 0.00368 
   19    1    1    1    1    1    1    1    2    8  0.00000E+00 0.00000 
   20    1    1    1    1    1    1    1    2    9  1.14650E+04 0.00409 
   21    1    1    1    1    1    1    1    2   10  1.03956E+04 0.00421 
   22    1    1    1    1    1    1    1    2   11  0.00000E+00 0.00000 
   23    1    1    1    1    1    1    1    3    1  1.56385E+04 0.00381 
   24    1    1    1    1    1    1    1    3    2  1.79064E+04 0.00356 
   25    1    1    1    1    1    1    1    3    3  0.00000E+00 0.00000 
   26    1    1    1    1    1    1    1    3    4  1.78401E+04 0.00357 
   27    1    1    1    1    1    1    1    3    5  1.57311E+04 0.00369 
   28    1    1    1    1    1    1    1    3    6  0.00000E+00 0.00000 
   29    1    1    1    1    1    1    1    3    7  1.21298E+04 0.00401 
   30    1    1    1    1    1    1    1    3    8  1.10444E+04 0.00412 
   31    1    1    1    1    1    1    1    3    9  0.00000E+00 0.00000 
   32    1    1    1    1    1    1    1    3   10  9.60146E+03 0.00434 
   33    1    1    1    1    1    1    1    3   11  9.27407E+03 0.00436 
   34    1    1    1    1    1    1    1    4    1  0.00000E+00 0.00000 
   35    1    1    1    1    1    1    1    4    2  1.39689E+04 0.00393 
   36    1    1    1    1    1    1    1    4    3  1.38938E+04 0.00393 
   37    1    1    1    1    1    1    1    4    4  0.00000E+00 0.00000 
   38    1    1    1    1    1    1    1    4    5  1.22731E+04 0.00400 
   39    1    1    1    1    1    1    1    4    6  1.13434E+04 0.00404 
   40    1    1    1    1    1    1    1    4    7  0.00000E+00 0.00000 
   41    1    1    1    1    1    1    1    4    8  9.97680E+03 0.00429 
   42    1    1    1    1    1    1    1    4    9  9.43326E+03 0.00434 
   43    1    1    1    1    1    1    1    4   10  0.00000E+00 0.00000 
   44    1    1    1    1    1    1    1    4   11  8.91136E+03 0.00440 
   45    1    1    1    1    1    1    1    5    1  1.14934E+04 0.00409 
   46    1    1    1    1    1    1    1    5    2  0.00000E+00 0.00000 
   47    1    1    1    1    1    1    1    5    3  1.15987E+04 0.00414 
   48    1    1    1    1    1    1    1    5    4  1.11349E+04 0.00412 
   49    1    1    1    1    1    1    1    5    5  0.00000E+00 0.00000 
   50    1    1    1    1    1    1    1    5    6  1.00852E+04 0.00422 
   51    1    1    1    1    1    1    1    5    7  9.62543E+03 0.00437 
   52    1    1    1    1    1    1    1    5    8  0.00000E+00 0.00000 
   53    1    1    1    1    1    1    1    5    9  8.94779E+03 0.00436 
   54    1    1    1    1    1    1    1    5   10  8.82593E+03 0.00445 
   55    1    1    1    1    1    1    1    5   11  0.00000E+00 0.00000 
   56    1    1    1    1    1    1    1    6    1  1.03262E+04 0.00413 
   57    1    1    1    1    1    1    1    6    2  1.03285E+04 0.00423 
   58    1    1    1    1    1    1    1    6    3  0.00000E+00 0.00000 
   59    1    1    1    1    1    1    1    6    4  9.87638E+03 0.00421 
   60    1    1    1    1    1    1    1    6    5  9.65581E+03 0.00426 
   61    1    1    1    1    1    1    1    6    6  0.00000E+00 0.00000 
   62    1    1    1    1    1    1    1    6    7  9.06893E+03 0.00440 
   63    1    1    1    1    1    1    1    6    8  8.84328E+03 0.00447 
   64    1    1    1    1    1    1    1    6    9  0.00000E+00 0.00000 
   65    1    1    1    1    1    1    1    6   10  8.56954E+03 0.00450 
   66    1    1    1    1    1    1    1    6   11  8.48682E+03 0.00450 
   67    1    1    1    1    1    1    1    7    1  0.00000E+00 0.00000 
   68    1    1    1    1    1    1    1    7    2  9.57371E+03 0.00427 
   69    1    1    1    1    1    1    1    7    3  9.40727E+03 0.00432 
   70    1    1    1    1    1    1    1    7    4  0.00000E+00 0.00000 
   71    1    1    1    1    1    1    1    7    5  9.05049E+03 0.00439 
   72    1    1    1    1    1    1    1    7    6  8.85241E+03 0.00438 
   73    1    1    1    1    1    1    1    7    7  0.00000E+00 0.00000 
   74    1    1    1    1    1    1    1    7    8  8.50247E+03 0.00445 
   75    1    1    1    1    1    1    1    7    9  8.48797E+03 0.00452 
   76    1    1    1    1    1    1    1    7   10  0.00000E+00 0.00000 
   77    1    1    1    1    1    1    1    7   11  8.29300E+03 0.00450 
   78    1    1    1    1    1    1    1    8    1  9.13754E+03 0.00430 
   79    1    1    1    1    1    1    1    8    2  0.00000E+00 0.00000 
   80    1    1    1    1    1    1    1    8    3  8.94995E+03 0.00449 
   81    1    1    1    1    1    1    1    8    4  8.91865E+03 0.00449 
   82    1    1    1    1    1    1    1    8    5  0.00000E+00 0.00000 
   83    1    1    1    1    1    1    1    8    6  8.50768E+03 0.00447 
   84    1    1    1    1    1    1    1    8    7  8.48423E+03 0.00454 
   85    1    1    1    1    1    1    1    8    8  0.00000E+00 0.00000 
   86    1    1    1    1    1    1    1    8    9  8.35046E+03 0.00457 
   87    1    1    1    1    1    1    1    8   10  8.27438E+03 0.00462 
   88    1    1    1    1    1    1    1    8   11  0.00000E+00 0.00000 
   89    1    1    1    1    1    1    1    9    1  8.89501E+03 0.00442 
   90    1    1    1    1    1    1    1    9    2  8.74825E+03 0.00459 
   91    1    1    1    1    1    1    1    9    3  0.00000E+00 0.00000 
   92    1    1    1    1    1    1    1    9    4  8.56168E+03 0.00447 
   93    1    1    1    1    1    1    1    9    5  8.44594E+03 0.00461 
   94    1    1    1    1    1    1    1    9    6  0.00000E+00 0.00000 
   95    1    1    1    1    1    1    1    9    7  8.22954E+03 0.00451 
   96    1    1    1    1    1    1    1    9    8  8.22046E+03 0.00450 
   97    1    1    1    1    1    1    1    9    9  0.00000E+00 0.00000 
   98    1    1    1    1    1    1    1    9   10  7.99072E+03 0.00451 
   99    1    1    1    1    1    1    1    9   11  7.92567E+03 0.00458 
  100    1    1    1    1    1    1    1   10    1  0.00000E+00 0.00000 
  101    1    1    1    1    1    1    1   10    2  8.64046E+03 0.00449 
  102    1    1    1    1    1    1    1   10    3  8.48180E+03 0.00443 
  103    1    1    1    1    1    1    1   10    4  0.00000E+00 0.00000 
  104    1    1    1    1    1    1    1   10    5  8.32593E+03 0.00455 
  105    1    1    1    1    1    1    1   10    6  8.24773E+03 0.00451 
  106    1    1    1    1    1    1    1   10    7  0.00000E+00 0.00000 
  107    1    1    1    1    1    1    1   10    8  7.99681E+03 0.00460 
  108    1    1    1    1    1    1    1   10    9  7.93538E+03 0.00464 
  109    1    1    1    1    1    1    1   10   10  0.00000E+00 0.00000 
