
ZAI = [
922350
922380
666
0
];

NAMES = [
'U235            '
'U238            '
'lost            '
'total           '
];

i922350 = 1; iU235             = 1;
i922380 = 2; iU238             = 2;
iLOST    = 3;
iTOT     = 4;

MAT_un_VOLUME = [ 2.30538E+05 2.30538E+05 ];

MAT_un_BURNUP = [ 0.00000E+00 4.97218E+01 ];

MAT_un_ADENS = [
4.83387E-03 3.32898E-03 % U235
1.93936E-02 1.88080E-02 % U238
0.00000E+00 5.52127E-30 % lost data
7.26897E-02 7.39798E-02 % total
];

MAT_un_MDENS = [
1.88669E+00 1.29932E+00 % U235
7.66628E+00 7.43479E+00 % U238
0.00000E+00 0.00000E+00 % lost data
1.08000E+01 1.07983E+01 % total
];

MAT_un_A = [
3.47784E+10 2.39511E+10 % U235
2.19796E+10 2.13159E+10 % U238
0.00000E+00 0.00000E+00 % lost data
5.67580E+10 3.25033E+18 % total
];

MAT_un_H = [
2.60713E-02 1.79547E-02 % U235
1.50372E-02 1.45831E-02 % U238
0.00000E+00 0.00000E+00 % lost data
4.11084E-02 9.58140E+05 % total
];

MAT_un_SF = [
2.50404E+00 1.72448E+00 % U235
1.20008E+04 1.16385E+04 % U238
0.00000E+00 0.00000E+00 % lost data
1.20034E+04 1.47362E+08 % total
];

MAT_un_GSRC = [
4.39427E+10 3.02624E+10 % U235
1.94637E+09 1.88760E+09 % U238
0.00000E+00 0.00000E+00 % lost data
4.58891E+10 3.48734E+18 % total
];

MAT_un_ING_TOX = [
1.63458E+03 1.12570E+03 % U235
9.89081E+02 9.59215E+02 % U238
0.00000E+00 0.00000E+00 % lost data
2.62367E+03 2.25749E+09 % total
];

MAT_un_INH_TOX = [
2.95616E+05 2.03585E+05 % U235
1.75837E+05 1.70527E+05 % U238
0.00000E+00 0.00000E+00 % lost data
4.71453E+05 9.26269E+10 % total
];

TOT_VOLUME = [ 2.30538E+05 2.30538E+05 ];

TOT_BURNUP = [ 0.00000E+00 4.97218E+01 ];

TOT_ADENS = [
4.83387E-03 3.32898E-03 % U235
1.93936E-02 1.88080E-02 % U238
0.00000E+00 5.52127E-30 % lost data
7.26897E-02 7.39798E-02 % total
];

TOT_MASS = [
4.34953E+05 2.99543E+05 % U235
1.76737E+06 1.71400E+06 % U238
0.00000E+00 0.00000E+00 % lost data
2.48981E+06 2.48942E+06 % total
];

TOT_A = [
3.47784E+10 2.39511E+10 % U235
2.19796E+10 2.13159E+10 % U238
0.00000E+00 0.00000E+00 % lost data
5.67580E+10 3.25033E+18 % total
];

TOT_H = [
2.60713E-02 1.79547E-02 % U235
1.50372E-02 1.45831E-02 % U238
0.00000E+00 0.00000E+00 % lost data
4.11084E-02 9.58140E+05 % total
];

TOT_SF = [
2.50404E+00 1.72448E+00 % U235
1.20008E+04 1.16385E+04 % U238
0.00000E+00 0.00000E+00 % lost data
1.20034E+04 1.47362E+08 % total
];

TOT_GSRC = [
4.39427E+10 3.02624E+10 % U235
1.94637E+09 1.88760E+09 % U238
0.00000E+00 0.00000E+00 % lost data
4.58891E+10 3.48734E+18 % total
];

TOT_ING_TOX = [
1.63458E+03 1.12570E+03 % U235
9.89081E+02 9.59215E+02 % U238
0.00000E+00 0.00000E+00 % lost data
2.62367E+03 2.25749E+09 % total
];

TOT_INH_TOX = [
2.95616E+05 2.03585E+05 % U235
1.75837E+05 1.70527E+05 % U238
0.00000E+00 0.00000E+00 % lost data
4.71453E+05 9.26269E+10 % total
];

BU = [ 0.00000E+00 4.97203E+01 ];

DAYS = [ 0.00000E+00 7.30000E+03 ];
