
DETassem1 = [
    1    1    1    1    1    1    1    1    1    1  0.00000E+00 0.00000 
    2    1    1    1    1    1    1    1    1    2  0.00000E+00 0.00000 
    3    1    1    1    1    1    1    1    1    3  0.00000E+00 0.00000 
    4    1    1    1    1    1    1    1    1    4  0.00000E+00 0.00000 
    5    1    1    1    1    1    1    1    1    5  0.00000E+00 0.00000 
    6    1    1    1    1    1    1    1    1    6  0.00000E+00 0.00000 
    7    1    1    1    1    1    1    1    1    7  0.00000E+00 0.00000 
    8    1    1    1    1    1    1    1    1    8  1.81188E+04 0.00369 
    9    1    1    1    1    1    1    1    1    9  1.38711E+04 0.00409 
   10    1    1    1    1    1    1    1    1   10  0.00000E+00 0.00000 
   11    1    1    1    1    1    1    1    1   11  1.01002E+04 0.00436 
   12    1    1    1    1    1    1    1    2    1  1.95691E+04 0.00354 
   13    1    1    1    1    1    1    1    2    2  0.00000E+00 0.00000 
   14    1    1    1    1    1    1    1    2    3  0.00000E+00 0.00000 
   15    1    1    1    1    1    1    1    2    4  0.00000E+00 0.00000 
   16    1    1    1    1    1    1    1    2    5  0.00000E+00 0.00000 
   17    1    1    1    1    1    1    1    2    6  1.96840E+04 0.00353 
   18    1    1    1    1    1    1    1    2    7  1.56737E+04 0.00393 
   19    1    1    1    1    1    1    1    2    8  0.00000E+00 0.00000 
   20    1    1    1    1    1    1    1    2    9  1.11374E+04 0.00439 
   21    1    1    1    1    1    1    1    2   10  1.00292E+04 0.00438 
   22    1    1    1    1    1    1    1    2   11  0.00000E+00 0.00000 
   23    1    1    1    1    1    1    1    3    1  1.57092E+04 0.00388 
   24    1    1    1    1    1    1    1    3    2  1.81873E+04 0.00366 
   25    1    1    1    1    1    1    1    3    3  0.00000E+00 0.00000 
   26    1    1    1    1    1    1    1    3    4  1.82230E+04 0.00375 
   27    1    1    1    1    1    1    1    3    5  1.57247E+04 0.00391 
   28    1    1    1    1    1    1    1    3    6  0.00000E+00 0.00000 
   29    1    1    1    1    1    1    1    3    7  1.19094E+04 0.00417 
   30    1    1    1    1    1    1    1    3    8  1.07514E+04 0.00430 
   31    1    1    1    1    1    1    1    3    9  0.00000E+00 0.00000 
   32    1    1    1    1    1    1    1    3   10  9.24434E+03 0.00467 
   33    1    1    1    1    1    1    1    3   11  8.81518E+03 0.00452 
   34    1    1    1    1    1    1    1    4    1  0.00000E+00 0.00000 
   35    1    1    1    1    1    1    1    4    2  1.39617E+04 0.00404 
   36    1    1    1    1    1    1    1    4    3  1.39642E+04 0.00401 
   37    1    1    1    1    1    1    1    4    4  0.00000E+00 0.00000 
   38    1    1    1    1    1    1    1    4    5  1.20567E+04 0.00417 
   39    1    1    1    1    1    1    1    4    6  1.09879E+04 0.00433 
   40    1    1    1    1    1    1    1    4    7  0.00000E+00 0.00000 
   41    1    1    1    1    1    1    1    4    8  9.58578E+03 0.00449 
   42    1    1    1    1    1    1    1    4    9  9.12093E+03 0.00453 
   43    1    1    1    1    1    1    1    4   10  0.00000E+00 0.00000 
   44    1    1    1    1    1    1    1    4   11  8.59807E+03 0.00455 
   45    1    1    1    1    1    1    1    5    1  1.12342E+04 0.00426 
   46    1    1    1    1    1    1    1    5    2  0.00000E+00 0.00000 
   47    1    1    1    1    1    1    1    5    3  1.11661E+04 0.00434 
   48    1    1    1    1    1    1    1    5    4  1.07828E+04 0.00429 
   49    1    1    1    1    1    1    1    5    5  0.00000E+00 0.00000 
   50    1    1    1    1    1    1    1    5    6  9.63803E+03 0.00449 
   51    1    1    1    1    1    1    1    5    7  9.21192E+03 0.00448 
   52    1    1    1    1    1    1    1    5    8  0.00000E+00 0.00000 
   53    1    1    1    1    1    1    1    5    9  8.71271E+03 0.00452 
   54    1    1    1    1    1    1    1    5   10  8.41885E+03 0.00470 
   55    1    1    1    1    1    1    1    5   11  0.00000E+00 0.00000 
   56    1    1    1    1    1    1    1    6    1  9.98158E+03 0.00434 
   57    1    1    1    1    1    1    1    6    2  1.00653E+04 0.00437 
   58    1    1    1    1    1    1    1    6    3  0.00000E+00 0.00000 
   59    1    1    1    1    1    1    1    6    4  9.51666E+03 0.00449 
   60    1    1    1    1    1    1    1    6    5  9.25895E+03 0.00455 
   61    1    1    1    1    1    1    1    6    6  0.00000E+00 0.00000 
   62    1    1    1    1    1    1    1    6    7  8.77373E+03 0.00464 
   63    1    1    1    1    1    1    1    6    8  8.50946E+03 0.00471 
   64    1    1    1    1    1    1    1    6    9  0.00000E+00 0.00000 
   65    1    1    1    1    1    1    1    6   10  8.31554E+03 0.00465 
   66    1    1    1    1    1    1    1    6   11  8.17243E+03 0.00477 
   67    1    1    1    1    1    1    1    7    1  0.00000E+00 0.00000 
   68    1    1    1    1    1    1    1    7    2  9.22327E+03 0.00447 
   69    1    1    1    1    1    1    1    7    3  9.08622E+03 0.00454 
   70    1    1    1    1    1    1    1    7    4  0.00000E+00 0.00000 
   71    1    1    1    1    1    1    1    7    5  8.75825E+03 0.00459 
   72    1    1    1    1    1    1    1    7    6  8.45158E+03 0.00472 
   73    1    1    1    1    1    1    1    7    7  0.00000E+00 0.00000 
   74    1    1    1    1    1    1    1    7    8  8.24858E+03 0.00474 
   75    1    1    1    1    1    1    1    7    9  8.24232E+03 0.00471 
   76    1    1    1    1    1    1    1    7   10  0.00000E+00 0.00000 
   77    1    1    1    1    1    1    1    7   11  7.98083E+03 0.00470 
   78    1    1    1    1    1    1    1    8    1  8.83406E+03 0.00451 
   79    1    1    1    1    1    1    1    8    2  0.00000E+00 0.00000 
   80    1    1    1    1    1    1    1    8    3  8.63291E+03 0.00459 
   81    1    1    1    1    1    1    1    8    4  8.51402E+03 0.00461 
   82    1    1    1    1    1    1    1    8    5  0.00000E+00 0.00000 
   83    1    1    1    1    1    1    1    8    6  8.25514E+03 0.00466 
   84    1    1    1    1    1    1    1    8    7  8.10208E+03 0.00470 
   85    1    1    1    1    1    1    1    8    8  0.00000E+00 0.00000 
   86    1    1    1    1    1    1    1    8    9  8.01802E+03 0.00475 
   87    1    1    1    1    1    1    1    8   10  8.00220E+03 0.00486 
   88    1    1    1    1    1    1    1    8   11  0.00000E+00 0.00000 
   89    1    1    1    1    1    1    1    9    1  8.56238E+03 0.00455 
   90    1    1    1    1    1    1    1    9    2  8.45473E+03 0.00459 
   91    1    1    1    1    1    1    1    9    3  0.00000E+00 0.00000 
   92    1    1    1    1    1    1    1    9    4  8.27477E+03 0.00467 
   93    1    1    1    1    1    1    1    9    5  8.18365E+03 0.00468 
   94    1    1    1    1    1    1    1    9    6  0.00000E+00 0.00000 
   95    1    1    1    1    1    1    1    9    7  7.95169E+03 0.00476 
   96    1    1    1    1    1    1    1    9    8  7.98712E+03 0.00485 
   97    1    1    1    1    1    1    1    9    9  0.00000E+00 0.00000 
   98    1    1    1    1    1    1    1    9   10  7.77644E+03 0.00482 
   99    1    1    1    1    1    1    1    9   11  7.77585E+03 0.00485 
  100    1    1    1    1    1    1    1   10    1  0.00000E+00 0.00000 
  101    1    1    1    1    1    1    1   10    2  8.28596E+03 0.00464 
  102    1    1    1    1    1    1    1   10    3  8.12441E+03 0.00478 
  103    1    1    1    1    1    1    1   10    4  0.00000E+00 0.00000 
  104    1    1    1    1    1    1    1   10    5  7.98276E+03 0.00469 
  105    1    1    1    1    1    1    1   10    6  7.92856E+03 0.00463 
  106    1    1    1    1    1    1    1   10    7  0.00000E+00 0.00000 
  107    1    1    1    1    1    1    1   10    8  7.75260E+03 0.00482 
  108    1    1    1    1    1    1    1   10    9  7.65645E+03 0.00480 
  109    1    1    1    1    1    1    1   10   10  0.00000E+00 0.00000 
