
DETassem1 = [
    1    1    1    1    1    1    1    1    1    1  0.00000E+00 0.00000 
    2    1    1    1    1    1    1    1    1    2  0.00000E+00 0.00000 
    3    1    1    1    1    1    1    1    1    3  0.00000E+00 0.00000 
    4    1    1    1    1    1    1    1    1    4  0.00000E+00 0.00000 
    5    1    1    1    1    1    1    1    1    5  0.00000E+00 0.00000 
    6    1    1    1    1    1    1    1    1    6  0.00000E+00 0.00000 
    7    1    1    1    1    1    1    1    1    7  0.00000E+00 0.00000 
    8    1    1    1    1    1    1    1    1    8  2.00816E+04 0.00339 
    9    1    1    1    1    1    1    1    1    9  1.63371E+04 0.00361 
   10    1    1    1    1    1    1    1    1   10  0.00000E+00 0.00000 
   11    1    1    1    1    1    1    1    1   11  1.25134E+04 0.00388 
   12    1    1    1    1    1    1    1    2    1  2.12404E+04 0.00329 
   13    1    1    1    1    1    1    1    2    2  0.00000E+00 0.00000 
   14    1    1    1    1    1    1    1    2    3  0.00000E+00 0.00000 
   15    1    1    1    1    1    1    1    2    4  0.00000E+00 0.00000 
   16    1    1    1    1    1    1    1    2    5  0.00000E+00 0.00000 
   17    1    1    1    1    1    1    1    2    6  2.12688E+04 0.00325 
   18    1    1    1    1    1    1    1    2    7  1.75750E+04 0.00355 
   19    1    1    1    1    1    1    1    2    8  0.00000E+00 0.00000 
   20    1    1    1    1    1    1    1    2    9  0.00000E+00 0.00000 
   21    1    1    1    1    1    1    1    2   10  1.25878E+04 0.00395 
   22    1    1    1    1    1    1    1    2   11  0.00000E+00 0.00000 
   23    1    1    1    1    1    1    1    3    1  1.74314E+04 0.00353 
   24    1    1    1    1    1    1    1    3    2  1.99588E+04 0.00346 
   25    1    1    1    1    1    1    1    3    3  0.00000E+00 0.00000 
   26    1    1    1    1    1    1    1    3    4  1.99886E+04 0.00336 
   27    1    1    1    1    1    1    1    3    5  1.75726E+04 0.00345 
   28    1    1    1    1    1    1    1    3    6  0.00000E+00 0.00000 
   29    1    1    1    1    1    1    1    3    7  1.39456E+04 0.00378 
   30    1    1    1    1    1    1    1    3    8  1.30115E+04 0.00398 
   31    1    1    1    1    1    1    1    3    9  0.00000E+00 0.00000 
   32    1    1    1    1    1    1    1    3   10  1.13742E+04 0.00401 
   33    1    1    1    1    1    1    1    3   11  1.07227E+04 0.00407 
   34    1    1    1    1    1    1    1    4    1  0.00000E+00 0.00000 
   35    1    1    1    1    1    1    1    4    2  1.62964E+04 0.00358 
   36    1    1    1    1    1    1    1    4    3  1.61512E+04 0.00371 
   37    1    1    1    1    1    1    1    4    4  0.00000E+00 0.00000 
   38    1    1    1    1    1    1    1    4    5  1.39271E+04 0.00378 
   39    1    1    1    1    1    1    1    4    6  1.29411E+04 0.00379 
   40    1    1    1    1    1    1    1    4    7  0.00000E+00 0.00000 
   41    1    1    1    1    1    1    1    4    8  1.16747E+04 0.00405 
   42    1    1    1    1    1    1    1    4    9  1.12426E+04 0.00412 
   43    1    1    1    1    1    1    1    4   10  0.00000E+00 0.00000 
   44    1    1    1    1    1    1    1    4   11  1.05726E+04 0.00420 
   45    1    1    1    1    1    1    1    5    1  0.00000E+00 0.00000 
   46    1    1    1    1    1    1    1    5    2  0.00000E+00 0.00000 
   47    1    1    1    1    1    1    1    5    3  0.00000E+00 0.00000 
   48    1    1    1    1    1    1    1    5    4  1.30540E+04 0.00394 
   49    1    1    1    1    1    1    1    5    5  0.00000E+00 0.00000 
   50    1    1    1    1    1    1    1    5    6  1.17631E+04 0.00406 
   51    1    1    1    1    1    1    1    5    7  1.14480E+04 0.00416 
   52    1    1    1    1    1    1    1    5    8  0.00000E+00 0.00000 
   53    1    1    1    1    1    1    1    5    9  1.08461E+04 0.00414 
   54    1    1    1    1    1    1    1    5   10  0.00000E+00 0.00000 
   55    1    1    1    1    1    1    1    5   11  0.00000E+00 0.00000 
   56    1    1    1    1    1    1    1    6    1  1.24720E+04 0.00390 
   57    1    1    1    1    1    1    1    6    2  1.24622E+04 0.00402 
   58    1    1    1    1    1    1    1    6    3  0.00000E+00 0.00000 
   59    1    1    1    1    1    1    1    6    4  1.16504E+04 0.00393 
   60    1    1    1    1    1    1    1    6    5  1.14980E+04 0.00408 
   61    1    1    1    1    1    1    1    6    6  0.00000E+00 0.00000 
   62    1    1    1    1    1    1    1    6    7  0.00000E+00 0.00000 
   63    1    1    1    1    1    1    1    6    8  1.06303E+04 0.00415 
   64    1    1    1    1    1    1    1    6    9  0.00000E+00 0.00000 
   65    1    1    1    1    1    1    1    6   10  1.03058E+04 0.00421 
   66    1    1    1    1    1    1    1    6   11  9.99490E+03 0.00430 
   67    1    1    1    1    1    1    1    7    1  0.00000E+00 0.00000 
   68    1    1    1    1    1    1    1    7    2  1.12621E+04 0.00406 
   69    1    1    1    1    1    1    1    7    3  1.12415E+04 0.00402 
   70    1    1    1    1    1    1    1    7    4  0.00000E+00 0.00000 
   71    1    1    1    1    1    1    1    7    5  0.00000E+00 0.00000 
   72    1    1    1    1    1    1    1    7    6  1.08895E+04 0.00414 
   73    1    1    1    1    1    1    1    7    7  0.00000E+00 0.00000 
   74    1    1    1    1    1    1    1    7    8  1.01380E+04 0.00421 
   75    1    1    1    1    1    1    1    7    9  1.00247E+04 0.00423 
   76    1    1    1    1    1    1    1    7   10  0.00000E+00 0.00000 
   77    1    1    1    1    1    1    1    7   11  9.90104E+03 0.00425 
   78    1    1    1    1    1    1    1    8    1  1.08103E+04 0.00409 
   79    1    1    1    1    1    1    1    8    2  0.00000E+00 0.00000 
   80    1    1    1    1    1    1    1    8    3  1.07408E+04 0.00413 
   81    1    1    1    1    1    1    1    8    4  1.06962E+04 0.00430 
   82    1    1    1    1    1    1    1    8    5  0.00000E+00 0.00000 
   83    1    1    1    1    1    1    1    8    6  1.00981E+04 0.00428 
   84    1    1    1    1    1    1    1    8    7  9.81723E+03 0.00436 
   85    1    1    1    1    1    1    1    8    8  0.00000E+00 0.00000 
   86    1    1    1    1    1    1    1    8    9  9.90035E+03 0.00425 
   87    1    1    1    1    1    1    1    8   10  0.00000E+00 0.00000 
   88    1    1    1    1    1    1    1    8   11  0.00000E+00 0.00000 
   89    1    1    1    1    1    1    1    9    1  1.06436E+04 0.00413 
   90    1    1    1    1    1    1    1    9    2  0.00000E+00 0.00000 
   91    1    1    1    1    1    1    1    9    3  0.00000E+00 0.00000 
   92    1    1    1    1    1    1    1    9    4  1.00688E+04 0.00425 
   93    1    1    1    1    1    1    1    9    5  9.89267E+03 0.00425 
   94    1    1    1    1    1    1    1    9    6  0.00000E+00 0.00000 
   95    1    1    1    1    1    1    1    9    7  9.59844E+03 0.00426 
   96    1    1    1    1    1    1    1    9    8  9.63814E+03 0.00422 
   97    1    1    1    1    1    1    1    9    9  0.00000E+00 0.00000 
   98    1    1    1    1    1    1    1    9   10  9.83051E+03 0.00434 
   99    1    1    1    1    1    1    1    9   11  9.83650E+03 0.00443 
  100    1    1    1    1    1    1    1   10    1  0.00000E+00 0.00000 
  101    1    1    1    1    1    1    1   10    2  1.02246E+04 0.00418 
  102    1    1    1    1    1    1    1   10    3  1.00009E+04 0.00418 
  103    1    1    1    1    1    1    1   10    4  0.00000E+00 0.00000 
  104    1    1    1    1    1    1    1   10    5  9.51022E+03 0.00432 
  105    1    1    1    1    1    1    1   10    6  9.35077E+03 0.00433 
  106    1    1    1    1    1    1    1   10    7  0.00000E+00 0.00000 
  107    1    1    1    1    1    1    1   10    8  9.37699E+03 0.00440 
  108    1    1    1    1    1    1    1   10    9  9.68373E+03 0.00437 
  109    1    1    1    1    1    1    1   10   10  0.00000E+00 0.00000 
