
ZAI = [
922350
922380
666
0
];

NAMES = [
'U235            '
'U238            '
'lost            '
'total           '
];

i922350 = 1; iU235             = 1;
i922380 = 2; iU238             = 2;
iLOST    = 3;
iTOT     = 4;

MAT_un_VOLUME = [ 2.32117E+05 2.32117E+05 ];

MAT_un_BURNUP = [ 0.00000E+00 4.93835E+01 ];

MAT_un_ADENS = [
4.83387E-03 3.33852E-03 % U235
1.93936E-02 1.88149E-02 % U238
0.00000E+00 5.14116E-30 % lost data
7.26897E-02 7.39707E-02 % total
];

MAT_un_MDENS = [
1.88669E+00 1.30304E+00 % U235
7.66628E+00 7.43751E+00 % U238
0.00000E+00 0.00000E+00 % lost data
1.08000E+01 1.07983E+01 % total
];

MAT_un_A = [
3.50167E+10 2.41843E+10 % U235
2.21302E+10 2.14698E+10 % U238
0.00000E+00 0.00000E+00 % lost data
5.71469E+10 3.24711E+18 % total
];

MAT_un_H = [
2.62499E-02 1.81296E-02 % U235
1.51402E-02 1.46884E-02 % U238
0.00000E+00 0.00000E+00 % lost data
4.13901E-02 9.58004E+05 % total
];

MAT_un_SF = [
2.52120E+00 1.74127E+00 % U235
1.20831E+04 1.17225E+04 % U238
0.00000E+00 0.00000E+00 % lost data
1.20856E+04 1.43821E+08 % total
];

MAT_un_GSRC = [
4.42439E+10 3.05571E+10 % U235
1.95971E+09 1.90123E+09 % U238
0.00000E+00 0.00000E+00 % lost data
4.62036E+10 3.48371E+18 % total
];

MAT_un_ING_TOX = [
1.64579E+03 1.13666E+03 % U235
9.95859E+02 9.66141E+02 % U238
0.00000E+00 0.00000E+00 % lost data
2.64164E+03 2.25202E+09 % total
];

MAT_un_INH_TOX = [
2.97642E+05 2.05567E+05 % U235
1.77042E+05 1.71758E+05 % U238
0.00000E+00 0.00000E+00 % lost data
4.74684E+05 9.11568E+10 % total
];

TOT_VOLUME = [ 2.32117E+05 2.32117E+05 ];

TOT_BURNUP = [ 0.00000E+00 4.93835E+01 ];

TOT_ADENS = [
4.83387E-03 3.33852E-03 % U235
1.93936E-02 1.88149E-02 % U238
0.00000E+00 5.14116E-30 % lost data
7.26897E-02 7.39707E-02 % total
];

TOT_MASS = [
4.37933E+05 3.02459E+05 % U235
1.77948E+06 1.72637E+06 % U238
0.00000E+00 0.00000E+00 % lost data
2.50687E+06 2.50648E+06 % total
];

TOT_A = [
3.50167E+10 2.41843E+10 % U235
2.21302E+10 2.14698E+10 % U238
0.00000E+00 0.00000E+00 % lost data
5.71469E+10 3.24711E+18 % total
];

TOT_H = [
2.62499E-02 1.81296E-02 % U235
1.51402E-02 1.46884E-02 % U238
0.00000E+00 0.00000E+00 % lost data
4.13901E-02 9.58004E+05 % total
];

TOT_SF = [
2.52120E+00 1.74127E+00 % U235
1.20831E+04 1.17225E+04 % U238
0.00000E+00 0.00000E+00 % lost data
1.20856E+04 1.43821E+08 % total
];

TOT_GSRC = [
4.42439E+10 3.05571E+10 % U235
1.95971E+09 1.90123E+09 % U238
0.00000E+00 0.00000E+00 % lost data
4.62036E+10 3.48371E+18 % total
];

TOT_ING_TOX = [
1.64579E+03 1.13666E+03 % U235
9.95859E+02 9.66141E+02 % U238
0.00000E+00 0.00000E+00 % lost data
2.64164E+03 2.25202E+09 % total
];

TOT_INH_TOX = [
2.97642E+05 2.05567E+05 % U235
1.77042E+05 1.71758E+05 % U238
0.00000E+00 0.00000E+00 % lost data
4.74684E+05 9.11568E+10 % total
];

BU = [ 0.00000E+00 4.93819E+01 ];

DAYS = [ 0.00000E+00 7.30000E+03 ];
