
DETassem1 = [
    1    1    1    1    1    1    1    1    1    1  0.00000E+00 0.00000 
    2    1    1    1    1    1    1    1    1    2  0.00000E+00 0.00000 
    3    1    1    1    1    1    1    1    1    3  0.00000E+00 0.00000 
    4    1    1    1    1    1    1    1    1    4  0.00000E+00 0.00000 
    5    1    1    1    1    1    1    1    1    5  0.00000E+00 0.00000 
    6    1    1    1    1    1    1    1    1    6  0.00000E+00 0.00000 
    7    1    1    1    1    1    1    1    1    7  0.00000E+00 0.00000 
    8    1    1    1    1    1    1    1    1    8  1.88825E+04 0.00348 
    9    1    1    1    1    1    1    1    1    9  1.48853E+04 0.00373 
   10    1    1    1    1    1    1    1    1   10  0.00000E+00 0.00000 
   11    1    1    1    1    1    1    1    1   11  1.18001E+04 0.00403 
   12    1    1    1    1    1    1    1    2    1  2.01049E+04 0.00335 
   13    1    1    1    1    1    1    1    2    2  0.00000E+00 0.00000 
   14    1    1    1    1    1    1    1    2    3  0.00000E+00 0.00000 
   15    1    1    1    1    1    1    1    2    4  0.00000E+00 0.00000 
   16    1    1    1    1    1    1    1    2    5  0.00000E+00 0.00000 
   17    1    1    1    1    1    1    1    2    6  2.00868E+04 0.00339 
   18    1    1    1    1    1    1    1    2    7  1.65387E+04 0.00358 
   19    1    1    1    1    1    1    1    2    8  0.00000E+00 0.00000 
   20    1    1    1    1    1    1    1    2    9  1.24509E+04 0.00400 
   21    1    1    1    1    1    1    1    2   10  1.16471E+04 0.00408 
   22    1    1    1    1    1    1    1    2   11  0.00000E+00 0.00000 
   23    1    1    1    1    1    1    1    3    1  1.63898E+04 0.00357 
   24    1    1    1    1    1    1    1    3    2  1.88139E+04 0.00344 
   25    1    1    1    1    1    1    1    3    3  0.00000E+00 0.00000 
   26    1    1    1    1    1    1    1    3    4  1.88242E+04 0.00347 
   27    1    1    1    1    1    1    1    3    5  1.65227E+04 0.00358 
   28    1    1    1    1    1    1    1    3    6  0.00000E+00 0.00000 
   29    1    1    1    1    1    1    1    3    7  1.31706E+04 0.00393 
   30    1    1    1    1    1    1    1    3    8  1.21014E+04 0.00405 
   31    1    1    1    1    1    1    1    3    9  0.00000E+00 0.00000 
   32    1    1    1    1    1    1    1    3   10  0.00000E+00 0.00000 
   33    1    1    1    1    1    1    1    3   11  1.06925E+04 0.00417 
   34    1    1    1    1    1    1    1    4    1  0.00000E+00 0.00000 
   35    1    1    1    1    1    1    1    4    2  1.48598E+04 0.00371 
   36    1    1    1    1    1    1    1    4    3  1.48651E+04 0.00368 
   37    1    1    1    1    1    1    1    4    4  0.00000E+00 0.00000 
   38    1    1    1    1    1    1    1    4    5  1.30399E+04 0.00388 
   39    1    1    1    1    1    1    1    4    6  1.22607E+04 0.00390 
   40    1    1    1    1    1    1    1    4    7  0.00000E+00 0.00000 
   41    1    1    1    1    1    1    1    4    8  1.09937E+04 0.00408 
   42    1    1    1    1    1    1    1    4    9  1.08711E+04 0.00413 
   43    1    1    1    1    1    1    1    4   10  0.00000E+00 0.00000 
   44    1    1    1    1    1    1    1    4   11  1.01351E+04 0.00425 
   45    1    1    1    1    1    1    1    5    1  1.25048E+04 0.00400 
   46    1    1    1    1    1    1    1    5    2  0.00000E+00 0.00000 
   47    1    1    1    1    1    1    1    5    3  1.24835E+04 0.00394 
   48    1    1    1    1    1    1    1    5    4  1.20440E+04 0.00401 
   49    1    1    1    1    1    1    1    5    5  0.00000E+00 0.00000 
   50    1    1    1    1    1    1    1    5    6  1.11054E+04 0.00409 
   51    1    1    1    1    1    1    1    5    7  1.07096E+04 0.00414 
   52    1    1    1    1    1    1    1    5    8  0.00000E+00 0.00000 
   53    1    1    1    1    1    1    1    5    9  1.02372E+04 0.00419 
   54    1    1    1    1    1    1    1    5   10  1.01697E+04 0.00431 
   55    1    1    1    1    1    1    1    5   11  0.00000E+00 0.00000 
   56    1    1    1    1    1    1    1    6    1  1.17527E+04 0.00394 
   57    1    1    1    1    1    1    1    6    2  1.17188E+04 0.00404 
   58    1    1    1    1    1    1    1    6    3  0.00000E+00 0.00000 
   59    1    1    1    1    1    1    1    6    4  1.09824E+04 0.00409 
   60    1    1    1    1    1    1    1    6    5  1.07135E+04 0.00412 
   61    1    1    1    1    1    1    1    6    6  0.00000E+00 0.00000 
   62    1    1    1    1    1    1    1    6    7  1.04906E+04 0.00415 
   63    1    1    1    1    1    1    1    6    8  1.02576E+04 0.00428 
   64    1    1    1    1    1    1    1    6    9  0.00000E+00 0.00000 
   65    1    1    1    1    1    1    1    6   10  1.01082E+04 0.00421 
   66    1    1    1    1    1    1    1    6   11  0.00000E+00 0.00000 
   67    1    1    1    1    1    1    1    7    1  0.00000E+00 0.00000 
   68    1    1    1    1    1    1    1    7    2  0.00000E+00 0.00000 
   69    1    1    1    1    1    1    1    7    3  1.08352E+04 0.00412 
   70    1    1    1    1    1    1    1    7    4  0.00000E+00 0.00000 
   71    1    1    1    1    1    1    1    7    5  1.06041E+04 0.00410 
   72    1    1    1    1    1    1    1    7    6  0.00000E+00 0.00000 
   73    1    1    1    1    1    1    1    7    7  0.00000E+00 0.00000 
   74    1    1    1    1    1    1    1    7    8  1.02550E+04 0.00420 
   75    1    1    1    1    1    1    1    7    9  9.88126E+03 0.00427 
   76    1    1    1    1    1    1    1    7   10  0.00000E+00 0.00000 
   77    1    1    1    1    1    1    1    7   11  9.74192E+03 0.00433 
   78    1    1    1    1    1    1    1    8    1  1.06917E+04 0.00410 
   79    1    1    1    1    1    1    1    8    2  0.00000E+00 0.00000 
   80    1    1    1    1    1    1    1    8    3  1.01970E+04 0.00430 
   81    1    1    1    1    1    1    1    8    4  1.01994E+04 0.00414 
   82    1    1    1    1    1    1    1    8    5  0.00000E+00 0.00000 
   83    1    1    1    1    1    1    1    8    6  1.08770E+04 0.00421 
   84    1    1    1    1    1    1    1    8    7  0.00000E+00 0.00000 
   85    1    1    1    1    1    1    1    8    8  0.00000E+00 0.00000 
   86    1    1    1    1    1    1    1    8    9  9.73633E+03 0.00426 
   87    1    1    1    1    1    1    1    8   10  9.57101E+03 0.00444 
   88    1    1    1    1    1    1    1    8   11  0.00000E+00 0.00000 
   89    1    1    1    1    1    1    1    9    1  1.00428E+04 0.00417 
   90    1    1    1    1    1    1    1    9    2  1.00510E+04 0.00411 
   91    1    1    1    1    1    1    1    9    3  0.00000E+00 0.00000 
   92    1    1    1    1    1    1    1    9    4  1.02291E+04 0.00422 
   93    1    1    1    1    1    1    1    9    5  0.00000E+00 0.00000 
   94    1    1    1    1    1    1    1    9    6  0.00000E+00 0.00000 
   95    1    1    1    1    1    1    1    9    7  1.01464E+04 0.00420 
   96    1    1    1    1    1    1    1    9    8  9.99934E+03 0.00421 
   97    1    1    1    1    1    1    1    9    9  0.00000E+00 0.00000 
   98    1    1    1    1    1    1    1    9   10  9.38332E+03 0.00436 
   99    1    1    1    1    1    1    1    9   11  9.40646E+03 0.00438 
  100    1    1    1    1    1    1    1   10    1  0.00000E+00 0.00000 
  101    1    1    1    1    1    1    1   10    2  1.00887E+04 0.00425 
  102    1    1    1    1    1    1    1   10    3  9.86864E+03 0.00442 
  103    1    1    1    1    1    1    1   10    4  0.00000E+00 0.00000 
  104    1    1    1    1    1    1    1   10    5  1.01381E+04 0.00421 
  105    1    1    1    1    1    1    1   10    6  9.93652E+03 0.00426 
  106    1    1    1    1    1    1    1   10    7  0.00000E+00 0.00000 
  107    1    1    1    1    1    1    1   10    8  0.00000E+00 0.00000 
  108    1    1    1    1    1    1    1   10    9  9.62384E+03 0.00434 
  109    1    1    1    1    1    1    1   10   10  0.00000E+00 0.00000 
