
DETassem1 = [
    1    1    1    1    1    1    1    1    1    1  0.00000E+00 0.00000 
    2    1    1    1    1    1    1    1    1    2  0.00000E+00 0.00000 
    3    1    1    1    1    1    1    1    1    3  0.00000E+00 0.00000 
    4    1    1    1    1    1    1    1    1    4  0.00000E+00 0.00000 
    5    1    1    1    1    1    1    1    1    5  0.00000E+00 0.00000 
    6    1    1    1    1    1    1    1    1    6  0.00000E+00 0.00000 
    7    1    1    1    1    1    1    1    1    7  0.00000E+00 0.00000 
    8    1    1    1    1    1    1    1    1    8  0.00000E+00 0.00000 
    9    1    1    1    1    1    1    1    1    9  1.65013E+04 0.00357 
   10    1    1    1    1    1    1    1    1   10  0.00000E+00 0.00000 
   11    1    1    1    1    1    1    1    1   11  1.10001E+04 0.00419 
   12    1    1    1    1    1    1    1    2    1  2.16664E+04 0.00337 
   13    1    1    1    1    1    1    1    2    2  0.00000E+00 0.00000 
   14    1    1    1    1    1    1    1    2    3  0.00000E+00 0.00000 
   15    1    1    1    1    1    1    1    2    4  0.00000E+00 0.00000 
   16    1    1    1    1    1    1    1    2    5  0.00000E+00 0.00000 
   17    1    1    1    1    1    1    1    2    6  2.17933E+04 0.00325 
   18    1    1    1    1    1    1    1    2    7  1.80840E+04 0.00350 
   19    1    1    1    1    1    1    1    2    8  0.00000E+00 0.00000 
   20    1    1    1    1    1    1    1    2    9  1.27768E+04 0.00390 
   21    1    1    1    1    1    1    1    2   10  1.10457E+04 0.00419 
   22    1    1    1    1    1    1    1    2   11  0.00000E+00 0.00000 
   23    1    1    1    1    1    1    1    3    1  1.82925E+04 0.00339 
   24    1    1    1    1    1    1    1    3    2  0.00000E+00 0.00000 
   25    1    1    1    1    1    1    1    3    3  0.00000E+00 0.00000 
   26    1    1    1    1    1    1    1    3    4  0.00000E+00 0.00000 
   27    1    1    1    1    1    1    1    3    5  1.81208E+04 0.00352 
   28    1    1    1    1    1    1    1    3    6  0.00000E+00 0.00000 
   29    1    1    1    1    1    1    1    3    7  1.35731E+04 0.00382 
   30    1    1    1    1    1    1    1    3    8  1.20913E+04 0.00408 
   31    1    1    1    1    1    1    1    3    9  0.00000E+00 0.00000 
   32    1    1    1    1    1    1    1    3   10  9.99836E+03 0.00422 
   33    1    1    1    1    1    1    1    3   11  9.49790E+03 0.00436 
   34    1    1    1    1    1    1    1    4    1  0.00000E+00 0.00000 
   35    1    1    1    1    1    1    1    4    2  1.63761E+04 0.00368 
   36    1    1    1    1    1    1    1    4    3  1.65366E+04 0.00363 
   37    1    1    1    1    1    1    1    4    4  0.00000E+00 0.00000 
   38    1    1    1    1    1    1    1    4    5  1.35288E+04 0.00386 
   39    1    1    1    1    1    1    1    4    6  1.21364E+04 0.00404 
   40    1    1    1    1    1    1    1    4    7  0.00000E+00 0.00000 
   41    1    1    1    1    1    1    1    4    8  1.03626E+04 0.00425 
   42    1    1    1    1    1    1    1    4    9  9.81842E+03 0.00427 
   43    1    1    1    1    1    1    1    4   10  0.00000E+00 0.00000 
   44    1    1    1    1    1    1    1    4   11  9.26031E+03 0.00420 
   45    1    1    1    1    1    1    1    5    1  1.27174E+04 0.00395 
   46    1    1    1    1    1    1    1    5    2  0.00000E+00 0.00000 
   47    1    1    1    1    1    1    1    5    3  1.27268E+04 0.00390 
   48    1    1    1    1    1    1    1    5    4  1.22242E+04 0.00406 
   49    1    1    1    1    1    1    1    5    5  0.00000E+00 0.00000 
   50    1    1    1    1    1    1    1    5    6  1.05104E+04 0.00426 
   51    1    1    1    1    1    1    1    5    7  1.00101E+04 0.00429 
   52    1    1    1    1    1    1    1    5    8  0.00000E+00 0.00000 
   53    1    1    1    1    1    1    1    5    9  9.23186E+03 0.00437 
   54    1    1    1    1    1    1    1    5   10  9.13361E+03 0.00445 
   55    1    1    1    1    1    1    1    5   11  0.00000E+00 0.00000 
   56    1    1    1    1    1    1    1    6    1  1.10989E+04 0.00418 
   57    1    1    1    1    1    1    1    6    2  1.10812E+04 0.00415 
   58    1    1    1    1    1    1    1    6    3  0.00000E+00 0.00000 
   59    1    1    1    1    1    1    1    6    4  1.03387E+04 0.00424 
   60    1    1    1    1    1    1    1    6    5  1.00113E+04 0.00429 
   61    1    1    1    1    1    1    1    6    6  0.00000E+00 0.00000 
   62    1    1    1    1    1    1    1    6    7  9.32059E+03 0.00441 
   63    1    1    1    1    1    1    1    6    8  9.00571E+03 0.00432 
   64    1    1    1    1    1    1    1    6    9  0.00000E+00 0.00000 
   65    1    1    1    1    1    1    1    6   10  8.90137E+03 0.00436 
   66    1    1    1    1    1    1    1    6   11  8.91113E+03 0.00443 
   67    1    1    1    1    1    1    1    7    1  0.00000E+00 0.00000 
   68    1    1    1    1    1    1    1    7    2  9.98024E+03 0.00430 
   69    1    1    1    1    1    1    1    7    3  9.79517E+03 0.00427 
   70    1    1    1    1    1    1    1    7    4  0.00000E+00 0.00000 
   71    1    1    1    1    1    1    1    7    5  9.26193E+03 0.00435 
   72    1    1    1    1    1    1    1    7    6  9.06466E+03 0.00438 
   73    1    1    1    1    1    1    1    7    7  0.00000E+00 0.00000 
   74    1    1    1    1    1    1    1    7    8  8.81172E+03 0.00436 
   75    1    1    1    1    1    1    1    7    9  8.69753E+03 0.00457 
   76    1    1    1    1    1    1    1    7   10  0.00000E+00 0.00000 
   77    1    1    1    1    1    1    1    7   11  8.68243E+03 0.00456 
   78    1    1    1    1    1    1    1    8    1  9.56767E+03 0.00431 
   79    1    1    1    1    1    1    1    8    2  0.00000E+00 0.00000 
   80    1    1    1    1    1    1    1    8    3  9.19470E+03 0.00430 
   81    1    1    1    1    1    1    1    8    4  9.03877E+03 0.00446 
   82    1    1    1    1    1    1    1    8    5  0.00000E+00 0.00000 
   83    1    1    1    1    1    1    1    8    6  8.75070E+03 0.00439 
   84    1    1    1    1    1    1    1    8    7  8.64436E+03 0.00446 
   85    1    1    1    1    1    1    1    8    8  0.00000E+00 0.00000 
   86    1    1    1    1    1    1    1    8    9  8.49975E+03 0.00446 
   87    1    1    1    1    1    1    1    8   10  8.45793E+03 0.00458 
   88    1    1    1    1    1    1    1    8   11  0.00000E+00 0.00000 
   89    1    1    1    1    1    1    1    9    1  9.30619E+03 0.00435 
   90    1    1    1    1    1    1    1    9    2  9.00501E+03 0.00429 
   91    1    1    1    1    1    1    1    9    3  0.00000E+00 0.00000 
   92    1    1    1    1    1    1    1    9    4  8.74456E+03 0.00447 
   93    1    1    1    1    1    1    1    9    5  8.61495E+03 0.00458 
   94    1    1    1    1    1    1    1    9    6  0.00000E+00 0.00000 
   95    1    1    1    1    1    1    1    9    7  8.41927E+03 0.00440 
   96    1    1    1    1    1    1    1    9    8  8.34769E+03 0.00459 
   97    1    1    1    1    1    1    1    9    9  0.00000E+00 0.00000 
   98    1    1    1    1    1    1    1    9   10  8.19834E+03 0.00452 
   99    1    1    1    1    1    1    1    9   11  8.21011E+03 0.00467 
  100    1    1    1    1    1    1    1   10    1  0.00000E+00 0.00000 
  101    1    1    1    1    1    1    1   10    2  8.86160E+03 0.00445 
  102    1    1    1    1    1    1    1   10    3  8.70137E+03 0.00454 
  103    1    1    1    1    1    1    1   10    4  0.00000E+00 0.00000 
  104    1    1    1    1    1    1    1   10    5  8.46805E+03 0.00455 
  105    1    1    1    1    1    1    1   10    6  8.40564E+03 0.00457 
  106    1    1    1    1    1    1    1   10    7  0.00000E+00 0.00000 
  107    1    1    1    1    1    1    1   10    8  8.16601E+03 0.00449 
  108    1    1    1    1    1    1    1   10    9  8.07087E+03 0.00466 
  109    1    1    1    1    1    1    1   10   10  0.00000E+00 0.00000 
