
ZAI = [
922350
922380
666
0
];

NAMES = [
'U235            '
'U238            '
'lost            '
'total           '
];

i922350 = 1; iU235             = 1;
i922380 = 2; iU238             = 2;
iLOST    = 3;
iTOT     = 4;

MAT_un_VOLUME = [ 2.31277E+05 2.31277E+05 ];

MAT_un_BURNUP = [ 0.00000E+00 4.95630E+01 ];

MAT_un_ADENS = [
4.83387E-03 3.33298E-03 % U235
1.93936E-02 1.88094E-02 % U238
0.00000E+00 4.34683E-30 % lost data
7.26897E-02 7.39757E-02 % total
];

MAT_un_MDENS = [
1.88669E+00 1.30088E+00 % U235
7.66628E+00 7.43533E+00 % U238
0.00000E+00 0.00000E+00 % lost data
1.08000E+01 1.07983E+01 % total
];

MAT_un_A = [
3.48899E+10 2.40567E+10 % U235
2.20500E+10 2.13858E+10 % U238
0.00000E+00 0.00000E+00 % lost data
5.69399E+10 3.25100E+18 % total
];

MAT_un_H = [
2.61549E-02 1.80339E-02 % U235
1.50854E-02 1.46309E-02 % U238
0.00000E+00 0.00000E+00 % lost data
4.12402E-02 9.58314E+05 % total
];

MAT_un_SF = [
2.51207E+00 1.73209E+00 % U235
1.20393E+04 1.16766E+04 % U238
0.00000E+00 0.00000E+00 % lost data
1.20418E+04 1.46048E+08 % total
];

MAT_un_GSRC = [
4.40836E+10 3.03959E+10 % U235
1.95261E+09 1.89379E+09 % U238
0.00000E+00 0.00000E+00 % lost data
4.60362E+10 3.48824E+18 % total
];

MAT_un_ING_TOX = [
1.63982E+03 1.13067E+03 % U235
9.92252E+02 9.62359E+02 % U238
0.00000E+00 0.00000E+00 % lost data
2.63208E+03 2.25685E+09 % total
];

MAT_un_INH_TOX = [
2.96564E+05 2.04482E+05 % U235
1.76400E+05 1.71086E+05 % U238
0.00000E+00 0.00000E+00 % lost data
4.72964E+05 9.22223E+10 % total
];

TOT_VOLUME = [ 2.31277E+05 2.31277E+05 ];

TOT_BURNUP = [ 0.00000E+00 4.95630E+01 ];

TOT_ADENS = [
4.83387E-03 3.33298E-03 % U235
1.93936E-02 1.88094E-02 % U238
0.00000E+00 4.34683E-30 % lost data
7.26897E-02 7.39757E-02 % total
];

TOT_MASS = [
4.36347E+05 3.00863E+05 % U235
1.77303E+06 1.71962E+06 % U238
0.00000E+00 0.00000E+00 % lost data
2.49779E+06 2.49740E+06 % total
];

TOT_A = [
3.48899E+10 2.40567E+10 % U235
2.20500E+10 2.13858E+10 % U238
0.00000E+00 0.00000E+00 % lost data
5.69399E+10 3.25100E+18 % total
];

TOT_H = [
2.61549E-02 1.80339E-02 % U235
1.50854E-02 1.46309E-02 % U238
0.00000E+00 0.00000E+00 % lost data
4.12402E-02 9.58314E+05 % total
];

TOT_SF = [
2.51207E+00 1.73209E+00 % U235
1.20393E+04 1.16766E+04 % U238
0.00000E+00 0.00000E+00 % lost data
1.20418E+04 1.46048E+08 % total
];

TOT_GSRC = [
4.40836E+10 3.03959E+10 % U235
1.95261E+09 1.89379E+09 % U238
0.00000E+00 0.00000E+00 % lost data
4.60362E+10 3.48824E+18 % total
];

TOT_ING_TOX = [
1.63982E+03 1.13067E+03 % U235
9.92252E+02 9.62359E+02 % U238
0.00000E+00 0.00000E+00 % lost data
2.63208E+03 2.25685E+09 % total
];

TOT_INH_TOX = [
2.96564E+05 2.04482E+05 % U235
1.76400E+05 1.71086E+05 % U238
0.00000E+00 0.00000E+00 % lost data
4.72964E+05 9.22223E+10 % total
];

BU = [ 0.00000E+00 4.95615E+01 ];

DAYS = [ 0.00000E+00 7.30000E+03 ];
