
ZAI = [
922350
922380
666
0
];

NAMES = [
'U235            '
'U238            '
'lost            '
'total           '
];

i922350 = 1; iU235             = 1;
i922380 = 2; iU238             = 2;
iLOST    = 3;
iTOT     = 4;

MAT_un_VOLUME = [ 2.36029E+05 2.36029E+05 ];

MAT_un_BURNUP = [ 0.00000E+00 4.85651E+01 ];

MAT_un_ADENS = [
4.83387E-03 3.35985E-03 % U235
1.93936E-02 1.88199E-02 % U238
0.00000E+00 4.01139E-30 % lost data
7.26897E-02 7.39496E-02 % total
];

MAT_un_MDENS = [
1.88669E+00 1.31137E+00 % U235
7.66628E+00 7.43948E+00 % U238
0.00000E+00 0.00000E+00 % lost data
1.08000E+01 1.07984E+01 % total
];

MAT_un_A = [
3.56068E+10 2.47490E+10 % U235
2.25031E+10 2.18374E+10 % U238
0.00000E+00 0.00000E+00 % lost data
5.81099E+10 3.25212E+18 % total
];

MAT_un_H = [
2.66923E-02 1.85529E-02 % U235
1.53953E-02 1.49399E-02 % U238
0.00000E+00 0.00000E+00 % lost data
4.20876E-02 9.59020E+05 % total
];

MAT_un_SF = [
2.56369E+00 1.78193E+00 % U235
1.22867E+04 1.19232E+04 % U238
0.00000E+00 0.00000E+00 % lost data
1.22893E+04 1.40280E+08 % total
];

MAT_un_GSRC = [
4.49894E+10 3.12706E+10 % U235
1.99273E+09 1.93378E+09 % U238
0.00000E+00 0.00000E+00 % lost data
4.69822E+10 3.48978E+18 % total
];

MAT_un_ING_TOX = [
1.67352E+03 1.16320E+03 % U235
1.01264E+03 9.82683E+02 % U238
0.00000E+00 0.00000E+00 % lost data
2.68616E+03 2.25167E+09 % total
];

MAT_un_INH_TOX = [
3.02658E+05 2.10367E+05 % U235
1.80025E+05 1.74699E+05 % U238
0.00000E+00 0.00000E+00 % lost data
4.82683E+05 9.03484E+10 % total
];

TOT_VOLUME = [ 2.36029E+05 2.36029E+05 ];

TOT_BURNUP = [ 0.00000E+00 4.85651E+01 ];

TOT_ADENS = [
4.83387E-03 3.35985E-03 % U235
1.93936E-02 1.88199E-02 % U238
0.00000E+00 4.01139E-30 % lost data
7.26897E-02 7.39496E-02 % total
];

TOT_MASS = [
4.45313E+05 3.09521E+05 % U235
1.80946E+06 1.75593E+06 % U238
0.00000E+00 0.00000E+00 % lost data
2.54911E+06 2.54872E+06 % total
];

TOT_A = [
3.56068E+10 2.47490E+10 % U235
2.25031E+10 2.18374E+10 % U238
0.00000E+00 0.00000E+00 % lost data
5.81099E+10 3.25212E+18 % total
];

TOT_H = [
2.66923E-02 1.85529E-02 % U235
1.53953E-02 1.49399E-02 % U238
0.00000E+00 0.00000E+00 % lost data
4.20876E-02 9.59020E+05 % total
];

TOT_SF = [
2.56369E+00 1.78193E+00 % U235
1.22867E+04 1.19232E+04 % U238
0.00000E+00 0.00000E+00 % lost data
1.22893E+04 1.40280E+08 % total
];

TOT_GSRC = [
4.49894E+10 3.12706E+10 % U235
1.99273E+09 1.93378E+09 % U238
0.00000E+00 0.00000E+00 % lost data
4.69822E+10 3.48978E+18 % total
];

TOT_ING_TOX = [
1.67352E+03 1.16320E+03 % U235
1.01264E+03 9.82683E+02 % U238
0.00000E+00 0.00000E+00 % lost data
2.68616E+03 2.25167E+09 % total
];

TOT_INH_TOX = [
3.02658E+05 2.10367E+05 % U235
1.80025E+05 1.74699E+05 % U238
0.00000E+00 0.00000E+00 % lost data
4.82683E+05 9.03484E+10 % total
];

BU = [ 0.00000E+00 4.85636E+01 ];

DAYS = [ 0.00000E+00 7.30000E+03 ];
