
ZAI = [
922350
922380
666
0
];

NAMES = [
'U235            '
'U238            '
'lost            '
'total           '
];

i922350 = 1; iU235             = 1;
i922380 = 2; iU238             = 2;
iLOST    = 3;
iTOT     = 4;

MAT_un_VOLUME = [ 2.21927E+05 2.21927E+05 ];

MAT_un_BURNUP = [ 0.00000E+00 5.16510E+01 ];

MAT_un_ADENS = [
4.83387E-03 3.27968E-03 % U235
1.93936E-02 1.88006E-02 % U238
0.00000E+00 6.05080E-30 % lost data
7.26897E-02 7.40297E-02 % total
];

MAT_un_MDENS = [
1.88669E+00 1.28008E+00 % U235
7.66628E+00 7.43186E+00 % U238
0.00000E+00 0.00000E+00 % lost data
1.08000E+01 1.07982E+01 % total
];

MAT_un_A = [
3.34795E+10 2.27151E+10 % U235
2.11587E+10 2.05117E+10 % U238
0.00000E+00 0.00000E+00 % lost data
5.46382E+10 3.23527E+18 % total
];

MAT_un_H = [
2.50976E-02 1.70282E-02 % U235
1.44755E-02 1.40329E-02 % U238
0.00000E+00 0.00000E+00 % lost data
3.95731E-02 9.55449E+05 % total
];

MAT_un_SF = [
2.41052E+00 1.63549E+00 % U235
1.15526E+04 1.11994E+04 % U238
0.00000E+00 0.00000E+00 % lost data
1.15550E+04 1.58597E+08 % total
];

MAT_un_GSRC = [
4.23015E+10 2.87007E+10 % U235
1.87368E+09 1.81638E+09 % U238
0.00000E+00 0.00000E+00 % lost data
4.41752E+10 3.46888E+18 % total
];

MAT_un_ING_TOX = [
1.57354E+03 1.06761E+03 % U235
9.52141E+02 9.23026E+02 % U238
0.00000E+00 0.00000E+00 % lost data
2.52568E+03 2.25758E+09 % total
];

MAT_un_INH_TOX = [
2.84576E+05 1.93079E+05 % U235
1.69269E+05 1.64093E+05 % U238
0.00000E+00 0.00000E+00 % lost data
4.53845E+05 9.49520E+10 % total
];

TOT_VOLUME = [ 2.21927E+05 2.21927E+05 ];

TOT_BURNUP = [ 0.00000E+00 5.16510E+01 ];

TOT_ADENS = [
4.83387E-03 3.27968E-03 % U235
1.93936E-02 1.88006E-02 % U238
0.00000E+00 6.05080E-30 % lost data
7.26897E-02 7.40297E-02 % total
];

TOT_MASS = [
4.18708E+05 2.84085E+05 % U235
1.70136E+06 1.64933E+06 % U238
0.00000E+00 0.00000E+00 % lost data
2.39682E+06 2.39642E+06 % total
];

TOT_A = [
3.34795E+10 2.27151E+10 % U235
2.11587E+10 2.05117E+10 % U238
0.00000E+00 0.00000E+00 % lost data
5.46382E+10 3.23527E+18 % total
];

TOT_H = [
2.50976E-02 1.70282E-02 % U235
1.44755E-02 1.40329E-02 % U238
0.00000E+00 0.00000E+00 % lost data
3.95731E-02 9.55449E+05 % total
];

TOT_SF = [
2.41052E+00 1.63549E+00 % U235
1.15526E+04 1.11994E+04 % U238
0.00000E+00 0.00000E+00 % lost data
1.15550E+04 1.58597E+08 % total
];

TOT_GSRC = [
4.23015E+10 2.87007E+10 % U235
1.87368E+09 1.81638E+09 % U238
0.00000E+00 0.00000E+00 % lost data
4.41752E+10 3.46888E+18 % total
];

TOT_ING_TOX = [
1.57354E+03 1.06761E+03 % U235
9.52141E+02 9.23026E+02 % U238
0.00000E+00 0.00000E+00 % lost data
2.52568E+03 2.25758E+09 % total
];

TOT_INH_TOX = [
2.84576E+05 1.93079E+05 % U235
1.69269E+05 1.64093E+05 % U238
0.00000E+00 0.00000E+00 % lost data
4.53845E+05 9.49520E+10 % total
];

BU = [ 0.00000E+00 5.16493E+01 ];

DAYS = [ 0.00000E+00 7.30000E+03 ];
