
DETassem1 = [
    1    1    1    1    1    1    1    1    1    1  0.00000E+00 0.00000 
    2    1    1    1    1    1    1    1    1    2  0.00000E+00 0.00000 
    3    1    1    1    1    1    1    1    1    3  0.00000E+00 0.00000 
    4    1    1    1    1    1    1    1    1    4  0.00000E+00 0.00000 
    5    1    1    1    1    1    1    1    1    5  0.00000E+00 0.00000 
    6    1    1    1    1    1    1    1    1    6  0.00000E+00 0.00000 
    7    1    1    1    1    1    1    1    1    7  0.00000E+00 0.00000 
    8    1    1    1    1    1    1    1    1    8  0.00000E+00 0.00000 
    9    1    1    1    1    1    1    1    1    9  1.96151E+04 0.00358 
   10    1    1    1    1    1    1    1    1   10  0.00000E+00 0.00000 
   11    1    1    1    1    1    1    1    1   11  1.37721E+04 0.00402 
   12    1    1    1    1    1    1    1    2    1  2.57492E+04 0.00328 
   13    1    1    1    1    1    1    1    2    2  0.00000E+00 0.00000 
   14    1    1    1    1    1    1    1    2    3  0.00000E+00 0.00000 
   15    1    1    1    1    1    1    1    2    4  0.00000E+00 0.00000 
   16    1    1    1    1    1    1    1    2    5  0.00000E+00 0.00000 
   17    1    1    1    1    1    1    1    2    6  2.57350E+04 0.00329 
   18    1    1    1    1    1    1    1    2    7  2.19997E+04 0.00345 
   19    1    1    1    1    1    1    1    2    8  0.00000E+00 0.00000 
   20    1    1    1    1    1    1    1    2    9  1.52296E+04 0.00393 
   21    1    1    1    1    1    1    1    2   10  1.37035E+04 0.00400 
   22    1    1    1    1    1    1    1    2   11  0.00000E+00 0.00000 
   23    1    1    1    1    1    1    1    3    1  2.20469E+04 0.00345 
   24    1    1    1    1    1    1    1    3    2  0.00000E+00 0.00000 
   25    1    1    1    1    1    1    1    3    3  0.00000E+00 0.00000 
   26    1    1    1    1    1    1    1    3    4  0.00000E+00 0.00000 
   27    1    1    1    1    1    1    1    3    5  2.19541E+04 0.00347 
   28    1    1    1    1    1    1    1    3    6  0.00000E+00 0.00000 
   29    1    1    1    1    1    1    1    3    7  0.00000E+00 0.00000 
   30    1    1    1    1    1    1    1    3    8  1.52758E+04 0.00386 
   31    1    1    1    1    1    1    1    3    9  0.00000E+00 0.00000 
   32    1    1    1    1    1    1    1    3   10  0.00000E+00 0.00000 
   33    1    1    1    1    1    1    1    3   11  1.25748E+04 0.00412 
   34    1    1    1    1    1    1    1    4    1  0.00000E+00 0.00000 
   35    1    1    1    1    1    1    1    4    2  1.95035E+04 0.00362 
   36    1    1    1    1    1    1    1    4    3  1.94733E+04 0.00357 
   37    1    1    1    1    1    1    1    4    4  0.00000E+00 0.00000 
   38    1    1    1    1    1    1    1    4    5  0.00000E+00 0.00000 
   39    1    1    1    1    1    1    1    4    6  1.59769E+04 0.00383 
   40    1    1    1    1    1    1    1    4    7  0.00000E+00 0.00000 
   41    1    1    1    1    1    1    1    4    8  1.34557E+04 0.00414 
   42    1    1    1    1    1    1    1    4    9  0.00000E+00 0.00000 
   43    1    1    1    1    1    1    1    4   10  0.00000E+00 0.00000 
   44    1    1    1    1    1    1    1    4   11  0.00000E+00 0.00000 
   45    1    1    1    1    1    1    1    5    1  1.53828E+04 0.00388 
   46    1    1    1    1    1    1    1    5    2  0.00000E+00 0.00000 
   47    1    1    1    1    1    1    1    5    3  1.54318E+04 0.00386 
   48    1    1    1    1    1    1    1    5    4  1.51935E+04 0.00392 
   49    1    1    1    1    1    1    1    5    5  0.00000E+00 0.00000 
   50    1    1    1    1    1    1    1    5    6  1.37340E+04 0.00399 
   51    1    1    1    1    1    1    1    5    7  0.00000E+00 0.00000 
   52    1    1    1    1    1    1    1    5    8  0.00000E+00 0.00000 
   53    1    1    1    1    1    1    1    5    9  1.15275E+04 0.00426 
   54    1    1    1    1    1    1    1    5   10  1.11173E+04 0.00431 
   55    1    1    1    1    1    1    1    5   11  0.00000E+00 0.00000 
   56    1    1    1    1    1    1    1    6    1  1.37242E+04 0.00402 
   57    1    1    1    1    1    1    1    6    2  1.37838E+04 0.00410 
   58    1    1    1    1    1    1    1    6    3  0.00000E+00 0.00000 
   59    1    1    1    1    1    1    1    6    4  1.34961E+04 0.00399 
   60    1    1    1    1    1    1    1    6    5  0.00000E+00 0.00000 
   61    1    1    1    1    1    1    1    6    6  0.00000E+00 0.00000 
   62    1    1    1    1    1    1    1    6    7  1.14696E+04 0.00435 
   63    1    1    1    1    1    1    1    6    8  1.06446E+04 0.00431 
   64    1    1    1    1    1    1    1    6    9  0.00000E+00 0.00000 
   65    1    1    1    1    1    1    1    6   10  1.00482E+04 0.00444 
   66    1    1    1    1    1    1    1    6   11  1.01189E+04 0.00448 
   67    1    1    1    1    1    1    1    7    1  0.00000E+00 0.00000 
   68    1    1    1    1    1    1    1    7    2  0.00000E+00 0.00000 
   69    1    1    1    1    1    1    1    7    3  0.00000E+00 0.00000 
   70    1    1    1    1    1    1    1    7    4  0.00000E+00 0.00000 
   71    1    1    1    1    1    1    1    7    5  1.13364E+04 0.00431 
   72    1    1    1    1    1    1    1    7    6  1.06336E+04 0.00436 
   73    1    1    1    1    1    1    1    7    7  0.00000E+00 0.00000 
   74    1    1    1    1    1    1    1    7    8  9.80278E+03 0.00439 
   75    1    1    1    1    1    1    1    7    9  9.67819E+03 0.00459 
   76    1    1    1    1    1    1    1    7   10  0.00000E+00 0.00000 
   77    1    1    1    1    1    1    1    7   11  9.28012E+03 0.00470 
   78    1    1    1    1    1    1    1    8    1  1.25211E+04 0.00421 
   79    1    1    1    1    1    1    1    8    2  0.00000E+00 0.00000 
   80    1    1    1    1    1    1    1    8    3  1.15425E+04 0.00432 
   81    1    1    1    1    1    1    1    8    4  1.07667E+04 0.00438 
   82    1    1    1    1    1    1    1    8    5  0.00000E+00 0.00000 
   83    1    1    1    1    1    1    1    8    6  9.73380E+03 0.00452 
   84    1    1    1    1    1    1    1    8    7  9.48470E+03 0.00449 
   85    1    1    1    1    1    1    1    8    8  0.00000E+00 0.00000 
   86    1    1    1    1    1    1    1    8    9  9.45897E+03 0.00458 
   87    1    1    1    1    1    1    1    8   10  9.10560E+03 0.00463 
   88    1    1    1    1    1    1    1    8   11  0.00000E+00 0.00000 
   89    1    1    1    1    1    1    1    9    1  0.00000E+00 0.00000 
   90    1    1    1    1    1    1    1    9    2  1.10497E+04 0.00429 
   91    1    1    1    1    1    1    1    9    3  0.00000E+00 0.00000 
   92    1    1    1    1    1    1    1    9    4  9.82623E+03 0.00437 
   93    1    1    1    1    1    1    1    9    5  9.53089E+03 0.00462 
   94    1    1    1    1    1    1    1    9    6  0.00000E+00 0.00000 
   95    1    1    1    1    1    1    1    9    7  9.42958E+03 0.00459 
   96    1    1    1    1    1    1    1    9    8  0.00000E+00 0.00000 
   97    1    1    1    1    1    1    1    9    9  0.00000E+00 0.00000 
   98    1    1    1    1    1    1    1    9   10  8.84497E+03 0.00479 
   99    1    1    1    1    1    1    1    9   11  8.79147E+03 0.00460 
  100    1    1    1    1    1    1    1   10    1  0.00000E+00 0.00000 
  101    1    1    1    1    1    1    1   10    2  1.01102E+04 0.00434 
  102    1    1    1    1    1    1    1   10    3  9.66348E+03 0.00454 
  103    1    1    1    1    1    1    1   10    4  0.00000E+00 0.00000 
  104    1    1    1    1    1    1    1   10    5  9.36400E+03 0.00462 
  105    1    1    1    1    1    1    1   10    6  9.05015E+03 0.00463 
  106    1    1    1    1    1    1    1   10    7  0.00000E+00 0.00000 
  107    1    1    1    1    1    1    1   10    8  8.96889E+03 0.00470 
  108    1    1    1    1    1    1    1   10    9  8.66506E+03 0.00472 
  109    1    1    1    1    1    1    1   10   10  0.00000E+00 0.00000 
