
DETassem1 = [
    1    1    1    1    1    1    1    1    1    1  0.00000E+00 0.00000 
    2    1    1    1    1    1    1    1    1    2  0.00000E+00 0.00000 
    3    1    1    1    1    1    1    1    1    3  0.00000E+00 0.00000 
    4    1    1    1    1    1    1    1    1    4  0.00000E+00 0.00000 
    5    1    1    1    1    1    1    1    1    5  0.00000E+00 0.00000 
    6    1    1    1    1    1    1    1    1    6  0.00000E+00 0.00000 
    7    1    1    1    1    1    1    1    1    7  0.00000E+00 0.00000 
    8    1    1    1    1    1    1    1    1    8  2.05302E+04 0.00333 
    9    1    1    1    1    1    1    1    1    9  0.00000E+00 0.00000 
   10    1    1    1    1    1    1    1    1   10  0.00000E+00 0.00000 
   11    1    1    1    1    1    1    1    1   11  1.21264E+04 0.00407 
   12    1    1    1    1    1    1    1    2    1  2.13008E+04 0.00330 
   13    1    1    1    1    1    1    1    2    2  0.00000E+00 0.00000 
   14    1    1    1    1    1    1    1    2    3  0.00000E+00 0.00000 
   15    1    1    1    1    1    1    1    2    4  0.00000E+00 0.00000 
   16    1    1    1    1    1    1    1    2    5  0.00000E+00 0.00000 
   17    1    1    1    1    1    1    1    2    6  2.11664E+04 0.00334 
   18    1    1    1    1    1    1    1    2    7  1.76781E+04 0.00348 
   19    1    1    1    1    1    1    1    2    8  0.00000E+00 0.00000 
   20    1    1    1    1    1    1    1    2    9  1.38647E+04 0.00382 
   21    1    1    1    1    1    1    1    2   10  1.21300E+04 0.00402 
   22    1    1    1    1    1    1    1    2   11  0.00000E+00 0.00000 
   23    1    1    1    1    1    1    1    3    1  1.78443E+04 0.00353 
   24    1    1    1    1    1    1    1    3    2  2.05726E+04 0.00334 
   25    1    1    1    1    1    1    1    3    3  0.00000E+00 0.00000 
   26    1    1    1    1    1    1    1    3    4  2.05678E+04 0.00339 
   27    1    1    1    1    1    1    1    3    5  1.76350E+04 0.00353 
   28    1    1    1    1    1    1    1    3    6  0.00000E+00 0.00000 
   29    1    1    1    1    1    1    1    3    7  1.39720E+04 0.00387 
   30    1    1    1    1    1    1    1    3    8  1.27991E+04 0.00396 
   31    1    1    1    1    1    1    1    3    9  0.00000E+00 0.00000 
   32    1    1    1    1    1    1    1    3   10  1.10342E+04 0.00410 
   33    1    1    1    1    1    1    1    3   11  1.08226E+04 0.00418 
   34    1    1    1    1    1    1    1    4    1  0.00000E+00 0.00000 
   35    1    1    1    1    1    1    1    4    2  0.00000E+00 0.00000 
   36    1    1    1    1    1    1    1    4    3  0.00000E+00 0.00000 
   37    1    1    1    1    1    1    1    4    4  0.00000E+00 0.00000 
   38    1    1    1    1    1    1    1    4    5  1.39518E+04 0.00375 
   39    1    1    1    1    1    1    1    4    6  1.30928E+04 0.00392 
   40    1    1    1    1    1    1    1    4    7  0.00000E+00 0.00000 
   41    1    1    1    1    1    1    1    4    8  1.12636E+04 0.00403 
   42    1    1    1    1    1    1    1    4    9  1.07432E+04 0.00415 
   43    1    1    1    1    1    1    1    4   10  0.00000E+00 0.00000 
   44    1    1    1    1    1    1    1    4   11  1.08196E+04 0.00408 
   45    1    1    1    1    1    1    1    5    1  1.37754E+04 0.00375 
   46    1    1    1    1    1    1    1    5    2  0.00000E+00 0.00000 
   47    1    1    1    1    1    1    1    5    3  1.38804E+04 0.00382 
   48    1    1    1    1    1    1    1    5    4  1.27991E+04 0.00392 
   49    1    1    1    1    1    1    1    5    5  0.00000E+00 0.00000 
   50    1    1    1    1    1    1    1    5    6  0.00000E+00 0.00000 
   51    1    1    1    1    1    1    1    5    7  1.12645E+04 0.00410 
   52    1    1    1    1    1    1    1    5    8  0.00000E+00 0.00000 
   53    1    1    1    1    1    1    1    5    9  1.03303E+04 0.00419 
   54    1    1    1    1    1    1    1    5   10  1.03780E+04 0.00422 
   55    1    1    1    1    1    1    1    5   11  0.00000E+00 0.00000 
   56    1    1    1    1    1    1    1    6    1  1.21348E+04 0.00400 
   57    1    1    1    1    1    1    1    6    2  1.20136E+04 0.00406 
   58    1    1    1    1    1    1    1    6    3  0.00000E+00 0.00000 
   59    1    1    1    1    1    1    1    6    4  1.13579E+04 0.00403 
   60    1    1    1    1    1    1    1    6    5  1.12909E+04 0.00420 
   61    1    1    1    1    1    1    1    6    6  0.00000E+00 0.00000 
   62    1    1    1    1    1    1    1    6    7  1.05036E+04 0.00410 
   63    1    1    1    1    1    1    1    6    8  1.02791E+04 0.00421 
   64    1    1    1    1    1    1    1    6    9  0.00000E+00 0.00000 
   65    1    1    1    1    1    1    1    6   10  1.02439E+04 0.00428 
   66    1    1    1    1    1    1    1    6   11  1.05872E+04 0.00422 
   67    1    1    1    1    1    1    1    7    1  0.00000E+00 0.00000 
   68    1    1    1    1    1    1    1    7    2  1.10189E+04 0.00415 
   69    1    1    1    1    1    1    1    7    3  1.07827E+04 0.00418 
   70    1    1    1    1    1    1    1    7    4  0.00000E+00 0.00000 
   71    1    1    1    1    1    1    1    7    5  1.04219E+04 0.00425 
   72    1    1    1    1    1    1    1    7    6  1.04279E+04 0.00428 
   73    1    1    1    1    1    1    1    7    7  0.00000E+00 0.00000 
   74    1    1    1    1    1    1    1    7    8  1.02073E+04 0.00428 
   75    1    1    1    1    1    1    1    7    9  1.00827E+04 0.00432 
   76    1    1    1    1    1    1    1    7   10  0.00000E+00 0.00000 
   77    1    1    1    1    1    1    1    7   11  1.03390E+04 0.00424 
   78    1    1    1    1    1    1    1    8    1  1.07115E+04 0.00405 
   79    1    1    1    1    1    1    1    8    2  0.00000E+00 0.00000 
   80    1    1    1    1    1    1    1    8    3  1.02631E+04 0.00428 
   81    1    1    1    1    1    1    1    8    4  1.01973E+04 0.00426 
   82    1    1    1    1    1    1    1    8    5  0.00000E+00 0.00000 
   83    1    1    1    1    1    1    1    8    6  1.04148E+04 0.00430 
   84    1    1    1    1    1    1    1    8    7  0.00000E+00 0.00000 
   85    1    1    1    1    1    1    1    8    8  0.00000E+00 0.00000 
   86    1    1    1    1    1    1    1    8    9  1.01258E+04 0.00421 
   87    1    1    1    1    1    1    1    8   10  0.00000E+00 0.00000 
   88    1    1    1    1    1    1    1    8   11  0.00000E+00 0.00000 
   89    1    1    1    1    1    1    1    9    1  1.08928E+04 0.00410 
   90    1    1    1    1    1    1    1    9    2  1.03897E+04 0.00417 
   91    1    1    1    1    1    1    1    9    3  0.00000E+00 0.00000 
   92    1    1    1    1    1    1    1    9    4  1.01134E+04 0.00419 
   93    1    1    1    1    1    1    1    9    5  0.00000E+00 0.00000 
   94    1    1    1    1    1    1    1    9    6  0.00000E+00 0.00000 
   95    1    1    1    1    1    1    1    9    7  1.01023E+04 0.00429 
   96    1    1    1    1    1    1    1    9    8  9.92429E+03 0.00429 
   97    1    1    1    1    1    1    1    9    9  0.00000E+00 0.00000 
   98    1    1    1    1    1    1    1    9   10  9.71685E+03 0.00445 
   99    1    1    1    1    1    1    1    9   11  9.28523E+03 0.00442 
  100    1    1    1    1    1    1    1   10    1  0.00000E+00 0.00000 
  101    1    1    1    1    1    1    1   10    2  1.01523E+04 0.00434 
  102    1    1    1    1    1    1    1   10    3  1.00166E+04 0.00431 
  103    1    1    1    1    1    1    1   10    4  0.00000E+00 0.00000 
  104    1    1    1    1    1    1    1   10    5  1.01296E+04 0.00426 
  105    1    1    1    1    1    1    1   10    6  9.96446E+03 0.00441 
  106    1    1    1    1    1    1    1   10    7  0.00000E+00 0.00000 
  107    1    1    1    1    1    1    1   10    8  9.81725E+03 0.00448 
  108    1    1    1    1    1    1    1   10    9  9.52028E+03 0.00443 
  109    1    1    1    1    1    1    1   10   10  0.00000E+00 0.00000 
