
DETassem1 = [
    1    1    1    1    1    1    1    1    1    1  0.00000E+00 0.00000 
    2    1    1    1    1    1    1    1    1    2  0.00000E+00 0.00000 
    3    1    1    1    1    1    1    1    1    3  0.00000E+00 0.00000 
    4    1    1    1    1    1    1    1    1    4  0.00000E+00 0.00000 
    5    1    1    1    1    1    1    1    1    5  0.00000E+00 0.00000 
    6    1    1    1    1    1    1    1    1    6  0.00000E+00 0.00000 
    7    1    1    1    1    1    1    1    1    7  0.00000E+00 0.00000 
    8    1    1    1    1    1    1    1    1    8  1.87354E+04 0.00366 
    9    1    1    1    1    1    1    1    1    9  1.43640E+04 0.00391 
   10    1    1    1    1    1    1    1    1   10  0.00000E+00 0.00000 
   11    1    1    1    1    1    1    1    1   11  1.08003E+04 0.00436 
   12    1    1    1    1    1    1    1    2    1  2.01935E+04 0.00360 
   13    1    1    1    1    1    1    1    2    2  0.00000E+00 0.00000 
   14    1    1    1    1    1    1    1    2    3  0.00000E+00 0.00000 
   15    1    1    1    1    1    1    1    2    4  0.00000E+00 0.00000 
   16    1    1    1    1    1    1    1    2    5  0.00000E+00 0.00000 
   17    1    1    1    1    1    1    1    2    6  2.01580E+04 0.00349 
   18    1    1    1    1    1    1    1    2    7  1.61884E+04 0.00380 
   19    1    1    1    1    1    1    1    2    8  0.00000E+00 0.00000 
   20    1    1    1    1    1    1    1    2    9  1.16742E+04 0.00427 
   21    1    1    1    1    1    1    1    2   10  1.07767E+04 0.00430 
   22    1    1    1    1    1    1    1    2   11  0.00000E+00 0.00000 
   23    1    1    1    1    1    1    1    3    1  1.62197E+04 0.00386 
   24    1    1    1    1    1    1    1    3    2  1.86671E+04 0.00360 
   25    1    1    1    1    1    1    1    3    3  0.00000E+00 0.00000 
   26    1    1    1    1    1    1    1    3    4  1.86111E+04 0.00360 
   27    1    1    1    1    1    1    1    3    5  1.62119E+04 0.00386 
   28    1    1    1    1    1    1    1    3    6  0.00000E+00 0.00000 
   29    1    1    1    1    1    1    1    3    7  1.24623E+04 0.00411 
   30    1    1    1    1    1    1    1    3    8  1.12120E+04 0.00427 
   31    1    1    1    1    1    1    1    3    9  0.00000E+00 0.00000 
   32    1    1    1    1    1    1    1    3   10  1.03185E+04 0.00435 
   33    1    1    1    1    1    1    1    3   11  0.00000E+00 0.00000 
   34    1    1    1    1    1    1    1    4    1  0.00000E+00 0.00000 
   35    1    1    1    1    1    1    1    4    2  1.43680E+04 0.00399 
   36    1    1    1    1    1    1    1    4    3  1.44180E+04 0.00396 
   37    1    1    1    1    1    1    1    4    4  0.00000E+00 0.00000 
   38    1    1    1    1    1    1    1    4    5  1.24211E+04 0.00427 
   39    1    1    1    1    1    1    1    4    6  1.13571E+04 0.00414 
   40    1    1    1    1    1    1    1    4    7  0.00000E+00 0.00000 
   41    1    1    1    1    1    1    1    4    8  9.98884E+03 0.00445 
   42    1    1    1    1    1    1    1    4    9  9.81415E+03 0.00444 
   43    1    1    1    1    1    1    1    4   10  0.00000E+00 0.00000 
   44    1    1    1    1    1    1    1    4   11  9.82118E+03 0.00443 
   45    1    1    1    1    1    1    1    5    1  1.16334E+04 0.00425 
   46    1    1    1    1    1    1    1    5    2  0.00000E+00 0.00000 
   47    1    1    1    1    1    1    1    5    3  1.17240E+04 0.00418 
   48    1    1    1    1    1    1    1    5    4  1.11623E+04 0.00426 
   49    1    1    1    1    1    1    1    5    5  0.00000E+00 0.00000 
   50    1    1    1    1    1    1    1    5    6  1.00370E+04 0.00444 
   51    1    1    1    1    1    1    1    5    7  9.68100E+03 0.00449 
   52    1    1    1    1    1    1    1    5    8  0.00000E+00 0.00000 
   53    1    1    1    1    1    1    1    5    9  9.38724E+03 0.00447 
   54    1    1    1    1    1    1    1    5   10  9.33962E+03 0.00439 
   55    1    1    1    1    1    1    1    5   11  0.00000E+00 0.00000 
   56    1    1    1    1    1    1    1    6    1  1.07734E+04 0.00433 
   57    1    1    1    1    1    1    1    6    2  1.07870E+04 0.00432 
   58    1    1    1    1    1    1    1    6    3  0.00000E+00 0.00000 
   59    1    1    1    1    1    1    1    6    4  1.00124E+04 0.00437 
   60    1    1    1    1    1    1    1    6    5  9.79387E+03 0.00448 
   61    1    1    1    1    1    1    1    6    6  0.00000E+00 0.00000 
   62    1    1    1    1    1    1    1    6    7  9.16799E+03 0.00458 
   63    1    1    1    1    1    1    1    6    8  8.96871E+03 0.00459 
   64    1    1    1    1    1    1    1    6    9  0.00000E+00 0.00000 
   65    1    1    1    1    1    1    1    6   10  8.98002E+03 0.00467 
   66    1    1    1    1    1    1    1    6   11  9.12328E+03 0.00460 
   67    1    1    1    1    1    1    1    7    1  0.00000E+00 0.00000 
   68    1    1    1    1    1    1    1    7    2  1.04348E+04 0.00432 
   69    1    1    1    1    1    1    1    7    3  9.80234E+03 0.00437 
   70    1    1    1    1    1    1    1    7    4  0.00000E+00 0.00000 
   71    1    1    1    1    1    1    1    7    5  9.16976E+03 0.00462 
   72    1    1    1    1    1    1    1    7    6  8.98552E+03 0.00456 
   73    1    1    1    1    1    1    1    7    7  0.00000E+00 0.00000 
   74    1    1    1    1    1    1    1    7    8  8.96226E+03 0.00457 
   75    1    1    1    1    1    1    1    7    9  8.92900E+03 0.00453 
   76    1    1    1    1    1    1    1    7   10  0.00000E+00 0.00000 
   77    1    1    1    1    1    1    1    7   11  8.81893E+03 0.00472 
   78    1    1    1    1    1    1    1    8    1  0.00000E+00 0.00000 
   79    1    1    1    1    1    1    1    8    2  0.00000E+00 0.00000 
   80    1    1    1    1    1    1    1    8    3  9.35083E+03 0.00453 
   81    1    1    1    1    1    1    1    8    4  9.04837E+03 0.00448 
   82    1    1    1    1    1    1    1    8    5  0.00000E+00 0.00000 
   83    1    1    1    1    1    1    1    8    6  8.77851E+03 0.00458 
   84    1    1    1    1    1    1    1    8    7  8.72643E+03 0.00460 
   85    1    1    1    1    1    1    1    8    8  0.00000E+00 0.00000 
   86    1    1    1    1    1    1    1    8    9  8.83719E+03 0.00472 
   87    1    1    1    1    1    1    1    8   10  8.69882E+03 0.00471 
   88    1    1    1    1    1    1    1    8   11  0.00000E+00 0.00000 
   89    1    1    1    1    1    1    1    9    1  9.88967E+03 0.00437 
   90    1    1    1    1    1    1    1    9    2  9.38359E+03 0.00458 
   91    1    1    1    1    1    1    1    9    3  0.00000E+00 0.00000 
   92    1    1    1    1    1    1    1    9    4  8.90614E+03 0.00458 
   93    1    1    1    1    1    1    1    9    5  8.72128E+03 0.00456 
   94    1    1    1    1    1    1    1    9    6  0.00000E+00 0.00000 
   95    1    1    1    1    1    1    1    9    7  8.85732E+03 0.00469 
   96    1    1    1    1    1    1    1    9    8  0.00000E+00 0.00000 
   97    1    1    1    1    1    1    1    9    9  0.00000E+00 0.00000 
   98    1    1    1    1    1    1    1    9   10  8.44768E+03 0.00478 
   99    1    1    1    1    1    1    1    9   11  8.28761E+03 0.00469 
  100    1    1    1    1    1    1    1   10    1  0.00000E+00 0.00000 
  101    1    1    1    1    1    1    1   10    2  9.04401E+03 0.00460 
  102    1    1    1    1    1    1    1   10    3  8.94608E+03 0.00456 
  103    1    1    1    1    1    1    1   10    4  0.00000E+00 0.00000 
  104    1    1    1    1    1    1    1   10    5  8.76854E+03 0.00455 
  105    1    1    1    1    1    1    1   10    6  8.61554E+03 0.00464 
  106    1    1    1    1    1    1    1   10    7  0.00000E+00 0.00000 
  107    1    1    1    1    1    1    1   10    8  8.57495E+03 0.00474 
  108    1    1    1    1    1    1    1   10    9  8.19563E+03 0.00472 
  109    1    1    1    1    1    1    1   10   10  0.00000E+00 0.00000 
