
ZAI = [
922350
922380
666
0
];

NAMES = [
'U235            '
'U238            '
'lost            '
'total           '
];

i922350 = 1; iU235             = 1;
i922380 = 2; iU238             = 2;
iLOST    = 3;
iTOT     = 4;

MAT_un_VOLUME = [ 2.33831E+05 2.33831E+05 ];

MAT_un_BURNUP = [ 0.00000E+00 4.90215E+01 ];

MAT_un_ADENS = [
4.83387E-03 3.34707E-03 % U235
1.93936E-02 1.88121E-02 % U238
0.00000E+00 5.90576E-30 % lost data
7.26897E-02 7.39616E-02 % total
];

MAT_un_MDENS = [
1.88669E+00 1.30638E+00 % U235
7.66628E+00 7.43642E+00 % U238
0.00000E+00 0.00000E+00 % lost data
1.08000E+01 1.07983E+01 % total
];

MAT_un_A = [
3.52753E+10 2.44253E+10 % U235
2.22936E+10 2.16252E+10 % U238
0.00000E+00 0.00000E+00 % lost data
5.75689E+10 3.25482E+18 % total
];

MAT_un_H = [
2.64438E-02 1.83102E-02 % U235
1.52520E-02 1.47947E-02 % U238
0.00000E+00 0.00000E+00 % lost data
4.16958E-02 9.59055E+05 % total
];

MAT_un_SF = [
2.53982E+00 1.75862E+00 % U235
1.21723E+04 1.18073E+04 % U238
0.00000E+00 0.00000E+00 % lost data
1.21749E+04 1.42911E+08 % total
];

MAT_un_GSRC = [
4.45706E+10 3.08616E+10 % U235
1.97418E+09 1.91499E+09 % U238
0.00000E+00 0.00000E+00 % lost data
4.65447E+10 3.49289E+18 % total
];

MAT_un_ING_TOX = [
1.65794E+03 1.14799E+03 % U235
1.00321E+03 9.73133E+02 % U238
0.00000E+00 0.00000E+00 % lost data
2.66115E+03 2.25623E+09 % total
];

MAT_un_INH_TOX = [
2.99840E+05 2.07615E+05 % U235
1.78349E+05 1.73001E+05 % U238
0.00000E+00 0.00000E+00 % lost data
4.78189E+05 9.14511E+10 % total
];

TOT_VOLUME = [ 2.33831E+05 2.33831E+05 ];

TOT_BURNUP = [ 0.00000E+00 4.90215E+01 ];

TOT_ADENS = [
4.83387E-03 3.34707E-03 % U235
1.93936E-02 1.88121E-02 % U238
0.00000E+00 5.90576E-30 % lost data
7.26897E-02 7.39616E-02 % total
];

TOT_MASS = [
4.41167E+05 3.05473E+05 % U235
1.79262E+06 1.73887E+06 % U238
0.00000E+00 0.00000E+00 % lost data
2.52538E+06 2.52499E+06 % total
];

TOT_A = [
3.52753E+10 2.44253E+10 % U235
2.22936E+10 2.16252E+10 % U238
0.00000E+00 0.00000E+00 % lost data
5.75689E+10 3.25482E+18 % total
];

TOT_H = [
2.64438E-02 1.83102E-02 % U235
1.52520E-02 1.47947E-02 % U238
0.00000E+00 0.00000E+00 % lost data
4.16958E-02 9.59055E+05 % total
];

TOT_SF = [
2.53982E+00 1.75862E+00 % U235
1.21723E+04 1.18073E+04 % U238
0.00000E+00 0.00000E+00 % lost data
1.21749E+04 1.42911E+08 % total
];

TOT_GSRC = [
4.45706E+10 3.08616E+10 % U235
1.97418E+09 1.91499E+09 % U238
0.00000E+00 0.00000E+00 % lost data
4.65447E+10 3.49289E+18 % total
];

TOT_ING_TOX = [
1.65794E+03 1.14799E+03 % U235
1.00321E+03 9.73133E+02 % U238
0.00000E+00 0.00000E+00 % lost data
2.66115E+03 2.25623E+09 % total
];

TOT_INH_TOX = [
2.99840E+05 2.07615E+05 % U235
1.78349E+05 1.73001E+05 % U238
0.00000E+00 0.00000E+00 % lost data
4.78189E+05 9.14511E+10 % total
];

BU = [ 0.00000E+00 4.90200E+01 ];

DAYS = [ 0.00000E+00 7.30000E+03 ];
