
ZAI = [
922350
922380
666
0
];

NAMES = [
'U235            '
'U238            '
'lost            '
'total           '
];

i922350 = 1; iU235             = 1;
i922380 = 2; iU238             = 2;
iLOST    = 3;
iTOT     = 4;

MAT_un_VOLUME = [ 2.35665E+05 2.35665E+05 ];

MAT_un_BURNUP = [ 0.00000E+00 4.86400E+01 ];

MAT_un_ADENS = [
4.83387E-03 3.35768E-03 % U235
1.93936E-02 1.88174E-02 % U238
0.00000E+00 6.20391E-30 % lost data
7.26897E-02 7.39513E-02 % total
];

MAT_un_MDENS = [
1.88669E+00 1.31052E+00 % U235
7.66628E+00 7.43851E+00 % U238
0.00000E+00 0.00000E+00 % lost data
1.08000E+01 1.07984E+01 % total
];

MAT_un_A = [
3.55520E+10 2.46950E+10 % U235
2.24685E+10 2.18009E+10 % U238
0.00000E+00 0.00000E+00 % lost data
5.80205E+10 3.25231E+18 % total
];

MAT_un_H = [
2.66512E-02 1.85123E-02 % U235
1.53716E-02 1.49149E-02 % U238
0.00000E+00 0.00000E+00 % lost data
4.20228E-02 9.58867E+05 % total
];

MAT_un_SF = [
2.55974E+00 1.77804E+00 % U235
1.22678E+04 1.19033E+04 % U238
0.00000E+00 0.00000E+00 % lost data
1.22703E+04 1.37841E+08 % total
];

MAT_un_GSRC = [
4.49202E+10 3.12022E+10 % U235
1.98966E+09 1.93055E+09 % U238
0.00000E+00 0.00000E+00 % lost data
4.69098E+10 3.49033E+18 % total
];

MAT_un_ING_TOX = [
1.67094E+03 1.16066E+03 % U235
1.01108E+03 9.81041E+02 % U238
0.00000E+00 0.00000E+00 % lost data
2.68202E+03 2.25013E+09 % total
];

MAT_un_INH_TOX = [
3.02192E+05 2.09907E+05 % U235
1.79748E+05 1.74407E+05 % U238
0.00000E+00 0.00000E+00 % lost data
4.81940E+05 8.96916E+10 % total
];

TOT_VOLUME = [ 2.35665E+05 2.35665E+05 ];

TOT_BURNUP = [ 0.00000E+00 4.86400E+01 ];

TOT_ADENS = [
4.83387E-03 3.35768E-03 % U235
1.93936E-02 1.88174E-02 % U238
0.00000E+00 6.20391E-30 % lost data
7.26897E-02 7.39513E-02 % total
];

TOT_MASS = [
4.44628E+05 3.08845E+05 % U235
1.80668E+06 1.75300E+06 % U238
0.00000E+00 0.00000E+00 % lost data
2.54519E+06 2.54480E+06 % total
];

TOT_A = [
3.55520E+10 2.46950E+10 % U235
2.24685E+10 2.18009E+10 % U238
0.00000E+00 0.00000E+00 % lost data
5.80205E+10 3.25231E+18 % total
];

TOT_H = [
2.66512E-02 1.85123E-02 % U235
1.53716E-02 1.49149E-02 % U238
0.00000E+00 0.00000E+00 % lost data
4.20228E-02 9.58867E+05 % total
];

TOT_SF = [
2.55974E+00 1.77804E+00 % U235
1.22678E+04 1.19033E+04 % U238
0.00000E+00 0.00000E+00 % lost data
1.22703E+04 1.37841E+08 % total
];

TOT_GSRC = [
4.49202E+10 3.12022E+10 % U235
1.98966E+09 1.93055E+09 % U238
0.00000E+00 0.00000E+00 % lost data
4.69098E+10 3.49033E+18 % total
];

TOT_ING_TOX = [
1.67094E+03 1.16066E+03 % U235
1.01108E+03 9.81041E+02 % U238
0.00000E+00 0.00000E+00 % lost data
2.68202E+03 2.25013E+09 % total
];

TOT_INH_TOX = [
3.02192E+05 2.09907E+05 % U235
1.79748E+05 1.74407E+05 % U238
0.00000E+00 0.00000E+00 % lost data
4.81940E+05 8.96916E+10 % total
];

BU = [ 0.00000E+00 4.86384E+01 ];

DAYS = [ 0.00000E+00 7.30000E+03 ];
