
ZAI = [
922350
922380
666
0
];

NAMES = [
'U235            '
'U238            '
'lost            '
'total           '
];

i922350 = 1; iU235             = 1;
i922380 = 2; iU238             = 2;
iLOST    = 3;
iTOT     = 4;

MAT_un_VOLUME = [ 2.41796E+05 2.41796E+05 ];

MAT_un_BURNUP = [ 0.00000E+00 4.74068E+01 ];

MAT_un_ADENS = [
4.83387E-03 3.38968E-03 % U235
1.93936E-02 1.88245E-02 % U238
0.00000E+00 5.11681E-30 % lost data
7.26897E-02 7.39193E-02 % total
];

MAT_un_MDENS = [
1.88669E+00 1.32301E+00 % U235
7.66628E+00 7.44132E+00 % U238
0.00000E+00 0.00000E+00 % lost data
1.08000E+01 1.07984E+01 % total
];

MAT_un_A = [
3.64768E+10 2.55788E+10 % U235
2.30530E+10 2.23765E+10 % U238
0.00000E+00 0.00000E+00 % lost data
5.95298E+10 3.26046E+18 % total
];

MAT_un_H = [
2.73445E-02 1.91749E-02 % U235
1.57715E-02 1.53087E-02 % U238
0.00000E+00 0.00000E+00 % lost data
4.31160E-02 9.60380E+05 % total
];

MAT_un_SF = [
2.62633E+00 1.84168E+00 % U235
1.25869E+04 1.22176E+04 % U238
0.00000E+00 0.00000E+00 % lost data
1.25895E+04 1.32505E+08 % total
];

MAT_un_GSRC = [
4.60887E+10 3.23190E+10 % U235
2.04142E+09 1.98152E+09 % U238
0.00000E+00 0.00000E+00 % lost data
4.81301E+10 3.50030E+18 % total
];

MAT_un_ING_TOX = [
1.71441E+03 1.20221E+03 % U235
1.03738E+03 1.00694E+03 % U238
0.00000E+00 0.00000E+00 % lost data
2.75179E+03 2.25017E+09 % total
];

MAT_un_INH_TOX = [
3.10053E+05 2.17420E+05 % U235
1.84424E+05 1.79012E+05 % U238
0.00000E+00 0.00000E+00 % lost data
4.94476E+05 8.85161E+10 % total
];

TOT_VOLUME = [ 2.41796E+05 2.41796E+05 ];

TOT_BURNUP = [ 0.00000E+00 4.74068E+01 ];

TOT_ADENS = [
4.83387E-03 3.38968E-03 % U235
1.93936E-02 1.88245E-02 % U238
0.00000E+00 5.11681E-30 % lost data
7.26897E-02 7.39193E-02 % total
];

TOT_MASS = [
4.56194E+05 3.19899E+05 % U235
1.85368E+06 1.79928E+06 % U238
0.00000E+00 0.00000E+00 % lost data
2.61140E+06 2.61101E+06 % total
];

TOT_A = [
3.64768E+10 2.55788E+10 % U235
2.30530E+10 2.23765E+10 % U238
0.00000E+00 0.00000E+00 % lost data
5.95298E+10 3.26046E+18 % total
];

TOT_H = [
2.73445E-02 1.91749E-02 % U235
1.57715E-02 1.53087E-02 % U238
0.00000E+00 0.00000E+00 % lost data
4.31160E-02 9.60380E+05 % total
];

TOT_SF = [
2.62633E+00 1.84168E+00 % U235
1.25869E+04 1.22176E+04 % U238
0.00000E+00 0.00000E+00 % lost data
1.25895E+04 1.32505E+08 % total
];

TOT_GSRC = [
4.60887E+10 3.23190E+10 % U235
2.04142E+09 1.98152E+09 % U238
0.00000E+00 0.00000E+00 % lost data
4.81301E+10 3.50030E+18 % total
];

TOT_ING_TOX = [
1.71441E+03 1.20221E+03 % U235
1.03738E+03 1.00694E+03 % U238
0.00000E+00 0.00000E+00 % lost data
2.75179E+03 2.25017E+09 % total
];

TOT_INH_TOX = [
3.10053E+05 2.17420E+05 % U235
1.84424E+05 1.79012E+05 % U238
0.00000E+00 0.00000E+00 % lost data
4.94476E+05 8.85161E+10 % total
];

BU = [ 0.00000E+00 4.74053E+01 ];

DAYS = [ 0.00000E+00 7.30000E+03 ];
