
DETassem1 = [
    1    1    1    1    1    1    1    1    1    1  0.00000E+00 0.00000 
    2    1    1    1    1    1    1    1    1    2  0.00000E+00 0.00000 
    3    1    1    1    1    1    1    1    1    3  0.00000E+00 0.00000 
    4    1    1    1    1    1    1    1    1    4  0.00000E+00 0.00000 
    5    1    1    1    1    1    1    1    1    5  0.00000E+00 0.00000 
    6    1    1    1    1    1    1    1    1    6  0.00000E+00 0.00000 
    7    1    1    1    1    1    1    1    1    7  0.00000E+00 0.00000 
    8    1    1    1    1    1    1    1    1    8  0.00000E+00 0.00000 
    9    1    1    1    1    1    1    1    1    9  1.67557E+04 0.00369 
   10    1    1    1    1    1    1    1    1   10  0.00000E+00 0.00000 
   11    1    1    1    1    1    1    1    1   11  1.07397E+04 0.00428 
   12    1    1    1    1    1    1    1    2    1  2.26845E+04 0.00330 
   13    1    1    1    1    1    1    1    2    2  0.00000E+00 0.00000 
   14    1    1    1    1    1    1    1    2    3  0.00000E+00 0.00000 
   15    1    1    1    1    1    1    1    2    4  0.00000E+00 0.00000 
   16    1    1    1    1    1    1    1    2    5  0.00000E+00 0.00000 
   17    1    1    1    1    1    1    1    2    6  2.26074E+04 0.00340 
   18    1    1    1    1    1    1    1    2    7  1.85958E+04 0.00366 
   19    1    1    1    1    1    1    1    2    8  0.00000E+00 0.00000 
   20    1    1    1    1    1    1    1    2    9  1.26889E+04 0.00419 
   21    1    1    1    1    1    1    1    2   10  1.08098E+04 0.00429 
   22    1    1    1    1    1    1    1    2   11  0.00000E+00 0.00000 
   23    1    1    1    1    1    1    1    3    1  1.85940E+04 0.00355 
   24    1    1    1    1    1    1    1    3    2  0.00000E+00 0.00000 
   25    1    1    1    1    1    1    1    3    3  0.00000E+00 0.00000 
   26    1    1    1    1    1    1    1    3    4  0.00000E+00 0.00000 
   27    1    1    1    1    1    1    1    3    5  1.85595E+04 0.00364 
   28    1    1    1    1    1    1    1    3    6  0.00000E+00 0.00000 
   29    1    1    1    1    1    1    1    3    7  1.33808E+04 0.00412 
   30    1    1    1    1    1    1    1    3    8  1.18518E+04 0.00423 
   31    1    1    1    1    1    1    1    3    9  0.00000E+00 0.00000 
   32    1    1    1    1    1    1    1    3   10  9.61510E+03 0.00440 
   33    1    1    1    1    1    1    1    3   11  9.17170E+03 0.00449 
   34    1    1    1    1    1    1    1    4    1  0.00000E+00 0.00000 
   35    1    1    1    1    1    1    1    4    2  1.68147E+04 0.00380 
   36    1    1    1    1    1    1    1    4    3  1.67857E+04 0.00374 
   37    1    1    1    1    1    1    1    4    4  0.00000E+00 0.00000 
   38    1    1    1    1    1    1    1    4    5  1.35403E+04 0.00413 
   39    1    1    1    1    1    1    1    4    6  1.20266E+04 0.00421 
   40    1    1    1    1    1    1    1    4    7  0.00000E+00 0.00000 
   41    1    1    1    1    1    1    1    4    8  1.00377E+04 0.00445 
   42    1    1    1    1    1    1    1    4    9  9.47388E+03 0.00455 
   43    1    1    1    1    1    1    1    4   10  0.00000E+00 0.00000 
   44    1    1    1    1    1    1    1    4   11  8.90908E+03 0.00452 
   45    1    1    1    1    1    1    1    5    1  1.25626E+04 0.00420 
   46    1    1    1    1    1    1    1    5    2  0.00000E+00 0.00000 
   47    1    1    1    1    1    1    1    5    3  1.25356E+04 0.00424 
   48    1    1    1    1    1    1    1    5    4  1.18362E+04 0.00423 
   49    1    1    1    1    1    1    1    5    5  0.00000E+00 0.00000 
   50    1    1    1    1    1    1    1    5    6  1.02345E+04 0.00428 
   51    1    1    1    1    1    1    1    5    7  9.58687E+03 0.00447 
   52    1    1    1    1    1    1    1    5    8  0.00000E+00 0.00000 
   53    1    1    1    1    1    1    1    5    9  8.93733E+03 0.00450 
   54    1    1    1    1    1    1    1    5   10  8.72923E+03 0.00462 
   55    1    1    1    1    1    1    1    5   11  0.00000E+00 0.00000 
   56    1    1    1    1    1    1    1    6    1  1.08051E+04 0.00446 
   57    1    1    1    1    1    1    1    6    2  1.07626E+04 0.00433 
   58    1    1    1    1    1    1    1    6    3  0.00000E+00 0.00000 
   59    1    1    1    1    1    1    1    6    4  1.00946E+04 0.00448 
   60    1    1    1    1    1    1    1    6    5  9.67405E+03 0.00444 
   61    1    1    1    1    1    1    1    6    6  0.00000E+00 0.00000 
   62    1    1    1    1    1    1    1    6    7  9.01146E+03 0.00452 
   63    1    1    1    1    1    1    1    6    8  8.70231E+03 0.00460 
   64    1    1    1    1    1    1    1    6    9  0.00000E+00 0.00000 
   65    1    1    1    1    1    1    1    6   10  8.56306E+03 0.00460 
   66    1    1    1    1    1    1    1    6   11  8.65763E+03 0.00460 
   67    1    1    1    1    1    1    1    7    1  0.00000E+00 0.00000 
   68    1    1    1    1    1    1    1    7    2  9.70312E+03 0.00437 
   69    1    1    1    1    1    1    1    7    3  9.48267E+03 0.00448 
   70    1    1    1    1    1    1    1    7    4  0.00000E+00 0.00000 
   71    1    1    1    1    1    1    1    7    5  8.94206E+03 0.00466 
   72    1    1    1    1    1    1    1    7    6  8.78314E+03 0.00459 
   73    1    1    1    1    1    1    1    7    7  0.00000E+00 0.00000 
   74    1    1    1    1    1    1    1    7    8  8.41430E+03 0.00465 
   75    1    1    1    1    1    1    1    7    9  8.33860E+03 0.00460 
   76    1    1    1    1    1    1    1    7   10  0.00000E+00 0.00000 
   77    1    1    1    1    1    1    1    7   11  8.43285E+03 0.00467 
   78    1    1    1    1    1    1    1    8    1  9.16646E+03 0.00450 
   79    1    1    1    1    1    1    1    8    2  0.00000E+00 0.00000 
   80    1    1    1    1    1    1    1    8    3  8.90656E+03 0.00458 
   81    1    1    1    1    1    1    1    8    4  8.69457E+03 0.00463 
   82    1    1    1    1    1    1    1    8    5  0.00000E+00 0.00000 
   83    1    1    1    1    1    1    1    8    6  8.41850E+03 0.00466 
   84    1    1    1    1    1    1    1    8    7  8.24916E+03 0.00467 
   85    1    1    1    1    1    1    1    8    8  0.00000E+00 0.00000 
   86    1    1    1    1    1    1    1    8    9  8.24609E+03 0.00470 
   87    1    1    1    1    1    1    1    8   10  8.11997E+03 0.00474 
   88    1    1    1    1    1    1    1    8   11  0.00000E+00 0.00000 
   89    1    1    1    1    1    1    1    9    1  8.92910E+03 0.00464 
   90    1    1    1    1    1    1    1    9    2  8.82915E+03 0.00457 
   91    1    1    1    1    1    1    1    9    3  0.00000E+00 0.00000 
   92    1    1    1    1    1    1    1    9    4  8.41662E+03 0.00461 
   93    1    1    1    1    1    1    1    9    5  8.24245E+03 0.00469 
   94    1    1    1    1    1    1    1    9    6  0.00000E+00 0.00000 
   95    1    1    1    1    1    1    1    9    7  8.20230E+03 0.00466 
   96    1    1    1    1    1    1    1    9    8  8.09616E+03 0.00478 
   97    1    1    1    1    1    1    1    9    9  0.00000E+00 0.00000 
   98    1    1    1    1    1    1    1    9   10  7.98698E+03 0.00477 
   99    1    1    1    1    1    1    1    9   11  7.91561E+03 0.00476 
  100    1    1    1    1    1    1    1   10    1  0.00000E+00 0.00000 
  101    1    1    1    1    1    1    1   10    2  8.57254E+03 0.00457 
  102    1    1    1    1    1    1    1   10    3  8.37718E+03 0.00460 
  103    1    1    1    1    1    1    1   10    4  0.00000E+00 0.00000 
  104    1    1    1    1    1    1    1   10    5  8.09717E+03 0.00470 
  105    1    1    1    1    1    1    1   10    6  8.05069E+03 0.00474 
  106    1    1    1    1    1    1    1   10    7  0.00000E+00 0.00000 
  107    1    1    1    1    1    1    1   10    8  7.90910E+03 0.00476 
  108    1    1    1    1    1    1    1   10    9  7.81838E+03 0.00479 
  109    1    1    1    1    1    1    1   10   10  0.00000E+00 0.00000 
