
ZAI = [
922350
922380
666
0
];

NAMES = [
'U235            '
'U238            '
'lost            '
'total           '
];

i922350 = 1; iU235             = 1;
i922380 = 2; iU238             = 2;
iLOST    = 3;
iTOT     = 4;

MAT_un_VOLUME = [ 2.42757E+05 2.42757E+05 ];

MAT_un_BURNUP = [ 0.00000E+00 4.72190E+01 ];

MAT_un_ADENS = [
4.83387E-03 3.39414E-03 % U235
1.93936E-02 1.88238E-02 % U238
0.00000E+00 4.39627E-30 % lost data
7.26897E-02 7.39145E-02 % total
];

MAT_un_MDENS = [
1.88669E+00 1.32476E+00 % U235
7.66628E+00 7.44104E+00 % U238
0.00000E+00 0.00000E+00 % lost data
1.08000E+01 1.07984E+01 % total
];

MAT_un_A = [
3.66218E+10 2.57143E+10 % U235
2.31446E+10 2.24646E+10 % U238
0.00000E+00 0.00000E+00 % lost data
5.97664E+10 3.26384E+18 % total
];

MAT_un_H = [
2.74532E-02 1.92765E-02 % U235
1.58342E-02 1.53690E-02 % U238
0.00000E+00 0.00000E+00 % lost data
4.32874E-02 9.60860E+05 % total
];

MAT_un_SF = [
2.63677E+00 1.85143E+00 % U235
1.26369E+04 1.22657E+04 % U238
0.00000E+00 0.00000E+00 % lost data
1.26396E+04 1.31263E+08 % total
];

MAT_un_GSRC = [
4.62719E+10 3.24902E+10 % U235
2.04954E+09 1.98932E+09 % U238
0.00000E+00 0.00000E+00 % lost data
4.83214E+10 3.50440E+18 % total
];

MAT_un_ING_TOX = [
1.72122E+03 1.20857E+03 % U235
1.04151E+03 1.01091E+03 % U238
0.00000E+00 0.00000E+00 % lost data
2.76273E+03 2.25134E+09 % total
];

MAT_un_INH_TOX = [
3.11285E+05 2.18572E+05 % U235
1.85157E+05 1.79717E+05 % U238
0.00000E+00 0.00000E+00 % lost data
4.96442E+05 8.83751E+10 % total
];

TOT_VOLUME = [ 2.42757E+05 2.42757E+05 ];

TOT_BURNUP = [ 0.00000E+00 4.72190E+01 ];

TOT_ADENS = [
4.83387E-03 3.39414E-03 % U235
1.93936E-02 1.88238E-02 % U238
0.00000E+00 4.39627E-30 % lost data
7.26897E-02 7.39145E-02 % total
];

TOT_MASS = [
4.58007E+05 3.21594E+05 % U235
1.86104E+06 1.80636E+06 % U238
0.00000E+00 0.00000E+00 % lost data
2.62178E+06 2.62139E+06 % total
];

TOT_A = [
3.66218E+10 2.57143E+10 % U235
2.31446E+10 2.24646E+10 % U238
0.00000E+00 0.00000E+00 % lost data
5.97664E+10 3.26384E+18 % total
];

TOT_H = [
2.74532E-02 1.92765E-02 % U235
1.58342E-02 1.53690E-02 % U238
0.00000E+00 0.00000E+00 % lost data
4.32874E-02 9.60860E+05 % total
];

TOT_SF = [
2.63677E+00 1.85143E+00 % U235
1.26369E+04 1.22657E+04 % U238
0.00000E+00 0.00000E+00 % lost data
1.26396E+04 1.31263E+08 % total
];

TOT_GSRC = [
4.62719E+10 3.24902E+10 % U235
2.04954E+09 1.98932E+09 % U238
0.00000E+00 0.00000E+00 % lost data
4.83214E+10 3.50440E+18 % total
];

TOT_ING_TOX = [
1.72122E+03 1.20857E+03 % U235
1.04151E+03 1.01091E+03 % U238
0.00000E+00 0.00000E+00 % lost data
2.76273E+03 2.25134E+09 % total
];

TOT_INH_TOX = [
3.11285E+05 2.18572E+05 % U235
1.85157E+05 1.79717E+05 % U238
0.00000E+00 0.00000E+00 % lost data
4.96442E+05 8.83751E+10 % total
];

BU = [ 0.00000E+00 4.72176E+01 ];

DAYS = [ 0.00000E+00 7.30000E+03 ];
