
DETassem1 = [
    1    1    1    1    1    1    1    1    1    1  0.00000E+00 0.00000 
    2    1    1    1    1    1    1    1    1    2  0.00000E+00 0.00000 
    3    1    1    1    1    1    1    1    1    3  0.00000E+00 0.00000 
    4    1    1    1    1    1    1    1    1    4  0.00000E+00 0.00000 
    5    1    1    1    1    1    1    1    1    5  0.00000E+00 0.00000 
    6    1    1    1    1    1    1    1    1    6  0.00000E+00 0.00000 
    7    1    1    1    1    1    1    1    1    7  0.00000E+00 0.00000 
    8    1    1    1    1    1    1    1    1    8  2.02655E+04 0.00345 
    9    1    1    1    1    1    1    1    1    9  1.63384E+04 0.00384 
   10    1    1    1    1    1    1    1    1   10  0.00000E+00 0.00000 
   11    1    1    1    1    1    1    1    1   11  1.22596E+04 0.00412 
   12    1    1    1    1    1    1    1    2    1  2.15059E+04 0.00348 
   13    1    1    1    1    1    1    1    2    2  0.00000E+00 0.00000 
   14    1    1    1    1    1    1    1    2    3  0.00000E+00 0.00000 
   15    1    1    1    1    1    1    1    2    4  0.00000E+00 0.00000 
   16    1    1    1    1    1    1    1    2    5  0.00000E+00 0.00000 
   17    1    1    1    1    1    1    1    2    6  2.15764E+04 0.00340 
   18    1    1    1    1    1    1    1    2    7  1.76042E+04 0.00368 
   19    1    1    1    1    1    1    1    2    8  0.00000E+00 0.00000 
   20    1    1    1    1    1    1    1    2    9  0.00000E+00 0.00000 
   21    1    1    1    1    1    1    1    2   10  1.22893E+04 0.00411 
   22    1    1    1    1    1    1    1    2   11  0.00000E+00 0.00000 
   23    1    1    1    1    1    1    1    3    1  1.76079E+04 0.00377 
   24    1    1    1    1    1    1    1    3    2  2.03048E+04 0.00353 
   25    1    1    1    1    1    1    1    3    3  0.00000E+00 0.00000 
   26    1    1    1    1    1    1    1    3    4  2.04348E+04 0.00354 
   27    1    1    1    1    1    1    1    3    5  1.76972E+04 0.00372 
   28    1    1    1    1    1    1    1    3    6  0.00000E+00 0.00000 
   29    1    1    1    1    1    1    1    3    7  1.39952E+04 0.00397 
   30    1    1    1    1    1    1    1    3    8  0.00000E+00 0.00000 
   31    1    1    1    1    1    1    1    3    9  0.00000E+00 0.00000 
   32    1    1    1    1    1    1    1    3   10  1.06955E+04 0.00434 
   33    1    1    1    1    1    1    1    3   11  9.94370E+03 0.00446 
   34    1    1    1    1    1    1    1    4    1  0.00000E+00 0.00000 
   35    1    1    1    1    1    1    1    4    2  1.63375E+04 0.00374 
   36    1    1    1    1    1    1    1    4    3  1.63813E+04 0.00379 
   37    1    1    1    1    1    1    1    4    4  0.00000E+00 0.00000 
   38    1    1    1    1    1    1    1    4    5  1.40601E+04 0.00395 
   39    1    1    1    1    1    1    1    4    6  1.27916E+04 0.00411 
   40    1    1    1    1    1    1    1    4    7  0.00000E+00 0.00000 
   41    1    1    1    1    1    1    1    4    8  1.14088E+04 0.00431 
   42    1    1    1    1    1    1    1    4    9  1.04527E+04 0.00441 
   43    1    1    1    1    1    1    1    4   10  0.00000E+00 0.00000 
   44    1    1    1    1    1    1    1    4   11  9.63687E+03 0.00458 
   45    1    1    1    1    1    1    1    5    1  0.00000E+00 0.00000 
   46    1    1    1    1    1    1    1    5    2  0.00000E+00 0.00000 
   47    1    1    1    1    1    1    1    5    3  0.00000E+00 0.00000 
   48    1    1    1    1    1    1    1    5    4  0.00000E+00 0.00000 
   49    1    1    1    1    1    1    1    5    5  0.00000E+00 0.00000 
   50    1    1    1    1    1    1    1    5    6  1.11649E+04 0.00425 
   51    1    1    1    1    1    1    1    5    7  1.05843E+04 0.00423 
   52    1    1    1    1    1    1    1    5    8  0.00000E+00 0.00000 
   53    1    1    1    1    1    1    1    5    9  9.63522E+03 0.00443 
   54    1    1    1    1    1    1    1    5   10  9.42548E+03 0.00449 
   55    1    1    1    1    1    1    1    5   11  0.00000E+00 0.00000 
   56    1    1    1    1    1    1    1    6    1  1.22014E+04 0.00414 
   57    1    1    1    1    1    1    1    6    2  1.22867E+04 0.00419 
   58    1    1    1    1    1    1    1    6    3  0.00000E+00 0.00000 
   59    1    1    1    1    1    1    1    6    4  1.13775E+04 0.00428 
   60    1    1    1    1    1    1    1    6    5  1.05839E+04 0.00438 
   61    1    1    1    1    1    1    1    6    6  0.00000E+00 0.00000 
   62    1    1    1    1    1    1    1    6    7  9.84854E+03 0.00440 
   63    1    1    1    1    1    1    1    6    8  9.55141E+03 0.00451 
   64    1    1    1    1    1    1    1    6    9  0.00000E+00 0.00000 
   65    1    1    1    1    1    1    1    6   10  9.32198E+03 0.00445 
   66    1    1    1    1    1    1    1    6   11  9.45333E+03 0.00455 
   67    1    1    1    1    1    1    1    7    1  0.00000E+00 0.00000 
   68    1    1    1    1    1    1    1    7    2  1.06955E+04 0.00428 
   69    1    1    1    1    1    1    1    7    3  1.05458E+04 0.00434 
   70    1    1    1    1    1    1    1    7    4  0.00000E+00 0.00000 
   71    1    1    1    1    1    1    1    7    5  9.88709E+03 0.00441 
   72    1    1    1    1    1    1    1    7    6  9.73899E+03 0.00435 
   73    1    1    1    1    1    1    1    7    7  0.00000E+00 0.00000 
   74    1    1    1    1    1    1    1    7    8  9.52372E+03 0.00446 
   75    1    1    1    1    1    1    1    7    9  9.06132E+03 0.00458 
   76    1    1    1    1    1    1    1    7   10  0.00000E+00 0.00000 
   77    1    1    1    1    1    1    1    7   11  9.07426E+03 0.00455 
   78    1    1    1    1    1    1    1    8    1  1.00980E+04 0.00441 
   79    1    1    1    1    1    1    1    8    2  0.00000E+00 0.00000 
   80    1    1    1    1    1    1    1    8    3  9.66709E+03 0.00439 
   81    1    1    1    1    1    1    1    8    4  9.62416E+03 0.00446 
   82    1    1    1    1    1    1    1    8    5  0.00000E+00 0.00000 
   83    1    1    1    1    1    1    1    8    6  9.76504E+03 0.00447 
   84    1    1    1    1    1    1    1    8    7  0.00000E+00 0.00000 
   85    1    1    1    1    1    1    1    8    8  0.00000E+00 0.00000 
   86    1    1    1    1    1    1    1    8    9  8.93382E+03 0.00467 
   87    1    1    1    1    1    1    1    8   10  8.92813E+03 0.00455 
   88    1    1    1    1    1    1    1    8   11  0.00000E+00 0.00000 
   89    1    1    1    1    1    1    1    9    1  9.64780E+03 0.00447 
   90    1    1    1    1    1    1    1    9    2  9.43462E+03 0.00457 
   91    1    1    1    1    1    1    1    9    3  0.00000E+00 0.00000 
   92    1    1    1    1    1    1    1    9    4  9.42943E+03 0.00447 
   93    1    1    1    1    1    1    1    9    5  0.00000E+00 0.00000 
   94    1    1    1    1    1    1    1    9    6  0.00000E+00 0.00000 
   95    1    1    1    1    1    1    1    9    7  9.26186E+03 0.00461 
   96    1    1    1    1    1    1    1    9    8  8.95839E+03 0.00453 
   97    1    1    1    1    1    1    1    9    9  0.00000E+00 0.00000 
   98    1    1    1    1    1    1    1    9   10  8.96552E+03 0.00476 
   99    1    1    1    1    1    1    1    9   11  8.88797E+03 0.00476 
  100    1    1    1    1    1    1    1   10    1  0.00000E+00 0.00000 
  101    1    1    1    1    1    1    1   10    2  9.33470E+03 0.00465 
  102    1    1    1    1    1    1    1   10    3  9.11977E+03 0.00449 
  103    1    1    1    1    1    1    1   10    4  0.00000E+00 0.00000 
  104    1    1    1    1    1    1    1   10    5  9.26329E+03 0.00453 
  105    1    1    1    1    1    1    1   10    6  9.08100E+03 0.00447 
  106    1    1    1    1    1    1    1   10    7  0.00000E+00 0.00000 
  107    1    1    1    1    1    1    1   10    8  8.80517E+03 0.00460 
  108    1    1    1    1    1    1    1   10    9  8.90774E+03 0.00469 
  109    1    1    1    1    1    1    1   10   10  0.00000E+00 0.00000 
