
ZAI = [
922350
922380
666
0
];

NAMES = [
'U235            '
'U238            '
'lost            '
'total           '
];

i922350 = 1; iU235             = 1;
i922380 = 2; iU238             = 2;
iLOST    = 3;
iTOT     = 4;

MAT_un_VOLUME = [ 2.48811E+05 2.48811E+05 ];

MAT_un_BURNUP = [ 0.00000E+00 4.60702E+01 ];

MAT_un_ADENS = [
4.83387E-03 3.42448E-03 % U235
1.93936E-02 1.88314E-02 % U238
0.00000E+00 4.21612E-30 % lost data
7.26897E-02 7.38845E-02 % total
];

MAT_un_MDENS = [
1.88669E+00 1.33660E+00 % U235
7.66628E+00 7.44405E+00 % U238
0.00000E+00 0.00000E+00 % lost data
1.08000E+01 1.07985E+01 % total
];

MAT_un_A = [
3.75350E+10 2.65911E+10 % U235
2.37218E+10 2.30341E+10 % U238
0.00000E+00 0.00000E+00 % lost data
6.12568E+10 3.26933E+18 % total
];

MAT_un_H = [
2.81378E-02 1.99338E-02 % U235
1.62290E-02 1.57586E-02 % U238
0.00000E+00 0.00000E+00 % lost data
4.43668E-02 9.61962E+05 % total
];

MAT_un_SF = [
2.70252E+00 1.91456E+00 % U235
1.29521E+04 1.25766E+04 % U238
0.00000E+00 0.00000E+00 % lost data
1.29548E+04 1.24026E+08 % total
];

MAT_un_GSRC = [
4.74258E+10 3.35981E+10 % U235
2.10065E+09 2.03975E+09 % U238
0.00000E+00 0.00000E+00 % lost data
4.95264E+10 3.51140E+18 % total
];

MAT_un_ING_TOX = [
1.76415E+03 1.24978E+03 % U235
1.06748E+03 1.03653E+03 % U238
0.00000E+00 0.00000E+00 % lost data
2.83163E+03 2.24760E+09 % total
];

MAT_un_INH_TOX = [
3.19048E+05 2.26025E+05 % U235
1.89774E+05 1.84273E+05 % U238
0.00000E+00 0.00000E+00 % lost data
5.08822E+05 8.63225E+10 % total
];

TOT_VOLUME = [ 2.48811E+05 2.48811E+05 ];

TOT_BURNUP = [ 0.00000E+00 4.60702E+01 ];

TOT_ADENS = [
4.83387E-03 3.42448E-03 % U235
1.93936E-02 1.88314E-02 % U238
0.00000E+00 4.21612E-30 % lost data
7.26897E-02 7.38845E-02 % total
];

TOT_MASS = [
4.69429E+05 3.32560E+05 % U235
1.90745E+06 1.85216E+06 % U238
0.00000E+00 0.00000E+00 % lost data
2.68716E+06 2.68678E+06 % total
];

TOT_A = [
3.75350E+10 2.65911E+10 % U235
2.37218E+10 2.30341E+10 % U238
0.00000E+00 0.00000E+00 % lost data
6.12568E+10 3.26933E+18 % total
];

TOT_H = [
2.81378E-02 1.99338E-02 % U235
1.62290E-02 1.57586E-02 % U238
0.00000E+00 0.00000E+00 % lost data
4.43668E-02 9.61962E+05 % total
];

TOT_SF = [
2.70252E+00 1.91456E+00 % U235
1.29521E+04 1.25766E+04 % U238
0.00000E+00 0.00000E+00 % lost data
1.29548E+04 1.24026E+08 % total
];

TOT_GSRC = [
4.74258E+10 3.35981E+10 % U235
2.10065E+09 2.03975E+09 % U238
0.00000E+00 0.00000E+00 % lost data
4.95264E+10 3.51140E+18 % total
];

TOT_ING_TOX = [
1.76415E+03 1.24978E+03 % U235
1.06748E+03 1.03653E+03 % U238
0.00000E+00 0.00000E+00 % lost data
2.83163E+03 2.24760E+09 % total
];

TOT_INH_TOX = [
3.19048E+05 2.26025E+05 % U235
1.89774E+05 1.84273E+05 % U238
0.00000E+00 0.00000E+00 % lost data
5.08822E+05 8.63225E+10 % total
];

BU = [ 0.00000E+00 4.60688E+01 ];

DAYS = [ 0.00000E+00 7.30000E+03 ];
