
DETassem1 = [
    1    1    1    1    1    1    1    1    1    1  0.00000E+00 0.00000 
    2    1    1    1    1    1    1    1    1    2  0.00000E+00 0.00000 
    3    1    1    1    1    1    1    1    1    3  0.00000E+00 0.00000 
    4    1    1    1    1    1    1    1    1    4  0.00000E+00 0.00000 
    5    1    1    1    1    1    1    1    1    5  0.00000E+00 0.00000 
    6    1    1    1    1    1    1    1    1    6  0.00000E+00 0.00000 
    7    1    1    1    1    1    1    1    1    7  0.00000E+00 0.00000 
    8    1    1    1    1    1    1    1    1    8  1.98768E+04 0.00337 
    9    1    1    1    1    1    1    1    1    9  1.63420E+04 0.00370 
   10    1    1    1    1    1    1    1    1   10  0.00000E+00 0.00000 
   11    1    1    1    1    1    1    1    1   11  1.25787E+04 0.00405 
   12    1    1    1    1    1    1    1    2    1  2.09547E+04 0.00334 
   13    1    1    1    1    1    1    1    2    2  0.00000E+00 0.00000 
   14    1    1    1    1    1    1    1    2    3  0.00000E+00 0.00000 
   15    1    1    1    1    1    1    1    2    4  0.00000E+00 0.00000 
   16    1    1    1    1    1    1    1    2    5  0.00000E+00 0.00000 
   17    1    1    1    1    1    1    1    2    6  2.09719E+04 0.00333 
   18    1    1    1    1    1    1    1    2    7  1.75879E+04 0.00351 
   19    1    1    1    1    1    1    1    2    8  0.00000E+00 0.00000 
   20    1    1    1    1    1    1    1    2    9  0.00000E+00 0.00000 
   21    1    1    1    1    1    1    1    2   10  1.25001E+04 0.00392 
   22    1    1    1    1    1    1    1    2   11  0.00000E+00 0.00000 
   23    1    1    1    1    1    1    1    3    1  1.75351E+04 0.00356 
   24    1    1    1    1    1    1    1    3    2  1.98411E+04 0.00328 
   25    1    1    1    1    1    1    1    3    3  0.00000E+00 0.00000 
   26    1    1    1    1    1    1    1    3    4  1.97917E+04 0.00345 
   27    1    1    1    1    1    1    1    3    5  1.75086E+04 0.00352 
   28    1    1    1    1    1    1    1    3    6  0.00000E+00 0.00000 
   29    1    1    1    1    1    1    1    3    7  1.42628E+04 0.00384 
   30    1    1    1    1    1    1    1    3    8  0.00000E+00 0.00000 
   31    1    1    1    1    1    1    1    3    9  0.00000E+00 0.00000 
   32    1    1    1    1    1    1    1    3   10  1.11763E+04 0.00407 
   33    1    1    1    1    1    1    1    3   11  1.03722E+04 0.00423 
   34    1    1    1    1    1    1    1    4    1  0.00000E+00 0.00000 
   35    1    1    1    1    1    1    1    4    2  1.63814E+04 0.00359 
   36    1    1    1    1    1    1    1    4    3  1.62904E+04 0.00366 
   37    1    1    1    1    1    1    1    4    4  0.00000E+00 0.00000 
   38    1    1    1    1    1    1    1    4    5  1.41953E+04 0.00386 
   39    1    1    1    1    1    1    1    4    6  1.30074E+04 0.00383 
   40    1    1    1    1    1    1    1    4    7  0.00000E+00 0.00000 
   41    1    1    1    1    1    1    1    4    8  1.16827E+04 0.00401 
   42    1    1    1    1    1    1    1    4    9  1.08378E+04 0.00411 
   43    1    1    1    1    1    1    1    4   10  0.00000E+00 0.00000 
   44    1    1    1    1    1    1    1    4   11  9.95114E+03 0.00419 
   45    1    1    1    1    1    1    1    5    1  0.00000E+00 0.00000 
   46    1    1    1    1    1    1    1    5    2  0.00000E+00 0.00000 
   47    1    1    1    1    1    1    1    5    3  0.00000E+00 0.00000 
   48    1    1    1    1    1    1    1    5    4  0.00000E+00 0.00000 
   49    1    1    1    1    1    1    1    5    5  0.00000E+00 0.00000 
   50    1    1    1    1    1    1    1    5    6  1.15527E+04 0.00403 
   51    1    1    1    1    1    1    1    5    7  1.09185E+04 0.00419 
   52    1    1    1    1    1    1    1    5    8  0.00000E+00 0.00000 
   53    1    1    1    1    1    1    1    5    9  1.00594E+04 0.00416 
   54    1    1    1    1    1    1    1    5   10  9.78583E+03 0.00438 
   55    1    1    1    1    1    1    1    5   11  0.00000E+00 0.00000 
   56    1    1    1    1    1    1    1    6    1  1.26100E+04 0.00400 
   57    1    1    1    1    1    1    1    6    2  1.24475E+04 0.00401 
   58    1    1    1    1    1    1    1    6    3  0.00000E+00 0.00000 
   59    1    1    1    1    1    1    1    6    4  1.17305E+04 0.00409 
   60    1    1    1    1    1    1    1    6    5  1.09749E+04 0.00401 
   61    1    1    1    1    1    1    1    6    6  0.00000E+00 0.00000 
   62    1    1    1    1    1    1    1    6    7  1.01721E+04 0.00433 
   63    1    1    1    1    1    1    1    6    8  1.00013E+04 0.00439 
   64    1    1    1    1    1    1    1    6    9  0.00000E+00 0.00000 
   65    1    1    1    1    1    1    1    6   10  9.63304E+03 0.00427 
   66    1    1    1    1    1    1    1    6   11  9.69974E+03 0.00439 
   67    1    1    1    1    1    1    1    7    1  0.00000E+00 0.00000 
   68    1    1    1    1    1    1    1    7    2  1.10557E+04 0.00427 
   69    1    1    1    1    1    1    1    7    3  1.08692E+04 0.00411 
   70    1    1    1    1    1    1    1    7    4  0.00000E+00 0.00000 
   71    1    1    1    1    1    1    1    7    5  1.01654E+04 0.00411 
   72    1    1    1    1    1    1    1    7    6  1.00349E+04 0.00421 
   73    1    1    1    1    1    1    1    7    7  0.00000E+00 0.00000 
   74    1    1    1    1    1    1    1    7    8  9.80441E+03 0.00434 
   75    1    1    1    1    1    1    1    7    9  9.48592E+03 0.00434 
   76    1    1    1    1    1    1    1    7   10  0.00000E+00 0.00000 
   77    1    1    1    1    1    1    1    7   11  9.26896E+03 0.00437 
   78    1    1    1    1    1    1    1    8    1  1.03897E+04 0.00426 
   79    1    1    1    1    1    1    1    8    2  0.00000E+00 0.00000 
   80    1    1    1    1    1    1    1    8    3  1.00439E+04 0.00426 
   81    1    1    1    1    1    1    1    8    4  9.95397E+03 0.00430 
   82    1    1    1    1    1    1    1    8    5  0.00000E+00 0.00000 
   83    1    1    1    1    1    1    1    8    6  1.00980E+04 0.00431 
   84    1    1    1    1    1    1    1    8    7  0.00000E+00 0.00000 
   85    1    1    1    1    1    1    1    8    8  0.00000E+00 0.00000 
   86    1    1    1    1    1    1    1    8    9  9.27924E+03 0.00435 
   87    1    1    1    1    1    1    1    8   10  9.18519E+03 0.00430 
   88    1    1    1    1    1    1    1    8   11  0.00000E+00 0.00000 
   89    1    1    1    1    1    1    1    9    1  1.00190E+04 0.00434 
   90    1    1    1    1    1    1    1    9    2  9.91163E+03 0.00428 
   91    1    1    1    1    1    1    1    9    3  0.00000E+00 0.00000 
   92    1    1    1    1    1    1    1    9    4  9.84047E+03 0.00425 
   93    1    1    1    1    1    1    1    9    5  0.00000E+00 0.00000 
   94    1    1    1    1    1    1    1    9    6  0.00000E+00 0.00000 
   95    1    1    1    1    1    1    1    9    7  9.65325E+03 0.00433 
   96    1    1    1    1    1    1    1    9    8  9.25771E+03 0.00437 
   97    1    1    1    1    1    1    1    9    9  0.00000E+00 0.00000 
   98    1    1    1    1    1    1    1    9   10  9.14143E+03 0.00440 
   99    1    1    1    1    1    1    1    9   11  9.05772E+03 0.00452 
  100    1    1    1    1    1    1    1   10    1  0.00000E+00 0.00000 
  101    1    1    1    1    1    1    1   10    2  9.61478E+03 0.00427 
  102    1    1    1    1    1    1    1   10    3  9.48811E+03 0.00445 
  103    1    1    1    1    1    1    1   10    4  0.00000E+00 0.00000 
  104    1    1    1    1    1    1    1   10    5  9.61910E+03 0.00428 
  105    1    1    1    1    1    1    1   10    6  9.46484E+03 0.00420 
  106    1    1    1    1    1    1    1   10    7  0.00000E+00 0.00000 
  107    1    1    1    1    1    1    1   10    8  9.17797E+03 0.00442 
  108    1    1    1    1    1    1    1   10    9  9.15936E+03 0.00444 
  109    1    1    1    1    1    1    1   10   10  0.00000E+00 0.00000 
