
ZAI = [
922350
922380
666
0
];

NAMES = [
'U235            '
'U238            '
'lost            '
'total           '
];

i922350 = 1; iU235             = 1;
i922380 = 2; iU238             = 2;
iLOST    = 3;
iTOT     = 4;

MAT_un_VOLUME = [ 2.38650E+05 2.38650E+05 ];

MAT_un_BURNUP = [ 0.00000E+00 4.80317E+01 ];

MAT_un_ADENS = [
4.83387E-03 3.37323E-03 % U235
1.93936E-02 1.88202E-02 % U238
0.00000E+00 4.00003E-30 % lost data
7.26897E-02 7.39356E-02 % total
];

MAT_un_MDENS = [
1.88669E+00 1.31659E+00 % U235
7.66628E+00 7.43962E+00 % U238
0.00000E+00 0.00000E+00 % lost data
1.08000E+01 1.07984E+01 % total
];

MAT_un_A = [
3.60021E+10 2.51234E+10 % U235
2.27530E+10 2.20803E+10 % U238
0.00000E+00 0.00000E+00 % lost data
5.87551E+10 3.25762E+18 % total
];

MAT_un_H = [
2.69887E-02 1.88335E-02 % U235
1.55663E-02 1.51060E-02 % U238
0.00000E+00 0.00000E+00 % lost data
4.25549E-02 9.59783E+05 % total
];

MAT_un_SF = [
2.59215E+00 1.80889E+00 % U235
1.24231E+04 1.20558E+04 % U238
0.00000E+00 0.00000E+00 % lost data
1.24257E+04 1.36087E+08 % total
];

MAT_un_GSRC = [
4.54890E+10 3.17436E+10 % U235
2.01486E+09 1.95529E+09 % U238
0.00000E+00 0.00000E+00 % lost data
4.75038E+10 3.49669E+18 % total
];

MAT_un_ING_TOX = [
1.69210E+03 1.18080E+03 % U235
1.02388E+03 9.93611E+02 % U238
0.00000E+00 0.00000E+00 % lost data
2.71598E+03 2.25178E+09 % total
];

MAT_un_INH_TOX = [
3.06018E+05 2.13549E+05 % U235
1.82024E+05 1.76642E+05 % U238
0.00000E+00 0.00000E+00 % lost data
4.88042E+05 8.94922E+10 % total
];

TOT_VOLUME = [ 2.38650E+05 2.38650E+05 ];

TOT_BURNUP = [ 0.00000E+00 4.80317E+01 ];

TOT_ADENS = [
4.83387E-03 3.37323E-03 % U235
1.93936E-02 1.88202E-02 % U238
0.00000E+00 4.00003E-30 % lost data
7.26897E-02 7.39356E-02 % total
];

TOT_MASS = [
4.50258E+05 3.14204E+05 % U235
1.82955E+06 1.77546E+06 % U238
0.00000E+00 0.00000E+00 % lost data
2.57741E+06 2.57703E+06 % total
];

TOT_A = [
3.60021E+10 2.51234E+10 % U235
2.27530E+10 2.20803E+10 % U238
0.00000E+00 0.00000E+00 % lost data
5.87551E+10 3.25762E+18 % total
];

TOT_H = [
2.69887E-02 1.88335E-02 % U235
1.55663E-02 1.51060E-02 % U238
0.00000E+00 0.00000E+00 % lost data
4.25549E-02 9.59783E+05 % total
];

TOT_SF = [
2.59215E+00 1.80889E+00 % U235
1.24231E+04 1.20558E+04 % U238
0.00000E+00 0.00000E+00 % lost data
1.24257E+04 1.36087E+08 % total
];

TOT_GSRC = [
4.54890E+10 3.17436E+10 % U235
2.01486E+09 1.95529E+09 % U238
0.00000E+00 0.00000E+00 % lost data
4.75038E+10 3.49669E+18 % total
];

TOT_ING_TOX = [
1.69210E+03 1.18080E+03 % U235
1.02388E+03 9.93611E+02 % U238
0.00000E+00 0.00000E+00 % lost data
2.71598E+03 2.25178E+09 % total
];

TOT_INH_TOX = [
3.06018E+05 2.13549E+05 % U235
1.82024E+05 1.76642E+05 % U238
0.00000E+00 0.00000E+00 % lost data
4.88042E+05 8.94922E+10 % total
];

BU = [ 0.00000E+00 4.80303E+01 ];

DAYS = [ 0.00000E+00 7.30000E+03 ];
