
ZAI = [
922350
922380
666
0
];

NAMES = [
'U235            '
'U238            '
'lost            '
'total           '
];

i922350 = 1; iU235             = 1;
i922380 = 2; iU238             = 2;
iLOST    = 3;
iTOT     = 4;

MAT_un_VOLUME = [ 2.60153E+05 2.60153E+05 ];

MAT_un_BURNUP = [ 0.00000E+00 4.40616E+01 ];

MAT_un_ADENS = [
4.83387E-03 3.47888E-03 % U235
1.93936E-02 1.88501E-02 % U238
0.00000E+00 4.00284E-30 % lost data
7.26897E-02 7.38317E-02 % total
];

MAT_un_MDENS = [
1.88669E+00 1.35783E+00 % U235
7.66628E+00 7.45144E+00 % U238
0.00000E+00 0.00000E+00 % lost data
1.08000E+01 1.07985E+01 % total
];

MAT_un_A = [
3.92461E+10 2.82450E+10 % U235
2.48031E+10 2.41081E+10 % U238
0.00000E+00 0.00000E+00 % lost data
6.40492E+10 3.27326E+18 % total
];

MAT_un_H = [
2.94205E-02 2.11736E-02 % U235
1.69689E-02 1.64933E-02 % U238
0.00000E+00 0.00000E+00 % lost data
4.63893E-02 9.63247E+05 % total
];

MAT_un_SF = [
2.82572E+00 2.03364E+00 % U235
1.35425E+04 1.31630E+04 % U238
0.00000E+00 0.00000E+00 % lost data
1.35453E+04 1.10687E+08 % total
];

MAT_un_GSRC = [
4.95877E+10 3.56877E+10 % U235
2.19641E+09 2.13486E+09 % U238
0.00000E+00 0.00000E+00 % lost data
5.17841E+10 3.51704E+18 % total
];

MAT_un_ING_TOX = [
1.84457E+03 1.32751E+03 % U235
1.11614E+03 1.08486E+03 % U238
0.00000E+00 0.00000E+00 % lost data
2.96071E+03 2.23631E+09 % total
];

MAT_un_INH_TOX = [
3.33592E+05 2.40082E+05 % U235
1.98425E+05 1.92864E+05 % U238
0.00000E+00 0.00000E+00 % lost data
5.32017E+05 8.19152E+10 % total
];

TOT_VOLUME = [ 2.60153E+05 2.60153E+05 ];

TOT_BURNUP = [ 0.00000E+00 4.40616E+01 ];

TOT_ADENS = [
4.83387E-03 3.47888E-03 % U235
1.93936E-02 1.88501E-02 % U238
0.00000E+00 4.00284E-30 % lost data
7.26897E-02 7.38317E-02 % total
];

TOT_MASS = [
4.90828E+05 3.53243E+05 % U235
1.99441E+06 1.93852E+06 % U238
0.00000E+00 0.00000E+00 % lost data
2.80965E+06 2.80927E+06 % total
];

TOT_A = [
3.92461E+10 2.82450E+10 % U235
2.48031E+10 2.41081E+10 % U238
0.00000E+00 0.00000E+00 % lost data
6.40492E+10 3.27326E+18 % total
];

TOT_H = [
2.94205E-02 2.11736E-02 % U235
1.69689E-02 1.64933E-02 % U238
0.00000E+00 0.00000E+00 % lost data
4.63893E-02 9.63247E+05 % total
];

TOT_SF = [
2.82572E+00 2.03364E+00 % U235
1.35425E+04 1.31630E+04 % U238
0.00000E+00 0.00000E+00 % lost data
1.35453E+04 1.10687E+08 % total
];

TOT_GSRC = [
4.95877E+10 3.56877E+10 % U235
2.19641E+09 2.13486E+09 % U238
0.00000E+00 0.00000E+00 % lost data
5.17841E+10 3.51704E+18 % total
];

TOT_ING_TOX = [
1.84457E+03 1.32751E+03 % U235
1.11614E+03 1.08486E+03 % U238
0.00000E+00 0.00000E+00 % lost data
2.96071E+03 2.23631E+09 % total
];

TOT_INH_TOX = [
3.33592E+05 2.40082E+05 % U235
1.98425E+05 1.92864E+05 % U238
0.00000E+00 0.00000E+00 % lost data
5.32017E+05 8.19152E+10 % total
];

BU = [ 0.00000E+00 4.40602E+01 ];

DAYS = [ 0.00000E+00 7.30000E+03 ];
