
DETassem1 = [
    1    1    1    1    1    1    1    1    1    1  0.00000E+00 0.00000 
    2    1    1    1    1    1    1    1    1    2  0.00000E+00 0.00000 
    3    1    1    1    1    1    1    1    1    3  0.00000E+00 0.00000 
    4    1    1    1    1    1    1    1    1    4  0.00000E+00 0.00000 
    5    1    1    1    1    1    1    1    1    5  0.00000E+00 0.00000 
    6    1    1    1    1    1    1    1    1    6  0.00000E+00 0.00000 
    7    1    1    1    1    1    1    1    1    7  0.00000E+00 0.00000 
    8    1    1    1    1    1    1    1    1    8  1.83532E+04 0.00356 
    9    1    1    1    1    1    1    1    1    9  1.43409E+04 0.00378 
   10    1    1    1    1    1    1    1    1   10  0.00000E+00 0.00000 
   11    1    1    1    1    1    1    1    1   11  1.11618E+04 0.00426 
   12    1    1    1    1    1    1    1    2    1  1.97290E+04 0.00341 
   13    1    1    1    1    1    1    1    2    2  0.00000E+00 0.00000 
   14    1    1    1    1    1    1    1    2    3  0.00000E+00 0.00000 
   15    1    1    1    1    1    1    1    2    4  0.00000E+00 0.00000 
   16    1    1    1    1    1    1    1    2    5  0.00000E+00 0.00000 
   17    1    1    1    1    1    1    1    2    6  1.96792E+04 0.00343 
   18    1    1    1    1    1    1    1    2    7  1.62021E+04 0.00365 
   19    1    1    1    1    1    1    1    2    8  0.00000E+00 0.00000 
   20    1    1    1    1    1    1    1    2    9  1.19634E+04 0.00405 
   21    1    1    1    1    1    1    1    2   10  1.12257E+04 0.00406 
   22    1    1    1    1    1    1    1    2   11  0.00000E+00 0.00000 
   23    1    1    1    1    1    1    1    3    1  1.61414E+04 0.00360 
   24    1    1    1    1    1    1    1    3    2  1.84712E+04 0.00347 
   25    1    1    1    1    1    1    1    3    3  0.00000E+00 0.00000 
   26    1    1    1    1    1    1    1    3    4  1.83553E+04 0.00354 
   27    1    1    1    1    1    1    1    3    5  1.61433E+04 0.00366 
   28    1    1    1    1    1    1    1    3    6  0.00000E+00 0.00000 
   29    1    1    1    1    1    1    1    3    7  1.27093E+04 0.00403 
   30    1    1    1    1    1    1    1    3    8  1.16205E+04 0.00408 
   31    1    1    1    1    1    1    1    3    9  0.00000E+00 0.00000 
   32    1    1    1    1    1    1    1    3   10  1.07244E+04 0.00412 
   33    1    1    1    1    1    1    1    3   11  0.00000E+00 0.00000 
   34    1    1    1    1    1    1    1    4    1  0.00000E+00 0.00000 
   35    1    1    1    1    1    1    1    4    2  1.44336E+04 0.00384 
   36    1    1    1    1    1    1    1    4    3  1.44638E+04 0.00380 
   37    1    1    1    1    1    1    1    4    4  0.00000E+00 0.00000 
   38    1    1    1    1    1    1    1    4    5  1.26945E+04 0.00393 
   39    1    1    1    1    1    1    1    4    6  1.18330E+04 0.00401 
   40    1    1    1    1    1    1    1    4    7  0.00000E+00 0.00000 
   41    1    1    1    1    1    1    1    4    8  1.04101E+04 0.00412 
   42    1    1    1    1    1    1    1    4    9  1.01913E+04 0.00413 
   43    1    1    1    1    1    1    1    4   10  0.00000E+00 0.00000 
   44    1    1    1    1    1    1    1    4   11  1.02100E+04 0.00421 
   45    1    1    1    1    1    1    1    5    1  1.20732E+04 0.00398 
   46    1    1    1    1    1    1    1    5    2  0.00000E+00 0.00000 
   47    1    1    1    1    1    1    1    5    3  1.21000E+04 0.00393 
   48    1    1    1    1    1    1    1    5    4  1.16125E+04 0.00415 
   49    1    1    1    1    1    1    1    5    5  0.00000E+00 0.00000 
   50    1    1    1    1    1    1    1    5    6  1.04758E+04 0.00411 
   51    1    1    1    1    1    1    1    5    7  1.00606E+04 0.00418 
   52    1    1    1    1    1    1    1    5    8  0.00000E+00 0.00000 
   53    1    1    1    1    1    1    1    5    9  9.77072E+03 0.00432 
   54    1    1    1    1    1    1    1    5   10  9.69994E+03 0.00443 
   55    1    1    1    1    1    1    1    5   11  0.00000E+00 0.00000 
   56    1    1    1    1    1    1    1    6    1  1.10854E+04 0.00403 
   57    1    1    1    1    1    1    1    6    2  1.11540E+04 0.00413 
   58    1    1    1    1    1    1    1    6    3  0.00000E+00 0.00000 
   59    1    1    1    1    1    1    1    6    4  1.05105E+04 0.00420 
   60    1    1    1    1    1    1    1    6    5  1.01328E+04 0.00430 
   61    1    1    1    1    1    1    1    6    6  0.00000E+00 0.00000 
   62    1    1    1    1    1    1    1    6    7  9.57543E+03 0.00438 
   63    1    1    1    1    1    1    1    6    8  9.44486E+03 0.00431 
   64    1    1    1    1    1    1    1    6    9  0.00000E+00 0.00000 
   65    1    1    1    1    1    1    1    6   10  9.41279E+03 0.00443 
   66    1    1    1    1    1    1    1    6   11  9.38265E+03 0.00433 
   67    1    1    1    1    1    1    1    7    1  0.00000E+00 0.00000 
   68    1    1    1    1    1    1    1    7    2  1.07439E+04 0.00406 
   69    1    1    1    1    1    1    1    7    3  1.01903E+04 0.00416 
   70    1    1    1    1    1    1    1    7    4  0.00000E+00 0.00000 
   71    1    1    1    1    1    1    1    7    5  9.54307E+03 0.00420 
   72    1    1    1    1    1    1    1    7    6  9.43305E+03 0.00429 
   73    1    1    1    1    1    1    1    7    7  0.00000E+00 0.00000 
   74    1    1    1    1    1    1    1    7    8  9.18761E+03 0.00435 
   75    1    1    1    1    1    1    1    7    9  9.20774E+03 0.00449 
   76    1    1    1    1    1    1    1    7   10  0.00000E+00 0.00000 
   77    1    1    1    1    1    1    1    7   11  9.20872E+03 0.00429 
   78    1    1    1    1    1    1    1    8    1  0.00000E+00 0.00000 
   79    1    1    1    1    1    1    1    8    2  0.00000E+00 0.00000 
   80    1    1    1    1    1    1    1    8    3  9.81505E+03 0.00433 
   81    1    1    1    1    1    1    1    8    4  9.38548E+03 0.00437 
   82    1    1    1    1    1    1    1    8    5  0.00000E+00 0.00000 
   83    1    1    1    1    1    1    1    8    6  9.07339E+03 0.00436 
   84    1    1    1    1    1    1    1    8    7  9.11112E+03 0.00436 
   85    1    1    1    1    1    1    1    8    8  0.00000E+00 0.00000 
   86    1    1    1    1    1    1    1    8    9  9.20361E+03 0.00448 
   87    1    1    1    1    1    1    1    8   10  8.94305E+03 0.00446 
   88    1    1    1    1    1    1    1    8   11  0.00000E+00 0.00000 
   89    1    1    1    1    1    1    1    9    1  1.01419E+04 0.00429 
   90    1    1    1    1    1    1    1    9    2  9.69066E+03 0.00428 
   91    1    1    1    1    1    1    1    9    3  0.00000E+00 0.00000 
   92    1    1    1    1    1    1    1    9    4  9.25718E+03 0.00439 
   93    1    1    1    1    1    1    1    9    5  9.11454E+03 0.00440 
   94    1    1    1    1    1    1    1    9    6  0.00000E+00 0.00000 
   95    1    1    1    1    1    1    1    9    7  9.12341E+03 0.00438 
   96    1    1    1    1    1    1    1    9    8  0.00000E+00 0.00000 
   97    1    1    1    1    1    1    1    9    9  0.00000E+00 0.00000 
   98    1    1    1    1    1    1    1    9   10  8.70399E+03 0.00454 
   99    1    1    1    1    1    1    1    9   11  8.49377E+03 0.00455 
  100    1    1    1    1    1    1    1   10    1  0.00000E+00 0.00000 
  101    1    1    1    1    1    1    1   10    2  9.37110E+03 0.00437 
  102    1    1    1    1    1    1    1   10    3  9.19867E+03 0.00441 
  103    1    1    1    1    1    1    1   10    4  0.00000E+00 0.00000 
  104    1    1    1    1    1    1    1   10    5  9.11255E+03 0.00445 
  105    1    1    1    1    1    1    1   10    6  8.98358E+03 0.00447 
  106    1    1    1    1    1    1    1   10    7  0.00000E+00 0.00000 
  107    1    1    1    1    1    1    1   10    8  8.85345E+03 0.00448 
  108    1    1    1    1    1    1    1   10    9  8.53305E+03 0.00454 
  109    1    1    1    1    1    1    1   10   10  0.00000E+00 0.00000 
