
DETassem1 = [
    1    1    1    1    1    1    1    1    1    1  0.00000E+00 0.00000 
    2    1    1    1    1    1    1    1    1    2  0.00000E+00 0.00000 
    3    1    1    1    1    1    1    1    1    3  0.00000E+00 0.00000 
    4    1    1    1    1    1    1    1    1    4  0.00000E+00 0.00000 
    5    1    1    1    1    1    1    1    1    5  0.00000E+00 0.00000 
    6    1    1    1    1    1    1    1    1    6  0.00000E+00 0.00000 
    7    1    1    1    1    1    1    1    1    7  0.00000E+00 0.00000 
    8    1    1    1    1    1    1    1    1    8  1.95941E+04 0.00360 
    9    1    1    1    1    1    1    1    1    9  1.55008E+04 0.00386 
   10    1    1    1    1    1    1    1    1   10  0.00000E+00 0.00000 
   11    1    1    1    1    1    1    1    1   11  1.16405E+04 0.00429 
   12    1    1    1    1    1    1    1    2    1  2.09151E+04 0.00348 
   13    1    1    1    1    1    1    1    2    2  0.00000E+00 0.00000 
   14    1    1    1    1    1    1    1    2    3  0.00000E+00 0.00000 
   15    1    1    1    1    1    1    1    2    4  0.00000E+00 0.00000 
   16    1    1    1    1    1    1    1    2    5  0.00000E+00 0.00000 
   17    1    1    1    1    1    1    1    2    6  2.09277E+04 0.00340 
   18    1    1    1    1    1    1    1    2    7  1.70283E+04 0.00382 
   19    1    1    1    1    1    1    1    2    8  0.00000E+00 0.00000 
   20    1    1    1    1    1    1    1    2    9  0.00000E+00 0.00000 
   21    1    1    1    1    1    1    1    2   10  1.15037E+04 0.00423 
   22    1    1    1    1    1    1    1    2   11  0.00000E+00 0.00000 
   23    1    1    1    1    1    1    1    3    1  1.69535E+04 0.00379 
   24    1    1    1    1    1    1    1    3    2  1.95182E+04 0.00360 
   25    1    1    1    1    1    1    1    3    3  0.00000E+00 0.00000 
   26    1    1    1    1    1    1    1    3    4  1.95252E+04 0.00360 
   27    1    1    1    1    1    1    1    3    5  1.68882E+04 0.00368 
   28    1    1    1    1    1    1    1    3    6  0.00000E+00 0.00000 
   29    1    1    1    1    1    1    1    3    7  1.31340E+04 0.00401 
   30    1    1    1    1    1    1    1    3    8  1.22179E+04 0.00419 
   31    1    1    1    1    1    1    1    3    9  0.00000E+00 0.00000 
   32    1    1    1    1    1    1    1    3   10  1.02574E+04 0.00445 
   33    1    1    1    1    1    1    1    3   11  9.66604E+03 0.00453 
   34    1    1    1    1    1    1    1    4    1  0.00000E+00 0.00000 
   35    1    1    1    1    1    1    1    4    2  1.54716E+04 0.00393 
   36    1    1    1    1    1    1    1    4    3  1.54327E+04 0.00385 
   37    1    1    1    1    1    1    1    4    4  0.00000E+00 0.00000 
   38    1    1    1    1    1    1    1    4    5  1.31095E+04 0.00412 
   39    1    1    1    1    1    1    1    4    6  1.20724E+04 0.00417 
   40    1    1    1    1    1    1    1    4    7  0.00000E+00 0.00000 
   41    1    1    1    1    1    1    1    4    8  1.07437E+04 0.00433 
   42    1    1    1    1    1    1    1    4    9  1.01515E+04 0.00428 
   43    1    1    1    1    1    1    1    4   10  0.00000E+00 0.00000 
   44    1    1    1    1    1    1    1    4   11  9.23674E+03 0.00454 
   45    1    1    1    1    1    1    1    5    1  0.00000E+00 0.00000 
   46    1    1    1    1    1    1    1    5    2  0.00000E+00 0.00000 
   47    1    1    1    1    1    1    1    5    3  0.00000E+00 0.00000 
   48    1    1    1    1    1    1    1    5    4  1.22322E+04 0.00416 
   49    1    1    1    1    1    1    1    5    5  0.00000E+00 0.00000 
   50    1    1    1    1    1    1    1    5    6  1.08365E+04 0.00423 
   51    1    1    1    1    1    1    1    5    7  1.06170E+04 0.00425 
   52    1    1    1    1    1    1    1    5    8  0.00000E+00 0.00000 
   53    1    1    1    1    1    1    1    5    9  9.61639E+03 0.00457 
   54    1    1    1    1    1    1    1    5   10  9.22342E+03 0.00454 
   55    1    1    1    1    1    1    1    5   11  0.00000E+00 0.00000 
   56    1    1    1    1    1    1    1    6    1  1.15460E+04 0.00427 
   57    1    1    1    1    1    1    1    6    2  1.16636E+04 0.00427 
   58    1    1    1    1    1    1    1    6    3  0.00000E+00 0.00000 
   59    1    1    1    1    1    1    1    6    4  1.07014E+04 0.00428 
   60    1    1    1    1    1    1    1    6    5  1.05711E+04 0.00428 
   61    1    1    1    1    1    1    1    6    6  0.00000E+00 0.00000 
   62    1    1    1    1    1    1    1    6    7  0.00000E+00 0.00000 
   63    1    1    1    1    1    1    1    6    8  9.79368E+03 0.00453 
   64    1    1    1    1    1    1    1    6    9  0.00000E+00 0.00000 
   65    1    1    1    1    1    1    1    6   10  9.13153E+03 0.00453 
   66    1    1    1    1    1    1    1    6   11  9.05545E+03 0.00460 
   67    1    1    1    1    1    1    1    7    1  0.00000E+00 0.00000 
   68    1    1    1    1    1    1    1    7    2  1.02409E+04 0.00439 
   69    1    1    1    1    1    1    1    7    3  1.01797E+04 0.00432 
   70    1    1    1    1    1    1    1    7    4  0.00000E+00 0.00000 
   71    1    1    1    1    1    1    1    7    5  0.00000E+00 0.00000 
   72    1    1    1    1    1    1    1    7    6  1.02250E+04 0.00432 
   73    1    1    1    1    1    1    1    7    7  0.00000E+00 0.00000 
   74    1    1    1    1    1    1    1    7    8  9.35585E+03 0.00450 
   75    1    1    1    1    1    1    1    7    9  9.09157E+03 0.00453 
   76    1    1    1    1    1    1    1    7   10  0.00000E+00 0.00000 
   77    1    1    1    1    1    1    1    7   11  9.16809E+03 0.00457 
   78    1    1    1    1    1    1    1    8    1  9.70171E+03 0.00435 
   79    1    1    1    1    1    1    1    8    2  0.00000E+00 0.00000 
   80    1    1    1    1    1    1    1    8    3  9.62078E+03 0.00453 
   81    1    1    1    1    1    1    1    8    4  9.78022E+03 0.00453 
   82    1    1    1    1    1    1    1    8    5  0.00000E+00 0.00000 
   83    1    1    1    1    1    1    1    8    6  9.56889E+03 0.00451 
   84    1    1    1    1    1    1    1    8    7  9.63506E+03 0.00446 
   85    1    1    1    1    1    1    1    8    8  0.00000E+00 0.00000 
   86    1    1    1    1    1    1    1    8    9  8.91743E+03 0.00461 
   87    1    1    1    1    1    1    1    8   10  8.89188E+03 0.00472 
   88    1    1    1    1    1    1    1    8   11  0.00000E+00 0.00000 
   89    1    1    1    1    1    1    1    9    1  9.23139E+03 0.00454 
   90    1    1    1    1    1    1    1    9    2  9.23996E+03 0.00447 
   91    1    1    1    1    1    1    1    9    3  0.00000E+00 0.00000 
   92    1    1    1    1    1    1    1    9    4  9.27669E+03 0.00444 
   93    1    1    1    1    1    1    1    9    5  9.51899E+03 0.00462 
   94    1    1    1    1    1    1    1    9    6  0.00000E+00 0.00000 
   95    1    1    1    1    1    1    1    9    7  0.00000E+00 0.00000 
   96    1    1    1    1    1    1    1    9    8  9.11018E+03 0.00458 
   97    1    1    1    1    1    1    1    9    9  0.00000E+00 0.00000 
   98    1    1    1    1    1    1    1    9   10  8.85191E+03 0.00466 
   99    1    1    1    1    1    1    1    9   11  9.13910E+03 0.00467 
  100    1    1    1    1    1    1    1   10    1  0.00000E+00 0.00000 
  101    1    1    1    1    1    1    1   10    2  9.09535E+03 0.00450 
  102    1    1    1    1    1    1    1   10    3  9.16348E+03 0.00459 
  103    1    1    1    1    1    1    1   10    4  0.00000E+00 0.00000 
  104    1    1    1    1    1    1    1   10    5  0.00000E+00 0.00000 
  105    1    1    1    1    1    1    1   10    6  9.38567E+03 0.00456 
  106    1    1    1    1    1    1    1   10    7  0.00000E+00 0.00000 
  107    1    1    1    1    1    1    1   10    8  8.66279E+03 0.00467 
  108    1    1    1    1    1    1    1   10    9  8.63728E+03 0.00463 
  109    1    1    1    1    1    1    1   10   10  0.00000E+00 0.00000 
