
DETassem1 = [
    1    1    1    1    1    1    1    1    1    1  0.00000E+00 0.00000 
    2    1    1    1    1    1    1    1    1    2  0.00000E+00 0.00000 
    3    1    1    1    1    1    1    1    1    3  0.00000E+00 0.00000 
    4    1    1    1    1    1    1    1    1    4  0.00000E+00 0.00000 
    5    1    1    1    1    1    1    1    1    5  0.00000E+00 0.00000 
    6    1    1    1    1    1    1    1    1    6  0.00000E+00 0.00000 
    7    1    1    1    1    1    1    1    1    7  0.00000E+00 0.00000 
    8    1    1    1    1    1    1    1    1    8  1.93473E+04 0.00354 
    9    1    1    1    1    1    1    1    1    9  1.48244E+04 0.00390 
   10    1    1    1    1    1    1    1    1   10  0.00000E+00 0.00000 
   11    1    1    1    1    1    1    1    1   11  1.08404E+04 0.00432 
   12    1    1    1    1    1    1    1    2    1  2.05951E+04 0.00352 
   13    1    1    1    1    1    1    1    2    2  0.00000E+00 0.00000 
   14    1    1    1    1    1    1    1    2    3  0.00000E+00 0.00000 
   15    1    1    1    1    1    1    1    2    4  0.00000E+00 0.00000 
   16    1    1    1    1    1    1    1    2    5  0.00000E+00 0.00000 
   17    1    1    1    1    1    1    1    2    6  2.06795E+04 0.00348 
   18    1    1    1    1    1    1    1    2    7  1.67740E+04 0.00379 
   19    1    1    1    1    1    1    1    2    8  0.00000E+00 0.00000 
   20    1    1    1    1    1    1    1    2    9  1.23712E+04 0.00418 
   21    1    1    1    1    1    1    1    2   10  1.09409E+04 0.00429 
   22    1    1    1    1    1    1    1    2   11  0.00000E+00 0.00000 
   23    1    1    1    1    1    1    1    3    1  1.67484E+04 0.00371 
   24    1    1    1    1    1    1    1    3    2  1.93068E+04 0.00366 
   25    1    1    1    1    1    1    1    3    3  0.00000E+00 0.00000 
   26    1    1    1    1    1    1    1    3    4  1.92085E+04 0.00363 
   27    1    1    1    1    1    1    1    3    5  1.67021E+04 0.00383 
   28    1    1    1    1    1    1    1    3    6  0.00000E+00 0.00000 
   29    1    1    1    1    1    1    1    3    7  1.32061E+04 0.00399 
   30    1    1    1    1    1    1    1    3    8  0.00000E+00 0.00000 
   31    1    1    1    1    1    1    1    3    9  0.00000E+00 0.00000 
   32    1    1    1    1    1    1    1    3   10  1.00681E+04 0.00433 
   33    1    1    1    1    1    1    1    3   11  9.54574E+03 0.00441 
   34    1    1    1    1    1    1    1    4    1  0.00000E+00 0.00000 
   35    1    1    1    1    1    1    1    4    2  1.49295E+04 0.00400 
   36    1    1    1    1    1    1    1    4    3  1.48263E+04 0.00389 
   37    1    1    1    1    1    1    1    4    4  0.00000E+00 0.00000 
   38    1    1    1    1    1    1    1    4    5  1.32129E+04 0.00406 
   39    1    1    1    1    1    1    1    4    6  1.21699E+04 0.00418 
   40    1    1    1    1    1    1    1    4    7  0.00000E+00 0.00000 
   41    1    1    1    1    1    1    1    4    8  1.07971E+04 0.00435 
   42    1    1    1    1    1    1    1    4    9  9.96600E+03 0.00448 
   43    1    1    1    1    1    1    1    4   10  0.00000E+00 0.00000 
   44    1    1    1    1    1    1    1    4   11  9.16148E+03 0.00447 
   45    1    1    1    1    1    1    1    5    1  1.23270E+04 0.00427 
   46    1    1    1    1    1    1    1    5    2  0.00000E+00 0.00000 
   47    1    1    1    1    1    1    1    5    3  1.23752E+04 0.00416 
   48    1    1    1    1    1    1    1    5    4  0.00000E+00 0.00000 
   49    1    1    1    1    1    1    1    5    5  0.00000E+00 0.00000 
   50    1    1    1    1    1    1    1    5    6  1.07414E+04 0.00430 
   51    1    1    1    1    1    1    1    5    7  1.02691E+04 0.00442 
   52    1    1    1    1    1    1    1    5    8  0.00000E+00 0.00000 
   53    1    1    1    1    1    1    1    5    9  9.55134E+03 0.00442 
   54    1    1    1    1    1    1    1    5   10  9.33555E+03 0.00450 
   55    1    1    1    1    1    1    1    5   11  0.00000E+00 0.00000 
   56    1    1    1    1    1    1    1    6    1  1.07750E+04 0.00433 
   57    1    1    1    1    1    1    1    6    2  1.08003E+04 0.00433 
   58    1    1    1    1    1    1    1    6    3  0.00000E+00 0.00000 
   59    1    1    1    1    1    1    1    6    4  1.07419E+04 0.00427 
   60    1    1    1    1    1    1    1    6    5  1.02986E+04 0.00442 
   61    1    1    1    1    1    1    1    6    6  0.00000E+00 0.00000 
   62    1    1    1    1    1    1    1    6    7  9.79821E+03 0.00442 
   63    1    1    1    1    1    1    1    6    8  9.77130E+03 0.00445 
   64    1    1    1    1    1    1    1    6    9  0.00000E+00 0.00000 
   65    1    1    1    1    1    1    1    6   10  9.22246E+03 0.00458 
   66    1    1    1    1    1    1    1    6   11  9.02194E+03 0.00471 
   67    1    1    1    1    1    1    1    7    1  0.00000E+00 0.00000 
   68    1    1    1    1    1    1    1    7    2  9.96721E+03 0.00439 
   69    1    1    1    1    1    1    1    7    3  9.94087E+03 0.00439 
   70    1    1    1    1    1    1    1    7    4  0.00000E+00 0.00000 
   71    1    1    1    1    1    1    1    7    5  9.74984E+03 0.00445 
   72    1    1    1    1    1    1    1    7    6  9.74683E+03 0.00447 
   73    1    1    1    1    1    1    1    7    7  0.00000E+00 0.00000 
   74    1    1    1    1    1    1    1    7    8  0.00000E+00 0.00000 
   75    1    1    1    1    1    1    1    7    9  9.55490E+03 0.00454 
   76    1    1    1    1    1    1    1    7   10  0.00000E+00 0.00000 
   77    1    1    1    1    1    1    1    7   11  9.16956E+03 0.00462 
   78    1    1    1    1    1    1    1    8    1  9.40440E+03 0.00457 
   79    1    1    1    1    1    1    1    8    2  0.00000E+00 0.00000 
   80    1    1    1    1    1    1    1    8    3  9.56405E+03 0.00450 
   81    1    1    1    1    1    1    1    8    4  9.75934E+03 0.00445 
   82    1    1    1    1    1    1    1    8    5  0.00000E+00 0.00000 
   83    1    1    1    1    1    1    1    8    6  9.68322E+03 0.00438 
   84    1    1    1    1    1    1    1    8    7  9.88203E+03 0.00446 
   85    1    1    1    1    1    1    1    8    8  0.00000E+00 0.00000 
   86    1    1    1    1    1    1    1    8    9  9.43481E+03 0.00463 
   87    1    1    1    1    1    1    1    8   10  9.39631E+03 0.00459 
   88    1    1    1    1    1    1    1    8   11  0.00000E+00 0.00000 
   89    1    1    1    1    1    1    1    9    1  9.20936E+03 0.00459 
   90    1    1    1    1    1    1    1    9    2  9.31612E+03 0.00453 
   91    1    1    1    1    1    1    1    9    3  0.00000E+00 0.00000 
   92    1    1    1    1    1    1    1    9    4  0.00000E+00 0.00000 
   93    1    1    1    1    1    1    1    9    5  9.91518E+03 0.00445 
   94    1    1    1    1    1    1    1    9    6  0.00000E+00 0.00000 
   95    1    1    1    1    1    1    1    9    7  0.00000E+00 0.00000 
   96    1    1    1    1    1    1    1    9    8  9.61530E+03 0.00455 
   97    1    1    1    1    1    1    1    9    9  0.00000E+00 0.00000 
   98    1    1    1    1    1    1    1    9   10  0.00000E+00 0.00000 
   99    1    1    1    1    1    1    1    9   11  0.00000E+00 0.00000 
  100    1    1    1    1    1    1    1   10    1  0.00000E+00 0.00000 
  101    1    1    1    1    1    1    1   10    2  9.18611E+03 0.00458 
  102    1    1    1    1    1    1    1   10    3  9.50677E+03 0.00454 
  103    1    1    1    1    1    1    1   10    4  0.00000E+00 0.00000 
  104    1    1    1    1    1    1    1   10    5  0.00000E+00 0.00000 
  105    1    1    1    1    1    1    1   10    6  9.92049E+03 0.00460 
  106    1    1    1    1    1    1    1   10    7  0.00000E+00 0.00000 
  107    1    1    1    1    1    1    1   10    8  9.22046E+03 0.00462 
  108    1    1    1    1    1    1    1   10    9  9.40444E+03 0.00467 
  109    1    1    1    1    1    1    1   10   10  0.00000E+00 0.00000 
