
DETassem1 = [
    1    1    1    1    1    1    1    1    1    1  0.00000E+00 0.00000 
    2    1    1    1    1    1    1    1    1    2  0.00000E+00 0.00000 
    3    1    1    1    1    1    1    1    1    3  0.00000E+00 0.00000 
    4    1    1    1    1    1    1    1    1    4  0.00000E+00 0.00000 
    5    1    1    1    1    1    1    1    1    5  0.00000E+00 0.00000 
    6    1    1    1    1    1    1    1    1    6  0.00000E+00 0.00000 
    7    1    1    1    1    1    1    1    1    7  0.00000E+00 0.00000 
    8    1    1    1    1    1    1    1    1    8  1.87520E+04 0.00350 
    9    1    1    1    1    1    1    1    1    9  1.47182E+04 0.00377 
   10    1    1    1    1    1    1    1    1   10  0.00000E+00 0.00000 
   11    1    1    1    1    1    1    1    1   11  1.13675E+04 0.00413 
   12    1    1    1    1    1    1    1    2    1  1.98950E+04 0.00342 
   13    1    1    1    1    1    1    1    2    2  0.00000E+00 0.00000 
   14    1    1    1    1    1    1    1    2    3  0.00000E+00 0.00000 
   15    1    1    1    1    1    1    1    2    4  0.00000E+00 0.00000 
   16    1    1    1    1    1    1    1    2    5  0.00000E+00 0.00000 
   17    1    1    1    1    1    1    1    2    6  1.98843E+04 0.00336 
   18    1    1    1    1    1    1    1    2    7  1.62848E+04 0.00358 
   19    1    1    1    1    1    1    1    2    8  0.00000E+00 0.00000 
   20    1    1    1    1    1    1    1    2    9  1.23344E+04 0.00403 
   21    1    1    1    1    1    1    1    2   10  1.14664E+04 0.00406 
   22    1    1    1    1    1    1    1    2   11  0.00000E+00 0.00000 
   23    1    1    1    1    1    1    1    3    1  1.63254E+04 0.00362 
   24    1    1    1    1    1    1    1    3    2  1.86197E+04 0.00345 
   25    1    1    1    1    1    1    1    3    3  0.00000E+00 0.00000 
   26    1    1    1    1    1    1    1    3    4  1.85930E+04 0.00341 
   27    1    1    1    1    1    1    1    3    5  1.63375E+04 0.00360 
   28    1    1    1    1    1    1    1    3    6  0.00000E+00 0.00000 
   29    1    1    1    1    1    1    1    3    7  1.29210E+04 0.00390 
   30    1    1    1    1    1    1    1    3    8  1.18898E+04 0.00405 
   31    1    1    1    1    1    1    1    3    9  0.00000E+00 0.00000 
   32    1    1    1    1    1    1    1    3   10  1.09949E+04 0.00407 
   33    1    1    1    1    1    1    1    3   11  0.00000E+00 0.00000 
   34    1    1    1    1    1    1    1    4    1  0.00000E+00 0.00000 
   35    1    1    1    1    1    1    1    4    2  1.46654E+04 0.00382 
   36    1    1    1    1    1    1    1    4    3  1.47491E+04 0.00377 
   37    1    1    1    1    1    1    1    4    4  0.00000E+00 0.00000 
   38    1    1    1    1    1    1    1    4    5  1.29185E+04 0.00388 
   39    1    1    1    1    1    1    1    4    6  1.21700E+04 0.00403 
   40    1    1    1    1    1    1    1    4    7  0.00000E+00 0.00000 
   41    1    1    1    1    1    1    1    4    8  1.08727E+04 0.00427 
   42    1    1    1    1    1    1    1    4    9  1.06830E+04 0.00411 
   43    1    1    1    1    1    1    1    4   10  0.00000E+00 0.00000 
   44    1    1    1    1    1    1    1    4   11  1.04920E+04 0.00419 
   45    1    1    1    1    1    1    1    5    1  1.22650E+04 0.00402 
   46    1    1    1    1    1    1    1    5    2  0.00000E+00 0.00000 
   47    1    1    1    1    1    1    1    5    3  1.23188E+04 0.00392 
   48    1    1    1    1    1    1    1    5    4  1.18401E+04 0.00404 
   49    1    1    1    1    1    1    1    5    5  0.00000E+00 0.00000 
   50    1    1    1    1    1    1    1    5    6  1.09077E+04 0.00413 
   51    1    1    1    1    1    1    1    5    7  1.06267E+04 0.00418 
   52    1    1    1    1    1    1    1    5    8  0.00000E+00 0.00000 
   53    1    1    1    1    1    1    1    5    9  1.05416E+04 0.00406 
   54    1    1    1    1    1    1    1    5   10  1.02070E+04 0.00425 
   55    1    1    1    1    1    1    1    5   11  0.00000E+00 0.00000 
   56    1    1    1    1    1    1    1    6    1  1.13903E+04 0.00407 
   57    1    1    1    1    1    1    1    6    2  1.14138E+04 0.00407 
   58    1    1    1    1    1    1    1    6    3  0.00000E+00 0.00000 
   59    1    1    1    1    1    1    1    6    4  1.08301E+04 0.00407 
   60    1    1    1    1    1    1    1    6    5  1.06309E+04 0.00412 
   61    1    1    1    1    1    1    1    6    6  0.00000E+00 0.00000 
   62    1    1    1    1    1    1    1    6    7  1.04503E+04 0.00423 
   63    1    1    1    1    1    1    1    6    8  0.00000E+00 0.00000 
   64    1    1    1    1    1    1    1    6    9  0.00000E+00 0.00000 
   65    1    1    1    1    1    1    1    6   10  1.00321E+04 0.00424 
   66    1    1    1    1    1    1    1    6   11  9.56524E+03 0.00426 
   67    1    1    1    1    1    1    1    7    1  0.00000E+00 0.00000 
   68    1    1    1    1    1    1    1    7    2  1.10667E+04 0.00416 
   69    1    1    1    1    1    1    1    7    3  1.07445E+04 0.00413 
   70    1    1    1    1    1    1    1    7    4  0.00000E+00 0.00000 
   71    1    1    1    1    1    1    1    7    5  1.05186E+04 0.00423 
   72    1    1    1    1    1    1    1    7    6  1.02729E+04 0.00427 
   73    1    1    1    1    1    1    1    7    7  0.00000E+00 0.00000 
   74    1    1    1    1    1    1    1    7    8  1.04905E+04 0.00421 
   75    1    1    1    1    1    1    1    7    9  0.00000E+00 0.00000 
   76    1    1    1    1    1    1    1    7   10  0.00000E+00 0.00000 
   77    1    1    1    1    1    1    1    7   11  9.36194E+03 0.00443 
   78    1    1    1    1    1    1    1    8    1  0.00000E+00 0.00000 
   79    1    1    1    1    1    1    1    8    2  0.00000E+00 0.00000 
   80    1    1    1    1    1    1    1    8    3  1.05650E+04 0.00419 
   81    1    1    1    1    1    1    1    8    4  0.00000E+00 0.00000 
   82    1    1    1    1    1    1    1    8    5  0.00000E+00 0.00000 
   83    1    1    1    1    1    1    1    8    6  1.01335E+04 0.00428 
   84    1    1    1    1    1    1    1    8    7  1.02270E+04 0.00420 
   85    1    1    1    1    1    1    1    8    8  0.00000E+00 0.00000 
   86    1    1    1    1    1    1    1    8    9  9.80671E+03 0.00429 
   87    1    1    1    1    1    1    1    8   10  9.41130E+03 0.00435 
   88    1    1    1    1    1    1    1    8   11  0.00000E+00 0.00000 
   89    1    1    1    1    1    1    1    9    1  1.04617E+04 0.00421 
   90    1    1    1    1    1    1    1    9    2  1.02158E+04 0.00423 
   91    1    1    1    1    1    1    1    9    3  0.00000E+00 0.00000 
   92    1    1    1    1    1    1    1    9    4  1.04816E+04 0.00427 
   93    1    1    1    1    1    1    1    9    5  1.02670E+04 0.00426 
   94    1    1    1    1    1    1    1    9    6  0.00000E+00 0.00000 
   95    1    1    1    1    1    1    1    9    7  0.00000E+00 0.00000 
   96    1    1    1    1    1    1    1    9    8  9.66591E+03 0.00436 
   97    1    1    1    1    1    1    1    9    9  0.00000E+00 0.00000 
   98    1    1    1    1    1    1    1    9   10  9.31734E+03 0.00440 
   99    1    1    1    1    1    1    1    9   11  0.00000E+00 0.00000 
  100    1    1    1    1    1    1    1   10    1  0.00000E+00 0.00000 
  101    1    1    1    1    1    1    1   10    2  1.01158E+04 0.00418 
  102    1    1    1    1    1    1    1   10    3  0.00000E+00 0.00000 
  103    1    1    1    1    1    1    1   10    4  0.00000E+00 0.00000 
  104    1    1    1    1    1    1    1   10    5  0.00000E+00 0.00000 
  105    1    1    1    1    1    1    1   10    6  9.94519E+03 0.00436 
  106    1    1    1    1    1    1    1   10    7  0.00000E+00 0.00000 
  107    1    1    1    1    1    1    1   10    8  9.07216E+03 0.00450 
  108    1    1    1    1    1    1    1   10    9  8.82939E+03 0.00449 
  109    1    1    1    1    1    1    1   10   10  0.00000E+00 0.00000 
