
DETassem1 = [
    1    1    1    1    1    1    1    1    1    1  0.00000E+00 0.00000 
    2    1    1    1    1    1    1    1    1    2  0.00000E+00 0.00000 
    3    1    1    1    1    1    1    1    1    3  0.00000E+00 0.00000 
    4    1    1    1    1    1    1    1    1    4  0.00000E+00 0.00000 
    5    1    1    1    1    1    1    1    1    5  0.00000E+00 0.00000 
    6    1    1    1    1    1    1    1    1    6  0.00000E+00 0.00000 
    7    1    1    1    1    1    1    1    1    7  0.00000E+00 0.00000 
    8    1    1    1    1    1    1    1    1    8  1.89353E+04 0.00339 
    9    1    1    1    1    1    1    1    1    9  1.48726E+04 0.00376 
   10    1    1    1    1    1    1    1    1   10  0.00000E+00 0.00000 
   11    1    1    1    1    1    1    1    1   11  1.13048E+04 0.00409 
   12    1    1    1    1    1    1    1    2    1  2.01754E+04 0.00340 
   13    1    1    1    1    1    1    1    2    2  0.00000E+00 0.00000 
   14    1    1    1    1    1    1    1    2    3  0.00000E+00 0.00000 
   15    1    1    1    1    1    1    1    2    4  0.00000E+00 0.00000 
   16    1    1    1    1    1    1    1    2    5  0.00000E+00 0.00000 
   17    1    1    1    1    1    1    1    2    6  2.02586E+04 0.00345 
   18    1    1    1    1    1    1    1    2    7  1.65378E+04 0.00356 
   19    1    1    1    1    1    1    1    2    8  0.00000E+00 0.00000 
   20    1    1    1    1    1    1    1    2    9  1.26856E+04 0.00406 
   21    1    1    1    1    1    1    1    2   10  1.12363E+04 0.00408 
   22    1    1    1    1    1    1    1    2   11  0.00000E+00 0.00000 
   23    1    1    1    1    1    1    1    3    1  1.66497E+04 0.00366 
   24    1    1    1    1    1    1    1    3    2  1.88820E+04 0.00351 
   25    1    1    1    1    1    1    1    3    3  0.00000E+00 0.00000 
   26    1    1    1    1    1    1    1    3    4  1.89389E+04 0.00348 
   27    1    1    1    1    1    1    1    3    5  1.67161E+04 0.00359 
   28    1    1    1    1    1    1    1    3    6  0.00000E+00 0.00000 
   29    1    1    1    1    1    1    1    3    7  1.34461E+04 0.00384 
   30    1    1    1    1    1    1    1    3    8  0.00000E+00 0.00000 
   31    1    1    1    1    1    1    1    3    9  0.00000E+00 0.00000 
   32    1    1    1    1    1    1    1    3   10  1.04734E+04 0.00421 
   33    1    1    1    1    1    1    1    3   11  9.93954E+03 0.00427 
   34    1    1    1    1    1    1    1    4    1  0.00000E+00 0.00000 
   35    1    1    1    1    1    1    1    4    2  1.50424E+04 0.00375 
   36    1    1    1    1    1    1    1    4    3  1.49573E+04 0.00376 
   37    1    1    1    1    1    1    1    4    4  0.00000E+00 0.00000 
   38    1    1    1    1    1    1    1    4    5  1.34499E+04 0.00395 
   39    1    1    1    1    1    1    1    4    6  1.24537E+04 0.00401 
   40    1    1    1    1    1    1    1    4    7  0.00000E+00 0.00000 
   41    1    1    1    1    1    1    1    4    8  1.11214E+04 0.00412 
   42    1    1    1    1    1    1    1    4    9  1.02930E+04 0.00420 
   43    1    1    1    1    1    1    1    4   10  0.00000E+00 0.00000 
   44    1    1    1    1    1    1    1    4   11  9.61161E+03 0.00429 
   45    1    1    1    1    1    1    1    5    1  1.26420E+04 0.00397 
   46    1    1    1    1    1    1    1    5    2  0.00000E+00 0.00000 
   47    1    1    1    1    1    1    1    5    3  1.25785E+04 0.00396 
   48    1    1    1    1    1    1    1    5    4  0.00000E+00 0.00000 
   49    1    1    1    1    1    1    1    5    5  0.00000E+00 0.00000 
   50    1    1    1    1    1    1    1    5    6  1.10801E+04 0.00411 
   51    1    1    1    1    1    1    1    5    7  1.06725E+04 0.00419 
   52    1    1    1    1    1    1    1    5    8  0.00000E+00 0.00000 
   53    1    1    1    1    1    1    1    5    9  9.98807E+03 0.00436 
   54    1    1    1    1    1    1    1    5   10  9.63271E+03 0.00427 
   55    1    1    1    1    1    1    1    5   11  0.00000E+00 0.00000 
   56    1    1    1    1    1    1    1    6    1  1.12568E+04 0.00416 
   57    1    1    1    1    1    1    1    6    2  1.11779E+04 0.00404 
   58    1    1    1    1    1    1    1    6    3  0.00000E+00 0.00000 
   59    1    1    1    1    1    1    1    6    4  1.10647E+04 0.00415 
   60    1    1    1    1    1    1    1    6    5  1.06567E+04 0.00423 
   61    1    1    1    1    1    1    1    6    6  0.00000E+00 0.00000 
   62    1    1    1    1    1    1    1    6    7  1.01010E+04 0.00426 
   63    1    1    1    1    1    1    1    6    8  1.01106E+04 0.00420 
   64    1    1    1    1    1    1    1    6    9  0.00000E+00 0.00000 
   65    1    1    1    1    1    1    1    6   10  9.55032E+03 0.00435 
   66    1    1    1    1    1    1    1    6   11  9.37713E+03 0.00450 
   67    1    1    1    1    1    1    1    7    1  0.00000E+00 0.00000 
   68    1    1    1    1    1    1    1    7    2  1.03719E+04 0.00423 
   69    1    1    1    1    1    1    1    7    3  1.03457E+04 0.00415 
   70    1    1    1    1    1    1    1    7    4  0.00000E+00 0.00000 
   71    1    1    1    1    1    1    1    7    5  1.01023E+04 0.00418 
   72    1    1    1    1    1    1    1    7    6  1.01273E+04 0.00432 
   73    1    1    1    1    1    1    1    7    7  0.00000E+00 0.00000 
   74    1    1    1    1    1    1    1    7    8  0.00000E+00 0.00000 
   75    1    1    1    1    1    1    1    7    9  9.88374E+03 0.00435 
   76    1    1    1    1    1    1    1    7   10  0.00000E+00 0.00000 
   77    1    1    1    1    1    1    1    7   11  9.46491E+03 0.00451 
   78    1    1    1    1    1    1    1    8    1  9.89399E+03 0.00428 
   79    1    1    1    1    1    1    1    8    2  0.00000E+00 0.00000 
   80    1    1    1    1    1    1    1    8    3  9.93510E+03 0.00422 
   81    1    1    1    1    1    1    1    8    4  1.00598E+04 0.00415 
   82    1    1    1    1    1    1    1    8    5  0.00000E+00 0.00000 
   83    1    1    1    1    1    1    1    8    6  1.00991E+04 0.00427 
   84    1    1    1    1    1    1    1    8    7  1.02057E+04 0.00429 
   85    1    1    1    1    1    1    1    8    8  0.00000E+00 0.00000 
   86    1    1    1    1    1    1    1    8    9  9.73283E+03 0.00427 
   87    1    1    1    1    1    1    1    8   10  9.83530E+03 0.00441 
   88    1    1    1    1    1    1    1    8   11  0.00000E+00 0.00000 
   89    1    1    1    1    1    1    1    9    1  9.62284E+03 0.00432 
   90    1    1    1    1    1    1    1    9    2  9.70148E+03 0.00424 
   91    1    1    1    1    1    1    1    9    3  0.00000E+00 0.00000 
   92    1    1    1    1    1    1    1    9    4  0.00000E+00 0.00000 
   93    1    1    1    1    1    1    1    9    5  1.03147E+04 0.00421 
   94    1    1    1    1    1    1    1    9    6  0.00000E+00 0.00000 
   95    1    1    1    1    1    1    1    9    7  0.00000E+00 0.00000 
   96    1    1    1    1    1    1    1    9    8  9.95693E+03 0.00436 
   97    1    1    1    1    1    1    1    9    9  0.00000E+00 0.00000 
   98    1    1    1    1    1    1    1    9   10  0.00000E+00 0.00000 
   99    1    1    1    1    1    1    1    9   11  0.00000E+00 0.00000 
  100    1    1    1    1    1    1    1   10    1  0.00000E+00 0.00000 
  101    1    1    1    1    1    1    1   10    2  9.61329E+03 0.00436 
  102    1    1    1    1    1    1    1   10    3  9.86546E+03 0.00427 
  103    1    1    1    1    1    1    1   10    4  0.00000E+00 0.00000 
  104    1    1    1    1    1    1    1   10    5  0.00000E+00 0.00000 
  105    1    1    1    1    1    1    1   10    6  1.01740E+04 0.00437 
  106    1    1    1    1    1    1    1   10    7  0.00000E+00 0.00000 
  107    1    1    1    1    1    1    1   10    8  9.59977E+03 0.00436 
  108    1    1    1    1    1    1    1   10    9  9.61293E+03 0.00433 
  109    1    1    1    1    1    1    1   10   10  0.00000E+00 0.00000 
