
DETassem1 = [
    1    1    1    1    1    1    1    1    1    1  0.00000E+00 0.00000 
    2    1    1    1    1    1    1    1    1    2  0.00000E+00 0.00000 
    3    1    1    1    1    1    1    1    1    3  0.00000E+00 0.00000 
    4    1    1    1    1    1    1    1    1    4  0.00000E+00 0.00000 
    5    1    1    1    1    1    1    1    1    5  0.00000E+00 0.00000 
    6    1    1    1    1    1    1    1    1    6  0.00000E+00 0.00000 
    7    1    1    1    1    1    1    1    1    7  0.00000E+00 0.00000 
    8    1    1    1    1    1    1    1    1    8  0.00000E+00 0.00000 
    9    1    1    1    1    1    1    1    1    9  1.90724E+04 0.00352 
   10    1    1    1    1    1    1    1    1   10  0.00000E+00 0.00000 
   11    1    1    1    1    1    1    1    1   11  1.21774E+04 0.00406 
   12    1    1    1    1    1    1    1    2    1  2.61221E+04 0.00303 
   13    1    1    1    1    1    1    1    2    2  0.00000E+00 0.00000 
   14    1    1    1    1    1    1    1    2    3  0.00000E+00 0.00000 
   15    1    1    1    1    1    1    1    2    4  0.00000E+00 0.00000 
   16    1    1    1    1    1    1    1    2    5  0.00000E+00 0.00000 
   17    1    1    1    1    1    1    1    2    6  2.62434E+04 0.00308 
   18    1    1    1    1    1    1    1    2    7  0.00000E+00 0.00000 
   19    1    1    1    1    1    1    1    2    8  0.00000E+00 0.00000 
   20    1    1    1    1    1    1    1    2    9  1.44095E+04 0.00379 
   21    1    1    1    1    1    1    1    2   10  1.21870E+04 0.00395 
   22    1    1    1    1    1    1    1    2   11  0.00000E+00 0.00000 
   23    1    1    1    1    1    1    1    3    1  0.00000E+00 0.00000 
   24    1    1    1    1    1    1    1    3    2  0.00000E+00 0.00000 
   25    1    1    1    1    1    1    1    3    3  0.00000E+00 0.00000 
   26    1    1    1    1    1    1    1    3    4  0.00000E+00 0.00000 
   27    1    1    1    1    1    1    1    3    5  0.00000E+00 0.00000 
   28    1    1    1    1    1    1    1    3    6  0.00000E+00 0.00000 
   29    1    1    1    1    1    1    1    3    7  1.65186E+04 0.00364 
   30    1    1    1    1    1    1    1    3    8  1.38398E+04 0.00389 
   31    1    1    1    1    1    1    1    3    9  0.00000E+00 0.00000 
   32    1    1    1    1    1    1    1    3   10  1.10432E+04 0.00418 
   33    1    1    1    1    1    1    1    3   11  1.05017E+04 0.00423 
   34    1    1    1    1    1    1    1    4    1  0.00000E+00 0.00000 
   35    1    1    1    1    1    1    1    4    2  1.89671E+04 0.00345 
   36    1    1    1    1    1    1    1    4    3  1.90222E+04 0.00349 
   37    1    1    1    1    1    1    1    4    4  0.00000E+00 0.00000 
   38    1    1    1    1    1    1    1    4    5  1.63909E+04 0.00369 
   39    1    1    1    1    1    1    1    4    6  1.42440E+04 0.00385 
   40    1    1    1    1    1    1    1    4    7  0.00000E+00 0.00000 
   41    1    1    1    1    1    1    1    4    8  1.15910E+04 0.00407 
   42    1    1    1    1    1    1    1    4    9  1.08454E+04 0.00428 
   43    1    1    1    1    1    1    1    4   10  0.00000E+00 0.00000 
   44    1    1    1    1    1    1    1    4   11  1.02633E+04 0.00418 
   45    1    1    1    1    1    1    1    5    1  1.44188E+04 0.00383 
   46    1    1    1    1    1    1    1    5    2  0.00000E+00 0.00000 
   47    1    1    1    1    1    1    1    5    3  1.44339E+04 0.00392 
   48    1    1    1    1    1    1    1    5    4  1.38170E+04 0.00394 
   49    1    1    1    1    1    1    1    5    5  0.00000E+00 0.00000 
   50    1    1    1    1    1    1    1    5    6  1.17239E+04 0.00411 
   51    1    1    1    1    1    1    1    5    7  1.10813E+04 0.00412 
   52    1    1    1    1    1    1    1    5    8  0.00000E+00 0.00000 
   53    1    1    1    1    1    1    1    5    9  1.03795E+04 0.00417 
   54    1    1    1    1    1    1    1    5   10  0.00000E+00 0.00000 
   55    1    1    1    1    1    1    1    5   11  0.00000E+00 0.00000 
   56    1    1    1    1    1    1    1    6    1  1.21888E+04 0.00404 
   57    1    1    1    1    1    1    1    6    2  1.22353E+04 0.00406 
   58    1    1    1    1    1    1    1    6    3  0.00000E+00 0.00000 
   59    1    1    1    1    1    1    1    6    4  1.15317E+04 0.00412 
   60    1    1    1    1    1    1    1    6    5  1.10284E+04 0.00418 
   61    1    1    1    1    1    1    1    6    6  0.00000E+00 0.00000 
   62    1    1    1    1    1    1    1    6    7  1.01193E+04 0.00420 
   63    1    1    1    1    1    1    1    6    8  1.00330E+04 0.00422 
   64    1    1    1    1    1    1    1    6    9  0.00000E+00 0.00000 
   65    1    1    1    1    1    1    1    6   10  1.01364E+04 0.00423 
   66    1    1    1    1    1    1    1    6   11  1.00304E+04 0.00425 
   67    1    1    1    1    1    1    1    7    1  0.00000E+00 0.00000 
   68    1    1    1    1    1    1    1    7    2  1.10294E+04 0.00416 
   69    1    1    1    1    1    1    1    7    3  1.08202E+04 0.00421 
   70    1    1    1    1    1    1    1    7    4  0.00000E+00 0.00000 
   71    1    1    1    1    1    1    1    7    5  1.01823E+04 0.00418 
   72    1    1    1    1    1    1    1    7    6  9.94892E+03 0.00420 
   73    1    1    1    1    1    1    1    7    7  0.00000E+00 0.00000 
   74    1    1    1    1    1    1    1    7    8  9.92119E+03 0.00424 
   75    1    1    1    1    1    1    1    7    9  1.01564E+04 0.00425 
   76    1    1    1    1    1    1    1    7   10  0.00000E+00 0.00000 
   77    1    1    1    1    1    1    1    7   11  1.02326E+04 0.00427 
   78    1    1    1    1    1    1    1    8    1  1.04768E+04 0.00426 
   79    1    1    1    1    1    1    1    8    2  0.00000E+00 0.00000 
   80    1    1    1    1    1    1    1    8    3  1.04047E+04 0.00428 
   81    1    1    1    1    1    1    1    8    4  1.00954E+04 0.00421 
   82    1    1    1    1    1    1    1    8    5  0.00000E+00 0.00000 
   83    1    1    1    1    1    1    1    8    6  9.73003E+03 0.00432 
   84    1    1    1    1    1    1    1    8    7  9.70782E+03 0.00432 
   85    1    1    1    1    1    1    1    8    8  0.00000E+00 0.00000 
   86    1    1    1    1    1    1    1    8    9  0.00000E+00 0.00000 
   87    1    1    1    1    1    1    1    8   10  1.02134E+04 0.00428 
   88    1    1    1    1    1    1    1    8   11  0.00000E+00 0.00000 
   89    1    1    1    1    1    1    1    9    1  1.03073E+04 0.00417 
   90    1    1    1    1    1    1    1    9    2  0.00000E+00 0.00000 
   91    1    1    1    1    1    1    1    9    3  0.00000E+00 0.00000 
   92    1    1    1    1    1    1    1    9    4  9.89027E+03 0.00418 
   93    1    1    1    1    1    1    1    9    5  9.76588E+03 0.00430 
   94    1    1    1    1    1    1    1    9    6  0.00000E+00 0.00000 
   95    1    1    1    1    1    1    1    9    7  9.84116E+03 0.00429 
   96    1    1    1    1    1    1    1    9    8  1.02724E+04 0.00434 
   97    1    1    1    1    1    1    1    9    9  0.00000E+00 0.00000 
   98    1    1    1    1    1    1    1    9   10  9.93546E+03 0.00431 
   99    1    1    1    1    1    1    1    9   11  9.81244E+03 0.00434 
  100    1    1    1    1    1    1    1   10    1  0.00000E+00 0.00000 
  101    1    1    1    1    1    1    1   10    2  1.01656E+04 0.00428 
  102    1    1    1    1    1    1    1   10    3  1.01701E+04 0.00423 
  103    1    1    1    1    1    1    1   10    4  0.00000E+00 0.00000 
  104    1    1    1    1    1    1    1   10    5  9.90734E+03 0.00426 
  105    1    1    1    1    1    1    1   10    6  9.75349E+03 0.00430 
  106    1    1    1    1    1    1    1   10    7  0.00000E+00 0.00000 
  107    1    1    1    1    1    1    1   10    8  0.00000E+00 0.00000 
  108    1    1    1    1    1    1    1   10    9  9.94204E+03 0.00439 
  109    1    1    1    1    1    1    1   10   10  0.00000E+00 0.00000 
