
DETassem1 = [
    1    1    1    1    1    1    1    1    1    1  0.00000E+00 0.00000 
    2    1    1    1    1    1    1    1    1    2  0.00000E+00 0.00000 
    3    1    1    1    1    1    1    1    1    3  0.00000E+00 0.00000 
    4    1    1    1    1    1    1    1    1    4  0.00000E+00 0.00000 
    5    1    1    1    1    1    1    1    1    5  0.00000E+00 0.00000 
    6    1    1    1    1    1    1    1    1    6  0.00000E+00 0.00000 
    7    1    1    1    1    1    1    1    1    7  0.00000E+00 0.00000 
    8    1    1    1    1    1    1    1    1    8  0.00000E+00 0.00000 
    9    1    1    1    1    1    1    1    1    9  1.78586E+04 0.00354 
   10    1    1    1    1    1    1    1    1   10  0.00000E+00 0.00000 
   11    1    1    1    1    1    1    1    1   11  1.15956E+04 0.00413 
   12    1    1    1    1    1    1    1    2    1  0.00000E+00 0.00000 
   13    1    1    1    1    1    1    1    2    2  0.00000E+00 0.00000 
   14    1    1    1    1    1    1    1    2    3  0.00000E+00 0.00000 
   15    1    1    1    1    1    1    1    2    4  0.00000E+00 0.00000 
   16    1    1    1    1    1    1    1    2    5  0.00000E+00 0.00000 
   17    1    1    1    1    1    1    1    2    6  0.00000E+00 0.00000 
   18    1    1    1    1    1    1    1    2    7  2.07961E+04 0.00342 
   19    1    1    1    1    1    1    1    2    8  0.00000E+00 0.00000 
   20    1    1    1    1    1    1    1    2    9  1.35206E+04 0.00393 
   21    1    1    1    1    1    1    1    2   10  1.16191E+04 0.00415 
   22    1    1    1    1    1    1    1    2   11  0.00000E+00 0.00000 
   23    1    1    1    1    1    1    1    3    1  2.08519E+04 0.00332 
   24    1    1    1    1    1    1    1    3    2  0.00000E+00 0.00000 
   25    1    1    1    1    1    1    1    3    3  0.00000E+00 0.00000 
   26    1    1    1    1    1    1    1    3    4  0.00000E+00 0.00000 
   27    1    1    1    1    1    1    1    3    5  2.07364E+04 0.00334 
   28    1    1    1    1    1    1    1    3    6  0.00000E+00 0.00000 
   29    1    1    1    1    1    1    1    3    7  1.48920E+04 0.00386 
   30    1    1    1    1    1    1    1    3    8  1.29541E+04 0.00391 
   31    1    1    1    1    1    1    1    3    9  0.00000E+00 0.00000 
   32    1    1    1    1    1    1    1    3   10  1.03848E+04 0.00424 
   33    1    1    1    1    1    1    1    3   11  9.78263E+03 0.00428 
   34    1    1    1    1    1    1    1    4    1  0.00000E+00 0.00000 
   35    1    1    1    1    1    1    1    4    2  1.78694E+04 0.00353 
   36    1    1    1    1    1    1    1    4    3  1.79131E+04 0.00353 
   37    1    1    1    1    1    1    1    4    4  0.00000E+00 0.00000 
   38    1    1    1    1    1    1    1    4    5  1.48949E+04 0.00377 
   39    1    1    1    1    1    1    1    4    6  1.35954E+04 0.00393 
   40    1    1    1    1    1    1    1    4    7  0.00000E+00 0.00000 
   41    1    1    1    1    1    1    1    4    8  1.10428E+04 0.00420 
   42    1    1    1    1    1    1    1    4    9  1.03376E+04 0.00425 
   43    1    1    1    1    1    1    1    4   10  0.00000E+00 0.00000 
   44    1    1    1    1    1    1    1    4   11  9.41571E+03 0.00437 
   45    1    1    1    1    1    1    1    5    1  1.34835E+04 0.00385 
   46    1    1    1    1    1    1    1    5    2  0.00000E+00 0.00000 
   47    1    1    1    1    1    1    1    5    3  1.35479E+04 0.00382 
   48    1    1    1    1    1    1    1    5    4  1.29895E+04 0.00394 
   49    1    1    1    1    1    1    1    5    5  0.00000E+00 0.00000 
   50    1    1    1    1    1    1    1    5    6  1.12416E+04 0.00402 
   51    1    1    1    1    1    1    1    5    7  1.06973E+04 0.00427 
   52    1    1    1    1    1    1    1    5    8  0.00000E+00 0.00000 
   53    1    1    1    1    1    1    1    5    9  9.97974E+03 0.00426 
   54    1    1    1    1    1    1    1    5   10  9.38391E+03 0.00433 
   55    1    1    1    1    1    1    1    5   11  0.00000E+00 0.00000 
   56    1    1    1    1    1    1    1    6    1  1.16129E+04 0.00406 
   57    1    1    1    1    1    1    1    6    2  1.16185E+04 0.00409 
   58    1    1    1    1    1    1    1    6    3  0.00000E+00 0.00000 
   59    1    1    1    1    1    1    1    6    4  1.10342E+04 0.00405 
   60    1    1    1    1    1    1    1    6    5  1.06417E+04 0.00421 
   61    1    1    1    1    1    1    1    6    6  0.00000E+00 0.00000 
   62    1    1    1    1    1    1    1    6    7  1.00114E+04 0.00424 
   63    1    1    1    1    1    1    1    6    8  0.00000E+00 0.00000 
   64    1    1    1    1    1    1    1    6    9  0.00000E+00 0.00000 
   65    1    1    1    1    1    1    1    6   10  9.14932E+03 0.00439 
   66    1    1    1    1    1    1    1    6   11  9.06551E+03 0.00443 
   67    1    1    1    1    1    1    1    7    1  0.00000E+00 0.00000 
   68    1    1    1    1    1    1    1    7    2  1.03977E+04 0.00419 
   69    1    1    1    1    1    1    1    7    3  1.03288E+04 0.00414 
   70    1    1    1    1    1    1    1    7    4  0.00000E+00 0.00000 
   71    1    1    1    1    1    1    1    7    5  1.00322E+04 0.00432 
   72    1    1    1    1    1    1    1    7    6  9.76702E+03 0.00430 
   73    1    1    1    1    1    1    1    7    7  0.00000E+00 0.00000 
   74    1    1    1    1    1    1    1    7    8  9.44245E+03 0.00434 
   75    1    1    1    1    1    1    1    7    9  9.21414E+03 0.00447 
   76    1    1    1    1    1    1    1    7   10  0.00000E+00 0.00000 
   77    1    1    1    1    1    1    1    7   11  8.93303E+03 0.00445 
   78    1    1    1    1    1    1    1    8    1  9.87168E+03 0.00430 
   79    1    1    1    1    1    1    1    8    2  0.00000E+00 0.00000 
   80    1    1    1    1    1    1    1    8    3  9.98388E+03 0.00419 
   81    1    1    1    1    1    1    1    8    4  0.00000E+00 0.00000 
   82    1    1    1    1    1    1    1    8    5  0.00000E+00 0.00000 
   83    1    1    1    1    1    1    1    8    6  9.36315E+03 0.00435 
   84    1    1    1    1    1    1    1    8    7  9.21378E+03 0.00437 
   85    1    1    1    1    1    1    1    8    8  0.00000E+00 0.00000 
   86    1    1    1    1    1    1    1    8    9  8.95528E+03 0.00441 
   87    1    1    1    1    1    1    1    8   10  8.91325E+03 0.00451 
   88    1    1    1    1    1    1    1    8   11  0.00000E+00 0.00000 
   89    1    1    1    1    1    1    1    9    1  9.50391E+03 0.00433 
   90    1    1    1    1    1    1    1    9    2  9.48928E+03 0.00441 
   91    1    1    1    1    1    1    1    9    3  0.00000E+00 0.00000 
   92    1    1    1    1    1    1    1    9    4  9.43487E+03 0.00436 
   93    1    1    1    1    1    1    1    9    5  9.19094E+03 0.00454 
   94    1    1    1    1    1    1    1    9    6  0.00000E+00 0.00000 
   95    1    1    1    1    1    1    1    9    7  8.89626E+03 0.00451 
   96    1    1    1    1    1    1    1    9    8  8.91035E+03 0.00449 
   97    1    1    1    1    1    1    1    9    9  0.00000E+00 0.00000 
   98    1    1    1    1    1    1    1    9   10  9.04894E+03 0.00449 
   99    1    1    1    1    1    1    1    9   11  8.85938E+03 0.00455 
  100    1    1    1    1    1    1    1   10    1  0.00000E+00 0.00000 
  101    1    1    1    1    1    1    1   10    2  9.22705E+03 0.00439 
  102    1    1    1    1    1    1    1   10    3  9.18628E+03 0.00446 
  103    1    1    1    1    1    1    1   10    4  0.00000E+00 0.00000 
  104    1    1    1    1    1    1    1   10    5  8.97497E+03 0.00440 
  105    1    1    1    1    1    1    1   10    6  8.85048E+03 0.00450 
  106    1    1    1    1    1    1    1   10    7  0.00000E+00 0.00000 
  107    1    1    1    1    1    1    1   10    8  8.93999E+03 0.00452 
  108    1    1    1    1    1    1    1   10    9  0.00000E+00 0.00000 
  109    1    1    1    1    1    1    1   10   10  0.00000E+00 0.00000 
