
DETassem1 = [
    1    1    1    1    1    1    1    1    1    1  0.00000E+00 0.00000 
    2    1    1    1    1    1    1    1    1    2  0.00000E+00 0.00000 
    3    1    1    1    1    1    1    1    1    3  0.00000E+00 0.00000 
    4    1    1    1    1    1    1    1    1    4  0.00000E+00 0.00000 
    5    1    1    1    1    1    1    1    1    5  0.00000E+00 0.00000 
    6    1    1    1    1    1    1    1    1    6  0.00000E+00 0.00000 
    7    1    1    1    1    1    1    1    1    7  0.00000E+00 0.00000 
    8    1    1    1    1    1    1    1    1    8  1.82327E+04 0.00352 
    9    1    1    1    1    1    1    1    1    9  1.42723E+04 0.00380 
   10    1    1    1    1    1    1    1    1   10  0.00000E+00 0.00000 
   11    1    1    1    1    1    1    1    1   11  1.07902E+04 0.00414 
   12    1    1    1    1    1    1    1    2    1  1.95485E+04 0.00347 
   13    1    1    1    1    1    1    1    2    2  0.00000E+00 0.00000 
   14    1    1    1    1    1    1    1    2    3  0.00000E+00 0.00000 
   15    1    1    1    1    1    1    1    2    4  0.00000E+00 0.00000 
   16    1    1    1    1    1    1    1    2    5  0.00000E+00 0.00000 
   17    1    1    1    1    1    1    1    2    6  1.93818E+04 0.00340 
   18    1    1    1    1    1    1    1    2    7  1.60783E+04 0.00364 
   19    1    1    1    1    1    1    1    2    8  0.00000E+00 0.00000 
   20    1    1    1    1    1    1    1    2    9  1.17767E+04 0.00406 
   21    1    1    1    1    1    1    1    2   10  1.07236E+04 0.00417 
   22    1    1    1    1    1    1    1    2   11  0.00000E+00 0.00000 
   23    1    1    1    1    1    1    1    3    1  1.58918E+04 0.00370 
   24    1    1    1    1    1    1    1    3    2  1.81960E+04 0.00350 
   25    1    1    1    1    1    1    1    3    3  0.00000E+00 0.00000 
   26    1    1    1    1    1    1    1    3    4  1.83011E+04 0.00357 
   27    1    1    1    1    1    1    1    3    5  1.59928E+04 0.00369 
   28    1    1    1    1    1    1    1    3    6  0.00000E+00 0.00000 
   29    1    1    1    1    1    1    1    3    7  1.25313E+04 0.00405 
   30    1    1    1    1    1    1    1    3    8  1.13314E+04 0.00418 
   31    1    1    1    1    1    1    1    3    9  0.00000E+00 0.00000 
   32    1    1    1    1    1    1    1    3   10  1.00490E+04 0.00430 
   33    1    1    1    1    1    1    1    3   11  9.83000E+03 0.00423 
   34    1    1    1    1    1    1    1    4    1  0.00000E+00 0.00000 
   35    1    1    1    1    1    1    1    4    2  1.42504E+04 0.00382 
   36    1    1    1    1    1    1    1    4    3  1.42852E+04 0.00383 
   37    1    1    1    1    1    1    1    4    4  0.00000E+00 0.00000 
   38    1    1    1    1    1    1    1    4    5  1.24252E+04 0.00397 
   39    1    1    1    1    1    1    1    4    6  1.16737E+04 0.00399 
   40    1    1    1    1    1    1    1    4    7  0.00000E+00 0.00000 
   41    1    1    1    1    1    1    1    4    8  1.02780E+04 0.00417 
   42    1    1    1    1    1    1    1    4    9  9.92620E+03 0.00437 
   43    1    1    1    1    1    1    1    4   10  0.00000E+00 0.00000 
   44    1    1    1    1    1    1    1    4   11  9.72540E+03 0.00431 
   45    1    1    1    1    1    1    1    5    1  1.18887E+04 0.00405 
   46    1    1    1    1    1    1    1    5    2  0.00000E+00 0.00000 
   47    1    1    1    1    1    1    1    5    3  1.17133E+04 0.00409 
   48    1    1    1    1    1    1    1    5    4  1.13484E+04 0.00421 
   49    1    1    1    1    1    1    1    5    5  0.00000E+00 0.00000 
   50    1    1    1    1    1    1    1    5    6  1.04423E+04 0.00427 
   51    1    1    1    1    1    1    1    5    7  1.00398E+04 0.00427 
   52    1    1    1    1    1    1    1    5    8  0.00000E+00 0.00000 
   53    1    1    1    1    1    1    1    5    9  9.60293E+03 0.00427 
   54    1    1    1    1    1    1    1    5   10  9.62439E+03 0.00431 
   55    1    1    1    1    1    1    1    5   11  0.00000E+00 0.00000 
   56    1    1    1    1    1    1    1    6    1  1.06725E+04 0.00418 
   57    1    1    1    1    1    1    1    6    2  1.06824E+04 0.00426 
   58    1    1    1    1    1    1    1    6    3  0.00000E+00 0.00000 
   59    1    1    1    1    1    1    1    6    4  1.03008E+04 0.00420 
   60    1    1    1    1    1    1    1    6    5  1.00421E+04 0.00438 
   61    1    1    1    1    1    1    1    6    6  0.00000E+00 0.00000 
   62    1    1    1    1    1    1    1    6    7  9.75349E+03 0.00418 
   63    1    1    1    1    1    1    1    6    8  9.70328E+03 0.00428 
   64    1    1    1    1    1    1    1    6    9  0.00000E+00 0.00000 
   65    1    1    1    1    1    1    1    6   10  9.75530E+03 0.00424 
   66    1    1    1    1    1    1    1    6   11  0.00000E+00 0.00000 
   67    1    1    1    1    1    1    1    7    1  0.00000E+00 0.00000 
   68    1    1    1    1    1    1    1    7    2  1.00350E+04 0.00425 
   69    1    1    1    1    1    1    1    7    3  9.98826E+03 0.00430 
   70    1    1    1    1    1    1    1    7    4  0.00000E+00 0.00000 
   71    1    1    1    1    1    1    1    7    5  9.65982E+03 0.00426 
   72    1    1    1    1    1    1    1    7    6  9.58936E+03 0.00433 
   73    1    1    1    1    1    1    1    7    7  0.00000E+00 0.00000 
   74    1    1    1    1    1    1    1    7    8  0.00000E+00 0.00000 
   75    1    1    1    1    1    1    1    7    9  9.48132E+03 0.00434 
   76    1    1    1    1    1    1    1    7   10  0.00000E+00 0.00000 
   77    1    1    1    1    1    1    1    7   11  9.39152E+03 0.00455 
   78    1    1    1    1    1    1    1    8    1  9.75079E+03 0.00426 
   79    1    1    1    1    1    1    1    8    2  0.00000E+00 0.00000 
   80    1    1    1    1    1    1    1    8    3  9.58041E+03 0.00422 
   81    1    1    1    1    1    1    1    8    4  9.66810E+03 0.00436 
   82    1    1    1    1    1    1    1    8    5  0.00000E+00 0.00000 
   83    1    1    1    1    1    1    1    8    6  9.30295E+03 0.00436 
   84    1    1    1    1    1    1    1    8    7  9.34995E+03 0.00440 
   85    1    1    1    1    1    1    1    8    8  0.00000E+00 0.00000 
   86    1    1    1    1    1    1    1    8    9  9.05771E+03 0.00438 
   87    1    1    1    1    1    1    1    8   10  9.00322E+03 0.00446 
   88    1    1    1    1    1    1    1    8   11  0.00000E+00 0.00000 
   89    1    1    1    1    1    1    1    9    1  9.68134E+03 0.00426 
   90    1    1    1    1    1    1    1    9    2  9.63678E+03 0.00424 
   91    1    1    1    1    1    1    1    9    3  0.00000E+00 0.00000 
   92    1    1    1    1    1    1    1    9    4  0.00000E+00 0.00000 
   93    1    1    1    1    1    1    1    9    5  9.37928E+03 0.00436 
   94    1    1    1    1    1    1    1    9    6  0.00000E+00 0.00000 
   95    1    1    1    1    1    1    1    9    7  8.92461E+03 0.00442 
   96    1    1    1    1    1    1    1    9    8  8.82258E+03 0.00443 
   97    1    1    1    1    1    1    1    9    9  0.00000E+00 0.00000 
   98    1    1    1    1    1    1    1    9   10  8.55026E+03 0.00450 
   99    1    1    1    1    1    1    1    9   11  8.45248E+03 0.00461 
  100    1    1    1    1    1    1    1   10    1  0.00000E+00 0.00000 
  101    1    1    1    1    1    1    1   10    2  9.75421E+03 0.00425 
  102    1    1    1    1    1    1    1   10    3  9.53375E+03 0.00439 
  103    1    1    1    1    1    1    1   10    4  0.00000E+00 0.00000 
  104    1    1    1    1    1    1    1   10    5  8.94905E+03 0.00441 
  105    1    1    1    1    1    1    1   10    6  8.77693E+03 0.00455 
  106    1    1    1    1    1    1    1   10    7  0.00000E+00 0.00000 
  107    1    1    1    1    1    1    1   10    8  8.48037E+03 0.00457 
  108    1    1    1    1    1    1    1   10    9  8.42329E+03 0.00459 
  109    1    1    1    1    1    1    1   10   10  0.00000E+00 0.00000 
