
ZAI = [
922350
922380
666
0
];

NAMES = [
'U235            '
'U238            '
'lost            '
'total           '
];

i922350 = 1; iU235             = 1;
i922380 = 2; iU238             = 2;
iLOST    = 3;
iTOT     = 4;

MAT_un_VOLUME = [ 2.39186E+05 2.39186E+05 ];

MAT_un_BURNUP = [ 0.00000E+00 4.79239E+01 ];

MAT_un_ADENS = [
4.83387E-03 3.37645E-03 % U235
1.93936E-02 1.88228E-02 % U238
0.00000E+00 6.24312E-30 % lost data
7.26897E-02 7.39328E-02 % total
];

MAT_un_MDENS = [
1.88669E+00 1.31785E+00 % U235
7.66628E+00 7.44065E+00 % U238
0.00000E+00 0.00000E+00 % lost data
1.08000E+01 1.07984E+01 % total
];

MAT_un_A = [
3.60831E+10 2.52040E+10 % U235
2.28042E+10 2.21330E+10 % U238
0.00000E+00 0.00000E+00 % lost data
5.88873E+10 3.25638E+18 % total
];

MAT_un_H = [
2.70494E-02 1.88939E-02 % U235
1.56013E-02 1.51421E-02 % U238
0.00000E+00 0.00000E+00 % lost data
4.26507E-02 9.59737E+05 % total
];

MAT_un_SF = [
2.59799E+00 1.81469E+00 % U235
1.24511E+04 1.20846E+04 % U238
0.00000E+00 0.00000E+00 % lost data
1.24537E+04 1.35372E+08 % total
];

MAT_un_GSRC = [
4.55913E+10 3.18454E+10 % U235
2.01939E+09 1.95996E+09 % U238
0.00000E+00 0.00000E+00 % lost data
4.76107E+10 3.49523E+18 % total
];

MAT_un_ING_TOX = [
1.69591E+03 1.18459E+03 % U235
1.02619E+03 9.95985E+02 % U238
0.00000E+00 0.00000E+00 % lost data
2.72209E+03 2.25006E+09 % total
];

MAT_un_INH_TOX = [
3.06707E+05 2.14234E+05 % U235
1.82433E+05 1.77064E+05 % U238
0.00000E+00 0.00000E+00 % lost data
4.89140E+05 8.90925E+10 % total
];

TOT_VOLUME = [ 2.39186E+05 2.39186E+05 ];

TOT_BURNUP = [ 0.00000E+00 4.79239E+01 ];

TOT_ADENS = [
4.83387E-03 3.37645E-03 % U235
1.93936E-02 1.88228E-02 % U238
0.00000E+00 6.24312E-30 % lost data
7.26897E-02 7.39328E-02 % total
];

TOT_MASS = [
4.51270E+05 3.15211E+05 % U235
1.83367E+06 1.77970E+06 % U238
0.00000E+00 0.00000E+00 % lost data
2.58321E+06 2.58283E+06 % total
];

TOT_A = [
3.60831E+10 2.52040E+10 % U235
2.28042E+10 2.21330E+10 % U238
0.00000E+00 0.00000E+00 % lost data
5.88873E+10 3.25638E+18 % total
];

TOT_H = [
2.70494E-02 1.88939E-02 % U235
1.56013E-02 1.51421E-02 % U238
0.00000E+00 0.00000E+00 % lost data
4.26507E-02 9.59737E+05 % total
];

TOT_SF = [
2.59799E+00 1.81469E+00 % U235
1.24511E+04 1.20846E+04 % U238
0.00000E+00 0.00000E+00 % lost data
1.24537E+04 1.35372E+08 % total
];

TOT_GSRC = [
4.55913E+10 3.18454E+10 % U235
2.01939E+09 1.95996E+09 % U238
0.00000E+00 0.00000E+00 % lost data
4.76107E+10 3.49523E+18 % total
];

TOT_ING_TOX = [
1.69591E+03 1.18459E+03 % U235
1.02619E+03 9.95985E+02 % U238
0.00000E+00 0.00000E+00 % lost data
2.72209E+03 2.25006E+09 % total
];

TOT_INH_TOX = [
3.06707E+05 2.14234E+05 % U235
1.82433E+05 1.77064E+05 % U238
0.00000E+00 0.00000E+00 % lost data
4.89140E+05 8.90925E+10 % total
];

BU = [ 0.00000E+00 4.79225E+01 ];

DAYS = [ 0.00000E+00 7.30000E+03 ];
