
ZAI = [
922350
922380
666
0
];

NAMES = [
'U235            '
'U238            '
'lost            '
'total           '
];

i922350 = 1; iU235             = 1;
i922380 = 2; iU238             = 2;
iLOST    = 3;
iTOT     = 4;

MAT_un_VOLUME = [ 2.38345E+05 2.38345E+05 ];

MAT_un_BURNUP = [ 0.00000E+00 4.80931E+01 ];

MAT_un_ADENS = [
4.83387E-03 3.37208E-03 % U235
1.93936E-02 1.88222E-02 % U238
0.00000E+00 4.66471E-30 % lost data
7.26897E-02 7.39371E-02 % total
];

MAT_un_MDENS = [
1.88669E+00 1.31614E+00 % U235
7.66628E+00 7.44039E+00 % U238
0.00000E+00 0.00000E+00 % lost data
1.08000E+01 1.07984E+01 % total
];

MAT_un_A = [
3.59563E+10 2.50829E+10 % U235
2.27240E+10 2.20544E+10 % U238
0.00000E+00 0.00000E+00 % lost data
5.86802E+10 3.25488E+18 % total
];

MAT_un_H = [
2.69543E-02 1.88031E-02 % U235
1.55464E-02 1.50884E-02 % U238
0.00000E+00 0.00000E+00 % lost data
4.25007E-02 9.59518E+05 % total
];

MAT_un_SF = [
2.58885E+00 1.80597E+00 % U235
1.24073E+04 1.20417E+04 % U238
0.00000E+00 0.00000E+00 % lost data
1.24099E+04 1.35849E+08 % total
];

MAT_un_GSRC = [
4.54310E+10 3.16924E+10 % U235
2.01229E+09 1.95300E+09 % U238
0.00000E+00 0.00000E+00 % lost data
4.74433E+10 3.49340E+18 % total
];

MAT_un_ING_TOX = [
1.68994E+03 1.17890E+03 % U235
1.02258E+03 9.92449E+02 % U238
0.00000E+00 0.00000E+00 % lost data
2.71252E+03 2.24960E+09 % total
];

MAT_un_INH_TOX = [
3.05628E+05 2.13204E+05 % U235
1.81792E+05 1.76435E+05 % U238
0.00000E+00 0.00000E+00 % lost data
4.87420E+05 8.91434E+10 % total
];

TOT_VOLUME = [ 2.38345E+05 2.38345E+05 ];

TOT_BURNUP = [ 0.00000E+00 4.80931E+01 ];

TOT_ADENS = [
4.83387E-03 3.37208E-03 % U235
1.93936E-02 1.88222E-02 % U238
0.00000E+00 4.66471E-30 % lost data
7.26897E-02 7.39371E-02 % total
];

TOT_MASS = [
4.49684E+05 3.13697E+05 % U235
1.82722E+06 1.77338E+06 % U238
0.00000E+00 0.00000E+00 % lost data
2.57413E+06 2.57374E+06 % total
];

TOT_A = [
3.59563E+10 2.50829E+10 % U235
2.27240E+10 2.20544E+10 % U238
0.00000E+00 0.00000E+00 % lost data
5.86802E+10 3.25488E+18 % total
];

TOT_H = [
2.69543E-02 1.88031E-02 % U235
1.55464E-02 1.50884E-02 % U238
0.00000E+00 0.00000E+00 % lost data
4.25007E-02 9.59518E+05 % total
];

TOT_SF = [
2.58885E+00 1.80597E+00 % U235
1.24073E+04 1.20417E+04 % U238
0.00000E+00 0.00000E+00 % lost data
1.24099E+04 1.35849E+08 % total
];

TOT_GSRC = [
4.54310E+10 3.16924E+10 % U235
2.01229E+09 1.95300E+09 % U238
0.00000E+00 0.00000E+00 % lost data
4.74433E+10 3.49340E+18 % total
];

TOT_ING_TOX = [
1.68994E+03 1.17890E+03 % U235
1.02258E+03 9.92449E+02 % U238
0.00000E+00 0.00000E+00 % lost data
2.71252E+03 2.24960E+09 % total
];

TOT_INH_TOX = [
3.05628E+05 2.13204E+05 % U235
1.81792E+05 1.76435E+05 % U238
0.00000E+00 0.00000E+00 % lost data
4.87420E+05 8.91434E+10 % total
];

BU = [ 0.00000E+00 4.80916E+01 ];

DAYS = [ 0.00000E+00 7.30000E+03 ];
