
DETassem1 = [
    1    1    1    1    1    1    1    1    1    1  0.00000E+00 0.00000 
    2    1    1    1    1    1    1    1    1    2  0.00000E+00 0.00000 
    3    1    1    1    1    1    1    1    1    3  0.00000E+00 0.00000 
    4    1    1    1    1    1    1    1    1    4  0.00000E+00 0.00000 
    5    1    1    1    1    1    1    1    1    5  0.00000E+00 0.00000 
    6    1    1    1    1    1    1    1    1    6  0.00000E+00 0.00000 
    7    1    1    1    1    1    1    1    1    7  0.00000E+00 0.00000 
    8    1    1    1    1    1    1    1    1    8  1.84521E+04 0.00373 
    9    1    1    1    1    1    1    1    1    9  1.40908E+04 0.00402 
   10    1    1    1    1    1    1    1    1   10  0.00000E+00 0.00000 
   11    1    1    1    1    1    1    1    1   11  1.03047E+04 0.00430 
   12    1    1    1    1    1    1    1    2    1  1.99983E+04 0.00348 
   13    1    1    1    1    1    1    1    2    2  0.00000E+00 0.00000 
   14    1    1    1    1    1    1    1    2    3  0.00000E+00 0.00000 
   15    1    1    1    1    1    1    1    2    4  0.00000E+00 0.00000 
   16    1    1    1    1    1    1    1    2    5  0.00000E+00 0.00000 
   17    1    1    1    1    1    1    1    2    6  1.98833E+04 0.00355 
   18    1    1    1    1    1    1    1    2    7  1.59504E+04 0.00379 
   19    1    1    1    1    1    1    1    2    8  0.00000E+00 0.00000 
   20    1    1    1    1    1    1    1    2    9  1.14331E+04 0.00423 
   21    1    1    1    1    1    1    1    2   10  1.03019E+04 0.00437 
   22    1    1    1    1    1    1    1    2   11  0.00000E+00 0.00000 
   23    1    1    1    1    1    1    1    3    1  1.60331E+04 0.00393 
   24    1    1    1    1    1    1    1    3    2  1.84948E+04 0.00370 
   25    1    1    1    1    1    1    1    3    3  0.00000E+00 0.00000 
   26    1    1    1    1    1    1    1    3    4  1.85672E+04 0.00364 
   27    1    1    1    1    1    1    1    3    5  1.60018E+04 0.00380 
   28    1    1    1    1    1    1    1    3    6  0.00000E+00 0.00000 
   29    1    1    1    1    1    1    1    3    7  1.21674E+04 0.00423 
   30    1    1    1    1    1    1    1    3    8  1.10689E+04 0.00430 
   31    1    1    1    1    1    1    1    3    9  0.00000E+00 0.00000 
   32    1    1    1    1    1    1    1    3   10  9.69076E+03 0.00442 
   33    1    1    1    1    1    1    1    3   11  9.44794E+03 0.00455 
   34    1    1    1    1    1    1    1    4    1  0.00000E+00 0.00000 
   35    1    1    1    1    1    1    1    4    2  1.40503E+04 0.00407 
   36    1    1    1    1    1    1    1    4    3  1.41330E+04 0.00407 
   37    1    1    1    1    1    1    1    4    4  0.00000E+00 0.00000 
   38    1    1    1    1    1    1    1    4    5  1.21473E+04 0.00418 
   39    1    1    1    1    1    1    1    4    6  1.12482E+04 0.00430 
   40    1    1    1    1    1    1    1    4    7  0.00000E+00 0.00000 
   41    1    1    1    1    1    1    1    4    8  9.82699E+03 0.00455 
   42    1    1    1    1    1    1    1    4    9  9.46825E+03 0.00454 
   43    1    1    1    1    1    1    1    4   10  0.00000E+00 0.00000 
   44    1    1    1    1    1    1    1    4   11  9.33870E+03 0.00454 
   45    1    1    1    1    1    1    1    5    1  1.14070E+04 0.00427 
   46    1    1    1    1    1    1    1    5    2  0.00000E+00 0.00000 
   47    1    1    1    1    1    1    1    5    3  1.14463E+04 0.00424 
   48    1    1    1    1    1    1    1    5    4  1.10535E+04 0.00432 
   49    1    1    1    1    1    1    1    5    5  0.00000E+00 0.00000 
   50    1    1    1    1    1    1    1    5    6  1.00216E+04 0.00446 
   51    1    1    1    1    1    1    1    5    7  9.60946E+03 0.00441 
   52    1    1    1    1    1    1    1    5    8  0.00000E+00 0.00000 
   53    1    1    1    1    1    1    1    5    9  9.26996E+03 0.00440 
   54    1    1    1    1    1    1    1    5   10  9.26557E+03 0.00455 
   55    1    1    1    1    1    1    1    5   11  0.00000E+00 0.00000 
   56    1    1    1    1    1    1    1    6    1  1.03276E+04 0.00437 
   57    1    1    1    1    1    1    1    6    2  1.03384E+04 0.00438 
   58    1    1    1    1    1    1    1    6    3  0.00000E+00 0.00000 
   59    1    1    1    1    1    1    1    6    4  9.77257E+03 0.00435 
   60    1    1    1    1    1    1    1    6    5  9.62129E+03 0.00441 
   61    1    1    1    1    1    1    1    6    6  0.00000E+00 0.00000 
   62    1    1    1    1    1    1    1    6    7  9.23288E+03 0.00462 
   63    1    1    1    1    1    1    1    6    8  9.28488E+03 0.00455 
   64    1    1    1    1    1    1    1    6    9  0.00000E+00 0.00000 
   65    1    1    1    1    1    1    1    6   10  9.47973E+03 0.00451 
   66    1    1    1    1    1    1    1    6   11  0.00000E+00 0.00000 
   67    1    1    1    1    1    1    1    7    1  0.00000E+00 0.00000 
   68    1    1    1    1    1    1    1    7    2  9.59274E+03 0.00447 
   69    1    1    1    1    1    1    1    7    3  9.54352E+03 0.00455 
   70    1    1    1    1    1    1    1    7    4  0.00000E+00 0.00000 
   71    1    1    1    1    1    1    1    7    5  9.26292E+03 0.00460 
   72    1    1    1    1    1    1    1    7    6  9.10532E+03 0.00456 
   73    1    1    1    1    1    1    1    7    7  0.00000E+00 0.00000 
   74    1    1    1    1    1    1    1    7    8  0.00000E+00 0.00000 
   75    1    1    1    1    1    1    1    7    9  9.27631E+03 0.00465 
   76    1    1    1    1    1    1    1    7   10  0.00000E+00 0.00000 
   77    1    1    1    1    1    1    1    7   11  9.25852E+03 0.00452 
   78    1    1    1    1    1    1    1    8    1  9.33948E+03 0.00447 
   79    1    1    1    1    1    1    1    8    2  0.00000E+00 0.00000 
   80    1    1    1    1    1    1    1    8    3  9.19233E+03 0.00445 
   81    1    1    1    1    1    1    1    8    4  9.33446E+03 0.00458 
   82    1    1    1    1    1    1    1    8    5  0.00000E+00 0.00000 
   83    1    1    1    1    1    1    1    8    6  8.97239E+03 0.00457 
   84    1    1    1    1    1    1    1    8    7  8.95032E+03 0.00462 
   85    1    1    1    1    1    1    1    8    8  0.00000E+00 0.00000 
   86    1    1    1    1    1    1    1    8    9  8.86637E+03 0.00458 
   87    1    1    1    1    1    1    1    8   10  8.70031E+03 0.00472 
   88    1    1    1    1    1    1    1    8   11  0.00000E+00 0.00000 
   89    1    1    1    1    1    1    1    9    1  9.27954E+03 0.00456 
   90    1    1    1    1    1    1    1    9    2  9.28920E+03 0.00454 
   91    1    1    1    1    1    1    1    9    3  0.00000E+00 0.00000 
   92    1    1    1    1    1    1    1    9    4  0.00000E+00 0.00000 
   93    1    1    1    1    1    1    1    9    5  8.99890E+03 0.00465 
   94    1    1    1    1    1    1    1    9    6  0.00000E+00 0.00000 
   95    1    1    1    1    1    1    1    9    7  8.52865E+03 0.00463 
   96    1    1    1    1    1    1    1    9    8  8.52995E+03 0.00463 
   97    1    1    1    1    1    1    1    9    9  0.00000E+00 0.00000 
   98    1    1    1    1    1    1    1    9   10  8.33904E+03 0.00473 
   99    1    1    1    1    1    1    1    9   11  8.26599E+03 0.00481 
  100    1    1    1    1    1    1    1   10    1  0.00000E+00 0.00000 
  101    1    1    1    1    1    1    1   10    2  9.32998E+03 0.00461 
  102    1    1    1    1    1    1    1   10    3  9.14484E+03 0.00463 
  103    1    1    1    1    1    1    1   10    4  0.00000E+00 0.00000 
  104    1    1    1    1    1    1    1   10    5  8.61202E+03 0.00466 
  105    1    1    1    1    1    1    1   10    6  8.42314E+03 0.00468 
  106    1    1    1    1    1    1    1   10    7  0.00000E+00 0.00000 
  107    1    1    1    1    1    1    1   10    8  8.18935E+03 0.00484 
  108    1    1    1    1    1    1    1   10    9  8.28719E+03 0.00480 
  109    1    1    1    1    1    1    1   10   10  0.00000E+00 0.00000 
