
DETassem1 = [
    1    1    1    1    1    1    1    1    1    1  0.00000E+00 0.00000 
    2    1    1    1    1    1    1    1    1    2  0.00000E+00 0.00000 
    3    1    1    1    1    1    1    1    1    3  0.00000E+00 0.00000 
    4    1    1    1    1    1    1    1    1    4  0.00000E+00 0.00000 
    5    1    1    1    1    1    1    1    1    5  0.00000E+00 0.00000 
    6    1    1    1    1    1    1    1    1    6  0.00000E+00 0.00000 
    7    1    1    1    1    1    1    1    1    7  0.00000E+00 0.00000 
    8    1    1    1    1    1    1    1    1    8  2.20014E+04 0.00345 
    9    1    1    1    1    1    1    1    1    9  0.00000E+00 0.00000 
   10    1    1    1    1    1    1    1    1   10  0.00000E+00 0.00000 
   11    1    1    1    1    1    1    1    1   11  1.30957E+04 0.00412 
   12    1    1    1    1    1    1    1    2    1  2.26180E+04 0.00334 
   13    1    1    1    1    1    1    1    2    2  0.00000E+00 0.00000 
   14    1    1    1    1    1    1    1    2    3  0.00000E+00 0.00000 
   15    1    1    1    1    1    1    1    2    4  0.00000E+00 0.00000 
   16    1    1    1    1    1    1    1    2    5  0.00000E+00 0.00000 
   17    1    1    1    1    1    1    1    2    6  2.27348E+04 0.00336 
   18    1    1    1    1    1    1    1    2    7  1.86512E+04 0.00356 
   19    1    1    1    1    1    1    1    2    8  0.00000E+00 0.00000 
   20    1    1    1    1    1    1    1    2    9  1.51170E+04 0.00387 
   21    1    1    1    1    1    1    1    2   10  1.30538E+04 0.00407 
   22    1    1    1    1    1    1    1    2   11  0.00000E+00 0.00000 
   23    1    1    1    1    1    1    1    3    1  1.85835E+04 0.00361 
   24    1    1    1    1    1    1    1    3    2  2.20564E+04 0.00342 
   25    1    1    1    1    1    1    1    3    3  0.00000E+00 0.00000 
   26    1    1    1    1    1    1    1    3    4  2.20572E+04 0.00344 
   27    1    1    1    1    1    1    1    3    5  1.84875E+04 0.00365 
   28    1    1    1    1    1    1    1    3    6  0.00000E+00 0.00000 
   29    1    1    1    1    1    1    1    3    7  1.48396E+04 0.00390 
   30    1    1    1    1    1    1    1    3    8  0.00000E+00 0.00000 
   31    1    1    1    1    1    1    1    3    9  0.00000E+00 0.00000 
   32    1    1    1    1    1    1    1    3   10  0.00000E+00 0.00000 
   33    1    1    1    1    1    1    1    3   11  1.08769E+04 0.00437 
   34    1    1    1    1    1    1    1    4    1  0.00000E+00 0.00000 
   35    1    1    1    1    1    1    1    4    2  0.00000E+00 0.00000 
   36    1    1    1    1    1    1    1    4    3  0.00000E+00 0.00000 
   37    1    1    1    1    1    1    1    4    4  0.00000E+00 0.00000 
   38    1    1    1    1    1    1    1    4    5  1.48038E+04 0.00392 
   39    1    1    1    1    1    1    1    4    6  1.36831E+04 0.00401 
   40    1    1    1    1    1    1    1    4    7  0.00000E+00 0.00000 
   41    1    1    1    1    1    1    1    4    8  1.19847E+04 0.00424 
   42    1    1    1    1    1    1    1    4    9  1.11353E+04 0.00422 
   43    1    1    1    1    1    1    1    4   10  0.00000E+00 0.00000 
   44    1    1    1    1    1    1    1    4   11  9.94943E+03 0.00438 
   45    1    1    1    1    1    1    1    5    1  1.49528E+04 0.00397 
   46    1    1    1    1    1    1    1    5    2  0.00000E+00 0.00000 
   47    1    1    1    1    1    1    1    5    3  1.50420E+04 0.00389 
   48    1    1    1    1    1    1    1    5    4  0.00000E+00 0.00000 
   49    1    1    1    1    1    1    1    5    5  0.00000E+00 0.00000 
   50    1    1    1    1    1    1    1    5    6  0.00000E+00 0.00000 
   51    1    1    1    1    1    1    1    5    7  1.14223E+04 0.00422 
   52    1    1    1    1    1    1    1    5    8  0.00000E+00 0.00000 
   53    1    1    1    1    1    1    1    5    9  1.00412E+04 0.00441 
   54    1    1    1    1    1    1    1    5   10  9.74156E+03 0.00446 
   55    1    1    1    1    1    1    1    5   11  0.00000E+00 0.00000 
   56    1    1    1    1    1    1    1    6    1  1.30951E+04 0.00407 
   57    1    1    1    1    1    1    1    6    2  1.30642E+04 0.00414 
   58    1    1    1    1    1    1    1    6    3  0.00000E+00 0.00000 
   59    1    1    1    1    1    1    1    6    4  1.20382E+04 0.00424 
   60    1    1    1    1    1    1    1    6    5  1.13933E+04 0.00431 
   61    1    1    1    1    1    1    1    6    6  0.00000E+00 0.00000 
   62    1    1    1    1    1    1    1    6    7  1.01338E+04 0.00445 
   63    1    1    1    1    1    1    1    6    8  9.66961E+03 0.00453 
   64    1    1    1    1    1    1    1    6    9  0.00000E+00 0.00000 
   65    1    1    1    1    1    1    1    6   10  9.28603E+03 0.00457 
   66    1    1    1    1    1    1    1    6   11  9.39485E+03 0.00461 
   67    1    1    1    1    1    1    1    7    1  0.00000E+00 0.00000 
   68    1    1    1    1    1    1    1    7    2  0.00000E+00 0.00000 
   69    1    1    1    1    1    1    1    7    3  1.12812E+04 0.00422 
   70    1    1    1    1    1    1    1    7    4  0.00000E+00 0.00000 
   71    1    1    1    1    1    1    1    7    5  1.00482E+04 0.00435 
   72    1    1    1    1    1    1    1    7    6  9.79706E+03 0.00443 
   73    1    1    1    1    1    1    1    7    7  0.00000E+00 0.00000 
   74    1    1    1    1    1    1    1    7    8  9.25096E+03 0.00457 
   75    1    1    1    1    1    1    1    7    9  9.06412E+03 0.00458 
   76    1    1    1    1    1    1    1    7   10  0.00000E+00 0.00000 
   77    1    1    1    1    1    1    1    7   11  8.89955E+03 0.00467 
   78    1    1    1    1    1    1    1    8    1  1.08332E+04 0.00436 
   79    1    1    1    1    1    1    1    8    2  0.00000E+00 0.00000 
   80    1    1    1    1    1    1    1    8    3  9.98649E+03 0.00448 
   81    1    1    1    1    1    1    1    8    4  9.61617E+03 0.00436 
   82    1    1    1    1    1    1    1    8    5  0.00000E+00 0.00000 
   83    1    1    1    1    1    1    1    8    6  9.42760E+03 0.00447 
   84    1    1    1    1    1    1    1    8    7  9.41696E+03 0.00454 
   85    1    1    1    1    1    1    1    8    8  0.00000E+00 0.00000 
   86    1    1    1    1    1    1    1    8    9  8.82708E+03 0.00459 
   87    1    1    1    1    1    1    1    8   10  8.72024E+03 0.00468 
   88    1    1    1    1    1    1    1    8   11  0.00000E+00 0.00000 
   89    1    1    1    1    1    1    1    9    1  1.01019E+04 0.00444 
   90    1    1    1    1    1    1    1    9    2  9.79396E+03 0.00447 
   91    1    1    1    1    1    1    1    9    3  0.00000E+00 0.00000 
   92    1    1    1    1    1    1    1    9    4  9.28319E+03 0.00449 
   93    1    1    1    1    1    1    1    9    5  9.33510E+03 0.00463 
   94    1    1    1    1    1    1    1    9    6  0.00000E+00 0.00000 
   95    1    1    1    1    1    1    1    9    7  0.00000E+00 0.00000 
   96    1    1    1    1    1    1    1    9    8  8.91052E+03 0.00463 
   97    1    1    1    1    1    1    1    9    9  0.00000E+00 0.00000 
   98    1    1    1    1    1    1    1    9   10  8.37754E+03 0.00459 
   99    1    1    1    1    1    1    1    9   11  8.36431E+03 0.00478 
  100    1    1    1    1    1    1    1   10    1  0.00000E+00 0.00000 
  101    1    1    1    1    1    1    1   10    2  9.36957E+03 0.00466 
  102    1    1    1    1    1    1    1   10    3  9.06241E+03 0.00452 
  103    1    1    1    1    1    1    1   10    4  0.00000E+00 0.00000 
  104    1    1    1    1    1    1    1   10    5  0.00000E+00 0.00000 
  105    1    1    1    1    1    1    1   10    6  9.13346E+03 0.00460 
  106    1    1    1    1    1    1    1   10    7  0.00000E+00 0.00000 
  107    1    1    1    1    1    1    1   10    8  8.37009E+03 0.00480 
  108    1    1    1    1    1    1    1   10    9  8.14951E+03 0.00467 
  109    1    1    1    1    1    1    1   10   10  0.00000E+00 0.00000 
