
ZAI = [
922350
922380
666
0
];

NAMES = [
'U235            '
'U238            '
'lost            '
'total           '
];

i922350 = 1; iU235             = 1;
i922380 = 2; iU238             = 2;
iLOST    = 3;
iTOT     = 4;

MAT_un_VOLUME = [ 2.33500E+05 2.33500E+05 ];

MAT_un_BURNUP = [ 0.00000E+00 4.90911E+01 ];

MAT_un_ADENS = [
4.83387E-03 3.34594E-03 % U235
1.93936E-02 1.88155E-02 % U238
0.00000E+00 4.71382E-30 % lost data
7.26897E-02 7.39632E-02 % total
];

MAT_un_MDENS = [
1.88669E+00 1.30594E+00 % U235
7.66628E+00 7.43774E+00 % U238
0.00000E+00 0.00000E+00 % lost data
1.08000E+01 1.07983E+01 % total
];

MAT_un_A = [
3.52253E+10 2.43825E+10 % U235
2.22620E+10 2.15983E+10 % U238
0.00000E+00 0.00000E+00 % lost data
5.74873E+10 3.25019E+18 % total
];

MAT_un_H = [
2.64063E-02 1.82781E-02 % U235
1.52304E-02 1.47763E-02 % U238
0.00000E+00 0.00000E+00 % lost data
4.16367E-02 9.58467E+05 % total
];

MAT_un_SF = [
2.53622E+00 1.75554E+00 % U235
1.21551E+04 1.17927E+04 % U238
0.00000E+00 0.00000E+00 % lost data
1.21576E+04 1.43213E+08 % total
];

MAT_un_GSRC = [
4.45074E+10 3.08075E+10 % U235
1.97138E+09 1.91261E+09 % U238
0.00000E+00 0.00000E+00 % lost data
4.64788E+10 3.48741E+18 % total
];

MAT_un_ING_TOX = [
1.65559E+03 1.14598E+03 % U235
1.00179E+03 9.71925E+02 % U238
0.00000E+00 0.00000E+00 % lost data
2.65738E+03 2.25339E+09 % total
];

MAT_un_INH_TOX = [
2.99415E+05 2.07251E+05 % U235
1.78096E+05 1.72787E+05 % U238
0.00000E+00 0.00000E+00 % lost data
4.77511E+05 9.11761E+10 % total
];

TOT_VOLUME = [ 2.33500E+05 2.33500E+05 ];

TOT_BURNUP = [ 0.00000E+00 4.90911E+01 ];

TOT_ADENS = [
4.83387E-03 3.34594E-03 % U235
1.93936E-02 1.88155E-02 % U238
0.00000E+00 4.71382E-30 % lost data
7.26897E-02 7.39632E-02 % total
];

TOT_MASS = [
4.40542E+05 3.04937E+05 % U235
1.79008E+06 1.73671E+06 % U238
0.00000E+00 0.00000E+00 % lost data
2.52180E+06 2.52141E+06 % total
];

TOT_A = [
3.52253E+10 2.43825E+10 % U235
2.22620E+10 2.15983E+10 % U238
0.00000E+00 0.00000E+00 % lost data
5.74873E+10 3.25019E+18 % total
];

TOT_H = [
2.64063E-02 1.82781E-02 % U235
1.52304E-02 1.47763E-02 % U238
0.00000E+00 0.00000E+00 % lost data
4.16367E-02 9.58467E+05 % total
];

TOT_SF = [
2.53622E+00 1.75554E+00 % U235
1.21551E+04 1.17927E+04 % U238
0.00000E+00 0.00000E+00 % lost data
1.21576E+04 1.43213E+08 % total
];

TOT_GSRC = [
4.45074E+10 3.08075E+10 % U235
1.97138E+09 1.91261E+09 % U238
0.00000E+00 0.00000E+00 % lost data
4.64788E+10 3.48741E+18 % total
];

TOT_ING_TOX = [
1.65559E+03 1.14598E+03 % U235
1.00179E+03 9.71925E+02 % U238
0.00000E+00 0.00000E+00 % lost data
2.65738E+03 2.25339E+09 % total
];

TOT_INH_TOX = [
2.99415E+05 2.07251E+05 % U235
1.78096E+05 1.72787E+05 % U238
0.00000E+00 0.00000E+00 % lost data
4.77511E+05 9.11761E+10 % total
];

BU = [ 0.00000E+00 4.90895E+01 ];

DAYS = [ 0.00000E+00 7.30000E+03 ];
