
DETassem1 = [
    1    1    1    1    1    1    1    1    1    1  0.00000E+00 0.00000 
    2    1    1    1    1    1    1    1    1    2  0.00000E+00 0.00000 
    3    1    1    1    1    1    1    1    1    3  0.00000E+00 0.00000 
    4    1    1    1    1    1    1    1    1    4  0.00000E+00 0.00000 
    5    1    1    1    1    1    1    1    1    5  0.00000E+00 0.00000 
    6    1    1    1    1    1    1    1    1    6  0.00000E+00 0.00000 
    7    1    1    1    1    1    1    1    1    7  0.00000E+00 0.00000 
    8    1    1    1    1    1    1    1    1    8  1.90530E+04 0.00367 
    9    1    1    1    1    1    1    1    1    9  1.46433E+04 0.00391 
   10    1    1    1    1    1    1    1    1   10  0.00000E+00 0.00000 
   11    1    1    1    1    1    1    1    1   11  1.08667E+04 0.00430 
   12    1    1    1    1    1    1    1    2    1  2.05725E+04 0.00351 
   13    1    1    1    1    1    1    1    2    2  0.00000E+00 0.00000 
   14    1    1    1    1    1    1    1    2    3  0.00000E+00 0.00000 
   15    1    1    1    1    1    1    1    2    4  0.00000E+00 0.00000 
   16    1    1    1    1    1    1    1    2    5  0.00000E+00 0.00000 
   17    1    1    1    1    1    1    1    2    6  2.05575E+04 0.00350 
   18    1    1    1    1    1    1    1    2    7  1.65393E+04 0.00377 
   19    1    1    1    1    1    1    1    2    8  0.00000E+00 0.00000 
   20    1    1    1    1    1    1    1    2    9  1.21213E+04 0.00425 
   21    1    1    1    1    1    1    1    2   10  1.10231E+04 0.00423 
   22    1    1    1    1    1    1    1    2   11  0.00000E+00 0.00000 
   23    1    1    1    1    1    1    1    3    1  1.65992E+04 0.00380 
   24    1    1    1    1    1    1    1    3    2  1.91675E+04 0.00367 
   25    1    1    1    1    1    1    1    3    3  0.00000E+00 0.00000 
   26    1    1    1    1    1    1    1    3    4  1.90013E+04 0.00357 
   27    1    1    1    1    1    1    1    3    5  1.65683E+04 0.00372 
   28    1    1    1    1    1    1    1    3    6  0.00000E+00 0.00000 
   29    1    1    1    1    1    1    1    3    7  1.28394E+04 0.00411 
   30    1    1    1    1    1    1    1    3    8  1.19330E+04 0.00425 
   31    1    1    1    1    1    1    1    3    9  0.00000E+00 0.00000 
   32    1    1    1    1    1    1    1    3   10  1.03664E+04 0.00440 
   33    1    1    1    1    1    1    1    3   11  1.00473E+04 0.00433 
   34    1    1    1    1    1    1    1    4    1  0.00000E+00 0.00000 
   35    1    1    1    1    1    1    1    4    2  1.47696E+04 0.00391 
   36    1    1    1    1    1    1    1    4    3  1.47847E+04 0.00386 
   37    1    1    1    1    1    1    1    4    4  0.00000E+00 0.00000 
   38    1    1    1    1    1    1    1    4    5  1.28830E+04 0.00408 
   39    1    1    1    1    1    1    1    4    6  1.20344E+04 0.00424 
   40    1    1    1    1    1    1    1    4    7  0.00000E+00 0.00000 
   41    1    1    1    1    1    1    1    4    8  0.00000E+00 0.00000 
   42    1    1    1    1    1    1    1    4    9  1.04979E+04 0.00431 
   43    1    1    1    1    1    1    1    4   10  0.00000E+00 0.00000 
   44    1    1    1    1    1    1    1    4   11  1.01118E+04 0.00444 
   45    1    1    1    1    1    1    1    5    1  1.20243E+04 0.00420 
   46    1    1    1    1    1    1    1    5    2  0.00000E+00 0.00000 
   47    1    1    1    1    1    1    1    5    3  1.21513E+04 0.00406 
   48    1    1    1    1    1    1    1    5    4  1.18941E+04 0.00426 
   49    1    1    1    1    1    1    1    5    5  0.00000E+00 0.00000 
   50    1    1    1    1    1    1    1    5    6  1.07443E+04 0.00438 
   51    1    1    1    1    1    1    1    5    7  1.05629E+04 0.00427 
   52    1    1    1    1    1    1    1    5    8  0.00000E+00 0.00000 
   53    1    1    1    1    1    1    1    5    9  1.00892E+04 0.00436 
   54    1    1    1    1    1    1    1    5   10  0.00000E+00 0.00000 
   55    1    1    1    1    1    1    1    5   11  0.00000E+00 0.00000 
   56    1    1    1    1    1    1    1    6    1  1.09988E+04 0.00429 
   57    1    1    1    1    1    1    1    6    2  1.09596E+04 0.00434 
   58    1    1    1    1    1    1    1    6    3  0.00000E+00 0.00000 
   59    1    1    1    1    1    1    1    6    4  0.00000E+00 0.00000 
   60    1    1    1    1    1    1    1    6    5  1.05744E+04 0.00436 
   61    1    1    1    1    1    1    1    6    6  0.00000E+00 0.00000 
   62    1    1    1    1    1    1    1    6    7  9.76588E+03 0.00456 
   63    1    1    1    1    1    1    1    6    8  9.76719E+03 0.00446 
   64    1    1    1    1    1    1    1    6    9  0.00000E+00 0.00000 
   65    1    1    1    1    1    1    1    6   10  1.01640E+04 0.00443 
   66    1    1    1    1    1    1    1    6   11  0.00000E+00 0.00000 
   67    1    1    1    1    1    1    1    7    1  0.00000E+00 0.00000 
   68    1    1    1    1    1    1    1    7    2  1.03692E+04 0.00423 
   69    1    1    1    1    1    1    1    7    3  1.04762E+04 0.00441 
   70    1    1    1    1    1    1    1    7    4  0.00000E+00 0.00000 
   71    1    1    1    1    1    1    1    7    5  9.86270E+03 0.00446 
   72    1    1    1    1    1    1    1    7    6  9.62966E+03 0.00446 
   73    1    1    1    1    1    1    1    7    7  0.00000E+00 0.00000 
   74    1    1    1    1    1    1    1    7    8  9.60377E+03 0.00453 
   75    1    1    1    1    1    1    1    7    9  9.66777E+03 0.00452 
   76    1    1    1    1    1    1    1    7   10  0.00000E+00 0.00000 
   77    1    1    1    1    1    1    1    7   11  0.00000E+00 0.00000 
   78    1    1    1    1    1    1    1    8    1  1.00478E+04 0.00442 
   79    1    1    1    1    1    1    1    8    2  0.00000E+00 0.00000 
   80    1    1    1    1    1    1    1    8    3  1.01374E+04 0.00444 
   81    1    1    1    1    1    1    1    8    4  9.80871E+03 0.00451 
   82    1    1    1    1    1    1    1    8    5  0.00000E+00 0.00000 
   83    1    1    1    1    1    1    1    8    6  9.45306E+03 0.00451 
   84    1    1    1    1    1    1    1    8    7  9.50480E+03 0.00451 
   85    1    1    1    1    1    1    1    8    8  0.00000E+00 0.00000 
   86    1    1    1    1    1    1    1    8    9  9.30790E+03 0.00453 
   87    1    1    1    1    1    1    1    8   10  9.36691E+03 0.00466 
   88    1    1    1    1    1    1    1    8   11  0.00000E+00 0.00000 
   89    1    1    1    1    1    1    1    9    1  1.00668E+04 0.00435 
   90    1    1    1    1    1    1    1    9    2  0.00000E+00 0.00000 
   91    1    1    1    1    1    1    1    9    3  0.00000E+00 0.00000 
   92    1    1    1    1    1    1    1    9    4  9.56220E+03 0.00450 
   93    1    1    1    1    1    1    1    9    5  9.49081E+03 0.00444 
   94    1    1    1    1    1    1    1    9    6  0.00000E+00 0.00000 
   95    1    1    1    1    1    1    1    9    7  0.00000E+00 0.00000 
   96    1    1    1    1    1    1    1    9    8  9.21814E+03 0.00472 
   97    1    1    1    1    1    1    1    9    9  0.00000E+00 0.00000 
   98    1    1    1    1    1    1    1    9   10  8.72717E+03 0.00472 
   99    1    1    1    1    1    1    1    9   11  8.58856E+03 0.00477 
  100    1    1    1    1    1    1    1   10    1  0.00000E+00 0.00000 
  101    1    1    1    1    1    1    1   10    2  1.01941E+04 0.00449 
  102    1    1    1    1    1    1    1   10    3  9.60942E+03 0.00452 
  103    1    1    1    1    1    1    1   10    4  0.00000E+00 0.00000 
  104    1    1    1    1    1    1    1   10    5  0.00000E+00 0.00000 
  105    1    1    1    1    1    1    1   10    6  9.45756E+03 0.00463 
  106    1    1    1    1    1    1    1   10    7  0.00000E+00 0.00000 
  107    1    1    1    1    1    1    1   10    8  8.72286E+03 0.00458 
  108    1    1    1    1    1    1    1   10    9  8.43518E+03 0.00469 
  109    1    1    1    1    1    1    1   10   10  0.00000E+00 0.00000 
