
ZAI = [
922350
922380
666
0
];

NAMES = [
'U235            '
'U238            '
'lost            '
'total           '
];

i922350 = 1; iU235             = 1;
i922380 = 2; iU238             = 2;
iLOST    = 3;
iTOT     = 4;

MAT_un_VOLUME = [ 2.44123E+05 2.44123E+05 ];

MAT_un_BURNUP = [ 0.00000E+00 4.69549E+01 ];

MAT_un_ADENS = [
4.83387E-03 3.40165E-03 % U235
1.93936E-02 1.88277E-02 % U238
0.00000E+00 4.22483E-30 % lost data
7.26897E-02 7.39074E-02 % total
];

MAT_un_MDENS = [
1.88669E+00 1.32768E+00 % U235
7.66628E+00 7.44256E+00 % U238
0.00000E+00 0.00000E+00 % lost data
1.08000E+01 1.07984E+01 % total
];

MAT_un_A = [
3.68278E+10 2.59161E+10 % U235
2.32748E+10 2.25956E+10 % U238
0.00000E+00 0.00000E+00 % lost data
6.01026E+10 3.26232E+18 % total
];

MAT_un_H = [
2.76076E-02 1.94278E-02 % U235
1.59233E-02 1.54586E-02 % U238
0.00000E+00 0.00000E+00 % lost data
4.35309E-02 9.60756E+05 % total
];

MAT_un_SF = [
2.65160E+00 1.86596E+00 % U235
1.27080E+04 1.23372E+04 % U238
0.00000E+00 0.00000E+00 % lost data
1.27107E+04 1.28525E+08 % total
];

MAT_un_GSRC = [
4.65322E+10 3.27452E+10 % U235
2.06107E+09 2.00092E+09 % U238
0.00000E+00 0.00000E+00 % lost data
4.85933E+10 3.50282E+18 % total
];

MAT_un_ING_TOX = [
1.73091E+03 1.21806E+03 % U235
1.04737E+03 1.01680E+03 % U238
0.00000E+00 0.00000E+00 % lost data
2.77827E+03 2.24760E+09 % total
];

MAT_un_INH_TOX = [
3.13036E+05 2.20287E+05 % U235
1.86198E+05 1.80764E+05 % U238
0.00000E+00 0.00000E+00 % lost data
4.99235E+05 8.73225E+10 % total
];

TOT_VOLUME = [ 2.44123E+05 2.44123E+05 ];

TOT_BURNUP = [ 0.00000E+00 4.69549E+01 ];

TOT_ADENS = [
4.83387E-03 3.40165E-03 % U235
1.93936E-02 1.88277E-02 % U238
0.00000E+00 4.22483E-30 % lost data
7.26897E-02 7.39074E-02 % total
];

TOT_MASS = [
4.60584E+05 3.24118E+05 % U235
1.87151E+06 1.81690E+06 % U238
0.00000E+00 0.00000E+00 % lost data
2.63652E+06 2.63614E+06 % total
];

TOT_A = [
3.68278E+10 2.59161E+10 % U235
2.32748E+10 2.25956E+10 % U238
0.00000E+00 0.00000E+00 % lost data
6.01026E+10 3.26232E+18 % total
];

TOT_H = [
2.76076E-02 1.94278E-02 % U235
1.59233E-02 1.54586E-02 % U238
0.00000E+00 0.00000E+00 % lost data
4.35309E-02 9.60756E+05 % total
];

TOT_SF = [
2.65160E+00 1.86596E+00 % U235
1.27080E+04 1.23372E+04 % U238
0.00000E+00 0.00000E+00 % lost data
1.27107E+04 1.28525E+08 % total
];

TOT_GSRC = [
4.65322E+10 3.27452E+10 % U235
2.06107E+09 2.00092E+09 % U238
0.00000E+00 0.00000E+00 % lost data
4.85933E+10 3.50282E+18 % total
];

TOT_ING_TOX = [
1.73091E+03 1.21806E+03 % U235
1.04737E+03 1.01680E+03 % U238
0.00000E+00 0.00000E+00 % lost data
2.77827E+03 2.24760E+09 % total
];

TOT_INH_TOX = [
3.13036E+05 2.20287E+05 % U235
1.86198E+05 1.80764E+05 % U238
0.00000E+00 0.00000E+00 % lost data
4.99235E+05 8.73225E+10 % total
];

BU = [ 0.00000E+00 4.69535E+01 ];

DAYS = [ 0.00000E+00 7.30000E+03 ];
