
DETassem1 = [
    1    1    1    1    1    1    1    1    1    1  0.00000E+00 0.00000 
    2    1    1    1    1    1    1    1    1    2  0.00000E+00 0.00000 
    3    1    1    1    1    1    1    1    1    3  0.00000E+00 0.00000 
    4    1    1    1    1    1    1    1    1    4  0.00000E+00 0.00000 
    5    1    1    1    1    1    1    1    1    5  0.00000E+00 0.00000 
    6    1    1    1    1    1    1    1    1    6  0.00000E+00 0.00000 
    7    1    1    1    1    1    1    1    1    7  0.00000E+00 0.00000 
    8    1    1    1    1    1    1    1    1    8  1.99629E+04 0.00337 
    9    1    1    1    1    1    1    1    1    9  1.61409E+04 0.00370 
   10    1    1    1    1    1    1    1    1   10  0.00000E+00 0.00000 
   11    1    1    1    1    1    1    1    1   11  0.00000E+00 0.00000 
   12    1    1    1    1    1    1    1    2    1  2.15343E+04 0.00338 
   13    1    1    1    1    1    1    1    2    2  0.00000E+00 0.00000 
   14    1    1    1    1    1    1    1    2    3  0.00000E+00 0.00000 
   15    1    1    1    1    1    1    1    2    4  0.00000E+00 0.00000 
   16    1    1    1    1    1    1    1    2    5  0.00000E+00 0.00000 
   17    1    1    1    1    1    1    1    2    6  2.14760E+04 0.00333 
   18    1    1    1    1    1    1    1    2    7  1.81161E+04 0.00350 
   19    1    1    1    1    1    1    1    2    8  0.00000E+00 0.00000 
   20    1    1    1    1    1    1    1    2    9  1.39270E+04 0.00385 
   21    1    1    1    1    1    1    1    2   10  0.00000E+00 0.00000 
   22    1    1    1    1    1    1    1    2   11  0.00000E+00 0.00000 
   23    1    1    1    1    1    1    1    3    1  1.80996E+04 0.00353 
   24    1    1    1    1    1    1    1    3    2  1.98889E+04 0.00346 
   25    1    1    1    1    1    1    1    3    3  0.00000E+00 0.00000 
   26    1    1    1    1    1    1    1    3    4  2.00152E+04 0.00345 
   27    1    1    1    1    1    1    1    3    5  1.82062E+04 0.00352 
   28    1    1    1    1    1    1    1    3    6  0.00000E+00 0.00000 
   29    1    1    1    1    1    1    1    3    7  0.00000E+00 0.00000 
   30    1    1    1    1    1    1    1    3    8  1.35598E+04 0.00390 
   31    1    1    1    1    1    1    1    3    9  0.00000E+00 0.00000 
   32    1    1    1    1    1    1    1    3   10  1.18787E+04 0.00412 
   33    1    1    1    1    1    1    1    3   11  1.11323E+04 0.00412 
   34    1    1    1    1    1    1    1    4    1  0.00000E+00 0.00000 
   35    1    1    1    1    1    1    1    4    2  1.61826E+04 0.00368 
   36    1    1    1    1    1    1    1    4    3  1.60716E+04 0.00368 
   37    1    1    1    1    1    1    1    4    4  0.00000E+00 0.00000 
   38    1    1    1    1    1    1    1    4    5  0.00000E+00 0.00000 
   39    1    1    1    1    1    1    1    4    6  1.42308E+04 0.00373 
   40    1    1    1    1    1    1    1    4    7  0.00000E+00 0.00000 
   41    1    1    1    1    1    1    1    4    8  1.22416E+04 0.00405 
   42    1    1    1    1    1    1    1    4    9  1.13771E+04 0.00401 
   43    1    1    1    1    1    1    1    4   10  0.00000E+00 0.00000 
   44    1    1    1    1    1    1    1    4   11  0.00000E+00 0.00000 
   45    1    1    1    1    1    1    1    5    1  1.38569E+04 0.00373 
   46    1    1    1    1    1    1    1    5    2  0.00000E+00 0.00000 
   47    1    1    1    1    1    1    1    5    3  1.38957E+04 0.00376 
   48    1    1    1    1    1    1    1    5    4  1.35968E+04 0.00381 
   49    1    1    1    1    1    1    1    5    5  0.00000E+00 0.00000 
   50    1    1    1    1    1    1    1    5    6  1.26242E+04 0.00396 
   51    1    1    1    1    1    1    1    5    7  0.00000E+00 0.00000 
   52    1    1    1    1    1    1    1    5    8  0.00000E+00 0.00000 
   53    1    1    1    1    1    1    1    5    9  1.04630E+04 0.00418 
   54    1    1    1    1    1    1    1    5   10  1.03262E+04 0.00419 
   55    1    1    1    1    1    1    1    5   11  0.00000E+00 0.00000 
   56    1    1    1    1    1    1    1    6    1  0.00000E+00 0.00000 
   57    1    1    1    1    1    1    1    6    2  0.00000E+00 0.00000 
   58    1    1    1    1    1    1    1    6    3  0.00000E+00 0.00000 
   59    1    1    1    1    1    1    1    6    4  1.21320E+04 0.00401 
   60    1    1    1    1    1    1    1    6    5  0.00000E+00 0.00000 
   61    1    1    1    1    1    1    1    6    6  0.00000E+00 0.00000 
   62    1    1    1    1    1    1    1    6    7  1.07921E+04 0.00409 
   63    1    1    1    1    1    1    1    6    8  1.02217E+04 0.00420 
   64    1    1    1    1    1    1    1    6    9  0.00000E+00 0.00000 
   65    1    1    1    1    1    1    1    6   10  9.73250E+03 0.00444 
   66    1    1    1    1    1    1    1    6   11  9.53776E+03 0.00439 
   67    1    1    1    1    1    1    1    7    1  0.00000E+00 0.00000 
   68    1    1    1    1    1    1    1    7    2  1.19125E+04 0.00409 
   69    1    1    1    1    1    1    1    7    3  1.12613E+04 0.00400 
   70    1    1    1    1    1    1    1    7    4  0.00000E+00 0.00000 
   71    1    1    1    1    1    1    1    7    5  1.09436E+04 0.00410 
   72    1    1    1    1    1    1    1    7    6  1.03356E+04 0.00421 
   73    1    1    1    1    1    1    1    7    7  0.00000E+00 0.00000 
   74    1    1    1    1    1    1    1    7    8  9.72881E+03 0.00431 
   75    1    1    1    1    1    1    1    7    9  9.74316E+03 0.00440 
   76    1    1    1    1    1    1    1    7   10  0.00000E+00 0.00000 
   77    1    1    1    1    1    1    1    7   11  9.17831E+03 0.00440 
   78    1    1    1    1    1    1    1    8    1  1.11983E+04 0.00407 
   79    1    1    1    1    1    1    1    8    2  0.00000E+00 0.00000 
   80    1    1    1    1    1    1    1    8    3  1.05202E+04 0.00417 
   81    1    1    1    1    1    1    1    8    4  1.02094E+04 0.00413 
   82    1    1    1    1    1    1    1    8    5  0.00000E+00 0.00000 
   83    1    1    1    1    1    1    1    8    6  9.68158E+03 0.00437 
   84    1    1    1    1    1    1    1    8    7  9.45574E+03 0.00438 
   85    1    1    1    1    1    1    1    8    8  0.00000E+00 0.00000 
   86    1    1    1    1    1    1    1    8    9  0.00000E+00 0.00000 
   87    1    1    1    1    1    1    1    8   10  9.30525E+03 0.00445 
   88    1    1    1    1    1    1    1    8   11  0.00000E+00 0.00000 
   89    1    1    1    1    1    1    1    9    1  0.00000E+00 0.00000 
   90    1    1    1    1    1    1    1    9    2  1.04445E+04 0.00415 
   91    1    1    1    1    1    1    1    9    3  0.00000E+00 0.00000 
   92    1    1    1    1    1    1    1    9    4  9.70912E+03 0.00427 
   93    1    1    1    1    1    1    1    9    5  9.60903E+03 0.00432 
   94    1    1    1    1    1    1    1    9    6  0.00000E+00 0.00000 
   95    1    1    1    1    1    1    1    9    7  9.23980E+03 0.00437 
   96    1    1    1    1    1    1    1    9    8  9.35486E+03 0.00443 
   97    1    1    1    1    1    1    1    9    9  0.00000E+00 0.00000 
   98    1    1    1    1    1    1    1    9   10  8.94156E+03 0.00446 
   99    1    1    1    1    1    1    1    9   11  8.73291E+03 0.00453 
  100    1    1    1    1    1    1    1   10    1  0.00000E+00 0.00000 
  101    1    1    1    1    1    1    1   10    2  9.78688E+03 0.00431 
  102    1    1    1    1    1    1    1   10    3  9.73330E+03 0.00424 
  103    1    1    1    1    1    1    1   10    4  0.00000E+00 0.00000 
  104    1    1    1    1    1    1    1   10    5  9.22759E+03 0.00441 
  105    1    1    1    1    1    1    1   10    6  9.10860E+03 0.00446 
  106    1    1    1    1    1    1    1   10    7  0.00000E+00 0.00000 
  107    1    1    1    1    1    1    1   10    8  9.03392E+03 0.00441 
  108    1    1    1    1    1    1    1   10    9  8.91393E+03 0.00441 
  109    1    1    1    1    1    1    1   10   10  0.00000E+00 0.00000 
