
DETassem1 = [
    1    1    1    1    1    1    1    1    1    1  0.00000E+00 0.00000 
    2    1    1    1    1    1    1    1    1    2  0.00000E+00 0.00000 
    3    1    1    1    1    1    1    1    1    3  0.00000E+00 0.00000 
    4    1    1    1    1    1    1    1    1    4  0.00000E+00 0.00000 
    5    1    1    1    1    1    1    1    1    5  0.00000E+00 0.00000 
    6    1    1    1    1    1    1    1    1    6  0.00000E+00 0.00000 
    7    1    1    1    1    1    1    1    1    7  0.00000E+00 0.00000 
    8    1    1    1    1    1    1    1    1    8  0.00000E+00 0.00000 
    9    1    1    1    1    1    1    1    1    9  1.82241E+04 0.00369 
   10    1    1    1    1    1    1    1    1   10  0.00000E+00 0.00000 
   11    1    1    1    1    1    1    1    1   11  1.12069E+04 0.00426 
   12    1    1    1    1    1    1    1    2    1  0.00000E+00 0.00000 
   13    1    1    1    1    1    1    1    2    2  0.00000E+00 0.00000 
   14    1    1    1    1    1    1    1    2    3  0.00000E+00 0.00000 
   15    1    1    1    1    1    1    1    2    4  0.00000E+00 0.00000 
   16    1    1    1    1    1    1    1    2    5  0.00000E+00 0.00000 
   17    1    1    1    1    1    1    1    2    6  0.00000E+00 0.00000 
   18    1    1    1    1    1    1    1    2    7  2.15694E+04 0.00347 
   19    1    1    1    1    1    1    1    2    8  0.00000E+00 0.00000 
   20    1    1    1    1    1    1    1    2    9  1.34147E+04 0.00403 
   21    1    1    1    1    1    1    1    2   10  1.11905E+04 0.00421 
   22    1    1    1    1    1    1    1    2   11  0.00000E+00 0.00000 
   23    1    1    1    1    1    1    1    3    1  2.14949E+04 0.00342 
   24    1    1    1    1    1    1    1    3    2  0.00000E+00 0.00000 
   25    1    1    1    1    1    1    1    3    3  0.00000E+00 0.00000 
   26    1    1    1    1    1    1    1    3    4  0.00000E+00 0.00000 
   27    1    1    1    1    1    1    1    3    5  2.16799E+04 0.00345 
   28    1    1    1    1    1    1    1    3    6  0.00000E+00 0.00000 
   29    1    1    1    1    1    1    1    3    7  1.48963E+04 0.00395 
   30    1    1    1    1    1    1    1    3    8  1.27679E+04 0.00416 
   31    1    1    1    1    1    1    1    3    9  0.00000E+00 0.00000 
   32    1    1    1    1    1    1    1    3   10  1.00212E+04 0.00443 
   33    1    1    1    1    1    1    1    3   11  9.43300E+03 0.00454 
   34    1    1    1    1    1    1    1    4    1  0.00000E+00 0.00000 
   35    1    1    1    1    1    1    1    4    2  1.83109E+04 0.00373 
   36    1    1    1    1    1    1    1    4    3  1.82577E+04 0.00365 
   37    1    1    1    1    1    1    1    4    4  0.00000E+00 0.00000 
   38    1    1    1    1    1    1    1    4    5  1.49269E+04 0.00392 
   39    1    1    1    1    1    1    1    4    6  1.32147E+04 0.00408 
   40    1    1    1    1    1    1    1    4    7  0.00000E+00 0.00000 
   41    1    1    1    1    1    1    1    4    8  1.07125E+04 0.00440 
   42    1    1    1    1    1    1    1    4    9  9.93205E+03 0.00442 
   43    1    1    1    1    1    1    1    4   10  0.00000E+00 0.00000 
   44    1    1    1    1    1    1    1    4   11  9.00143E+03 0.00465 
   45    1    1    1    1    1    1    1    5    1  1.34093E+04 0.00404 
   46    1    1    1    1    1    1    1    5    2  0.00000E+00 0.00000 
   47    1    1    1    1    1    1    1    5    3  1.34950E+04 0.00411 
   48    1    1    1    1    1    1    1    5    4  1.28034E+04 0.00410 
   49    1    1    1    1    1    1    1    5    5  0.00000E+00 0.00000 
   50    1    1    1    1    1    1    1    5    6  1.09545E+04 0.00438 
   51    1    1    1    1    1    1    1    5    7  1.02956E+04 0.00434 
   52    1    1    1    1    1    1    1    5    8  0.00000E+00 0.00000 
   53    1    1    1    1    1    1    1    5    9  9.50195E+03 0.00452 
   54    1    1    1    1    1    1    1    5   10  9.11938E+03 0.00454 
   55    1    1    1    1    1    1    1    5   11  0.00000E+00 0.00000 
   56    1    1    1    1    1    1    1    6    1  1.13202E+04 0.00430 
   57    1    1    1    1    1    1    1    6    2  1.13650E+04 0.00430 
   58    1    1    1    1    1    1    1    6    3  0.00000E+00 0.00000 
   59    1    1    1    1    1    1    1    6    4  1.06510E+04 0.00425 
   60    1    1    1    1    1    1    1    6    5  1.02474E+04 0.00438 
   61    1    1    1    1    1    1    1    6    6  0.00000E+00 0.00000 
   62    1    1    1    1    1    1    1    6    7  9.72685E+03 0.00446 
   63    1    1    1    1    1    1    1    6    8  0.00000E+00 0.00000 
   64    1    1    1    1    1    1    1    6    9  0.00000E+00 0.00000 
   65    1    1    1    1    1    1    1    6   10  8.84760E+03 0.00449 
   66    1    1    1    1    1    1    1    6   11  8.70203E+03 0.00467 
   67    1    1    1    1    1    1    1    7    1  0.00000E+00 0.00000 
   68    1    1    1    1    1    1    1    7    2  1.00609E+04 0.00446 
   69    1    1    1    1    1    1    1    7    3  9.97398E+03 0.00452 
   70    1    1    1    1    1    1    1    7    4  0.00000E+00 0.00000 
   71    1    1    1    1    1    1    1    7    5  9.73590E+03 0.00448 
   72    1    1    1    1    1    1    1    7    6  9.40619E+03 0.00456 
   73    1    1    1    1    1    1    1    7    7  0.00000E+00 0.00000 
   74    1    1    1    1    1    1    1    7    8  9.03849E+03 0.00472 
   75    1    1    1    1    1    1    1    7    9  8.76861E+03 0.00455 
   76    1    1    1    1    1    1    1    7   10  0.00000E+00 0.00000 
   77    1    1    1    1    1    1    1    7   11  8.64708E+03 0.00470 
   78    1    1    1    1    1    1    1    8    1  9.38743E+03 0.00454 
   79    1    1    1    1    1    1    1    8    2  0.00000E+00 0.00000 
   80    1    1    1    1    1    1    1    8    3  9.50590E+03 0.00446 
   81    1    1    1    1    1    1    1    8    4  0.00000E+00 0.00000 
   82    1    1    1    1    1    1    1    8    5  0.00000E+00 0.00000 
   83    1    1    1    1    1    1    1    8    6  8.98447E+03 0.00451 
   84    1    1    1    1    1    1    1    8    7  8.76826E+03 0.00464 
   85    1    1    1    1    1    1    1    8    8  0.00000E+00 0.00000 
   86    1    1    1    1    1    1    1    8    9  8.65683E+03 0.00463 
   87    1    1    1    1    1    1    1    8   10  8.63231E+03 0.00478 
   88    1    1    1    1    1    1    1    8   11  0.00000E+00 0.00000 
   89    1    1    1    1    1    1    1    9    1  9.03068E+03 0.00464 
   90    1    1    1    1    1    1    1    9    2  9.05981E+03 0.00453 
   91    1    1    1    1    1    1    1    9    3  0.00000E+00 0.00000 
   92    1    1    1    1    1    1    1    9    4  9.13438E+03 0.00450 
   93    1    1    1    1    1    1    1    9    5  8.83428E+03 0.00465 
   94    1    1    1    1    1    1    1    9    6  0.00000E+00 0.00000 
   95    1    1    1    1    1    1    1    9    7  8.58342E+03 0.00471 
   96    1    1    1    1    1    1    1    9    8  8.59987E+03 0.00475 
   97    1    1    1    1    1    1    1    9    9  0.00000E+00 0.00000 
   98    1    1    1    1    1    1    1    9   10  8.80222E+03 0.00475 
   99    1    1    1    1    1    1    1    9   11  8.59364E+03 0.00474 
  100    1    1    1    1    1    1    1   10    1  0.00000E+00 0.00000 
  101    1    1    1    1    1    1    1   10    2  8.88240E+03 0.00452 
  102    1    1    1    1    1    1    1   10    3  8.82347E+03 0.00462 
  103    1    1    1    1    1    1    1   10    4  0.00000E+00 0.00000 
  104    1    1    1    1    1    1    1   10    5  8.55859E+03 0.00463 
  105    1    1    1    1    1    1    1   10    6  8.49322E+03 0.00465 
  106    1    1    1    1    1    1    1   10    7  0.00000E+00 0.00000 
  107    1    1    1    1    1    1    1   10    8  8.60103E+03 0.00475 
  108    1    1    1    1    1    1    1   10    9  0.00000E+00 0.00000 
  109    1    1    1    1    1    1    1   10   10  0.00000E+00 0.00000 
