
ZAI = [
922350
922380
666
0
];

NAMES = [
'U235            '
'U238            '
'lost            '
'total           '
];

i922350 = 1; iU235             = 1;
i922380 = 2; iU238             = 2;
iLOST    = 3;
iTOT     = 4;

MAT_un_VOLUME = [ 2.38234E+05 2.38234E+05 ];

MAT_un_BURNUP = [ 0.00000E+00 4.81156E+01 ];

MAT_un_ADENS = [
4.83387E-03 3.37167E-03 % U235
1.93936E-02 1.88229E-02 % U238
0.00000E+00 4.32280E-30 % lost data
7.26897E-02 7.39375E-02 % total
];

MAT_un_MDENS = [
1.88669E+00 1.31598E+00 % U235
7.66628E+00 7.44069E+00 % U238
0.00000E+00 0.00000E+00 % lost data
1.08000E+01 1.07984E+01 % total
];

MAT_un_A = [
3.59395E+10 2.50681E+10 % U235
2.27134E+10 2.20450E+10 % U238
0.00000E+00 0.00000E+00 % lost data
5.86529E+10 3.25323E+18 % total
];

MAT_un_H = [
2.69417E-02 1.87921E-02 % U235
1.55392E-02 1.50819E-02 % U238
0.00000E+00 0.00000E+00 % lost data
4.24809E-02 9.59245E+05 % total
];

MAT_un_SF = [
2.58764E+00 1.80491E+00 % U235
1.24015E+04 1.20366E+04 % U238
0.00000E+00 0.00000E+00 % lost data
1.24041E+04 1.35059E+08 % total
];

MAT_un_GSRC = [
4.54098E+10 3.16737E+10 % U235
2.01135E+09 1.95217E+09 % U238
0.00000E+00 0.00000E+00 % lost data
4.74212E+10 3.49157E+18 % total
];

MAT_un_ING_TOX = [
1.68916E+03 1.17820E+03 % U235
1.02210E+03 9.92026E+02 % U238
0.00000E+00 0.00000E+00 % lost data
2.71126E+03 2.24783E+09 % total
];

MAT_un_INH_TOX = [
3.05486E+05 2.13079E+05 % U235
1.81707E+05 1.76360E+05 % U238
0.00000E+00 0.00000E+00 % lost data
4.87193E+05 8.87666E+10 % total
];

TOT_VOLUME = [ 2.38234E+05 2.38234E+05 ];

TOT_BURNUP = [ 0.00000E+00 4.81156E+01 ];

TOT_ADENS = [
4.83387E-03 3.37167E-03 % U235
1.93936E-02 1.88229E-02 % U238
0.00000E+00 4.32280E-30 % lost data
7.26897E-02 7.39375E-02 % total
];

TOT_MASS = [
4.49474E+05 3.13512E+05 % U235
1.82637E+06 1.77263E+06 % U238
0.00000E+00 0.00000E+00 % lost data
2.57293E+06 2.57254E+06 % total
];

TOT_A = [
3.59395E+10 2.50681E+10 % U235
2.27134E+10 2.20450E+10 % U238
0.00000E+00 0.00000E+00 % lost data
5.86529E+10 3.25323E+18 % total
];

TOT_H = [
2.69417E-02 1.87921E-02 % U235
1.55392E-02 1.50819E-02 % U238
0.00000E+00 0.00000E+00 % lost data
4.24809E-02 9.59245E+05 % total
];

TOT_SF = [
2.58764E+00 1.80491E+00 % U235
1.24015E+04 1.20366E+04 % U238
0.00000E+00 0.00000E+00 % lost data
1.24041E+04 1.35059E+08 % total
];

TOT_GSRC = [
4.54098E+10 3.16737E+10 % U235
2.01135E+09 1.95217E+09 % U238
0.00000E+00 0.00000E+00 % lost data
4.74212E+10 3.49157E+18 % total
];

TOT_ING_TOX = [
1.68916E+03 1.17820E+03 % U235
1.02210E+03 9.92026E+02 % U238
0.00000E+00 0.00000E+00 % lost data
2.71126E+03 2.24783E+09 % total
];

TOT_INH_TOX = [
3.05486E+05 2.13079E+05 % U235
1.81707E+05 1.76360E+05 % U238
0.00000E+00 0.00000E+00 % lost data
4.87193E+05 8.87666E+10 % total
];

BU = [ 0.00000E+00 4.81140E+01 ];

DAYS = [ 0.00000E+00 7.30000E+03 ];
