
DETassem1 = [
    1    1    1    1    1    1    1    1    1    1  0.00000E+00 0.00000 
    2    1    1    1    1    1    1    1    1    2  0.00000E+00 0.00000 
    3    1    1    1    1    1    1    1    1    3  0.00000E+00 0.00000 
    4    1    1    1    1    1    1    1    1    4  0.00000E+00 0.00000 
    5    1    1    1    1    1    1    1    1    5  0.00000E+00 0.00000 
    6    1    1    1    1    1    1    1    1    6  0.00000E+00 0.00000 
    7    1    1    1    1    1    1    1    1    7  0.00000E+00 0.00000 
    8    1    1    1    1    1    1    1    1    8  1.83174E+04 0.00351 
    9    1    1    1    1    1    1    1    1    9  1.43883E+04 0.00382 
   10    1    1    1    1    1    1    1    1   10  0.00000E+00 0.00000 
   11    1    1    1    1    1    1    1    1   11  1.07556E+04 0.00426 
   12    1    1    1    1    1    1    1    2    1  1.95068E+04 0.00342 
   13    1    1    1    1    1    1    1    2    2  0.00000E+00 0.00000 
   14    1    1    1    1    1    1    1    2    3  0.00000E+00 0.00000 
   15    1    1    1    1    1    1    1    2    4  0.00000E+00 0.00000 
   16    1    1    1    1    1    1    1    2    5  0.00000E+00 0.00000 
   17    1    1    1    1    1    1    1    2    6  1.94084E+04 0.00343 
   18    1    1    1    1    1    1    1    2    7  1.59660E+04 0.00362 
   19    1    1    1    1    1    1    1    2    8  0.00000E+00 0.00000 
   20    1    1    1    1    1    1    1    2    9  1.18110E+04 0.00409 
   21    1    1    1    1    1    1    1    2   10  1.08116E+04 0.00411 
   22    1    1    1    1    1    1    1    2   11  0.00000E+00 0.00000 
   23    1    1    1    1    1    1    1    3    1  1.59359E+04 0.00364 
   24    1    1    1    1    1    1    1    3    2  1.81884E+04 0.00349 
   25    1    1    1    1    1    1    1    3    3  0.00000E+00 0.00000 
   26    1    1    1    1    1    1    1    3    4  1.82570E+04 0.00354 
   27    1    1    1    1    1    1    1    3    5  1.59497E+04 0.00374 
   28    1    1    1    1    1    1    1    3    6  0.00000E+00 0.00000 
   29    1    1    1    1    1    1    1    3    7  1.24656E+04 0.00395 
   30    1    1    1    1    1    1    1    3    8  1.14468E+04 0.00401 
   31    1    1    1    1    1    1    1    3    9  0.00000E+00 0.00000 
   32    1    1    1    1    1    1    1    3   10  1.02199E+04 0.00427 
   33    1    1    1    1    1    1    1    3   11  1.00601E+04 0.00430 
   34    1    1    1    1    1    1    1    4    1  0.00000E+00 0.00000 
   35    1    1    1    1    1    1    1    4    2  1.42946E+04 0.00381 
   36    1    1    1    1    1    1    1    4    3  1.41800E+04 0.00389 
   37    1    1    1    1    1    1    1    4    4  0.00000E+00 0.00000 
   38    1    1    1    1    1    1    1    4    5  1.24729E+04 0.00389 
   39    1    1    1    1    1    1    1    4    6  1.16005E+04 0.00414 
   40    1    1    1    1    1    1    1    4    7  0.00000E+00 0.00000 
   41    1    1    1    1    1    1    1    4    8  1.02670E+04 0.00418 
   42    1    1    1    1    1    1    1    4    9  9.91659E+03 0.00427 
   43    1    1    1    1    1    1    1    4   10  0.00000E+00 0.00000 
   44    1    1    1    1    1    1    1    4   11  0.00000E+00 0.00000 
   45    1    1    1    1    1    1    1    5    1  1.17663E+04 0.00406 
   46    1    1    1    1    1    1    1    5    2  0.00000E+00 0.00000 
   47    1    1    1    1    1    1    1    5    3  1.18193E+04 0.00411 
   48    1    1    1    1    1    1    1    5    4  1.13908E+04 0.00409 
   49    1    1    1    1    1    1    1    5    5  0.00000E+00 0.00000 
   50    1    1    1    1    1    1    1    5    6  1.03319E+04 0.00417 
   51    1    1    1    1    1    1    1    5    7  9.93409E+03 0.00429 
   52    1    1    1    1    1    1    1    5    8  0.00000E+00 0.00000 
   53    1    1    1    1    1    1    1    5    9  9.48699E+03 0.00431 
   54    1    1    1    1    1    1    1    5   10  9.63521E+03 0.00420 
   55    1    1    1    1    1    1    1    5   11  0.00000E+00 0.00000 
   56    1    1    1    1    1    1    1    6    1  1.08108E+04 0.00430 
   57    1    1    1    1    1    1    1    6    2  1.07398E+04 0.00419 
   58    1    1    1    1    1    1    1    6    3  0.00000E+00 0.00000 
   59    1    1    1    1    1    1    1    6    4  1.02983E+04 0.00423 
   60    1    1    1    1    1    1    1    6    5  9.94783E+03 0.00423 
   61    1    1    1    1    1    1    1    6    6  0.00000E+00 0.00000 
   62    1    1    1    1    1    1    1    6    7  9.30248E+03 0.00430 
   63    1    1    1    1    1    1    1    6    8  9.25112E+03 0.00441 
   64    1    1    1    1    1    1    1    6    9  0.00000E+00 0.00000 
   65    1    1    1    1    1    1    1    6   10  9.11440E+03 0.00434 
   66    1    1    1    1    1    1    1    6   11  9.05880E+03 0.00450 
   67    1    1    1    1    1    1    1    7    1  0.00000E+00 0.00000 
   68    1    1    1    1    1    1    1    7    2  1.00931E+04 0.00422 
   69    1    1    1    1    1    1    1    7    3  9.94511E+03 0.00424 
   70    1    1    1    1    1    1    1    7    4  0.00000E+00 0.00000 
   71    1    1    1    1    1    1    1    7    5  9.32224E+03 0.00432 
   72    1    1    1    1    1    1    1    7    6  9.15075E+03 0.00429 
   73    1    1    1    1    1    1    1    7    7  0.00000E+00 0.00000 
   74    1    1    1    1    1    1    1    7    8  8.93067E+03 0.00444 
   75    1    1    1    1    1    1    1    7    9  8.88964E+03 0.00444 
   76    1    1    1    1    1    1    1    7   10  0.00000E+00 0.00000 
   77    1    1    1    1    1    1    1    7   11  8.75296E+03 0.00443 
   78    1    1    1    1    1    1    1    8    1  1.00864E+04 0.00430 
   79    1    1    1    1    1    1    1    8    2  0.00000E+00 0.00000 
   80    1    1    1    1    1    1    1    8    3  9.40005E+03 0.00432 
   81    1    1    1    1    1    1    1    8    4  9.22957E+03 0.00431 
   82    1    1    1    1    1    1    1    8    5  0.00000E+00 0.00000 
   83    1    1    1    1    1    1    1    8    6  8.84722E+03 0.00443 
   84    1    1    1    1    1    1    1    8    7  8.80250E+03 0.00448 
   85    1    1    1    1    1    1    1    8    8  0.00000E+00 0.00000 
   86    1    1    1    1    1    1    1    8    9  8.74546E+03 0.00449 
   87    1    1    1    1    1    1    1    8   10  8.91335E+03 0.00452 
   88    1    1    1    1    1    1    1    8   11  0.00000E+00 0.00000 
   89    1    1    1    1    1    1    1    9    1  0.00000E+00 0.00000 
   90    1    1    1    1    1    1    1    9    2  9.52449E+03 0.00424 
   91    1    1    1    1    1    1    1    9    3  0.00000E+00 0.00000 
   92    1    1    1    1    1    1    1    9    4  8.93173E+03 0.00445 
   93    1    1    1    1    1    1    1    9    5  8.82416E+03 0.00437 
   94    1    1    1    1    1    1    1    9    6  0.00000E+00 0.00000 
   95    1    1    1    1    1    1    1    9    7  8.60767E+03 0.00456 
   96    1    1    1    1    1    1    1    9    8  8.65564E+03 0.00446 
   97    1    1    1    1    1    1    1    9    9  0.00000E+00 0.00000 
   98    1    1    1    1    1    1    1    9   10  0.00000E+00 0.00000 
   99    1    1    1    1    1    1    1    9   11  8.51468E+03 0.00459 
  100    1    1    1    1    1    1    1   10    1  0.00000E+00 0.00000 
  101    1    1    1    1    1    1    1   10    2  9.13739E+03 0.00442 
  102    1    1    1    1    1    1    1   10    3  8.85386E+03 0.00442 
  103    1    1    1    1    1    1    1   10    4  0.00000E+00 0.00000 
  104    1    1    1    1    1    1    1   10    5  8.57329E+03 0.00454 
  105    1    1    1    1    1    1    1   10    6  8.54243E+03 0.00444 
  106    1    1    1    1    1    1    1   10    7  0.00000E+00 0.00000 
  107    1    1    1    1    1    1    1   10    8  8.42307E+03 0.00457 
  108    1    1    1    1    1    1    1   10    9  8.50579E+03 0.00452 
  109    1    1    1    1    1    1    1   10   10  0.00000E+00 0.00000 
