
DETassem1 = [
    1    1    1    1    1    1    1    1    1    1  0.00000E+00 0.00000 
    2    1    1    1    1    1    1    1    1    2  0.00000E+00 0.00000 
    3    1    1    1    1    1    1    1    1    3  0.00000E+00 0.00000 
    4    1    1    1    1    1    1    1    1    4  0.00000E+00 0.00000 
    5    1    1    1    1    1    1    1    1    5  0.00000E+00 0.00000 
    6    1    1    1    1    1    1    1    1    6  0.00000E+00 0.00000 
    7    1    1    1    1    1    1    1    1    7  0.00000E+00 0.00000 
    8    1    1    1    1    1    1    1    1    8  1.85147E+04 0.00345 
    9    1    1    1    1    1    1    1    1    9  1.48037E+04 0.00378 
   10    1    1    1    1    1    1    1    1   10  0.00000E+00 0.00000 
   11    1    1    1    1    1    1    1    1   11  1.22275E+04 0.00399 
   12    1    1    1    1    1    1    1    2    1  2.00030E+04 0.00338 
   13    1    1    1    1    1    1    1    2    2  0.00000E+00 0.00000 
   14    1    1    1    1    1    1    1    2    3  0.00000E+00 0.00000 
   15    1    1    1    1    1    1    1    2    4  0.00000E+00 0.00000 
   16    1    1    1    1    1    1    1    2    5  0.00000E+00 0.00000 
   17    1    1    1    1    1    1    1    2    6  1.98018E+04 0.00332 
   18    1    1    1    1    1    1    1    2    7  1.63705E+04 0.00371 
   19    1    1    1    1    1    1    1    2    8  0.00000E+00 0.00000 
   20    1    1    1    1    1    1    1    2    9  1.26965E+04 0.00402 
   21    1    1    1    1    1    1    1    2   10  1.22297E+04 0.00413 
   22    1    1    1    1    1    1    1    2   11  0.00000E+00 0.00000 
   23    1    1    1    1    1    1    1    3    1  1.62635E+04 0.00360 
   24    1    1    1    1    1    1    1    3    2  1.86416E+04 0.00347 
   25    1    1    1    1    1    1    1    3    3  0.00000E+00 0.00000 
   26    1    1    1    1    1    1    1    3    4  1.87335E+04 0.00347 
   27    1    1    1    1    1    1    1    3    5  1.64508E+04 0.00360 
   28    1    1    1    1    1    1    1    3    6  0.00000E+00 0.00000 
   29    1    1    1    1    1    1    1    3    7  1.30004E+04 0.00386 
   30    1    1    1    1    1    1    1    3    8  1.21932E+04 0.00402 
   31    1    1    1    1    1    1    1    3    9  0.00000E+00 0.00000 
   32    1    1    1    1    1    1    1    3   10  0.00000E+00 0.00000 
   33    1    1    1    1    1    1    1    3   11  0.00000E+00 0.00000 
   34    1    1    1    1    1    1    1    4    1  0.00000E+00 0.00000 
   35    1    1    1    1    1    1    1    4    2  1.48038E+04 0.00380 
   36    1    1    1    1    1    1    1    4    3  1.48259E+04 0.00377 
   37    1    1    1    1    1    1    1    4    4  0.00000E+00 0.00000 
   38    1    1    1    1    1    1    1    4    5  1.30000E+04 0.00386 
   39    1    1    1    1    1    1    1    4    6  1.21713E+04 0.00395 
   40    1    1    1    1    1    1    1    4    7  0.00000E+00 0.00000 
   41    1    1    1    1    1    1    1    4    8  1.12397E+04 0.00403 
   42    1    1    1    1    1    1    1    4    9  1.13229E+04 0.00413 
   43    1    1    1    1    1    1    1    4   10  0.00000E+00 0.00000 
   44    1    1    1    1    1    1    1    4   11  1.07671E+04 0.00432 
   45    1    1    1    1    1    1    1    5    1  1.27197E+04 0.00399 
   46    1    1    1    1    1    1    1    5    2  0.00000E+00 0.00000 
   47    1    1    1    1    1    1    1    5    3  1.25933E+04 0.00394 
   48    1    1    1    1    1    1    1    5    4  1.21516E+04 0.00396 
   49    1    1    1    1    1    1    1    5    5  0.00000E+00 0.00000 
   50    1    1    1    1    1    1    1    5    6  1.11435E+04 0.00411 
   51    1    1    1    1    1    1    1    5    7  1.08948E+04 0.00418 
   52    1    1    1    1    1    1    1    5    8  0.00000E+00 0.00000 
   53    1    1    1    1    1    1    1    5    9  1.07330E+04 0.00409 
   54    1    1    1    1    1    1    1    5   10  1.02251E+04 0.00423 
   55    1    1    1    1    1    1    1    5   11  0.00000E+00 0.00000 
   56    1    1    1    1    1    1    1    6    1  1.21481E+04 0.00405 
   57    1    1    1    1    1    1    1    6    2  1.22697E+04 0.00406 
   58    1    1    1    1    1    1    1    6    3  0.00000E+00 0.00000 
   59    1    1    1    1    1    1    1    6    4  1.12630E+04 0.00407 
   60    1    1    1    1    1    1    1    6    5  1.08746E+04 0.00412 
   61    1    1    1    1    1    1    1    6    6  0.00000E+00 0.00000 
   62    1    1    1    1    1    1    1    6    7  1.07753E+04 0.00418 
   63    1    1    1    1    1    1    1    6    8  0.00000E+00 0.00000 
   64    1    1    1    1    1    1    1    6    9  0.00000E+00 0.00000 
   65    1    1    1    1    1    1    1    6   10  9.61386E+03 0.00439 
   66    1    1    1    1    1    1    1    6   11  9.36854E+03 0.00428 
   67    1    1    1    1    1    1    1    7    1  0.00000E+00 0.00000 
   68    1    1    1    1    1    1    1    7    2  0.00000E+00 0.00000 
   69    1    1    1    1    1    1    1    7    3  1.12720E+04 0.00411 
   70    1    1    1    1    1    1    1    7    4  0.00000E+00 0.00000 
   71    1    1    1    1    1    1    1    7    5  1.08418E+04 0.00403 
   72    1    1    1    1    1    1    1    7    6  0.00000E+00 0.00000 
   73    1    1    1    1    1    1    1    7    7  0.00000E+00 0.00000 
   74    1    1    1    1    1    1    1    7    8  1.00157E+04 0.00432 
   75    1    1    1    1    1    1    1    7    9  9.66953E+03 0.00436 
   76    1    1    1    1    1    1    1    7   10  0.00000E+00 0.00000 
   77    1    1    1    1    1    1    1    7   11  9.02625E+03 0.00432 
   78    1    1    1    1    1    1    1    8    1  0.00000E+00 0.00000 
   79    1    1    1    1    1    1    1    8    2  0.00000E+00 0.00000 
   80    1    1    1    1    1    1    1    8    3  1.07553E+04 0.00414 
   81    1    1    1    1    1    1    1    8    4  0.00000E+00 0.00000 
   82    1    1    1    1    1    1    1    8    5  0.00000E+00 0.00000 
   83    1    1    1    1    1    1    1    8    6  1.01180E+04 0.00422 
   84    1    1    1    1    1    1    1    8    7  9.73663E+03 0.00427 
   85    1    1    1    1    1    1    1    8    8  0.00000E+00 0.00000 
   86    1    1    1    1    1    1    1    8    9  9.40484E+03 0.00431 
   87    1    1    1    1    1    1    1    8   10  8.94291E+03 0.00457 
   88    1    1    1    1    1    1    1    8   11  0.00000E+00 0.00000 
   89    1    1    1    1    1    1    1    9    1  1.07716E+04 0.00416 
   90    1    1    1    1    1    1    1    9    2  1.02977E+04 0.00428 
   91    1    1    1    1    1    1    1    9    3  0.00000E+00 0.00000 
   92    1    1    1    1    1    1    1    9    4  1.00923E+04 0.00427 
   93    1    1    1    1    1    1    1    9    5  9.78390E+03 0.00433 
   94    1    1    1    1    1    1    1    9    6  0.00000E+00 0.00000 
   95    1    1    1    1    1    1    1    9    7  9.54186E+03 0.00437 
   96    1    1    1    1    1    1    1    9    8  0.00000E+00 0.00000 
   97    1    1    1    1    1    1    1    9    9  0.00000E+00 0.00000 
   98    1    1    1    1    1    1    1    9   10  8.64512E+03 0.00458 
   99    1    1    1    1    1    1    1    9   11  8.57774E+03 0.00456 
  100    1    1    1    1    1    1    1   10    1  0.00000E+00 0.00000 
  101    1    1    1    1    1    1    1   10    2  9.75926E+03 0.00425 
  102    1    1    1    1    1    1    1   10    3  9.60261E+03 0.00419 
  103    1    1    1    1    1    1    1   10    4  0.00000E+00 0.00000 
  104    1    1    1    1    1    1    1   10    5  9.58785E+03 0.00429 
  105    1    1    1    1    1    1    1   10    6  9.38112E+03 0.00441 
  106    1    1    1    1    1    1    1   10    7  0.00000E+00 0.00000 
  107    1    1    1    1    1    1    1   10    8  9.08910E+03 0.00443 
  108    1    1    1    1    1    1    1   10    9  8.65698E+03 0.00462 
  109    1    1    1    1    1    1    1   10   10  0.00000E+00 0.00000 
