
ZAI = [
922350
922380
666
0
];

NAMES = [
'U235            '
'U238            '
'lost            '
'total           '
];

i922350 = 1; iU235             = 1;
i922380 = 2; iU238             = 2;
iLOST    = 3;
iTOT     = 4;

MAT_un_VOLUME = [ 2.38817E+05 2.38817E+05 ];

MAT_un_BURNUP = [ 0.00000E+00 4.79980E+01 ];

MAT_un_ADENS = [
4.83387E-03 3.37355E-03 % U235
1.93936E-02 1.88177E-02 % U238
0.00000E+00 5.36947E-30 % lost data
7.26897E-02 7.39350E-02 % total
];

MAT_un_MDENS = [
1.88669E+00 1.31672E+00 % U235
7.66628E+00 7.43860E+00 % U238
0.00000E+00 0.00000E+00 % lost data
1.08000E+01 1.07984E+01 % total
];

MAT_un_A = [
3.60275E+10 2.51435E+10 % U235
2.27690E+10 2.20928E+10 % U238
0.00000E+00 0.00000E+00 % lost data
5.87965E+10 3.26119E+18 % total
];

MAT_un_H = [
2.70077E-02 1.88486E-02 % U235
1.55772E-02 1.51146E-02 % U238
0.00000E+00 0.00000E+00 % lost data
4.25849E-02 9.60213E+05 % total
];

MAT_un_SF = [
2.59398E+00 1.81033E+00 % U235
1.24319E+04 1.20627E+04 % U238
0.00000E+00 0.00000E+00 % lost data
1.24345E+04 1.36587E+08 % total
];

MAT_un_GSRC = [
4.55210E+10 3.17690E+10 % U235
2.01628E+09 1.95640E+09 % U238
0.00000E+00 0.00000E+00 % lost data
4.75372E+10 3.50091E+18 % total
];

MAT_un_ING_TOX = [
1.69329E+03 1.18174E+03 % U235
1.02460E+03 9.94175E+02 % U238
0.00000E+00 0.00000E+00 % lost data
2.71790E+03 2.25476E+09 % total
];

MAT_un_INH_TOX = [
3.06234E+05 2.13720E+05 % U235
1.82152E+05 1.76742E+05 % U238
0.00000E+00 0.00000E+00 % lost data
4.88385E+05 8.99357E+10 % total
];

TOT_VOLUME = [ 2.38817E+05 2.38817E+05 ];

TOT_BURNUP = [ 0.00000E+00 4.79980E+01 ];

TOT_ADENS = [
4.83387E-03 3.37355E-03 % U235
1.93936E-02 1.88177E-02 % U238
0.00000E+00 5.36947E-30 % lost data
7.26897E-02 7.39350E-02 % total
];

TOT_MASS = [
4.50574E+05 3.14455E+05 % U235
1.83084E+06 1.77647E+06 % U238
0.00000E+00 0.00000E+00 % lost data
2.57923E+06 2.57885E+06 % total
];

TOT_A = [
3.60275E+10 2.51435E+10 % U235
2.27690E+10 2.20928E+10 % U238
0.00000E+00 0.00000E+00 % lost data
5.87965E+10 3.26119E+18 % total
];

TOT_H = [
2.70077E-02 1.88486E-02 % U235
1.55772E-02 1.51146E-02 % U238
0.00000E+00 0.00000E+00 % lost data
4.25849E-02 9.60213E+05 % total
];

TOT_SF = [
2.59398E+00 1.81033E+00 % U235
1.24319E+04 1.20627E+04 % U238
0.00000E+00 0.00000E+00 % lost data
1.24345E+04 1.36587E+08 % total
];

TOT_GSRC = [
4.55210E+10 3.17690E+10 % U235
2.01628E+09 1.95640E+09 % U238
0.00000E+00 0.00000E+00 % lost data
4.75372E+10 3.50091E+18 % total
];

TOT_ING_TOX = [
1.69329E+03 1.18174E+03 % U235
1.02460E+03 9.94175E+02 % U238
0.00000E+00 0.00000E+00 % lost data
2.71790E+03 2.25476E+09 % total
];

TOT_INH_TOX = [
3.06234E+05 2.13720E+05 % U235
1.82152E+05 1.76742E+05 % U238
0.00000E+00 0.00000E+00 % lost data
4.88385E+05 8.99357E+10 % total
];

BU = [ 0.00000E+00 4.79965E+01 ];

DAYS = [ 0.00000E+00 7.30000E+03 ];
