
ZAI = [
922350
922380
666
0
];

NAMES = [
'U235            '
'U238            '
'lost            '
'total           '
];

i922350 = 1; iU235             = 1;
i922380 = 2; iU238             = 2;
iLOST    = 3;
iTOT     = 4;

MAT_un_VOLUME = [ 2.37972E+05 2.37972E+05 ];

MAT_un_BURNUP = [ 0.00000E+00 4.81684E+01 ];

MAT_un_ADENS = [
4.83387E-03 3.36923E-03 % U235
1.93936E-02 1.88174E-02 % U238
0.00000E+00 4.59627E-30 % lost data
7.26897E-02 7.39393E-02 % total
];

MAT_un_MDENS = [
1.88669E+00 1.31503E+00 % U235
7.66628E+00 7.43850E+00 % U238
0.00000E+00 0.00000E+00 % lost data
1.08000E+01 1.07984E+01 % total
];

MAT_un_A = [
3.59000E+10 2.50224E+10 % U235
2.26884E+10 2.20143E+10 % U238
0.00000E+00 0.00000E+00 % lost data
5.85884E+10 3.25891E+18 % total
];

MAT_un_H = [
2.69121E-02 1.87578E-02 % U235
1.55221E-02 1.50609E-02 % U238
0.00000E+00 0.00000E+00 % lost data
4.24342E-02 9.59839E+05 % total
];

MAT_un_SF = [
2.58480E+00 1.80162E+00 % U235
1.23879E+04 1.20198E+04 % U238
0.00000E+00 0.00000E+00 % lost data
1.23905E+04 1.36861E+08 % total
];

MAT_un_GSRC = [
4.53599E+10 3.16160E+10 % U235
2.00914E+09 1.94944E+09 % U238
0.00000E+00 0.00000E+00 % lost data
4.73690E+10 3.49822E+18 % total
];

MAT_un_ING_TOX = [
1.68730E+03 1.17605E+03 % U235
1.02098E+03 9.90643E+02 % U238
0.00000E+00 0.00000E+00 % lost data
2.70828E+03 2.25356E+09 % total
];

MAT_un_INH_TOX = [
3.05150E+05 2.12691E+05 % U235
1.81507E+05 1.76114E+05 % U238
0.00000E+00 0.00000E+00 % lost data
4.86657E+05 8.98488E+10 % total
];

TOT_VOLUME = [ 2.37972E+05 2.37972E+05 ];

TOT_BURNUP = [ 0.00000E+00 4.81684E+01 ];

TOT_ADENS = [
4.83387E-03 3.36923E-03 % U235
1.93936E-02 1.88174E-02 % U238
0.00000E+00 4.59627E-30 % lost data
7.26897E-02 7.39393E-02 % total
];

TOT_MASS = [
4.48980E+05 3.12941E+05 % U235
1.82436E+06 1.77016E+06 % U238
0.00000E+00 0.00000E+00 % lost data
2.57010E+06 2.56972E+06 % total
];

TOT_A = [
3.59000E+10 2.50224E+10 % U235
2.26884E+10 2.20143E+10 % U238
0.00000E+00 0.00000E+00 % lost data
5.85884E+10 3.25891E+18 % total
];

TOT_H = [
2.69121E-02 1.87578E-02 % U235
1.55221E-02 1.50609E-02 % U238
0.00000E+00 0.00000E+00 % lost data
4.24342E-02 9.59839E+05 % total
];

TOT_SF = [
2.58480E+00 1.80162E+00 % U235
1.23879E+04 1.20198E+04 % U238
0.00000E+00 0.00000E+00 % lost data
1.23905E+04 1.36861E+08 % total
];

TOT_GSRC = [
4.53599E+10 3.16160E+10 % U235
2.00914E+09 1.94944E+09 % U238
0.00000E+00 0.00000E+00 % lost data
4.73690E+10 3.49822E+18 % total
];

TOT_ING_TOX = [
1.68730E+03 1.17605E+03 % U235
1.02098E+03 9.90643E+02 % U238
0.00000E+00 0.00000E+00 % lost data
2.70828E+03 2.25356E+09 % total
];

TOT_INH_TOX = [
3.05150E+05 2.12691E+05 % U235
1.81507E+05 1.76114E+05 % U238
0.00000E+00 0.00000E+00 % lost data
4.86657E+05 8.98488E+10 % total
];

BU = [ 0.00000E+00 4.81670E+01 ];

DAYS = [ 0.00000E+00 7.30000E+03 ];
