
DETassem1 = [
    1    1    1    1    1    1    1    1    1    1  0.00000E+00 0.00000 
    2    1    1    1    1    1    1    1    1    2  0.00000E+00 0.00000 
    3    1    1    1    1    1    1    1    1    3  0.00000E+00 0.00000 
    4    1    1    1    1    1    1    1    1    4  0.00000E+00 0.00000 
    5    1    1    1    1    1    1    1    1    5  0.00000E+00 0.00000 
    6    1    1    1    1    1    1    1    1    6  0.00000E+00 0.00000 
    7    1    1    1    1    1    1    1    1    7  0.00000E+00 0.00000 
    8    1    1    1    1    1    1    1    1    8  1.85718E+04 0.00364 
    9    1    1    1    1    1    1    1    1    9  1.41229E+04 0.00398 
   10    1    1    1    1    1    1    1    1   10  0.00000E+00 0.00000 
   11    1    1    1    1    1    1    1    1   11  1.05095E+04 0.00440 
   12    1    1    1    1    1    1    1    2    1  1.98694E+04 0.00349 
   13    1    1    1    1    1    1    1    2    2  0.00000E+00 0.00000 
   14    1    1    1    1    1    1    1    2    3  0.00000E+00 0.00000 
   15    1    1    1    1    1    1    1    2    4  0.00000E+00 0.00000 
   16    1    1    1    1    1    1    1    2    5  0.00000E+00 0.00000 
   17    1    1    1    1    1    1    1    2    6  2.00161E+04 0.00352 
   18    1    1    1    1    1    1    1    2    7  1.61164E+04 0.00380 
   19    1    1    1    1    1    1    1    2    8  0.00000E+00 0.00000 
   20    1    1    1    1    1    1    1    2    9  1.15154E+04 0.00427 
   21    1    1    1    1    1    1    1    2   10  1.03841E+04 0.00433 
   22    1    1    1    1    1    1    1    2   11  0.00000E+00 0.00000 
   23    1    1    1    1    1    1    1    3    1  1.59886E+04 0.00389 
   24    1    1    1    1    1    1    1    3    2  1.84341E+04 0.00364 
   25    1    1    1    1    1    1    1    3    3  0.00000E+00 0.00000 
   26    1    1    1    1    1    1    1    3    4  1.86215E+04 0.00362 
   27    1    1    1    1    1    1    1    3    5  1.59587E+04 0.00385 
   28    1    1    1    1    1    1    1    3    6  0.00000E+00 0.00000 
   29    1    1    1    1    1    1    1    3    7  1.22621E+04 0.00418 
   30    1    1    1    1    1    1    1    3    8  1.10786E+04 0.00430 
   31    1    1    1    1    1    1    1    3    9  0.00000E+00 0.00000 
   32    1    1    1    1    1    1    1    3   10  9.75543E+03 0.00451 
   33    1    1    1    1    1    1    1    3   11  9.70761E+03 0.00434 
   34    1    1    1    1    1    1    1    4    1  0.00000E+00 0.00000 
   35    1    1    1    1    1    1    1    4    2  1.39961E+04 0.00403 
   36    1    1    1    1    1    1    1    4    3  1.41408E+04 0.00397 
   37    1    1    1    1    1    1    1    4    4  0.00000E+00 0.00000 
   38    1    1    1    1    1    1    1    4    5  1.22050E+04 0.00428 
   39    1    1    1    1    1    1    1    4    6  1.12984E+04 0.00427 
   40    1    1    1    1    1    1    1    4    7  0.00000E+00 0.00000 
   41    1    1    1    1    1    1    1    4    8  9.80450E+03 0.00441 
   42    1    1    1    1    1    1    1    4    9  9.51219E+03 0.00449 
   43    1    1    1    1    1    1    1    4   10  0.00000E+00 0.00000 
   44    1    1    1    1    1    1    1    4   11  0.00000E+00 0.00000 
   45    1    1    1    1    1    1    1    5    1  1.14474E+04 0.00423 
   46    1    1    1    1    1    1    1    5    2  0.00000E+00 0.00000 
   47    1    1    1    1    1    1    1    5    3  1.15149E+04 0.00429 
   48    1    1    1    1    1    1    1    5    4  1.09435E+04 0.00433 
   49    1    1    1    1    1    1    1    5    5  0.00000E+00 0.00000 
   50    1    1    1    1    1    1    1    5    6  9.97909E+03 0.00446 
   51    1    1    1    1    1    1    1    5    7  9.49982E+03 0.00447 
   52    1    1    1    1    1    1    1    5    8  0.00000E+00 0.00000 
   53    1    1    1    1    1    1    1    5    9  9.14755E+03 0.00466 
   54    1    1    1    1    1    1    1    5   10  9.19940E+03 0.00440 
   55    1    1    1    1    1    1    1    5   11  0.00000E+00 0.00000 
   56    1    1    1    1    1    1    1    6    1  1.03586E+04 0.00431 
   57    1    1    1    1    1    1    1    6    2  1.03894E+04 0.00445 
   58    1    1    1    1    1    1    1    6    3  0.00000E+00 0.00000 
   59    1    1    1    1    1    1    1    6    4  9.82585E+03 0.00445 
   60    1    1    1    1    1    1    1    6    5  9.51141E+03 0.00459 
   61    1    1    1    1    1    1    1    6    6  0.00000E+00 0.00000 
   62    1    1    1    1    1    1    1    6    7  8.90649E+03 0.00451 
   63    1    1    1    1    1    1    1    6    8  8.74533E+03 0.00451 
   64    1    1    1    1    1    1    1    6    9  0.00000E+00 0.00000 
   65    1    1    1    1    1    1    1    6   10  8.82355E+03 0.00465 
   66    1    1    1    1    1    1    1    6   11  8.76445E+03 0.00462 
   67    1    1    1    1    1    1    1    7    1  0.00000E+00 0.00000 
   68    1    1    1    1    1    1    1    7    2  9.71906E+03 0.00435 
   69    1    1    1    1    1    1    1    7    3  9.47896E+03 0.00445 
   70    1    1    1    1    1    1    1    7    4  0.00000E+00 0.00000 
   71    1    1    1    1    1    1    1    7    5  8.95147E+03 0.00452 
   72    1    1    1    1    1    1    1    7    6  8.75574E+03 0.00459 
   73    1    1    1    1    1    1    1    7    7  0.00000E+00 0.00000 
   74    1    1    1    1    1    1    1    7    8  8.57753E+03 0.00463 
   75    1    1    1    1    1    1    1    7    9  8.59280E+03 0.00453 
   76    1    1    1    1    1    1    1    7   10  0.00000E+00 0.00000 
   77    1    1    1    1    1    1    1    7   11  8.48778E+03 0.00471 
   78    1    1    1    1    1    1    1    8    1  9.71771E+03 0.00448 
   79    1    1    1    1    1    1    1    8    2  0.00000E+00 0.00000 
   80    1    1    1    1    1    1    1    8    3  9.14032E+03 0.00450 
   81    1    1    1    1    1    1    1    8    4  8.84392E+03 0.00454 
   82    1    1    1    1    1    1    1    8    5  0.00000E+00 0.00000 
   83    1    1    1    1    1    1    1    8    6  8.55850E+03 0.00479 
   84    1    1    1    1    1    1    1    8    7  8.39026E+03 0.00465 
   85    1    1    1    1    1    1    1    8    8  0.00000E+00 0.00000 
   86    1    1    1    1    1    1    1    8    9  8.48658E+03 0.00469 
   87    1    1    1    1    1    1    1    8   10  8.59771E+03 0.00472 
   88    1    1    1    1    1    1    1    8   11  0.00000E+00 0.00000 
   89    1    1    1    1    1    1    1    9    1  0.00000E+00 0.00000 
   90    1    1    1    1    1    1    1    9    2  9.23547E+03 0.00458 
   91    1    1    1    1    1    1    1    9    3  0.00000E+00 0.00000 
   92    1    1    1    1    1    1    1    9    4  8.68289E+03 0.00460 
   93    1    1    1    1    1    1    1    9    5  8.44917E+03 0.00459 
   94    1    1    1    1    1    1    1    9    6  0.00000E+00 0.00000 
   95    1    1    1    1    1    1    1    9    7  8.28111E+03 0.00478 
   96    1    1    1    1    1    1    1    9    8  8.33179E+03 0.00473 
   97    1    1    1    1    1    1    1    9    9  0.00000E+00 0.00000 
   98    1    1    1    1    1    1    1    9   10  0.00000E+00 0.00000 
   99    1    1    1    1    1    1    1    9   11  8.34877E+03 0.00466 
  100    1    1    1    1    1    1    1   10    1  0.00000E+00 0.00000 
  101    1    1    1    1    1    1    1   10    2  8.86643E+03 0.00458 
  102    1    1    1    1    1    1    1   10    3  8.56870E+03 0.00461 
  103    1    1    1    1    1    1    1   10    4  0.00000E+00 0.00000 
  104    1    1    1    1    1    1    1   10    5  8.18872E+03 0.00465 
  105    1    1    1    1    1    1    1   10    6  8.15450E+03 0.00475 
  106    1    1    1    1    1    1    1   10    7  0.00000E+00 0.00000 
  107    1    1    1    1    1    1    1   10    8  8.13286E+03 0.00475 
  108    1    1    1    1    1    1    1   10    9  8.26981E+03 0.00472 
  109    1    1    1    1    1    1    1   10   10  0.00000E+00 0.00000 
