
DETassem1 = [
    1    1    1    1    1    1    1    1    1    1  0.00000E+00 0.00000 
    2    1    1    1    1    1    1    1    1    2  0.00000E+00 0.00000 
    3    1    1    1    1    1    1    1    1    3  0.00000E+00 0.00000 
    4    1    1    1    1    1    1    1    1    4  0.00000E+00 0.00000 
    5    1    1    1    1    1    1    1    1    5  0.00000E+00 0.00000 
    6    1    1    1    1    1    1    1    1    6  0.00000E+00 0.00000 
    7    1    1    1    1    1    1    1    1    7  0.00000E+00 0.00000 
    8    1    1    1    1    1    1    1    1    8  2.09725E+04 0.00346 
    9    1    1    1    1    1    1    1    1    9  1.57721E+04 0.00383 
   10    1    1    1    1    1    1    1    1   10  0.00000E+00 0.00000 
   11    1    1    1    1    1    1    1    1   11  1.11876E+04 0.00429 
   12    1    1    1    1    1    1    1    2    1  0.00000E+00 0.00000 
   13    1    1    1    1    1    1    1    2    2  0.00000E+00 0.00000 
   14    1    1    1    1    1    1    1    2    3  0.00000E+00 0.00000 
   15    1    1    1    1    1    1    1    2    4  0.00000E+00 0.00000 
   16    1    1    1    1    1    1    1    2    5  0.00000E+00 0.00000 
   17    1    1    1    1    1    1    1    2    6  0.00000E+00 0.00000 
   18    1    1    1    1    1    1    1    2    7  1.90478E+04 0.00360 
   19    1    1    1    1    1    1    1    2    8  0.00000E+00 0.00000 
   20    1    1    1    1    1    1    1    2    9  1.30088E+04 0.00406 
   21    1    1    1    1    1    1    1    2   10  1.12820E+04 0.00413 
   22    1    1    1    1    1    1    1    2   11  0.00000E+00 0.00000 
   23    1    1    1    1    1    1    1    3    1  1.90804E+04 0.00360 
   24    1    1    1    1    1    1    1    3    2  2.09241E+04 0.00346 
   25    1    1    1    1    1    1    1    3    3  0.00000E+00 0.00000 
   26    1    1    1    1    1    1    1    3    4  2.10890E+04 0.00349 
   27    1    1    1    1    1    1    1    3    5  1.90303E+04 0.00361 
   28    1    1    1    1    1    1    1    3    6  0.00000E+00 0.00000 
   29    1    1    1    1    1    1    1    3    7  1.41887E+04 0.00396 
   30    1    1    1    1    1    1    1    3    8  0.00000E+00 0.00000 
   31    1    1    1    1    1    1    1    3    9  0.00000E+00 0.00000 
   32    1    1    1    1    1    1    1    3   10  1.02440E+04 0.00447 
   33    1    1    1    1    1    1    1    3   11  9.75907E+03 0.00441 
   34    1    1    1    1    1    1    1    4    1  0.00000E+00 0.00000 
   35    1    1    1    1    1    1    1    4    2  1.57000E+04 0.00392 
   36    1    1    1    1    1    1    1    4    3  1.58026E+04 0.00381 
   37    1    1    1    1    1    1    1    4    4  0.00000E+00 0.00000 
   38    1    1    1    1    1    1    1    4    5  1.43001E+04 0.00398 
   39    1    1    1    1    1    1    1    4    6  1.30130E+04 0.00409 
   40    1    1    1    1    1    1    1    4    7  0.00000E+00 0.00000 
   41    1    1    1    1    1    1    1    4    8  1.10714E+04 0.00438 
   42    1    1    1    1    1    1    1    4    9  1.00913E+04 0.00440 
   43    1    1    1    1    1    1    1    4   10  0.00000E+00 0.00000 
   44    1    1    1    1    1    1    1    4   11  9.58054E+03 0.00464 
   45    1    1    1    1    1    1    1    5    1  1.29415E+04 0.00412 
   46    1    1    1    1    1    1    1    5    2  0.00000E+00 0.00000 
   47    1    1    1    1    1    1    1    5    3  1.29056E+04 0.00410 
   48    1    1    1    1    1    1    1    5    4  0.00000E+00 0.00000 
   49    1    1    1    1    1    1    1    5    5  0.00000E+00 0.00000 
   50    1    1    1    1    1    1    1    5    6  1.09942E+04 0.00434 
   51    1    1    1    1    1    1    1    5    7  1.03245E+04 0.00444 
   52    1    1    1    1    1    1    1    5    8  0.00000E+00 0.00000 
   53    1    1    1    1    1    1    1    5    9  9.54406E+03 0.00440 
   54    1    1    1    1    1    1    1    5   10  9.46656E+03 0.00460 
   55    1    1    1    1    1    1    1    5   11  0.00000E+00 0.00000 
   56    1    1    1    1    1    1    1    6    1  1.12451E+04 0.00436 
   57    1    1    1    1    1    1    1    6    2  1.12446E+04 0.00427 
   58    1    1    1    1    1    1    1    6    3  0.00000E+00 0.00000 
   59    1    1    1    1    1    1    1    6    4  1.10831E+04 0.00429 
   60    1    1    1    1    1    1    1    6    5  1.03705E+04 0.00443 
   61    1    1    1    1    1    1    1    6    6  0.00000E+00 0.00000 
   62    1    1    1    1    1    1    1    6    7  9.63951E+03 0.00446 
   63    1    1    1    1    1    1    1    6    8  9.39436E+03 0.00453 
   64    1    1    1    1    1    1    1    6    9  0.00000E+00 0.00000 
   65    1    1    1    1    1    1    1    6   10  9.68530E+03 0.00442 
   66    1    1    1    1    1    1    1    6   11  0.00000E+00 0.00000 
   67    1    1    1    1    1    1    1    7    1  0.00000E+00 0.00000 
   68    1    1    1    1    1    1    1    7    2  1.02247E+04 0.00435 
   69    1    1    1    1    1    1    1    7    3  1.01886E+04 0.00441 
   70    1    1    1    1    1    1    1    7    4  0.00000E+00 0.00000 
   71    1    1    1    1    1    1    1    7    5  9.58369E+03 0.00455 
   72    1    1    1    1    1    1    1    7    6  9.42952E+03 0.00444 
   73    1    1    1    1    1    1    1    7    7  0.00000E+00 0.00000 
   74    1    1    1    1    1    1    1    7    8  9.24867E+03 0.00462 
   75    1    1    1    1    1    1    1    7    9  9.30590E+03 0.00451 
   76    1    1    1    1    1    1    1    7   10  0.00000E+00 0.00000 
   77    1    1    1    1    1    1    1    7   11  9.46489E+03 0.00454 
   78    1    1    1    1    1    1    1    8    1  9.78825E+03 0.00441 
   79    1    1    1    1    1    1    1    8    2  0.00000E+00 0.00000 
   80    1    1    1    1    1    1    1    8    3  9.59047E+03 0.00449 
   81    1    1    1    1    1    1    1    8    4  9.39839E+03 0.00452 
   82    1    1    1    1    1    1    1    8    5  0.00000E+00 0.00000 
   83    1    1    1    1    1    1    1    8    6  9.19281E+03 0.00455 
   84    1    1    1    1    1    1    1    8    7  9.24847E+03 0.00442 
   85    1    1    1    1    1    1    1    8    8  0.00000E+00 0.00000 
   86    1    1    1    1    1    1    1    8    9  9.48893E+03 0.00453 
   87    1    1    1    1    1    1    1    8   10  9.10500E+03 0.00461 
   88    1    1    1    1    1    1    1    8   11  0.00000E+00 0.00000 
   89    1    1    1    1    1    1    1    9    1  9.61084E+03 0.00444 
   90    1    1    1    1    1    1    1    9    2  9.61097E+03 0.00454 
   91    1    1    1    1    1    1    1    9    3  0.00000E+00 0.00000 
   92    1    1    1    1    1    1    1    9    4  9.26149E+03 0.00448 
   93    1    1    1    1    1    1    1    9    5  9.26608E+03 0.00442 
   94    1    1    1    1    1    1    1    9    6  0.00000E+00 0.00000 
   95    1    1    1    1    1    1    1    9    7  9.50329E+03 0.00462 
   96    1    1    1    1    1    1    1    9    8  0.00000E+00 0.00000 
   97    1    1    1    1    1    1    1    9    9  0.00000E+00 0.00000 
   98    1    1    1    1    1    1    1    9   10  8.74017E+03 0.00478 
   99    1    1    1    1    1    1    1    9   11  8.62988E+03 0.00471 
  100    1    1    1    1    1    1    1   10    1  0.00000E+00 0.00000 
  101    1    1    1    1    1    1    1   10    2  9.58515E+03 0.00449 
  102    1    1    1    1    1    1    1   10    3  9.31294E+03 0.00455 
  103    1    1    1    1    1    1    1   10    4  0.00000E+00 0.00000 
  104    1    1    1    1    1    1    1   10    5  9.54416E+03 0.00448 
  105    1    1    1    1    1    1    1   10    6  0.00000E+00 0.00000 
  106    1    1    1    1    1    1    1   10    7  0.00000E+00 0.00000 
  107    1    1    1    1    1    1    1   10    8  9.01605E+03 0.00471 
  108    1    1    1    1    1    1    1   10    9  8.61136E+03 0.00473 
  109    1    1    1    1    1    1    1   10   10  0.00000E+00 0.00000 
