
ZAI = [
922350
922380
666
0
];

NAMES = [
'U235            '
'U238            '
'lost            '
'total           '
];

i922350 = 1; iU235             = 1;
i922380 = 2; iU238             = 2;
iLOST    = 3;
iTOT     = 4;

MAT_un_VOLUME = [ 2.57008E+05 2.57008E+05 ];

MAT_un_BURNUP = [ 0.00000E+00 4.46008E+01 ];

MAT_un_ADENS = [
4.83387E-03 3.46349E-03 % U235
1.93936E-02 1.88419E-02 % U238
0.00000E+00 4.51939E-30 % lost data
7.26897E-02 7.38460E-02 % total
];

MAT_un_MDENS = [
1.88669E+00 1.35182E+00 % U235
7.66628E+00 7.44817E+00 % U238
0.00000E+00 0.00000E+00 % lost data
1.08000E+01 1.07985E+01 % total
];

MAT_un_A = [
3.87717E+10 2.77801E+10 % U235
2.45033E+10 2.38062E+10 % U238
0.00000E+00 0.00000E+00 % lost data
6.32750E+10 3.27596E+18 % total
];

MAT_un_H = [
2.90648E-02 2.08251E-02 % U235
1.67637E-02 1.62868E-02 % U238
0.00000E+00 0.00000E+00 % lost data
4.58285E-02 9.63285E+05 % total
];

MAT_un_SF = [
2.79156E+00 2.00017E+00 % U235
1.33788E+04 1.29982E+04 % U238
0.00000E+00 0.00000E+00 % lost data
1.33816E+04 1.14379E+08 % total
];

MAT_un_GSRC = [
4.89883E+10 3.51004E+10 % U235
2.16985E+09 2.10812E+09 % U238
0.00000E+00 0.00000E+00 % lost data
5.11581E+10 3.52003E+18 % total
];

MAT_un_ING_TOX = [
1.82227E+03 1.30567E+03 % U235
1.10265E+03 1.07128E+03 % U238
0.00000E+00 0.00000E+00 % lost data
2.92492E+03 2.24222E+09 % total
];

MAT_un_INH_TOX = [
3.29559E+05 2.36131E+05 % U235
1.96026E+05 1.90449E+05 % U238
0.00000E+00 0.00000E+00 % lost data
5.25585E+05 8.34990E+10 % total
];

TOT_VOLUME = [ 2.57008E+05 2.57008E+05 ];

TOT_BURNUP = [ 0.00000E+00 4.46008E+01 ];

TOT_ADENS = [
4.83387E-03 3.46349E-03 % U235
1.93936E-02 1.88419E-02 % U238
0.00000E+00 4.51939E-30 % lost data
7.26897E-02 7.38460E-02 % total
];

TOT_MASS = [
4.84894E+05 3.47429E+05 % U235
1.97030E+06 1.91424E+06 % U238
0.00000E+00 0.00000E+00 % lost data
2.77569E+06 2.77531E+06 % total
];

TOT_A = [
3.87717E+10 2.77801E+10 % U235
2.45033E+10 2.38062E+10 % U238
0.00000E+00 0.00000E+00 % lost data
6.32750E+10 3.27596E+18 % total
];

TOT_H = [
2.90648E-02 2.08251E-02 % U235
1.67637E-02 1.62868E-02 % U238
0.00000E+00 0.00000E+00 % lost data
4.58285E-02 9.63285E+05 % total
];

TOT_SF = [
2.79156E+00 2.00017E+00 % U235
1.33788E+04 1.29982E+04 % U238
0.00000E+00 0.00000E+00 % lost data
1.33816E+04 1.14379E+08 % total
];

TOT_GSRC = [
4.89883E+10 3.51004E+10 % U235
2.16985E+09 2.10812E+09 % U238
0.00000E+00 0.00000E+00 % lost data
5.11581E+10 3.52003E+18 % total
];

TOT_ING_TOX = [
1.82227E+03 1.30567E+03 % U235
1.10265E+03 1.07128E+03 % U238
0.00000E+00 0.00000E+00 % lost data
2.92492E+03 2.24222E+09 % total
];

TOT_INH_TOX = [
3.29559E+05 2.36131E+05 % U235
1.96026E+05 1.90449E+05 % U238
0.00000E+00 0.00000E+00 % lost data
5.25585E+05 8.34990E+10 % total
];

BU = [ 0.00000E+00 4.45994E+01 ];

DAYS = [ 0.00000E+00 7.30000E+03 ];
