
DETassem1 = [
    1    1    1    1    1    1    1    1    1    1  0.00000E+00 0.00000 
    2    1    1    1    1    1    1    1    1    2  0.00000E+00 0.00000 
    3    1    1    1    1    1    1    1    1    3  0.00000E+00 0.00000 
    4    1    1    1    1    1    1    1    1    4  0.00000E+00 0.00000 
    5    1    1    1    1    1    1    1    1    5  0.00000E+00 0.00000 
    6    1    1    1    1    1    1    1    1    6  0.00000E+00 0.00000 
    7    1    1    1    1    1    1    1    1    7  0.00000E+00 0.00000 
    8    1    1    1    1    1    1    1    1    8  2.03572E+04 0.00331 
    9    1    1    1    1    1    1    1    1    9  1.57330E+04 0.00365 
   10    1    1    1    1    1    1    1    1   10  0.00000E+00 0.00000 
   11    1    1    1    1    1    1    1    1   11  1.15986E+04 0.00414 
   12    1    1    1    1    1    1    1    2    1  0.00000E+00 0.00000 
   13    1    1    1    1    1    1    1    2    2  0.00000E+00 0.00000 
   14    1    1    1    1    1    1    1    2    3  0.00000E+00 0.00000 
   15    1    1    1    1    1    1    1    2    4  0.00000E+00 0.00000 
   16    1    1    1    1    1    1    1    2    5  0.00000E+00 0.00000 
   17    1    1    1    1    1    1    1    2    6  0.00000E+00 0.00000 
   18    1    1    1    1    1    1    1    2    7  1.86628E+04 0.00348 
   19    1    1    1    1    1    1    1    2    8  0.00000E+00 0.00000 
   20    1    1    1    1    1    1    1    2    9  1.32095E+04 0.00391 
   21    1    1    1    1    1    1    1    2   10  1.16201E+04 0.00404 
   22    1    1    1    1    1    1    1    2   11  0.00000E+00 0.00000 
   23    1    1    1    1    1    1    1    3    1  1.87727E+04 0.00341 
   24    1    1    1    1    1    1    1    3    2  2.04914E+04 0.00339 
   25    1    1    1    1    1    1    1    3    3  0.00000E+00 0.00000 
   26    1    1    1    1    1    1    1    3    4  2.03827E+04 0.00336 
   27    1    1    1    1    1    1    1    3    5  1.86058E+04 0.00349 
   28    1    1    1    1    1    1    1    3    6  0.00000E+00 0.00000 
   29    1    1    1    1    1    1    1    3    7  1.44604E+04 0.00377 
   30    1    1    1    1    1    1    1    3    8  0.00000E+00 0.00000 
   31    1    1    1    1    1    1    1    3    9  0.00000E+00 0.00000 
   32    1    1    1    1    1    1    1    3   10  1.06856E+04 0.00421 
   33    1    1    1    1    1    1    1    3   11  1.02718E+04 0.00412 
   34    1    1    1    1    1    1    1    4    1  0.00000E+00 0.00000 
   35    1    1    1    1    1    1    1    4    2  1.58719E+04 0.00370 
   36    1    1    1    1    1    1    1    4    3  1.57315E+04 0.00367 
   37    1    1    1    1    1    1    1    4    4  0.00000E+00 0.00000 
   38    1    1    1    1    1    1    1    4    5  1.43980E+04 0.00380 
   39    1    1    1    1    1    1    1    4    6  1.33342E+04 0.00399 
   40    1    1    1    1    1    1    1    4    7  0.00000E+00 0.00000 
   41    1    1    1    1    1    1    1    4    8  1.14312E+04 0.00403 
   42    1    1    1    1    1    1    1    4    9  1.05179E+04 0.00412 
   43    1    1    1    1    1    1    1    4   10  0.00000E+00 0.00000 
   44    1    1    1    1    1    1    1    4   11  9.97286E+03 0.00424 
   45    1    1    1    1    1    1    1    5    1  1.31607E+04 0.00396 
   46    1    1    1    1    1    1    1    5    2  0.00000E+00 0.00000 
   47    1    1    1    1    1    1    1    5    3  1.32231E+04 0.00386 
   48    1    1    1    1    1    1    1    5    4  0.00000E+00 0.00000 
   49    1    1    1    1    1    1    1    5    5  0.00000E+00 0.00000 
   50    1    1    1    1    1    1    1    5    6  1.14166E+04 0.00426 
   51    1    1    1    1    1    1    1    5    7  1.08048E+04 0.00413 
   52    1    1    1    1    1    1    1    5    8  0.00000E+00 0.00000 
   53    1    1    1    1    1    1    1    5    9  9.90727E+03 0.00427 
   54    1    1    1    1    1    1    1    5   10  9.85923E+03 0.00431 
   55    1    1    1    1    1    1    1    5   11  0.00000E+00 0.00000 
   56    1    1    1    1    1    1    1    6    1  1.16194E+04 0.00413 
   57    1    1    1    1    1    1    1    6    2  1.16022E+04 0.00407 
   58    1    1    1    1    1    1    1    6    3  0.00000E+00 0.00000 
   59    1    1    1    1    1    1    1    6    4  1.14743E+04 0.00403 
   60    1    1    1    1    1    1    1    6    5  1.07410E+04 0.00416 
   61    1    1    1    1    1    1    1    6    6  0.00000E+00 0.00000 
   62    1    1    1    1    1    1    1    6    7  9.99823E+03 0.00426 
   63    1    1    1    1    1    1    1    6    8  9.84221E+03 0.00433 
   64    1    1    1    1    1    1    1    6    9  0.00000E+00 0.00000 
   65    1    1    1    1    1    1    1    6   10  9.98634E+03 0.00413 
   66    1    1    1    1    1    1    1    6   11  0.00000E+00 0.00000 
   67    1    1    1    1    1    1    1    7    1  0.00000E+00 0.00000 
   68    1    1    1    1    1    1    1    7    2  1.07186E+04 0.00418 
   69    1    1    1    1    1    1    1    7    3  1.05855E+04 0.00425 
   70    1    1    1    1    1    1    1    7    4  0.00000E+00 0.00000 
   71    1    1    1    1    1    1    1    7    5  9.98358E+03 0.00429 
   72    1    1    1    1    1    1    1    7    6  9.81621E+03 0.00425 
   73    1    1    1    1    1    1    1    7    7  0.00000E+00 0.00000 
   74    1    1    1    1    1    1    1    7    8  9.58835E+03 0.00435 
   75    1    1    1    1    1    1    1    7    9  9.66413E+03 0.00442 
   76    1    1    1    1    1    1    1    7   10  0.00000E+00 0.00000 
   77    1    1    1    1    1    1    1    7   11  9.74547E+03 0.00424 
   78    1    1    1    1    1    1    1    8    1  1.01905E+04 0.00432 
   79    1    1    1    1    1    1    1    8    2  0.00000E+00 0.00000 
   80    1    1    1    1    1    1    1    8    3  9.95187E+03 0.00429 
   81    1    1    1    1    1    1    1    8    4  9.78006E+03 0.00432 
   82    1    1    1    1    1    1    1    8    5  0.00000E+00 0.00000 
   83    1    1    1    1    1    1    1    8    6  9.61953E+03 0.00429 
   84    1    1    1    1    1    1    1    8    7  9.60755E+03 0.00428 
   85    1    1    1    1    1    1    1    8    8  0.00000E+00 0.00000 
   86    1    1    1    1    1    1    1    8    9  9.64852E+03 0.00428 
   87    1    1    1    1    1    1    1    8   10  9.50869E+03 0.00430 
   88    1    1    1    1    1    1    1    8   11  0.00000E+00 0.00000 
   89    1    1    1    1    1    1    1    9    1  1.00128E+04 0.00431 
   90    1    1    1    1    1    1    1    9    2  9.91412E+03 0.00429 
   91    1    1    1    1    1    1    1    9    3  0.00000E+00 0.00000 
   92    1    1    1    1    1    1    1    9    4  9.58272E+03 0.00434 
   93    1    1    1    1    1    1    1    9    5  9.60174E+03 0.00427 
   94    1    1    1    1    1    1    1    9    6  0.00000E+00 0.00000 
   95    1    1    1    1    1    1    1    9    7  9.76544E+03 0.00442 
   96    1    1    1    1    1    1    1    9    8  0.00000E+00 0.00000 
   97    1    1    1    1    1    1    1    9    9  0.00000E+00 0.00000 
   98    1    1    1    1    1    1    1    9   10  8.99425E+03 0.00443 
   99    1    1    1    1    1    1    1    9   11  8.84218E+03 0.00448 
  100    1    1    1    1    1    1    1   10    1  0.00000E+00 0.00000 
  101    1    1    1    1    1    1    1   10    2  9.93175E+03 0.00418 
  102    1    1    1    1    1    1    1   10    3  9.67668E+03 0.00414 
  103    1    1    1    1    1    1    1   10    4  0.00000E+00 0.00000 
  104    1    1    1    1    1    1    1   10    5  9.85765E+03 0.00433 
  105    1    1    1    1    1    1    1   10    6  0.00000E+00 0.00000 
  106    1    1    1    1    1    1    1   10    7  0.00000E+00 0.00000 
  107    1    1    1    1    1    1    1   10    8  9.21606E+03 0.00448 
  108    1    1    1    1    1    1    1   10    9  8.91859E+03 0.00441 
  109    1    1    1    1    1    1    1   10   10  0.00000E+00 0.00000 
