
ZAI = [
922350
922380
666
0
];

NAMES = [
'U235            '
'U238            '
'lost            '
'total           '
];

i922350 = 1; iU235             = 1;
i922380 = 2; iU238             = 2;
iLOST    = 3;
iTOT     = 4;

MAT_un_VOLUME = [ 2.43883E+05 2.43883E+05 ];

MAT_un_BURNUP = [ 0.00000E+00 4.70010E+01 ];

MAT_un_ADENS = [
4.83387E-03 3.40092E-03 % U235
1.93936E-02 1.88301E-02 % U238
0.00000E+00 5.18413E-30 % lost data
7.26897E-02 7.39086E-02 % total
];

MAT_un_MDENS = [
1.88669E+00 1.32740E+00 % U235
7.66628E+00 7.44353E+00 % U238
0.00000E+00 0.00000E+00 % lost data
1.08000E+01 1.07984E+01 % total
];

MAT_un_A = [
3.67917E+10 2.58852E+10 % U235
2.32520E+10 2.25764E+10 % U238
0.00000E+00 0.00000E+00 % lost data
6.00437E+10 3.25945E+18 % total
];

MAT_un_H = [
2.75805E-02 1.94046E-02 % U235
1.59076E-02 1.54454E-02 % U238
0.00000E+00 0.00000E+00 % lost data
4.34882E-02 9.60483E+05 % total
];

MAT_un_SF = [
2.64900E+00 1.86374E+00 % U235
1.26956E+04 1.23267E+04 % U238
0.00000E+00 0.00000E+00 % lost data
1.26982E+04 1.30090E+08 % total
];

MAT_un_GSRC = [
4.64866E+10 3.27061E+10 % U235
2.05905E+09 1.99922E+09 % U238
0.00000E+00 0.00000E+00 % lost data
4.85456E+10 3.49919E+18 % total
];

MAT_un_ING_TOX = [
1.72921E+03 1.21661E+03 % U235
1.04634E+03 1.01594E+03 % U238
0.00000E+00 0.00000E+00 % lost data
2.77555E+03 2.24673E+09 % total
];

MAT_un_INH_TOX = [
3.12729E+05 2.20024E+05 % U235
1.86016E+05 1.80611E+05 % U238
0.00000E+00 0.00000E+00 % lost data
4.98745E+05 8.75643E+10 % total
];

TOT_VOLUME = [ 2.43883E+05 2.43883E+05 ];

TOT_BURNUP = [ 0.00000E+00 4.70010E+01 ];

TOT_ADENS = [
4.83387E-03 3.40092E-03 % U235
1.93936E-02 1.88301E-02 % U238
0.00000E+00 5.18413E-30 % lost data
7.26897E-02 7.39086E-02 % total
];

TOT_MASS = [
4.60132E+05 3.23731E+05 % U235
1.86968E+06 1.81535E+06 % U238
0.00000E+00 0.00000E+00 % lost data
2.63394E+06 2.63356E+06 % total
];

TOT_A = [
3.67917E+10 2.58852E+10 % U235
2.32520E+10 2.25764E+10 % U238
0.00000E+00 0.00000E+00 % lost data
6.00437E+10 3.25945E+18 % total
];

TOT_H = [
2.75805E-02 1.94046E-02 % U235
1.59076E-02 1.54454E-02 % U238
0.00000E+00 0.00000E+00 % lost data
4.34882E-02 9.60483E+05 % total
];

TOT_SF = [
2.64900E+00 1.86374E+00 % U235
1.26956E+04 1.23267E+04 % U238
0.00000E+00 0.00000E+00 % lost data
1.26982E+04 1.30090E+08 % total
];

TOT_GSRC = [
4.64866E+10 3.27061E+10 % U235
2.05905E+09 1.99922E+09 % U238
0.00000E+00 0.00000E+00 % lost data
4.85456E+10 3.49919E+18 % total
];

TOT_ING_TOX = [
1.72921E+03 1.21661E+03 % U235
1.04634E+03 1.01594E+03 % U238
0.00000E+00 0.00000E+00 % lost data
2.77555E+03 2.24673E+09 % total
];

TOT_INH_TOX = [
3.12729E+05 2.20024E+05 % U235
1.86016E+05 1.80611E+05 % U238
0.00000E+00 0.00000E+00 % lost data
4.98745E+05 8.75643E+10 % total
];

BU = [ 0.00000E+00 4.69996E+01 ];

DAYS = [ 0.00000E+00 7.30000E+03 ];
