
DETassem1 = [
    1    1    1    1    1    1    1    1    1    1  0.00000E+00 0.00000 
    2    1    1    1    1    1    1    1    1    2  0.00000E+00 0.00000 
    3    1    1    1    1    1    1    1    1    3  0.00000E+00 0.00000 
    4    1    1    1    1    1    1    1    1    4  0.00000E+00 0.00000 
    5    1    1    1    1    1    1    1    1    5  0.00000E+00 0.00000 
    6    1    1    1    1    1    1    1    1    6  0.00000E+00 0.00000 
    7    1    1    1    1    1    1    1    1    7  0.00000E+00 0.00000 
    8    1    1    1    1    1    1    1    1    8  2.03443E+04 0.00346 
    9    1    1    1    1    1    1    1    1    9  1.59689E+04 0.00381 
   10    1    1    1    1    1    1    1    1   10  0.00000E+00 0.00000 
   11    1    1    1    1    1    1    1    1   11  0.00000E+00 0.00000 
   12    1    1    1    1    1    1    1    2    1  2.20483E+04 0.00343 
   13    1    1    1    1    1    1    1    2    2  0.00000E+00 0.00000 
   14    1    1    1    1    1    1    1    2    3  0.00000E+00 0.00000 
   15    1    1    1    1    1    1    1    2    4  0.00000E+00 0.00000 
   16    1    1    1    1    1    1    1    2    5  0.00000E+00 0.00000 
   17    1    1    1    1    1    1    1    2    6  2.20350E+04 0.00348 
   18    1    1    1    1    1    1    1    2    7  1.81869E+04 0.00369 
   19    1    1    1    1    1    1    1    2    8  0.00000E+00 0.00000 
   20    1    1    1    1    1    1    1    2    9  1.35679E+04 0.00402 
   21    1    1    1    1    1    1    1    2   10  0.00000E+00 0.00000 
   22    1    1    1    1    1    1    1    2   11  0.00000E+00 0.00000 
   23    1    1    1    1    1    1    1    3    1  1.82336E+04 0.00362 
   24    1    1    1    1    1    1    1    3    2  2.04110E+04 0.00357 
   25    1    1    1    1    1    1    1    3    3  0.00000E+00 0.00000 
   26    1    1    1    1    1    1    1    3    4  2.03730E+04 0.00348 
   27    1    1    1    1    1    1    1    3    5  1.82313E+04 0.00366 
   28    1    1    1    1    1    1    1    3    6  0.00000E+00 0.00000 
   29    1    1    1    1    1    1    1    3    7  0.00000E+00 0.00000 
   30    1    1    1    1    1    1    1    3    8  1.33276E+04 0.00409 
   31    1    1    1    1    1    1    1    3    9  0.00000E+00 0.00000 
   32    1    1    1    1    1    1    1    3   10  1.14587E+04 0.00426 
   33    1    1    1    1    1    1    1    3   11  1.07929E+04 0.00431 
   34    1    1    1    1    1    1    1    4    1  0.00000E+00 0.00000 
   35    1    1    1    1    1    1    1    4    2  1.60867E+04 0.00375 
   36    1    1    1    1    1    1    1    4    3  1.60040E+04 0.00381 
   37    1    1    1    1    1    1    1    4    4  0.00000E+00 0.00000 
   38    1    1    1    1    1    1    1    4    5  0.00000E+00 0.00000 
   39    1    1    1    1    1    1    1    4    6  1.41859E+04 0.00396 
   40    1    1    1    1    1    1    1    4    7  0.00000E+00 0.00000 
   41    1    1    1    1    1    1    1    4    8  1.18266E+04 0.00421 
   42    1    1    1    1    1    1    1    4    9  1.09866E+04 0.00434 
   43    1    1    1    1    1    1    1    4   10  0.00000E+00 0.00000 
   44    1    1    1    1    1    1    1    4   11  0.00000E+00 0.00000 
   45    1    1    1    1    1    1    1    5    1  1.36938E+04 0.00408 
   46    1    1    1    1    1    1    1    5    2  0.00000E+00 0.00000 
   47    1    1    1    1    1    1    1    5    3  1.36426E+04 0.00401 
   48    1    1    1    1    1    1    1    5    4  1.32807E+04 0.00412 
   49    1    1    1    1    1    1    1    5    5  0.00000E+00 0.00000 
   50    1    1    1    1    1    1    1    5    6  1.22365E+04 0.00419 
   51    1    1    1    1    1    1    1    5    7  0.00000E+00 0.00000 
   52    1    1    1    1    1    1    1    5    8  0.00000E+00 0.00000 
   53    1    1    1    1    1    1    1    5    9  1.01924E+04 0.00445 
   54    1    1    1    1    1    1    1    5   10  1.00527E+04 0.00444 
   55    1    1    1    1    1    1    1    5   11  0.00000E+00 0.00000 
   56    1    1    1    1    1    1    1    6    1  0.00000E+00 0.00000 
   57    1    1    1    1    1    1    1    6    2  0.00000E+00 0.00000 
   58    1    1    1    1    1    1    1    6    3  0.00000E+00 0.00000 
   59    1    1    1    1    1    1    1    6    4  1.17636E+04 0.00411 
   60    1    1    1    1    1    1    1    6    5  0.00000E+00 0.00000 
   61    1    1    1    1    1    1    1    6    6  0.00000E+00 0.00000 
   62    1    1    1    1    1    1    1    6    7  1.05410E+04 0.00431 
   63    1    1    1    1    1    1    1    6    8  9.89919E+03 0.00457 
   64    1    1    1    1    1    1    1    6    9  0.00000E+00 0.00000 
   65    1    1    1    1    1    1    1    6   10  9.45058E+03 0.00449 
   66    1    1    1    1    1    1    1    6   11  9.15173E+03 0.00457 
   67    1    1    1    1    1    1    1    7    1  0.00000E+00 0.00000 
   68    1    1    1    1    1    1    1    7    2  1.15884E+04 0.00424 
   69    1    1    1    1    1    1    1    7    3  1.09775E+04 0.00431 
   70    1    1    1    1    1    1    1    7    4  0.00000E+00 0.00000 
   71    1    1    1    1    1    1    1    7    5  1.04451E+04 0.00435 
   72    1    1    1    1    1    1    1    7    6  9.84588E+03 0.00448 
   73    1    1    1    1    1    1    1    7    7  0.00000E+00 0.00000 
   74    1    1    1    1    1    1    1    7    8  9.41452E+03 0.00456 
   75    1    1    1    1    1    1    1    7    9  9.37306E+03 0.00458 
   76    1    1    1    1    1    1    1    7   10  0.00000E+00 0.00000 
   77    1    1    1    1    1    1    1    7   11  8.79903E+03 0.00452 
   78    1    1    1    1    1    1    1    8    1  1.08499E+04 0.00435 
   79    1    1    1    1    1    1    1    8    2  0.00000E+00 0.00000 
   80    1    1    1    1    1    1    1    8    3  1.01664E+04 0.00438 
   81    1    1    1    1    1    1    1    8    4  9.78435E+03 0.00447 
   82    1    1    1    1    1    1    1    8    5  0.00000E+00 0.00000 
   83    1    1    1    1    1    1    1    8    6  9.30566E+03 0.00444 
   84    1    1    1    1    1    1    1    8    7  9.11543E+03 0.00451 
   85    1    1    1    1    1    1    1    8    8  0.00000E+00 0.00000 
   86    1    1    1    1    1    1    1    8    9  0.00000E+00 0.00000 
   87    1    1    1    1    1    1    1    8   10  8.87363E+03 0.00466 
   88    1    1    1    1    1    1    1    8   11  0.00000E+00 0.00000 
   89    1    1    1    1    1    1    1    9    1  0.00000E+00 0.00000 
   90    1    1    1    1    1    1    1    9    2  1.00227E+04 0.00436 
   91    1    1    1    1    1    1    1    9    3  0.00000E+00 0.00000 
   92    1    1    1    1    1    1    1    9    4  9.33532E+03 0.00454 
   93    1    1    1    1    1    1    1    9    5  9.16329E+03 0.00452 
   94    1    1    1    1    1    1    1    9    6  0.00000E+00 0.00000 
   95    1    1    1    1    1    1    1    9    7  8.96224E+03 0.00462 
   96    1    1    1    1    1    1    1    9    8  9.07180E+03 0.00464 
   97    1    1    1    1    1    1    1    9    9  0.00000E+00 0.00000 
   98    1    1    1    1    1    1    1    9   10  8.65638E+03 0.00481 
   99    1    1    1    1    1    1    1    9   11  8.35218E+03 0.00482 
  100    1    1    1    1    1    1    1   10    1  0.00000E+00 0.00000 
  101    1    1    1    1    1    1    1   10    2  9.36197E+03 0.00455 
  102    1    1    1    1    1    1    1   10    3  9.33702E+03 0.00460 
  103    1    1    1    1    1    1    1   10    4  0.00000E+00 0.00000 
  104    1    1    1    1    1    1    1   10    5  8.88070E+03 0.00455 
  105    1    1    1    1    1    1    1   10    6  8.79601E+03 0.00470 
  106    1    1    1    1    1    1    1   10    7  0.00000E+00 0.00000 
  107    1    1    1    1    1    1    1   10    8  8.61332E+03 0.00470 
  108    1    1    1    1    1    1    1   10    9  8.50910E+03 0.00468 
  109    1    1    1    1    1    1    1   10   10  0.00000E+00 0.00000 
