
ZAI = [
922350
922380
666
0
];

NAMES = [
'U235            '
'U238            '
'lost            '
'total           '
];

i922350 = 1; iU235             = 1;
i922380 = 2; iU238             = 2;
iLOST    = 3;
iTOT     = 4;

MAT_un_VOLUME = [ 2.45564E+05 2.45564E+05 ];

MAT_un_BURNUP = [ 0.00000E+00 4.66793E+01 ];

MAT_un_ADENS = [
4.83387E-03 3.40883E-03 % U235
1.93936E-02 1.88294E-02 % U238
0.00000E+00 5.51366E-30 % lost data
7.26897E-02 7.39003E-02 % total
];

MAT_un_MDENS = [
1.88669E+00 1.33049E+00 % U235
7.66628E+00 7.44324E+00 % U238
0.00000E+00 0.00000E+00 % lost data
1.08000E+01 1.07984E+01 % total
];

MAT_un_A = [
3.70453E+10 2.61242E+10 % U235
2.34122E+10 2.27311E+10 % U238
0.00000E+00 0.00000E+00 % lost data
6.04575E+10 3.26404E+18 % total
];

MAT_un_H = [
2.77706E-02 1.95837E-02 % U235
1.60173E-02 1.55513E-02 % U238
0.00000E+00 0.00000E+00 % lost data
4.37879E-02 9.61090E+05 % total
];

MAT_un_SF = [
2.66726E+00 1.88094E+00 % U235
1.27831E+04 1.24112E+04 % U238
0.00000E+00 0.00000E+00 % lost data
1.27857E+04 1.27773E+08 % total
];

MAT_un_GSRC = [
4.68069E+10 3.30081E+10 % U235
2.07324E+09 2.01292E+09 % U238
0.00000E+00 0.00000E+00 % lost data
4.88802E+10 3.50488E+18 % total
];

MAT_un_ING_TOX = [
1.74113E+03 1.22784E+03 % U235
1.05355E+03 1.02290E+03 % U238
0.00000E+00 0.00000E+00 % lost data
2.79468E+03 2.24787E+09 % total
];

MAT_un_INH_TOX = [
3.14885E+05 2.22056E+05 % U235
1.87298E+05 1.81849E+05 % U238
0.00000E+00 0.00000E+00 % lost data
5.02183E+05 8.71828E+10 % total
];

TOT_VOLUME = [ 2.45564E+05 2.45564E+05 ];

TOT_BURNUP = [ 0.00000E+00 4.66793E+01 ];

TOT_ADENS = [
4.83387E-03 3.40883E-03 % U235
1.93936E-02 1.88294E-02 % U238
0.00000E+00 5.51366E-30 % lost data
7.26897E-02 7.39003E-02 % total
];

TOT_MASS = [
4.63303E+05 3.26720E+05 % U235
1.88256E+06 1.82779E+06 % U238
0.00000E+00 0.00000E+00 % lost data
2.65209E+06 2.65171E+06 % total
];

TOT_A = [
3.70453E+10 2.61242E+10 % U235
2.34122E+10 2.27311E+10 % U238
0.00000E+00 0.00000E+00 % lost data
6.04575E+10 3.26404E+18 % total
];

TOT_H = [
2.77706E-02 1.95837E-02 % U235
1.60173E-02 1.55513E-02 % U238
0.00000E+00 0.00000E+00 % lost data
4.37879E-02 9.61090E+05 % total
];

TOT_SF = [
2.66726E+00 1.88094E+00 % U235
1.27831E+04 1.24112E+04 % U238
0.00000E+00 0.00000E+00 % lost data
1.27857E+04 1.27773E+08 % total
];

TOT_GSRC = [
4.68069E+10 3.30081E+10 % U235
2.07324E+09 2.01292E+09 % U238
0.00000E+00 0.00000E+00 % lost data
4.88802E+10 3.50488E+18 % total
];

TOT_ING_TOX = [
1.74113E+03 1.22784E+03 % U235
1.05355E+03 1.02290E+03 % U238
0.00000E+00 0.00000E+00 % lost data
2.79468E+03 2.24787E+09 % total
];

TOT_INH_TOX = [
3.14885E+05 2.22056E+05 % U235
1.87298E+05 1.81849E+05 % U238
0.00000E+00 0.00000E+00 % lost data
5.02183E+05 8.71828E+10 % total
];

BU = [ 0.00000E+00 4.66778E+01 ];

DAYS = [ 0.00000E+00 7.30000E+03 ];
