
ZAI = [
922350
922380
666
0
];

NAMES = [
'U235            '
'U238            '
'lost            '
'total           '
];

i922350 = 1; iU235             = 1;
i922380 = 2; iU238             = 2;
iLOST    = 3;
iTOT     = 4;

MAT_un_VOLUME = [ 2.31151E+05 2.31151E+05 ];

MAT_un_BURNUP = [ 0.00000E+00 4.95900E+01 ];

MAT_un_ADENS = [
4.83387E-03 3.33306E-03 % U235
1.93936E-02 1.88123E-02 % U238
0.00000E+00 5.42365E-30 % lost data
7.26897E-02 7.39761E-02 % total
];

MAT_un_MDENS = [
1.88669E+00 1.30091E+00 % U235
7.66628E+00 7.43650E+00 % U238
0.00000E+00 0.00000E+00 % lost data
1.08000E+01 1.07983E+01 % total
];

MAT_un_A = [
3.48709E+10 2.40443E+10 % U235
2.20381E+10 2.13775E+10 % U238
0.00000E+00 0.00000E+00 % lost data
5.69090E+10 3.24729E+18 % total
];

MAT_un_H = [
2.61406E-02 1.80245E-02 % U235
1.50772E-02 1.46252E-02 % U238
0.00000E+00 0.00000E+00 % lost data
4.12178E-02 9.57907E+05 % total
];

MAT_un_SF = [
2.51071E+00 1.73119E+00 % U235
1.20328E+04 1.16721E+04 % U238
0.00000E+00 0.00000E+00 % lost data
1.20353E+04 1.45323E+08 % total
];

MAT_un_GSRC = [
4.40596E+10 3.03801E+10 % U235
1.95155E+09 1.89306E+09 % U238
0.00000E+00 0.00000E+00 % lost data
4.60112E+10 3.48385E+18 % total
];

MAT_un_ING_TOX = [
1.63893E+03 1.13008E+03 % U235
9.91712E+02 9.61988E+02 % U238
0.00000E+00 0.00000E+00 % lost data
2.63065E+03 2.25347E+09 % total
];

MAT_un_INH_TOX = [
2.96403E+05 2.04376E+05 % U235
1.76304E+05 1.71020E+05 % U238
0.00000E+00 0.00000E+00 % lost data
4.72707E+05 9.16807E+10 % total
];

TOT_VOLUME = [ 2.31151E+05 2.31151E+05 ];

TOT_BURNUP = [ 0.00000E+00 4.95900E+01 ];

TOT_ADENS = [
4.83387E-03 3.33306E-03 % U235
1.93936E-02 1.88123E-02 % U238
0.00000E+00 5.42365E-30 % lost data
7.26897E-02 7.39761E-02 % total
];

TOT_MASS = [
4.36110E+05 3.00707E+05 % U235
1.77207E+06 1.71895E+06 % U238
0.00000E+00 0.00000E+00 % lost data
2.49643E+06 2.49604E+06 % total
];

TOT_A = [
3.48709E+10 2.40443E+10 % U235
2.20381E+10 2.13775E+10 % U238
0.00000E+00 0.00000E+00 % lost data
5.69090E+10 3.24729E+18 % total
];

TOT_H = [
2.61406E-02 1.80245E-02 % U235
1.50772E-02 1.46252E-02 % U238
0.00000E+00 0.00000E+00 % lost data
4.12178E-02 9.57907E+05 % total
];

TOT_SF = [
2.51071E+00 1.73119E+00 % U235
1.20328E+04 1.16721E+04 % U238
0.00000E+00 0.00000E+00 % lost data
1.20353E+04 1.45323E+08 % total
];

TOT_GSRC = [
4.40596E+10 3.03801E+10 % U235
1.95155E+09 1.89306E+09 % U238
0.00000E+00 0.00000E+00 % lost data
4.60112E+10 3.48385E+18 % total
];

TOT_ING_TOX = [
1.63893E+03 1.13008E+03 % U235
9.91712E+02 9.61988E+02 % U238
0.00000E+00 0.00000E+00 % lost data
2.63065E+03 2.25347E+09 % total
];

TOT_INH_TOX = [
2.96403E+05 2.04376E+05 % U235
1.76304E+05 1.71020E+05 % U238
0.00000E+00 0.00000E+00 % lost data
4.72707E+05 9.16807E+10 % total
];

BU = [ 0.00000E+00 4.95884E+01 ];

DAYS = [ 0.00000E+00 7.30000E+03 ];
