
DETassem1 = [
    1    1    1    1    1    1    1    1    1    1  0.00000E+00 0.00000 
    2    1    1    1    1    1    1    1    1    2  0.00000E+00 0.00000 
    3    1    1    1    1    1    1    1    1    3  0.00000E+00 0.00000 
    4    1    1    1    1    1    1    1    1    4  0.00000E+00 0.00000 
    5    1    1    1    1    1    1    1    1    5  0.00000E+00 0.00000 
    6    1    1    1    1    1    1    1    1    6  0.00000E+00 0.00000 
    7    1    1    1    1    1    1    1    1    7  0.00000E+00 0.00000 
    8    1    1    1    1    1    1    1    1    8  1.97083E+04 0.00366 
    9    1    1    1    1    1    1    1    1    9  1.46667E+04 0.00396 
   10    1    1    1    1    1    1    1    1   10  0.00000E+00 0.00000 
   11    1    1    1    1    1    1    1    1   11  1.03480E+04 0.00443 
   12    1    1    1    1    1    1    1    2    1  0.00000E+00 0.00000 
   13    1    1    1    1    1    1    1    2    2  0.00000E+00 0.00000 
   14    1    1    1    1    1    1    1    2    3  0.00000E+00 0.00000 
   15    1    1    1    1    1    1    1    2    4  0.00000E+00 0.00000 
   16    1    1    1    1    1    1    1    2    5  0.00000E+00 0.00000 
   17    1    1    1    1    1    1    1    2    6  0.00000E+00 0.00000 
   18    1    1    1    1    1    1    1    2    7  1.78236E+04 0.00363 
   19    1    1    1    1    1    1    1    2    8  0.00000E+00 0.00000 
   20    1    1    1    1    1    1    1    2    9  1.15927E+04 0.00418 
   21    1    1    1    1    1    1    1    2   10  1.02831E+04 0.00447 
   22    1    1    1    1    1    1    1    2   11  0.00000E+00 0.00000 
   23    1    1    1    1    1    1    1    3    1  1.78123E+04 0.00371 
   24    1    1    1    1    1    1    1    3    2  1.96344E+04 0.00359 
   25    1    1    1    1    1    1    1    3    3  0.00000E+00 0.00000 
   26    1    1    1    1    1    1    1    3    4  1.97014E+04 0.00355 
   27    1    1    1    1    1    1    1    3    5  1.78134E+04 0.00365 
   28    1    1    1    1    1    1    1    3    6  0.00000E+00 0.00000 
   29    1    1    1    1    1    1    1    3    7  1.29763E+04 0.00416 
   30    1    1    1    1    1    1    1    3    8  1.12704E+04 0.00418 
   31    1    1    1    1    1    1    1    3    9  0.00000E+00 0.00000 
   32    1    1    1    1    1    1    1    3   10  9.43902E+03 0.00451 
   33    1    1    1    1    1    1    1    3   11  8.95633E+03 0.00452 
   34    1    1    1    1    1    1    1    4    1  0.00000E+00 0.00000 
   35    1    1    1    1    1    1    1    4    2  1.47956E+04 0.00393 
   36    1    1    1    1    1    1    1    4    3  1.47115E+04 0.00394 
   37    1    1    1    1    1    1    1    4    4  0.00000E+00 0.00000 
   38    1    1    1    1    1    1    1    4    5  1.30150E+04 0.00411 
   39    1    1    1    1    1    1    1    4    6  1.19039E+04 0.00427 
   40    1    1    1    1    1    1    1    4    7  0.00000E+00 0.00000 
   41    1    1    1    1    1    1    1    4    8  9.76185E+03 0.00443 
   42    1    1    1    1    1    1    1    4    9  9.22782E+03 0.00446 
   43    1    1    1    1    1    1    1    4   10  0.00000E+00 0.00000 
   44    1    1    1    1    1    1    1    4   11  8.69025E+03 0.00467 
   45    1    1    1    1    1    1    1    5    1  1.16882E+04 0.00425 
   46    1    1    1    1    1    1    1    5    2  0.00000E+00 0.00000 
   47    1    1    1    1    1    1    1    5    3  1.15715E+04 0.00430 
   48    1    1    1    1    1    1    1    5    4  1.12251E+04 0.00425 
   49    1    1    1    1    1    1    1    5    5  0.00000E+00 0.00000 
   50    1    1    1    1    1    1    1    5    6  1.00483E+04 0.00442 
   51    1    1    1    1    1    1    1    5    7  9.43779E+03 0.00449 
   52    1    1    1    1    1    1    1    5    8  0.00000E+00 0.00000 
   53    1    1    1    1    1    1    1    5    9  8.83009E+03 0.00463 
   54    1    1    1    1    1    1    1    5   10  8.65438E+03 0.00459 
   55    1    1    1    1    1    1    1    5   11  0.00000E+00 0.00000 
   56    1    1    1    1    1    1    1    6    1  1.02385E+04 0.00438 
   57    1    1    1    1    1    1    1    6    2  1.02359E+04 0.00441 
   58    1    1    1    1    1    1    1    6    3  0.00000E+00 0.00000 
   59    1    1    1    1    1    1    1    6    4  9.85352E+03 0.00453 
   60    1    1    1    1    1    1    1    6    5  9.52714E+03 0.00451 
   61    1    1    1    1    1    1    1    6    6  0.00000E+00 0.00000 
   62    1    1    1    1    1    1    1    6    7  8.88628E+03 0.00462 
   63    1    1    1    1    1    1    1    6    8  8.60000E+03 0.00448 
   64    1    1    1    1    1    1    1    6    9  0.00000E+00 0.00000 
   65    1    1    1    1    1    1    1    6   10  8.43662E+03 0.00461 
   66    1    1    1    1    1    1    1    6   11  8.34559E+03 0.00458 
   67    1    1    1    1    1    1    1    7    1  0.00000E+00 0.00000 
   68    1    1    1    1    1    1    1    7    2  9.32043E+03 0.00447 
   69    1    1    1    1    1    1    1    7    3  9.18632E+03 0.00461 
   70    1    1    1    1    1    1    1    7    4  0.00000E+00 0.00000 
   71    1    1    1    1    1    1    1    7    5  8.83407E+03 0.00450 
   72    1    1    1    1    1    1    1    7    6  8.66802E+03 0.00473 
   73    1    1    1    1    1    1    1    7    7  0.00000E+00 0.00000 
   74    1    1    1    1    1    1    1    7    8  8.45400E+03 0.00466 
   75    1    1    1    1    1    1    1    7    9  8.33794E+03 0.00466 
   76    1    1    1    1    1    1    1    7   10  0.00000E+00 0.00000 
   77    1    1    1    1    1    1    1    7   11  8.19759E+03 0.00472 
   78    1    1    1    1    1    1    1    8    1  8.92909E+03 0.00447 
   79    1    1    1    1    1    1    1    8    2  0.00000E+00 0.00000 
   80    1    1    1    1    1    1    1    8    3  8.71124E+03 0.00465 
   81    1    1    1    1    1    1    1    8    4  8.71386E+03 0.00453 
   82    1    1    1    1    1    1    1    8    5  0.00000E+00 0.00000 
   83    1    1    1    1    1    1    1    8    6  8.40980E+03 0.00462 
   84    1    1    1    1    1    1    1    8    7  8.37580E+03 0.00460 
   85    1    1    1    1    1    1    1    8    8  0.00000E+00 0.00000 
   86    1    1    1    1    1    1    1    8    9  8.29806E+03 0.00475 
   87    1    1    1    1    1    1    1    8   10  8.14654E+03 0.00482 
   88    1    1    1    1    1    1    1    8   11  0.00000E+00 0.00000 
   89    1    1    1    1    1    1    1    9    1  8.67258E+03 0.00454 
   90    1    1    1    1    1    1    1    9    2  8.53798E+03 0.00463 
   91    1    1    1    1    1    1    1    9    3  0.00000E+00 0.00000 
   92    1    1    1    1    1    1    1    9    4  8.39814E+03 0.00464 
   93    1    1    1    1    1    1    1    9    5  8.32945E+03 0.00464 
   94    1    1    1    1    1    1    1    9    6  0.00000E+00 0.00000 
   95    1    1    1    1    1    1    1    9    7  8.32470E+03 0.00469 
   96    1    1    1    1    1    1    1    9    8  8.43682E+03 0.00468 
   97    1    1    1    1    1    1    1    9    9  0.00000E+00 0.00000 
   98    1    1    1    1    1    1    1    9   10  8.06340E+03 0.00475 
   99    1    1    1    1    1    1    1    9   11  7.79891E+03 0.00482 
  100    1    1    1    1    1    1    1   10    1  0.00000E+00 0.00000 
  101    1    1    1    1    1    1    1   10    2  8.44494E+03 0.00469 
  102    1    1    1    1    1    1    1   10    3  8.37682E+03 0.00468 
  103    1    1    1    1    1    1    1   10    4  0.00000E+00 0.00000 
  104    1    1    1    1    1    1    1   10    5  8.30945E+03 0.00463 
  105    1    1    1    1    1    1    1   10    6  8.32269E+03 0.00470 
  106    1    1    1    1    1    1    1   10    7  0.00000E+00 0.00000 
  107    1    1    1    1    1    1    1   10    8  0.00000E+00 0.00000 
  108    1    1    1    1    1    1    1   10    9  8.21794E+03 0.00484 
  109    1    1    1    1    1    1    1   10   10  0.00000E+00 0.00000 
