
DETassem1 = [
    1    1    1    1    1    1    1    1    1    1  0.00000E+00 0.00000 
    2    1    1    1    1    1    1    1    1    2  0.00000E+00 0.00000 
    3    1    1    1    1    1    1    1    1    3  0.00000E+00 0.00000 
    4    1    1    1    1    1    1    1    1    4  0.00000E+00 0.00000 
    5    1    1    1    1    1    1    1    1    5  0.00000E+00 0.00000 
    6    1    1    1    1    1    1    1    1    6  0.00000E+00 0.00000 
    7    1    1    1    1    1    1    1    1    7  0.00000E+00 0.00000 
    8    1    1    1    1    1    1    1    1    8  1.86593E+04 0.00349 
    9    1    1    1    1    1    1    1    1    9  1.46998E+04 0.00374 
   10    1    1    1    1    1    1    1    1   10  0.00000E+00 0.00000 
   11    1    1    1    1    1    1    1    1   11  1.12720E+04 0.00415 
   12    1    1    1    1    1    1    1    2    1  1.98368E+04 0.00339 
   13    1    1    1    1    1    1    1    2    2  0.00000E+00 0.00000 
   14    1    1    1    1    1    1    1    2    3  0.00000E+00 0.00000 
   15    1    1    1    1    1    1    1    2    4  0.00000E+00 0.00000 
   16    1    1    1    1    1    1    1    2    5  0.00000E+00 0.00000 
   17    1    1    1    1    1    1    1    2    6  1.99815E+04 0.00340 
   18    1    1    1    1    1    1    1    2    7  1.64504E+04 0.00359 
   19    1    1    1    1    1    1    1    2    8  0.00000E+00 0.00000 
   20    1    1    1    1    1    1    1    2    9  1.23608E+04 0.00391 
   21    1    1    1    1    1    1    1    2   10  1.13448E+04 0.00398 
   22    1    1    1    1    1    1    1    2   11  0.00000E+00 0.00000 
   23    1    1    1    1    1    1    1    3    1  1.63707E+04 0.00363 
   24    1    1    1    1    1    1    1    3    2  1.86446E+04 0.00350 
   25    1    1    1    1    1    1    1    3    3  0.00000E+00 0.00000 
   26    1    1    1    1    1    1    1    3    4  1.84887E+04 0.00351 
   27    1    1    1    1    1    1    1    3    5  1.64903E+04 0.00368 
   28    1    1    1    1    1    1    1    3    6  0.00000E+00 0.00000 
   29    1    1    1    1    1    1    1    3    7  1.30410E+04 0.00395 
   30    1    1    1    1    1    1    1    3    8  1.20104E+04 0.00412 
   31    1    1    1    1    1    1    1    3    9  0.00000E+00 0.00000 
   32    1    1    1    1    1    1    1    3   10  1.08687E+04 0.00421 
   33    1    1    1    1    1    1    1    3   11  1.02983E+04 0.00423 
   34    1    1    1    1    1    1    1    4    1  0.00000E+00 0.00000 
   35    1    1    1    1    1    1    1    4    2  1.46531E+04 0.00373 
   36    1    1    1    1    1    1    1    4    3  1.47483E+04 0.00374 
   37    1    1    1    1    1    1    1    4    4  0.00000E+00 0.00000 
   38    1    1    1    1    1    1    1    4    5  1.29973E+04 0.00394 
   39    1    1    1    1    1    1    1    4    6  1.21811E+04 0.00398 
   40    1    1    1    1    1    1    1    4    7  0.00000E+00 0.00000 
   41    1    1    1    1    1    1    1    4    8  1.12714E+04 0.00413 
   42    1    1    1    1    1    1    1    4    9  0.00000E+00 0.00000 
   43    1    1    1    1    1    1    1    4   10  0.00000E+00 0.00000 
   44    1    1    1    1    1    1    1    4   11  9.98346E+03 0.00418 
   45    1    1    1    1    1    1    1    5    1  1.23861E+04 0.00398 
   46    1    1    1    1    1    1    1    5    2  0.00000E+00 0.00000 
   47    1    1    1    1    1    1    1    5    3  1.24115E+04 0.00396 
   48    1    1    1    1    1    1    1    5    4  1.19505E+04 0.00393 
   49    1    1    1    1    1    1    1    5    5  0.00000E+00 0.00000 
   50    1    1    1    1    1    1    1    5    6  1.10556E+04 0.00418 
   51    1    1    1    1    1    1    1    5    7  1.09331E+04 0.00407 
   52    1    1    1    1    1    1    1    5    8  0.00000E+00 0.00000 
   53    1    1    1    1    1    1    1    5    9  1.09228E+04 0.00416 
   54    1    1    1    1    1    1    1    5   10  1.02384E+04 0.00431 
   55    1    1    1    1    1    1    1    5   11  0.00000E+00 0.00000 
   56    1    1    1    1    1    1    1    6    1  1.14039E+04 0.00406 
   57    1    1    1    1    1    1    1    6    2  1.14129E+04 0.00415 
   58    1    1    1    1    1    1    1    6    3  0.00000E+00 0.00000 
   59    1    1    1    1    1    1    1    6    4  1.12585E+04 0.00404 
   60    1    1    1    1    1    1    1    6    5  1.08564E+04 0.00406 
   61    1    1    1    1    1    1    1    6    6  0.00000E+00 0.00000 
   62    1    1    1    1    1    1    1    6    7  1.06792E+04 0.00407 
   63    1    1    1    1    1    1    1    6    8  0.00000E+00 0.00000 
   64    1    1    1    1    1    1    1    6    9  0.00000E+00 0.00000 
   65    1    1    1    1    1    1    1    6   10  1.02727E+04 0.00418 
   66    1    1    1    1    1    1    1    6   11  9.58350E+03 0.00441 
   67    1    1    1    1    1    1    1    7    1  0.00000E+00 0.00000 
   68    1    1    1    1    1    1    1    7    2  1.09669E+04 0.00418 
   69    1    1    1    1    1    1    1    7    3  0.00000E+00 0.00000 
   70    1    1    1    1    1    1    1    7    4  0.00000E+00 0.00000 
   71    1    1    1    1    1    1    1    7    5  1.07354E+04 0.00411 
   72    1    1    1    1    1    1    1    7    6  1.03479E+04 0.00423 
   73    1    1    1    1    1    1    1    7    7  0.00000E+00 0.00000 
   74    1    1    1    1    1    1    1    7    8  1.07340E+04 0.00425 
   75    1    1    1    1    1    1    1    7    9  0.00000E+00 0.00000 
   76    1    1    1    1    1    1    1    7   10  0.00000E+00 0.00000 
   77    1    1    1    1    1    1    1    7   11  9.43233E+03 0.00436 
   78    1    1    1    1    1    1    1    8    1  1.03256E+04 0.00418 
   79    1    1    1    1    1    1    1    8    2  0.00000E+00 0.00000 
   80    1    1    1    1    1    1    1    8    3  1.08964E+04 0.00414 
   81    1    1    1    1    1    1    1    8    4  0.00000E+00 0.00000 
   82    1    1    1    1    1    1    1    8    5  0.00000E+00 0.00000 
   83    1    1    1    1    1    1    1    8    6  1.02456E+04 0.00426 
   84    1    1    1    1    1    1    1    8    7  1.02877E+04 0.00422 
   85    1    1    1    1    1    1    1    8    8  0.00000E+00 0.00000 
   86    1    1    1    1    1    1    1    8    9  0.00000E+00 0.00000 
   87    1    1    1    1    1    1    1    8   10  9.78965E+03 0.00436 
   88    1    1    1    1    1    1    1    8   11  0.00000E+00 0.00000 
   89    1    1    1    1    1    1    1    9    1  1.00240E+04 0.00429 
   90    1    1    1    1    1    1    1    9    2  1.02764E+04 0.00426 
   91    1    1    1    1    1    1    1    9    3  0.00000E+00 0.00000 
   92    1    1    1    1    1    1    1    9    4  1.07485E+04 0.00421 
   93    1    1    1    1    1    1    1    9    5  1.03496E+04 0.00422 
   94    1    1    1    1    1    1    1    9    6  0.00000E+00 0.00000 
   95    1    1    1    1    1    1    1    9    7  1.02211E+04 0.00424 
   96    1    1    1    1    1    1    1    9    8  0.00000E+00 0.00000 
   97    1    1    1    1    1    1    1    9    9  0.00000E+00 0.00000 
   98    1    1    1    1    1    1    1    9   10  9.17110E+03 0.00438 
   99    1    1    1    1    1    1    1    9   11  8.73852E+03 0.00434 
  100    1    1    1    1    1    1    1   10    1  0.00000E+00 0.00000 
  101    1    1    1    1    1    1    1   10    2  1.02815E+04 0.00430 
  102    1    1    1    1    1    1    1   10    3  0.00000E+00 0.00000 
  103    1    1    1    1    1    1    1   10    4  0.00000E+00 0.00000 
  104    1    1    1    1    1    1    1   10    5  1.03284E+04 0.00417 
  105    1    1    1    1    1    1    1   10    6  9.88176E+03 0.00429 
  106    1    1    1    1    1    1    1   10    7  0.00000E+00 0.00000 
  107    1    1    1    1    1    1    1   10    8  9.73080E+03 0.00433 
  108    1    1    1    1    1    1    1   10    9  9.25757E+03 0.00443 
  109    1    1    1    1    1    1    1   10   10  0.00000E+00 0.00000 
