
DETassem1 = [
    1    1    1    1    1    1    1    1    1    1  0.00000E+00 0.00000 
    2    1    1    1    1    1    1    1    1    2  0.00000E+00 0.00000 
    3    1    1    1    1    1    1    1    1    3  0.00000E+00 0.00000 
    4    1    1    1    1    1    1    1    1    4  0.00000E+00 0.00000 
    5    1    1    1    1    1    1    1    1    5  0.00000E+00 0.00000 
    6    1    1    1    1    1    1    1    1    6  0.00000E+00 0.00000 
    7    1    1    1    1    1    1    1    1    7  0.00000E+00 0.00000 
    8    1    1    1    1    1    1    1    1    8  2.05246E+04 0.00347 
    9    1    1    1    1    1    1    1    1    9  0.00000E+00 0.00000 
   10    1    1    1    1    1    1    1    1   10  0.00000E+00 0.00000 
   11    1    1    1    1    1    1    1    1   11  1.12308E+04 0.00442 
   12    1    1    1    1    1    1    1    2    1  2.12966E+04 0.00348 
   13    1    1    1    1    1    1    1    2    2  0.00000E+00 0.00000 
   14    1    1    1    1    1    1    1    2    3  0.00000E+00 0.00000 
   15    1    1    1    1    1    1    1    2    4  0.00000E+00 0.00000 
   16    1    1    1    1    1    1    1    2    5  0.00000E+00 0.00000 
   17    1    1    1    1    1    1    1    2    6  2.13573E+04 0.00345 
   18    1    1    1    1    1    1    1    2    7  1.72719E+04 0.00377 
   19    1    1    1    1    1    1    1    2    8  0.00000E+00 0.00000 
   20    1    1    1    1    1    1    1    2    9  1.31972E+04 0.00413 
   21    1    1    1    1    1    1    1    2   10  1.12424E+04 0.00426 
   22    1    1    1    1    1    1    1    2   11  0.00000E+00 0.00000 
   23    1    1    1    1    1    1    1    3    1  1.72185E+04 0.00375 
   24    1    1    1    1    1    1    1    3    2  2.06234E+04 0.00344 
   25    1    1    1    1    1    1    1    3    3  0.00000E+00 0.00000 
   26    1    1    1    1    1    1    1    3    4  2.06335E+04 0.00352 
   27    1    1    1    1    1    1    1    3    5  1.73465E+04 0.00367 
   28    1    1    1    1    1    1    1    3    6  0.00000E+00 0.00000 
   29    1    1    1    1    1    1    1    3    7  1.30532E+04 0.00405 
   30    1    1    1    1    1    1    1    3    8  1.18717E+04 0.00417 
   31    1    1    1    1    1    1    1    3    9  0.00000E+00 0.00000 
   32    1    1    1    1    1    1    1    3   10  9.96562E+03 0.00435 
   33    1    1    1    1    1    1    1    3   11  9.43753E+03 0.00445 
   34    1    1    1    1    1    1    1    4    1  0.00000E+00 0.00000 
   35    1    1    1    1    1    1    1    4    2  0.00000E+00 0.00000 
   36    1    1    1    1    1    1    1    4    3  0.00000E+00 0.00000 
   37    1    1    1    1    1    1    1    4    4  0.00000E+00 0.00000 
   38    1    1    1    1    1    1    1    4    5  1.30912E+04 0.00419 
   39    1    1    1    1    1    1    1    4    6  1.19573E+04 0.00417 
   40    1    1    1    1    1    1    1    4    7  0.00000E+00 0.00000 
   41    1    1    1    1    1    1    1    4    8  1.03334E+04 0.00437 
   42    1    1    1    1    1    1    1    4    9  9.83938E+03 0.00444 
   43    1    1    1    1    1    1    1    4   10  0.00000E+00 0.00000 
   44    1    1    1    1    1    1    1    4   11  9.15507E+03 0.00457 
   45    1    1    1    1    1    1    1    5    1  1.31544E+04 0.00402 
   46    1    1    1    1    1    1    1    5    2  0.00000E+00 0.00000 
   47    1    1    1    1    1    1    1    5    3  1.31235E+04 0.00407 
   48    1    1    1    1    1    1    1    5    4  1.18723E+04 0.00425 
   49    1    1    1    1    1    1    1    5    5  0.00000E+00 0.00000 
   50    1    1    1    1    1    1    1    5    6  1.03950E+04 0.00442 
   51    1    1    1    1    1    1    1    5    7  9.95521E+03 0.00442 
   52    1    1    1    1    1    1    1    5    8  0.00000E+00 0.00000 
   53    1    1    1    1    1    1    1    5    9  9.32590E+03 0.00442 
   54    1    1    1    1    1    1    1    5   10  9.19143E+03 0.00447 
   55    1    1    1    1    1    1    1    5   11  0.00000E+00 0.00000 
   56    1    1    1    1    1    1    1    6    1  1.12269E+04 0.00419 
   57    1    1    1    1    1    1    1    6    2  1.12639E+04 0.00427 
   58    1    1    1    1    1    1    1    6    3  0.00000E+00 0.00000 
   59    1    1    1    1    1    1    1    6    4  1.02462E+04 0.00444 
   60    1    1    1    1    1    1    1    6    5  9.99465E+03 0.00436 
   61    1    1    1    1    1    1    1    6    6  0.00000E+00 0.00000 
   62    1    1    1    1    1    1    1    6    7  9.37782E+03 0.00442 
   63    1    1    1    1    1    1    1    6    8  9.40562E+03 0.00463 
   64    1    1    1    1    1    1    1    6    9  0.00000E+00 0.00000 
   65    1    1    1    1    1    1    1    6   10  9.07721E+03 0.00470 
   66    1    1    1    1    1    1    1    6   11  9.07500E+03 0.00467 
   67    1    1    1    1    1    1    1    7    1  0.00000E+00 0.00000 
   68    1    1    1    1    1    1    1    7    2  9.91310E+03 0.00440 
   69    1    1    1    1    1    1    1    7    3  9.77262E+03 0.00447 
   70    1    1    1    1    1    1    1    7    4  0.00000E+00 0.00000 
   71    1    1    1    1    1    1    1    7    5  9.34150E+03 0.00455 
   72    1    1    1    1    1    1    1    7    6  9.32108E+03 0.00459 
   73    1    1    1    1    1    1    1    7    7  0.00000E+00 0.00000 
   74    1    1    1    1    1    1    1    7    8  0.00000E+00 0.00000 
   75    1    1    1    1    1    1    1    7    9  9.10345E+03 0.00457 
   76    1    1    1    1    1    1    1    7   10  0.00000E+00 0.00000 
   77    1    1    1    1    1    1    1    7   11  0.00000E+00 0.00000 
   78    1    1    1    1    1    1    1    8    1  9.52791E+03 0.00456 
   79    1    1    1    1    1    1    1    8    2  0.00000E+00 0.00000 
   80    1    1    1    1    1    1    1    8    3  9.34699E+03 0.00453 
   81    1    1    1    1    1    1    1    8    4  9.40280E+03 0.00446 
   82    1    1    1    1    1    1    1    8    5  0.00000E+00 0.00000 
   83    1    1    1    1    1    1    1    8    6  8.97807E+03 0.00460 
   84    1    1    1    1    1    1    1    8    7  8.99352E+03 0.00459 
   85    1    1    1    1    1    1    1    8    8  0.00000E+00 0.00000 
   86    1    1    1    1    1    1    1    8    9  8.88708E+03 0.00461 
   87    1    1    1    1    1    1    1    8   10  8.95545E+03 0.00456 
   88    1    1    1    1    1    1    1    8   11  0.00000E+00 0.00000 
   89    1    1    1    1    1    1    1    9    1  9.20622E+03 0.00459 
   90    1    1    1    1    1    1    1    9    2  9.12599E+03 0.00452 
   91    1    1    1    1    1    1    1    9    3  0.00000E+00 0.00000 
   92    1    1    1    1    1    1    1    9    4  0.00000E+00 0.00000 
   93    1    1    1    1    1    1    1    9    5  9.01075E+03 0.00451 
   94    1    1    1    1    1    1    1    9    6  0.00000E+00 0.00000 
   95    1    1    1    1    1    1    1    9    7  8.71212E+03 0.00461 
   96    1    1    1    1    1    1    1    9    8  8.62253E+03 0.00466 
   97    1    1    1    1    1    1    1    9    9  0.00000E+00 0.00000 
   98    1    1    1    1    1    1    1    9   10  8.59057E+03 0.00471 
   99    1    1    1    1    1    1    1    9   11  8.60719E+03 0.00465 
  100    1    1    1    1    1    1    1   10    1  0.00000E+00 0.00000 
  101    1    1    1    1    1    1    1   10    2  9.08750E+03 0.00449 
  102    1    1    1    1    1    1    1   10    3  9.07812E+03 0.00457 
  103    1    1    1    1    1    1    1   10    4  0.00000E+00 0.00000 
  104    1    1    1    1    1    1    1   10    5  8.67921E+03 0.00460 
  105    1    1    1    1    1    1    1   10    6  8.49063E+03 0.00463 
  106    1    1    1    1    1    1    1   10    7  0.00000E+00 0.00000 
  107    1    1    1    1    1    1    1   10    8  8.36285E+03 0.00464 
  108    1    1    1    1    1    1    1   10    9  8.33412E+03 0.00467 
  109    1    1    1    1    1    1    1   10   10  0.00000E+00 0.00000 
