
ZAI = [
922350
922380
666
0
];

NAMES = [
'U235            '
'U238            '
'lost            '
'total           '
];

i922350 = 1; iU235             = 1;
i922380 = 2; iU238             = 2;
iLOST    = 3;
iTOT     = 4;

MAT_un_VOLUME = [ 2.41464E+05 2.41464E+05 ];

MAT_un_BURNUP = [ 0.00000E+00 4.74718E+01 ];

MAT_un_ADENS = [
4.83387E-03 3.38846E-03 % U235
1.93936E-02 1.88262E-02 % U238
0.00000E+00 4.61900E-30 % lost data
7.26897E-02 7.39209E-02 % total
];

MAT_un_MDENS = [
1.88669E+00 1.32254E+00 % U235
7.66628E+00 7.44197E+00 % U238
0.00000E+00 0.00000E+00 % lost data
1.08000E+01 1.07984E+01 % total
];

MAT_un_A = [
3.64268E+10 2.55345E+10 % U235
2.30214E+10 2.23478E+10 % U238
0.00000E+00 0.00000E+00 % lost data
5.94482E+10 3.25799E+18 % total
];

MAT_un_H = [
2.73070E-02 1.91417E-02 % U235
1.57499E-02 1.52891E-02 % U238
0.00000E+00 0.00000E+00 % lost data
4.30569E-02 9.60088E+05 % total
];

MAT_un_SF = [
2.62273E+00 1.83849E+00 % U235
1.25697E+04 1.22019E+04 % U238
0.00000E+00 0.00000E+00 % lost data
1.25723E+04 1.32510E+08 % total
];

MAT_un_GSRC = [
4.60255E+10 3.22631E+10 % U235
2.03862E+09 1.97898E+09 % U238
0.00000E+00 0.00000E+00 % lost data
4.80641E+10 3.49735E+18 % total
];

MAT_un_ING_TOX = [
1.71206E+03 1.20012E+03 % U235
1.03596E+03 1.00565E+03 % U238
0.00000E+00 0.00000E+00 % lost data
2.74802E+03 2.24834E+09 % total
];

MAT_un_INH_TOX = [
3.09628E+05 2.17044E+05 % U235
1.84171E+05 1.78782E+05 % U238
0.00000E+00 0.00000E+00 % lost data
4.93799E+05 8.82604E+10 % total
];

TOT_VOLUME = [ 2.41464E+05 2.41464E+05 ];

TOT_BURNUP = [ 0.00000E+00 4.74718E+01 ];

TOT_ADENS = [
4.83387E-03 3.38846E-03 % U235
1.93936E-02 1.88262E-02 % U238
0.00000E+00 4.61900E-30 % lost data
7.26897E-02 7.39209E-02 % total
];

TOT_MASS = [
4.55568E+05 3.19345E+05 % U235
1.85113E+06 1.79697E+06 % U238
0.00000E+00 0.00000E+00 % lost data
2.60782E+06 2.60743E+06 % total
];

TOT_A = [
3.64268E+10 2.55345E+10 % U235
2.30214E+10 2.23478E+10 % U238
0.00000E+00 0.00000E+00 % lost data
5.94482E+10 3.25799E+18 % total
];

TOT_H = [
2.73070E-02 1.91417E-02 % U235
1.57499E-02 1.52891E-02 % U238
0.00000E+00 0.00000E+00 % lost data
4.30569E-02 9.60088E+05 % total
];

TOT_SF = [
2.62273E+00 1.83849E+00 % U235
1.25697E+04 1.22019E+04 % U238
0.00000E+00 0.00000E+00 % lost data
1.25723E+04 1.32510E+08 % total
];

TOT_GSRC = [
4.60255E+10 3.22631E+10 % U235
2.03862E+09 1.97898E+09 % U238
0.00000E+00 0.00000E+00 % lost data
4.80641E+10 3.49735E+18 % total
];

TOT_ING_TOX = [
1.71206E+03 1.20012E+03 % U235
1.03596E+03 1.00565E+03 % U238
0.00000E+00 0.00000E+00 % lost data
2.74802E+03 2.24834E+09 % total
];

TOT_INH_TOX = [
3.09628E+05 2.17044E+05 % U235
1.84171E+05 1.78782E+05 % U238
0.00000E+00 0.00000E+00 % lost data
4.93799E+05 8.82604E+10 % total
];

BU = [ 0.00000E+00 4.74703E+01 ];

DAYS = [ 0.00000E+00 7.30000E+03 ];
