
ZAI = [
922350
922380
666
0
];

NAMES = [
'U235            '
'U238            '
'lost            '
'total           '
];

i922350 = 1; iU235             = 1;
i922380 = 2; iU238             = 2;
iLOST    = 3;
iTOT     = 4;

MAT_un_VOLUME = [ 2.43355E+05 2.43355E+05 ];

MAT_un_BURNUP = [ 0.00000E+00 4.71030E+01 ];

MAT_un_ADENS = [
4.83387E-03 3.39763E-03 % U235
1.93936E-02 1.88270E-02 % U238
0.00000E+00 3.95573E-30 % lost data
7.26897E-02 7.39115E-02 % total
];

MAT_un_MDENS = [
1.88669E+00 1.32611E+00 % U235
7.66628E+00 7.44230E+00 % U238
0.00000E+00 0.00000E+00 % lost data
1.08000E+01 1.07984E+01 % total
];

MAT_un_A = [
3.67121E+10 2.58042E+10 % U235
2.32016E+10 2.25238E+10 % U238
0.00000E+00 0.00000E+00 % lost data
5.99137E+10 3.26206E+18 % total
];

MAT_un_H = [
2.75209E-02 1.93438E-02 % U235
1.58732E-02 1.54095E-02 % U238
0.00000E+00 0.00000E+00 % lost data
4.33941E-02 9.60765E+05 % total
];

MAT_un_SF = [
2.64327E+00 1.85790E+00 % U235
1.26681E+04 1.22980E+04 % U238
0.00000E+00 0.00000E+00 % lost data
1.26707E+04 1.30770E+08 % total
];

MAT_un_GSRC = [
4.63860E+10 3.26037E+10 % U235
2.05459E+09 1.99456E+09 % U238
0.00000E+00 0.00000E+00 % lost data
4.84405E+10 3.50227E+18 % total
];

MAT_un_ING_TOX = [
1.72547E+03 1.21280E+03 % U235
1.04407E+03 1.01357E+03 % U238
0.00000E+00 0.00000E+00 % lost data
2.76954E+03 2.24953E+09 % total
];

MAT_un_INH_TOX = [
3.12053E+05 2.19335E+05 % U235
1.85613E+05 1.80190E+05 % U238
0.00000E+00 0.00000E+00 % lost data
4.97666E+05 8.80425E+10 % total
];

TOT_VOLUME = [ 2.43355E+05 2.43355E+05 ];

TOT_BURNUP = [ 0.00000E+00 4.71030E+01 ];

TOT_ADENS = [
4.83387E-03 3.39763E-03 % U235
1.93936E-02 1.88270E-02 % U238
0.00000E+00 3.95573E-30 % lost data
7.26897E-02 7.39115E-02 % total
];

TOT_MASS = [
4.59136E+05 3.22717E+05 % U235
1.86563E+06 1.81112E+06 % U238
0.00000E+00 0.00000E+00 % lost data
2.62824E+06 2.62786E+06 % total
];

TOT_A = [
3.67121E+10 2.58042E+10 % U235
2.32016E+10 2.25238E+10 % U238
0.00000E+00 0.00000E+00 % lost data
5.99137E+10 3.26206E+18 % total
];

TOT_H = [
2.75209E-02 1.93438E-02 % U235
1.58732E-02 1.54095E-02 % U238
0.00000E+00 0.00000E+00 % lost data
4.33941E-02 9.60765E+05 % total
];

TOT_SF = [
2.64327E+00 1.85790E+00 % U235
1.26681E+04 1.22980E+04 % U238
0.00000E+00 0.00000E+00 % lost data
1.26707E+04 1.30770E+08 % total
];

TOT_GSRC = [
4.63860E+10 3.26037E+10 % U235
2.05459E+09 1.99456E+09 % U238
0.00000E+00 0.00000E+00 % lost data
4.84405E+10 3.50227E+18 % total
];

TOT_ING_TOX = [
1.72547E+03 1.21280E+03 % U235
1.04407E+03 1.01357E+03 % U238
0.00000E+00 0.00000E+00 % lost data
2.76954E+03 2.24953E+09 % total
];

TOT_INH_TOX = [
3.12053E+05 2.19335E+05 % U235
1.85613E+05 1.80190E+05 % U238
0.00000E+00 0.00000E+00 % lost data
4.97666E+05 8.80425E+10 % total
];

BU = [ 0.00000E+00 4.71015E+01 ];

DAYS = [ 0.00000E+00 7.30000E+03 ];
