
ZAI = [
922350
922380
666
0
];

NAMES = [
'U235            '
'U238            '
'lost            '
'total           '
];

i922350 = 1; iU235             = 1;
i922380 = 2; iU238             = 2;
iLOST    = 3;
iTOT     = 4;

MAT_un_VOLUME = [ 2.42376E+05 2.42376E+05 ];

MAT_un_BURNUP = [ 0.00000E+00 4.72933E+01 ];

MAT_un_ADENS = [
4.83387E-03 3.39241E-03 % U235
1.93936E-02 1.88238E-02 % U238
0.00000E+00 4.82787E-30 % lost data
7.26897E-02 7.39163E-02 % total
];

MAT_un_MDENS = [
1.88669E+00 1.32408E+00 % U235
7.66628E+00 7.44104E+00 % U238
0.00000E+00 0.00000E+00 % lost data
1.08000E+01 1.07984E+01 % total
];

MAT_un_A = [
3.65643E+10 2.56609E+10 % U235
2.31082E+10 2.24293E+10 % U238
0.00000E+00 0.00000E+00 % lost data
5.96725E+10 3.26245E+18 % total
];

MAT_un_H = [
2.74101E-02 1.92364E-02 % U235
1.58093E-02 1.53448E-02 % U238
0.00000E+00 0.00000E+00 % lost data
4.32194E-02 9.60643E+05 % total
];

MAT_un_SF = [
2.63263E+00 1.84758E+00 % U235
1.26171E+04 1.22464E+04 % U238
0.00000E+00 0.00000E+00 % lost data
1.26197E+04 1.30834E+08 % total
];

MAT_un_GSRC = [
4.61992E+10 3.24227E+10 % U235
2.04632E+09 1.98620E+09 % U238
0.00000E+00 0.00000E+00 % lost data
4.82455E+10 3.50281E+18 % total
];

MAT_un_ING_TOX = [
1.71852E+03 1.20606E+03 % U235
1.03987E+03 1.00932E+03 % U238
0.00000E+00 0.00000E+00 % lost data
2.75839E+03 2.25002E+09 % total
];

MAT_un_INH_TOX = [
3.10796E+05 2.18117E+05 % U235
1.84866E+05 1.79434E+05 % U238
0.00000E+00 0.00000E+00 % lost data
4.95662E+05 8.81264E+10 % total
];

TOT_VOLUME = [ 2.42376E+05 2.42376E+05 ];

TOT_BURNUP = [ 0.00000E+00 4.72933E+01 ];

TOT_ADENS = [
4.83387E-03 3.39241E-03 % U235
1.93936E-02 1.88238E-02 % U238
0.00000E+00 4.82787E-30 % lost data
7.26897E-02 7.39163E-02 % total
];

TOT_MASS = [
4.57288E+05 3.20925E+05 % U235
1.85812E+06 1.80353E+06 % U238
0.00000E+00 0.00000E+00 % lost data
2.61766E+06 2.61728E+06 % total
];

TOT_A = [
3.65643E+10 2.56609E+10 % U235
2.31082E+10 2.24293E+10 % U238
0.00000E+00 0.00000E+00 % lost data
5.96725E+10 3.26245E+18 % total
];

TOT_H = [
2.74101E-02 1.92364E-02 % U235
1.58093E-02 1.53448E-02 % U238
0.00000E+00 0.00000E+00 % lost data
4.32194E-02 9.60643E+05 % total
];

TOT_SF = [
2.63263E+00 1.84758E+00 % U235
1.26171E+04 1.22464E+04 % U238
0.00000E+00 0.00000E+00 % lost data
1.26197E+04 1.30834E+08 % total
];

TOT_GSRC = [
4.61992E+10 3.24227E+10 % U235
2.04632E+09 1.98620E+09 % U238
0.00000E+00 0.00000E+00 % lost data
4.82455E+10 3.50281E+18 % total
];

TOT_ING_TOX = [
1.71852E+03 1.20606E+03 % U235
1.03987E+03 1.00932E+03 % U238
0.00000E+00 0.00000E+00 % lost data
2.75839E+03 2.25002E+09 % total
];

TOT_INH_TOX = [
3.10796E+05 2.18117E+05 % U235
1.84866E+05 1.79434E+05 % U238
0.00000E+00 0.00000E+00 % lost data
4.95662E+05 8.81264E+10 % total
];

BU = [ 0.00000E+00 4.72919E+01 ];

DAYS = [ 0.00000E+00 7.30000E+03 ];
