
ZAI = [
922350
922380
666
0
];

NAMES = [
'U235            '
'U238            '
'lost            '
'total           '
];

i922350 = 1; iU235             = 1;
i922380 = 2; iU238             = 2;
iLOST    = 3;
iTOT     = 4;

MAT_un_VOLUME = [ 2.40623E+05 2.40623E+05 ];

MAT_un_BURNUP = [ 0.00000E+00 4.76377E+01 ];

MAT_un_ADENS = [
4.83387E-03 3.38409E-03 % U235
1.93936E-02 1.88257E-02 % U238
0.00000E+00 4.52945E-30 % lost data
7.26897E-02 7.39253E-02 % total
];

MAT_un_MDENS = [
1.88669E+00 1.32083E+00 % U235
7.66628E+00 7.44178E+00 % U238
0.00000E+00 0.00000E+00 % lost data
1.08000E+01 1.07984E+01 % total
];

MAT_un_A = [
3.62999E+10 2.54128E+10 % U235
2.29412E+10 2.22694E+10 % U238
0.00000E+00 0.00000E+00 % lost data
5.92411E+10 3.25664E+18 % total
];

MAT_un_H = [
2.72119E-02 1.90505E-02 % U235
1.56950E-02 1.52354E-02 % U238
0.00000E+00 0.00000E+00 % lost data
4.29069E-02 9.59889E+05 % total
];

MAT_un_SF = [
2.61359E+00 1.82973E+00 % U235
1.25259E+04 1.21591E+04 % U238
0.00000E+00 0.00000E+00 % lost data
1.25285E+04 1.34374E+08 % total
];

MAT_un_GSRC = [
4.58652E+10 3.21093E+10 % U235
2.03152E+09 1.97203E+09 % U238
0.00000E+00 0.00000E+00 % lost data
4.78967E+10 3.49559E+18 % total
];

MAT_un_ING_TOX = [
1.70610E+03 1.19440E+03 % U235
1.03235E+03 1.00212E+03 % U238
0.00000E+00 0.00000E+00 % lost data
2.73845E+03 2.24926E+09 % total
];

MAT_un_INH_TOX = [
3.08549E+05 2.16009E+05 % U235
1.83529E+05 1.78155E+05 % U238
0.00000E+00 0.00000E+00 % lost data
4.92079E+05 8.88193E+10 % total
];

TOT_VOLUME = [ 2.40623E+05 2.40623E+05 ];

TOT_BURNUP = [ 0.00000E+00 4.76377E+01 ];

TOT_ADENS = [
4.83387E-03 3.38409E-03 % U235
1.93936E-02 1.88257E-02 % U238
0.00000E+00 4.52945E-30 % lost data
7.26897E-02 7.39253E-02 % total
];

TOT_MASS = [
4.53982E+05 3.17823E+05 % U235
1.84469E+06 1.79067E+06 % U238
0.00000E+00 0.00000E+00 % lost data
2.59873E+06 2.59835E+06 % total
];

TOT_A = [
3.62999E+10 2.54128E+10 % U235
2.29412E+10 2.22694E+10 % U238
0.00000E+00 0.00000E+00 % lost data
5.92411E+10 3.25664E+18 % total
];

TOT_H = [
2.72119E-02 1.90505E-02 % U235
1.56950E-02 1.52354E-02 % U238
0.00000E+00 0.00000E+00 % lost data
4.29069E-02 9.59889E+05 % total
];

TOT_SF = [
2.61359E+00 1.82973E+00 % U235
1.25259E+04 1.21591E+04 % U238
0.00000E+00 0.00000E+00 % lost data
1.25285E+04 1.34374E+08 % total
];

TOT_GSRC = [
4.58652E+10 3.21093E+10 % U235
2.03152E+09 1.97203E+09 % U238
0.00000E+00 0.00000E+00 % lost data
4.78967E+10 3.49559E+18 % total
];

TOT_ING_TOX = [
1.70610E+03 1.19440E+03 % U235
1.03235E+03 1.00212E+03 % U238
0.00000E+00 0.00000E+00 % lost data
2.73845E+03 2.24926E+09 % total
];

TOT_INH_TOX = [
3.08549E+05 2.16009E+05 % U235
1.83529E+05 1.78155E+05 % U238
0.00000E+00 0.00000E+00 % lost data
4.92079E+05 8.88193E+10 % total
];

BU = [ 0.00000E+00 4.76363E+01 ];

DAYS = [ 0.00000E+00 7.30000E+03 ];
