
ZAI = [
922350
922380
666
0
];

NAMES = [
'U235            '
'U238            '
'lost            '
'total           '
];

i922350 = 1; iU235             = 1;
i922380 = 2; iU238             = 2;
iLOST    = 3;
iTOT     = 4;

MAT_un_VOLUME = [ 2.46625E+05 2.46625E+05 ];

MAT_un_BURNUP = [ 0.00000E+00 4.64786E+01 ];

MAT_un_ADENS = [
4.83387E-03 3.41495E-03 % U235
1.93936E-02 1.88350E-02 % U238
0.00000E+00 5.45480E-30 % lost data
7.26897E-02 7.38948E-02 % total
];

MAT_un_MDENS = [
1.88669E+00 1.33288E+00 % U235
7.66628E+00 7.44545E+00 % U238
0.00000E+00 0.00000E+00 % lost data
1.08000E+01 1.07984E+01 % total
];

MAT_un_A = [
3.72053E+10 2.62842E+10 % U235
2.35133E+10 2.28360E+10 % U238
0.00000E+00 0.00000E+00 % lost data
6.07186E+10 3.26035E+18 % total
];

MAT_un_H = [
2.78906E-02 1.97037E-02 % U235
1.60865E-02 1.56231E-02 % U238
0.00000E+00 0.00000E+00 % lost data
4.39770E-02 9.60824E+05 % total
];

MAT_un_SF = [
2.67878E+00 1.89246E+00 % U235
1.28383E+04 1.24685E+04 % U238
0.00000E+00 0.00000E+00 % lost data
1.28410E+04 1.25659E+08 % total
];

MAT_un_GSRC = [
4.70091E+10 3.32102E+10 % U235
2.08219E+09 2.02221E+09 % U238
0.00000E+00 0.00000E+00 % lost data
4.90913E+10 3.50057E+18 % total
];

MAT_un_ING_TOX = [
1.74865E+03 1.23536E+03 % U235
1.05810E+03 1.02762E+03 % U238
0.00000E+00 0.00000E+00 % lost data
2.80675E+03 2.24310E+09 % total
];

MAT_un_INH_TOX = [
3.16245E+05 2.23415E+05 % U235
1.88107E+05 1.82688E+05 % U238
0.00000E+00 0.00000E+00 % lost data
5.04351E+05 8.61212E+10 % total
];

TOT_VOLUME = [ 2.46625E+05 2.46625E+05 ];

TOT_BURNUP = [ 0.00000E+00 4.64786E+01 ];

TOT_ADENS = [
4.83387E-03 3.41495E-03 % U235
1.93936E-02 1.88350E-02 % U238
0.00000E+00 5.45480E-30 % lost data
7.26897E-02 7.38948E-02 % total
];

TOT_MASS = [
4.65304E+05 3.28721E+05 % U235
1.89069E+06 1.83623E+06 % U238
0.00000E+00 0.00000E+00 % lost data
2.66355E+06 2.66316E+06 % total
];

TOT_A = [
3.72053E+10 2.62842E+10 % U235
2.35133E+10 2.28360E+10 % U238
0.00000E+00 0.00000E+00 % lost data
6.07186E+10 3.26035E+18 % total
];

TOT_H = [
2.78906E-02 1.97037E-02 % U235
1.60865E-02 1.56231E-02 % U238
0.00000E+00 0.00000E+00 % lost data
4.39770E-02 9.60824E+05 % total
];

TOT_SF = [
2.67878E+00 1.89246E+00 % U235
1.28383E+04 1.24685E+04 % U238
0.00000E+00 0.00000E+00 % lost data
1.28410E+04 1.25659E+08 % total
];

TOT_GSRC = [
4.70091E+10 3.32102E+10 % U235
2.08219E+09 2.02221E+09 % U238
0.00000E+00 0.00000E+00 % lost data
4.90913E+10 3.50057E+18 % total
];

TOT_ING_TOX = [
1.74865E+03 1.23536E+03 % U235
1.05810E+03 1.02762E+03 % U238
0.00000E+00 0.00000E+00 % lost data
2.80675E+03 2.24310E+09 % total
];

TOT_INH_TOX = [
3.16245E+05 2.23415E+05 % U235
1.88107E+05 1.82688E+05 % U238
0.00000E+00 0.00000E+00 % lost data
5.04351E+05 8.61212E+10 % total
];

BU = [ 0.00000E+00 4.64771E+01 ];

DAYS = [ 0.00000E+00 7.30000E+03 ];
