
DETassem1 = [
    1    1    1    1    1    1    1    1    1    1  0.00000E+00 0.00000 
    2    1    1    1    1    1    1    1    1    2  0.00000E+00 0.00000 
    3    1    1    1    1    1    1    1    1    3  0.00000E+00 0.00000 
    4    1    1    1    1    1    1    1    1    4  0.00000E+00 0.00000 
    5    1    1    1    1    1    1    1    1    5  0.00000E+00 0.00000 
    6    1    1    1    1    1    1    1    1    6  0.00000E+00 0.00000 
    7    1    1    1    1    1    1    1    1    7  0.00000E+00 0.00000 
    8    1    1    1    1    1    1    1    1    8  1.84027E+04 0.00364 
    9    1    1    1    1    1    1    1    1    9  1.40226E+04 0.00400 
   10    1    1    1    1    1    1    1    1   10  0.00000E+00 0.00000 
   11    1    1    1    1    1    1    1    1   11  1.01865E+04 0.00439 
   12    1    1    1    1    1    1    1    2    1  1.97291E+04 0.00352 
   13    1    1    1    1    1    1    1    2    2  0.00000E+00 0.00000 
   14    1    1    1    1    1    1    1    2    3  0.00000E+00 0.00000 
   15    1    1    1    1    1    1    1    2    4  0.00000E+00 0.00000 
   16    1    1    1    1    1    1    1    2    5  0.00000E+00 0.00000 
   17    1    1    1    1    1    1    1    2    6  1.97933E+04 0.00363 
   18    1    1    1    1    1    1    1    2    7  1.59481E+04 0.00375 
   19    1    1    1    1    1    1    1    2    8  0.00000E+00 0.00000 
   20    1    1    1    1    1    1    1    2    9  1.13030E+04 0.00423 
   21    1    1    1    1    1    1    1    2   10  1.01684E+04 0.00444 
   22    1    1    1    1    1    1    1    2   11  0.00000E+00 0.00000 
   23    1    1    1    1    1    1    1    3    1  1.59251E+04 0.00383 
   24    1    1    1    1    1    1    1    3    2  1.83926E+04 0.00372 
   25    1    1    1    1    1    1    1    3    3  0.00000E+00 0.00000 
   26    1    1    1    1    1    1    1    3    4  1.84170E+04 0.00369 
   27    1    1    1    1    1    1    1    3    5  1.59790E+04 0.00388 
   28    1    1    1    1    1    1    1    3    6  0.00000E+00 0.00000 
   29    1    1    1    1    1    1    1    3    7  1.21913E+04 0.00418 
   30    1    1    1    1    1    1    1    3    8  1.08441E+04 0.00432 
   31    1    1    1    1    1    1    1    3    9  0.00000E+00 0.00000 
   32    1    1    1    1    1    1    1    3   10  9.35414E+03 0.00440 
   33    1    1    1    1    1    1    1    3   11  8.96213E+03 0.00458 
   34    1    1    1    1    1    1    1    4    1  0.00000E+00 0.00000 
   35    1    1    1    1    1    1    1    4    2  1.40395E+04 0.00400 
   36    1    1    1    1    1    1    1    4    3  1.40592E+04 0.00401 
   37    1    1    1    1    1    1    1    4    4  0.00000E+00 0.00000 
   38    1    1    1    1    1    1    1    4    5  1.20833E+04 0.00407 
   39    1    1    1    1    1    1    1    4    6  1.12343E+04 0.00426 
   40    1    1    1    1    1    1    1    4    7  0.00000E+00 0.00000 
   41    1    1    1    1    1    1    1    4    8  9.69940E+03 0.00446 
   42    1    1    1    1    1    1    1    4    9  9.17756E+03 0.00457 
   43    1    1    1    1    1    1    1    4   10  0.00000E+00 0.00000 
   44    1    1    1    1    1    1    1    4   11  8.67634E+03 0.00463 
   45    1    1    1    1    1    1    1    5    1  1.13313E+04 0.00431 
   46    1    1    1    1    1    1    1    5    2  0.00000E+00 0.00000 
   47    1    1    1    1    1    1    1    5    3  1.13302E+04 0.00426 
   48    1    1    1    1    1    1    1    5    4  1.07968E+04 0.00436 
   49    1    1    1    1    1    1    1    5    5  0.00000E+00 0.00000 
   50    1    1    1    1    1    1    1    5    6  9.80813E+03 0.00448 
   51    1    1    1    1    1    1    1    5    7  9.41866E+03 0.00439 
   52    1    1    1    1    1    1    1    5    8  0.00000E+00 0.00000 
   53    1    1    1    1    1    1    1    5    9  8.78592E+03 0.00457 
   54    1    1    1    1    1    1    1    5   10  8.65429E+03 0.00458 
   55    1    1    1    1    1    1    1    5   11  0.00000E+00 0.00000 
   56    1    1    1    1    1    1    1    6    1  1.00783E+04 0.00431 
   57    1    1    1    1    1    1    1    6    2  1.00759E+04 0.00438 
   58    1    1    1    1    1    1    1    6    3  0.00000E+00 0.00000 
   59    1    1    1    1    1    1    1    6    4  9.59110E+03 0.00451 
   60    1    1    1    1    1    1    1    6    5  9.44457E+03 0.00456 
   61    1    1    1    1    1    1    1    6    6  0.00000E+00 0.00000 
   62    1    1    1    1    1    1    1    6    7  8.82242E+03 0.00457 
   63    1    1    1    1    1    1    1    6    8  8.70843E+03 0.00458 
   64    1    1    1    1    1    1    1    6    9  0.00000E+00 0.00000 
   65    1    1    1    1    1    1    1    6   10  8.44210E+03 0.00464 
   66    1    1    1    1    1    1    1    6   11  8.49157E+03 0.00474 
   67    1    1    1    1    1    1    1    7    1  0.00000E+00 0.00000 
   68    1    1    1    1    1    1    1    7    2  9.44762E+03 0.00446 
   69    1    1    1    1    1    1    1    7    3  9.21104E+03 0.00459 
   70    1    1    1    1    1    1    1    7    4  0.00000E+00 0.00000 
   71    1    1    1    1    1    1    1    7    5  8.84353E+03 0.00468 
   72    1    1    1    1    1    1    1    7    6  8.69260E+03 0.00458 
   73    1    1    1    1    1    1    1    7    7  0.00000E+00 0.00000 
   74    1    1    1    1    1    1    1    7    8  8.50977E+03 0.00472 
   75    1    1    1    1    1    1    1    7    9  8.43428E+03 0.00466 
   76    1    1    1    1    1    1    1    7   10  0.00000E+00 0.00000 
   77    1    1    1    1    1    1    1    7   11  8.39742E+03 0.00475 
   78    1    1    1    1    1    1    1    8    1  8.94553E+03 0.00462 
   79    1    1    1    1    1    1    1    8    2  0.00000E+00 0.00000 
   80    1    1    1    1    1    1    1    8    3  8.73215E+03 0.00461 
   81    1    1    1    1    1    1    1    8    4  8.64603E+03 0.00450 
   82    1    1    1    1    1    1    1    8    5  0.00000E+00 0.00000 
   83    1    1    1    1    1    1    1    8    6  8.55941E+03 0.00451 
   84    1    1    1    1    1    1    1    8    7  8.59384E+03 0.00466 
   85    1    1    1    1    1    1    1    8    8  0.00000E+00 0.00000 
   86    1    1    1    1    1    1    1    8    9  8.38633E+03 0.00467 
   87    1    1    1    1    1    1    1    8   10  8.37353E+03 0.00473 
   88    1    1    1    1    1    1    1    8   11  0.00000E+00 0.00000 
   89    1    1    1    1    1    1    1    9    1  8.71898E+03 0.00464 
   90    1    1    1    1    1    1    1    9    2  8.67359E+03 0.00460 
   91    1    1    1    1    1    1    1    9    3  0.00000E+00 0.00000 
   92    1    1    1    1    1    1    1    9    4  8.46570E+03 0.00464 
   93    1    1    1    1    1    1    1    9    5  8.49142E+03 0.00476 
   94    1    1    1    1    1    1    1    9    6  0.00000E+00 0.00000 
   95    1    1    1    1    1    1    1    9    7  8.61217E+03 0.00470 
   96    1    1    1    1    1    1    1    9    8  8.37088E+03 0.00465 
   97    1    1    1    1    1    1    1    9    9  0.00000E+00 0.00000 
   98    1    1    1    1    1    1    1    9   10  8.27284E+03 0.00475 
   99    1    1    1    1    1    1    1    9   11  8.24525E+03 0.00462 
  100    1    1    1    1    1    1    1   10    1  0.00000E+00 0.00000 
  101    1    1    1    1    1    1    1   10    2  8.49654E+03 0.00462 
  102    1    1    1    1    1    1    1   10    3  8.40771E+03 0.00472 
  103    1    1    1    1    1    1    1   10    4  0.00000E+00 0.00000 
  104    1    1    1    1    1    1    1   10    5  8.62535E+03 0.00469 
  105    1    1    1    1    1    1    1   10    6  0.00000E+00 0.00000 
  106    1    1    1    1    1    1    1   10    7  0.00000E+00 0.00000 
  107    1    1    1    1    1    1    1   10    8  8.24571E+03 0.00465 
  108    1    1    1    1    1    1    1   10    9  8.22287E+03 0.00469 
  109    1    1    1    1    1    1    1   10   10  0.00000E+00 0.00000 
