
DETassem1 = [
    1    1    1    1    1    1    1    1    1    1  0.00000E+00 0.00000 
    2    1    1    1    1    1    1    1    1    2  0.00000E+00 0.00000 
    3    1    1    1    1    1    1    1    1    3  0.00000E+00 0.00000 
    4    1    1    1    1    1    1    1    1    4  0.00000E+00 0.00000 
    5    1    1    1    1    1    1    1    1    5  0.00000E+00 0.00000 
    6    1    1    1    1    1    1    1    1    6  0.00000E+00 0.00000 
    7    1    1    1    1    1    1    1    1    7  0.00000E+00 0.00000 
    8    1    1    1    1    1    1    1    1    8  1.90172E+04 0.00340 
    9    1    1    1    1    1    1    1    1    9  1.51563E+04 0.00369 
   10    1    1    1    1    1    1    1    1   10  0.00000E+00 0.00000 
   11    1    1    1    1    1    1    1    1   11  1.19094E+04 0.00398 
   12    1    1    1    1    1    1    1    2    1  2.04550E+04 0.00334 
   13    1    1    1    1    1    1    1    2    2  0.00000E+00 0.00000 
   14    1    1    1    1    1    1    1    2    3  0.00000E+00 0.00000 
   15    1    1    1    1    1    1    1    2    4  0.00000E+00 0.00000 
   16    1    1    1    1    1    1    1    2    5  0.00000E+00 0.00000 
   17    1    1    1    1    1    1    1    2    6  2.02085E+04 0.00349 
   18    1    1    1    1    1    1    1    2    7  1.66938E+04 0.00355 
   19    1    1    1    1    1    1    1    2    8  0.00000E+00 0.00000 
   20    1    1    1    1    1    1    1    2    9  1.29696E+04 0.00394 
   21    1    1    1    1    1    1    1    2   10  1.19202E+04 0.00392 
   22    1    1    1    1    1    1    1    2   11  0.00000E+00 0.00000 
   23    1    1    1    1    1    1    1    3    1  1.68045E+04 0.00356 
   24    1    1    1    1    1    1    1    3    2  1.89080E+04 0.00345 
   25    1    1    1    1    1    1    1    3    3  0.00000E+00 0.00000 
   26    1    1    1    1    1    1    1    3    4  1.90084E+04 0.00347 
   27    1    1    1    1    1    1    1    3    5  1.67273E+04 0.00358 
   28    1    1    1    1    1    1    1    3    6  0.00000E+00 0.00000 
   29    1    1    1    1    1    1    1    3    7  1.36334E+04 0.00382 
   30    1    1    1    1    1    1    1    3    8  1.29505E+04 0.00388 
   31    1    1    1    1    1    1    1    3    9  0.00000E+00 0.00000 
   32    1    1    1    1    1    1    1    3   10  1.15969E+04 0.00414 
   33    1    1    1    1    1    1    1    3   11  1.07323E+04 0.00414 
   34    1    1    1    1    1    1    1    4    1  0.00000E+00 0.00000 
   35    1    1    1    1    1    1    1    4    2  1.50158E+04 0.00368 
   36    1    1    1    1    1    1    1    4    3  1.50868E+04 0.00367 
   37    1    1    1    1    1    1    1    4    4  0.00000E+00 0.00000 
   38    1    1    1    1    1    1    1    4    5  1.35879E+04 0.00384 
   39    1    1    1    1    1    1    1    4    6  1.30163E+04 0.00406 
   40    1    1    1    1    1    1    1    4    7  0.00000E+00 0.00000 
   41    1    1    1    1    1    1    1    4    8  0.00000E+00 0.00000 
   42    1    1    1    1    1    1    1    4    9  0.00000E+00 0.00000 
   43    1    1    1    1    1    1    1    4   10  0.00000E+00 0.00000 
   44    1    1    1    1    1    1    1    4   11  1.02299E+04 0.00427 
   45    1    1    1    1    1    1    1    5    1  1.29223E+04 0.00398 
   46    1    1    1    1    1    1    1    5    2  0.00000E+00 0.00000 
   47    1    1    1    1    1    1    1    5    3  1.28736E+04 0.00400 
   48    1    1    1    1    1    1    1    5    4  1.29036E+04 0.00379 
   49    1    1    1    1    1    1    1    5    5  0.00000E+00 0.00000 
   50    1    1    1    1    1    1    1    5    6  1.19130E+04 0.00402 
   51    1    1    1    1    1    1    1    5    7  1.22088E+04 0.00402 
   52    1    1    1    1    1    1    1    5    8  0.00000E+00 0.00000 
   53    1    1    1    1    1    1    1    5    9  0.00000E+00 0.00000 
   54    1    1    1    1    1    1    1    5   10  1.05001E+04 0.00424 
   55    1    1    1    1    1    1    1    5   11  0.00000E+00 0.00000 
   56    1    1    1    1    1    1    1    6    1  1.19428E+04 0.00399 
   57    1    1    1    1    1    1    1    6    2  1.19725E+04 0.00400 
   58    1    1    1    1    1    1    1    6    3  0.00000E+00 0.00000 
   59    1    1    1    1    1    1    1    6    4  0.00000E+00 0.00000 
   60    1    1    1    1    1    1    1    6    5  1.21137E+04 0.00411 
   61    1    1    1    1    1    1    1    6    6  0.00000E+00 0.00000 
   62    1    1    1    1    1    1    1    6    7  0.00000E+00 0.00000 
   63    1    1    1    1    1    1    1    6    8  1.12066E+04 0.00398 
   64    1    1    1    1    1    1    1    6    9  0.00000E+00 0.00000 
   65    1    1    1    1    1    1    1    6   10  9.91378E+03 0.00436 
   66    1    1    1    1    1    1    1    6   11  9.48600E+03 0.00429 
   67    1    1    1    1    1    1    1    7    1  0.00000E+00 0.00000 
   68    1    1    1    1    1    1    1    7    2  1.14818E+04 0.00405 
   69    1    1    1    1    1    1    1    7    3  0.00000E+00 0.00000 
   70    1    1    1    1    1    1    1    7    4  0.00000E+00 0.00000 
   71    1    1    1    1    1    1    1    7    5  0.00000E+00 0.00000 
   72    1    1    1    1    1    1    1    7    6  1.10945E+04 0.00414 
   73    1    1    1    1    1    1    1    7    7  0.00000E+00 0.00000 
   74    1    1    1    1    1    1    1    7    8  1.02241E+04 0.00428 
   75    1    1    1    1    1    1    1    7    9  9.98313E+03 0.00433 
   76    1    1    1    1    1    1    1    7   10  0.00000E+00 0.00000 
   77    1    1    1    1    1    1    1    7   11  9.05160E+03 0.00440 
   78    1    1    1    1    1    1    1    8    1  1.07229E+04 0.00416 
   79    1    1    1    1    1    1    1    8    2  0.00000E+00 0.00000 
   80    1    1    1    1    1    1    1    8    3  0.00000E+00 0.00000 
   81    1    1    1    1    1    1    1    8    4  1.11635E+04 0.00418 
   82    1    1    1    1    1    1    1    8    5  0.00000E+00 0.00000 
   83    1    1    1    1    1    1    1    8    6  1.01036E+04 0.00425 
   84    1    1    1    1    1    1    1    8    7  9.83588E+03 0.00439 
   85    1    1    1    1    1    1    1    8    8  0.00000E+00 0.00000 
   86    1    1    1    1    1    1    1    8    9  0.00000E+00 0.00000 
   87    1    1    1    1    1    1    1    8   10  9.28201E+03 0.00441 
   88    1    1    1    1    1    1    1    8   11  0.00000E+00 0.00000 
   89    1    1    1    1    1    1    1    9    1  1.02451E+04 0.00425 
   90    1    1    1    1    1    1    1    9    2  1.05076E+04 0.00426 
   91    1    1    1    1    1    1    1    9    3  0.00000E+00 0.00000 
   92    1    1    1    1    1    1    1    9    4  1.00989E+04 0.00426 
   93    1    1    1    1    1    1    1    9    5  9.83643E+03 0.00430 
   94    1    1    1    1    1    1    1    9    6  0.00000E+00 0.00000 
   95    1    1    1    1    1    1    1    9    7  9.37665E+03 0.00442 
   96    1    1    1    1    1    1    1    9    8  9.40871E+03 0.00441 
   97    1    1    1    1    1    1    1    9    9  0.00000E+00 0.00000 
   98    1    1    1    1    1    1    1    9   10  8.76130E+03 0.00446 
   99    1    1    1    1    1    1    1    9   11  8.57951E+03 0.00458 
  100    1    1    1    1    1    1    1   10    1  0.00000E+00 0.00000 
  101    1    1    1    1    1    1    1   10    2  9.77818E+03 0.00421 
  102    1    1    1    1    1    1    1   10    3  9.95278E+03 0.00433 
  103    1    1    1    1    1    1    1   10    4  0.00000E+00 0.00000 
  104    1    1    1    1    1    1    1   10    5  9.34179E+03 0.00437 
  105    1    1    1    1    1    1    1   10    6  9.14473E+03 0.00431 
  106    1    1    1    1    1    1    1   10    7  0.00000E+00 0.00000 
  107    1    1    1    1    1    1    1   10    8  8.80077E+03 0.00456 
  108    1    1    1    1    1    1    1   10    9  8.55635E+03 0.00455 
  109    1    1    1    1    1    1    1   10   10  0.00000E+00 0.00000 
