
ZAI = [
922350
922380
666
0
];

NAMES = [
'U235            '
'U238            '
'lost            '
'total           '
];

i922350 = 1; iU235             = 1;
i922380 = 2; iU238             = 2;
iLOST    = 3;
iTOT     = 4;

MAT_un_VOLUME = [ 2.48594E+05 2.48594E+05 ];

MAT_un_BURNUP = [ 0.00000E+00 4.61104E+01 ];

MAT_un_ADENS = [
4.83387E-03 3.42403E-03 % U235
1.93936E-02 1.88341E-02 % U238
0.00000E+00 4.59243E-30 % lost data
7.26897E-02 7.38855E-02 % total
];

MAT_un_MDENS = [
1.88669E+00 1.33642E+00 % U235
7.66628E+00 7.44510E+00 % U238
0.00000E+00 0.00000E+00 % lost data
1.08000E+01 1.07985E+01 % total
];

MAT_un_A = [
3.75023E+10 2.65645E+10 % U235
2.37011E+10 2.30173E+10 % U238
0.00000E+00 0.00000E+00 % lost data
6.12034E+10 3.26633E+18 % total
];

MAT_un_H = [
2.81133E-02 1.99138E-02 % U235
1.62149E-02 1.57471E-02 % U238
0.00000E+00 0.00000E+00 % lost data
4.43282E-02 9.61673E+05 % total
];

MAT_un_SF = [
2.70017E+00 1.91264E+00 % U235
1.29408E+04 1.25674E+04 % U238
0.00000E+00 0.00000E+00 % lost data
1.29435E+04 1.24263E+08 % total
];

MAT_un_GSRC = [
4.73844E+10 3.35644E+10 % U235
2.09882E+09 2.03826E+09 % U238
0.00000E+00 0.00000E+00 % lost data
4.94833E+10 3.50777E+18 % total
];

MAT_un_ING_TOX = [
1.76261E+03 1.24853E+03 % U235
1.06655E+03 1.03578E+03 % U238
0.00000E+00 0.00000E+00 % lost data
2.82916E+03 2.24571E+09 % total
];

MAT_un_INH_TOX = [
3.18770E+05 2.25798E+05 % U235
1.89609E+05 1.84138E+05 % U238
0.00000E+00 0.00000E+00 % lost data
5.08378E+05 8.61057E+10 % total
];

TOT_VOLUME = [ 2.48594E+05 2.48594E+05 ];

TOT_BURNUP = [ 0.00000E+00 4.61104E+01 ];

TOT_ADENS = [
4.83387E-03 3.42403E-03 % U235
1.93936E-02 1.88341E-02 % U238
0.00000E+00 4.59243E-30 % lost data
7.26897E-02 7.38855E-02 % total
];

TOT_MASS = [
4.69019E+05 3.32226E+05 % U235
1.90579E+06 1.85081E+06 % U238
0.00000E+00 0.00000E+00 % lost data
2.68481E+06 2.68443E+06 % total
];

TOT_A = [
3.75023E+10 2.65645E+10 % U235
2.37011E+10 2.30173E+10 % U238
0.00000E+00 0.00000E+00 % lost data
6.12034E+10 3.26633E+18 % total
];

TOT_H = [
2.81133E-02 1.99138E-02 % U235
1.62149E-02 1.57471E-02 % U238
0.00000E+00 0.00000E+00 % lost data
4.43282E-02 9.61673E+05 % total
];

TOT_SF = [
2.70017E+00 1.91264E+00 % U235
1.29408E+04 1.25674E+04 % U238
0.00000E+00 0.00000E+00 % lost data
1.29435E+04 1.24263E+08 % total
];

TOT_GSRC = [
4.73844E+10 3.35644E+10 % U235
2.09882E+09 2.03826E+09 % U238
0.00000E+00 0.00000E+00 % lost data
4.94833E+10 3.50777E+18 % total
];

TOT_ING_TOX = [
1.76261E+03 1.24853E+03 % U235
1.06655E+03 1.03578E+03 % U238
0.00000E+00 0.00000E+00 % lost data
2.82916E+03 2.24571E+09 % total
];

TOT_INH_TOX = [
3.18770E+05 2.25798E+05 % U235
1.89609E+05 1.84138E+05 % U238
0.00000E+00 0.00000E+00 % lost data
5.08378E+05 8.61057E+10 % total
];

BU = [ 0.00000E+00 4.61089E+01 ];

DAYS = [ 0.00000E+00 7.30000E+03 ];
