
ZAI = [
922350
922380
666
0
];

NAMES = [
'U235            '
'U238            '
'lost            '
'total           '
];

i922350 = 1; iU235             = 1;
i922380 = 2; iU238             = 2;
iLOST    = 3;
iTOT     = 4;

MAT_un_VOLUME = [ 2.36407E+05 2.36407E+05 ];

MAT_un_BURNUP = [ 0.00000E+00 4.84873E+01 ];

MAT_un_ADENS = [
4.83387E-03 3.36130E-03 % U235
1.93936E-02 1.88175E-02 % U238
0.00000E+00 5.50130E-30 % lost data
7.26897E-02 7.39476E-02 % total
];

MAT_un_MDENS = [
1.88669E+00 1.31194E+00 % U235
7.66628E+00 7.43853E+00 % U238
0.00000E+00 0.00000E+00 % lost data
1.08000E+01 1.07984E+01 % total
];

MAT_un_A = [
3.56639E+10 2.47994E+10 % U235
2.25392E+10 2.18696E+10 % U238
0.00000E+00 0.00000E+00 % lost data
5.82031E+10 3.25526E+18 % total
];

MAT_un_H = [
2.67351E-02 1.85906E-02 % U235
1.54200E-02 1.49619E-02 % U238
0.00000E+00 0.00000E+00 % lost data
4.21551E-02 9.59324E+05 % total
];

MAT_un_SF = [
2.56780E+00 1.78556E+00 % U235
1.23064E+04 1.19408E+04 % U238
0.00000E+00 0.00000E+00 % lost data
1.23090E+04 1.39716E+08 % total
];

MAT_un_GSRC = [
4.50615E+10 3.13342E+10 % U235
1.99593E+09 1.93663E+09 % U238
0.00000E+00 0.00000E+00 % lost data
4.70575E+10 3.49362E+18 % total
];

MAT_un_ING_TOX = [
1.67620E+03 1.16557E+03 % U235
1.01426E+03 9.84131E+02 % U238
0.00000E+00 0.00000E+00 % lost data
2.69047E+03 2.25350E+09 % total
];

MAT_un_INH_TOX = [
3.03143E+05 2.10795E+05 % U235
1.80314E+05 1.74957E+05 % U238
0.00000E+00 0.00000E+00 % lost data
4.83456E+05 9.04881E+10 % total
];

TOT_VOLUME = [ 2.36407E+05 2.36407E+05 ];

TOT_BURNUP = [ 0.00000E+00 4.84873E+01 ];

TOT_ADENS = [
4.83387E-03 3.36130E-03 % U235
1.93936E-02 1.88175E-02 % U238
0.00000E+00 5.50130E-30 % lost data
7.26897E-02 7.39476E-02 % total
];

TOT_MASS = [
4.46027E+05 3.10151E+05 % U235
1.81236E+06 1.75852E+06 % U238
0.00000E+00 0.00000E+00 % lost data
2.55320E+06 2.55281E+06 % total
];

TOT_A = [
3.56639E+10 2.47994E+10 % U235
2.25392E+10 2.18696E+10 % U238
0.00000E+00 0.00000E+00 % lost data
5.82031E+10 3.25526E+18 % total
];

TOT_H = [
2.67351E-02 1.85906E-02 % U235
1.54200E-02 1.49619E-02 % U238
0.00000E+00 0.00000E+00 % lost data
4.21551E-02 9.59324E+05 % total
];

TOT_SF = [
2.56780E+00 1.78556E+00 % U235
1.23064E+04 1.19408E+04 % U238
0.00000E+00 0.00000E+00 % lost data
1.23090E+04 1.39716E+08 % total
];

TOT_GSRC = [
4.50615E+10 3.13342E+10 % U235
1.99593E+09 1.93663E+09 % U238
0.00000E+00 0.00000E+00 % lost data
4.70575E+10 3.49362E+18 % total
];

TOT_ING_TOX = [
1.67620E+03 1.16557E+03 % U235
1.01426E+03 9.84131E+02 % U238
0.00000E+00 0.00000E+00 % lost data
2.69047E+03 2.25350E+09 % total
];

TOT_INH_TOX = [
3.03143E+05 2.10795E+05 % U235
1.80314E+05 1.74957E+05 % U238
0.00000E+00 0.00000E+00 % lost data
4.83456E+05 9.04881E+10 % total
];

BU = [ 0.00000E+00 4.84859E+01 ];

DAYS = [ 0.00000E+00 7.30000E+03 ];
