
ZAI = [
922350
922380
666
0
];

NAMES = [
'U235            '
'U238            '
'lost            '
'total           '
];

i922350 = 1; iU235             = 1;
i922380 = 2; iU238             = 2;
iLOST    = 3;
iTOT     = 4;

MAT_un_VOLUME = [ 2.61286E+05 2.61286E+05 ];

MAT_un_BURNUP = [ 0.00000E+00 4.38705E+01 ];

MAT_un_ADENS = [
4.83387E-03 3.48368E-03 % U235
1.93936E-02 1.88500E-02 % U238
0.00000E+00 3.61136E-30 % lost data
7.26897E-02 7.38267E-02 % total
];

MAT_un_MDENS = [
1.88669E+00 1.35970E+00 % U235
7.66628E+00 7.45140E+00 % U238
0.00000E+00 0.00000E+00 % lost data
1.08000E+01 1.07986E+01 % total
];

MAT_un_A = [
3.94171E+10 2.84072E+10 % U235
2.49112E+10 2.42129E+10 % U238
0.00000E+00 0.00000E+00 % lost data
6.43283E+10 3.27582E+18 % total
];

MAT_un_H = [
2.95487E-02 2.12952E-02 % U235
1.70428E-02 1.65651E-02 % U238
0.00000E+00 0.00000E+00 % lost data
4.65914E-02 9.63582E+05 % total
];

MAT_un_SF = [
2.83803E+00 2.04532E+00 % U235
1.36015E+04 1.32203E+04 % U238
0.00000E+00 0.00000E+00 % lost data
1.36043E+04 1.09565E+08 % total
];

MAT_un_GSRC = [
4.98038E+10 3.58926E+10 % U235
2.20598E+09 2.14414E+09 % U238
0.00000E+00 0.00000E+00 % lost data
5.20097E+10 3.52021E+18 % total
];

MAT_un_ING_TOX = [
1.85260E+03 1.33514E+03 % U235
1.12100E+03 1.08958E+03 % U238
0.00000E+00 0.00000E+00 % lost data
2.97361E+03 2.23693E+09 % total
];

MAT_un_INH_TOX = [
3.35045E+05 2.41461E+05 % U235
1.99290E+05 1.93704E+05 % U238
0.00000E+00 0.00000E+00 % lost data
5.34335E+05 8.17184E+10 % total
];

TOT_VOLUME = [ 2.61286E+05 2.61286E+05 ];

TOT_BURNUP = [ 0.00000E+00 4.38705E+01 ];

TOT_ADENS = [
4.83387E-03 3.48368E-03 % U235
1.93936E-02 1.88500E-02 % U238
0.00000E+00 3.61136E-30 % lost data
7.26897E-02 7.38267E-02 % total
];

TOT_MASS = [
4.92966E+05 3.55272E+05 % U235
2.00310E+06 1.94695E+06 % U238
0.00000E+00 0.00000E+00 % lost data
2.82189E+06 2.82152E+06 % total
];

TOT_A = [
3.94171E+10 2.84072E+10 % U235
2.49112E+10 2.42129E+10 % U238
0.00000E+00 0.00000E+00 % lost data
6.43283E+10 3.27582E+18 % total
];

TOT_H = [
2.95487E-02 2.12952E-02 % U235
1.70428E-02 1.65651E-02 % U238
0.00000E+00 0.00000E+00 % lost data
4.65914E-02 9.63582E+05 % total
];

TOT_SF = [
2.83803E+00 2.04532E+00 % U235
1.36015E+04 1.32203E+04 % U238
0.00000E+00 0.00000E+00 % lost data
1.36043E+04 1.09565E+08 % total
];

TOT_GSRC = [
4.98038E+10 3.58926E+10 % U235
2.20598E+09 2.14414E+09 % U238
0.00000E+00 0.00000E+00 % lost data
5.20097E+10 3.52021E+18 % total
];

TOT_ING_TOX = [
1.85260E+03 1.33514E+03 % U235
1.12100E+03 1.08958E+03 % U238
0.00000E+00 0.00000E+00 % lost data
2.97361E+03 2.23693E+09 % total
];

TOT_INH_TOX = [
3.35045E+05 2.41461E+05 % U235
1.99290E+05 1.93704E+05 % U238
0.00000E+00 0.00000E+00 % lost data
5.34335E+05 8.17184E+10 % total
];

BU = [ 0.00000E+00 4.38691E+01 ];

DAYS = [ 0.00000E+00 7.30000E+03 ];
