
DETassem1 = [
    1    1    1    1    1    1    1    1    1    1  0.00000E+00 0.00000 
    2    1    1    1    1    1    1    1    1    2  0.00000E+00 0.00000 
    3    1    1    1    1    1    1    1    1    3  0.00000E+00 0.00000 
    4    1    1    1    1    1    1    1    1    4  0.00000E+00 0.00000 
    5    1    1    1    1    1    1    1    1    5  0.00000E+00 0.00000 
    6    1    1    1    1    1    1    1    1    6  0.00000E+00 0.00000 
    7    1    1    1    1    1    1    1    1    7  0.00000E+00 0.00000 
    8    1    1    1    1    1    1    1    1    8  1.92244E+04 0.00341 
    9    1    1    1    1    1    1    1    1    9  1.45672E+04 0.00375 
   10    1    1    1    1    1    1    1    1   10  0.00000E+00 0.00000 
   11    1    1    1    1    1    1    1    1   11  1.06097E+04 0.00423 
   12    1    1    1    1    1    1    1    2    1  0.00000E+00 0.00000 
   13    1    1    1    1    1    1    1    2    2  0.00000E+00 0.00000 
   14    1    1    1    1    1    1    1    2    3  0.00000E+00 0.00000 
   15    1    1    1    1    1    1    1    2    4  0.00000E+00 0.00000 
   16    1    1    1    1    1    1    1    2    5  0.00000E+00 0.00000 
   17    1    1    1    1    1    1    1    2    6  0.00000E+00 0.00000 
   18    1    1    1    1    1    1    1    2    7  1.75581E+04 0.00352 
   19    1    1    1    1    1    1    1    2    8  0.00000E+00 0.00000 
   20    1    1    1    1    1    1    1    2    9  1.19035E+04 0.00408 
   21    1    1    1    1    1    1    1    2   10  1.06495E+04 0.00418 
   22    1    1    1    1    1    1    1    2   11  0.00000E+00 0.00000 
   23    1    1    1    1    1    1    1    3    1  1.74648E+04 0.00354 
   24    1    1    1    1    1    1    1    3    2  1.91302E+04 0.00341 
   25    1    1    1    1    1    1    1    3    3  0.00000E+00 0.00000 
   26    1    1    1    1    1    1    1    3    4  1.92042E+04 0.00339 
   27    1    1    1    1    1    1    1    3    5  1.73528E+04 0.00365 
   28    1    1    1    1    1    1    1    3    6  0.00000E+00 0.00000 
   29    1    1    1    1    1    1    1    3    7  1.31001E+04 0.00395 
   30    1    1    1    1    1    1    1    3    8  1.14913E+04 0.00410 
   31    1    1    1    1    1    1    1    3    9  0.00000E+00 0.00000 
   32    1    1    1    1    1    1    1    3   10  9.75167E+03 0.00427 
   33    1    1    1    1    1    1    1    3   11  9.36083E+03 0.00439 
   34    1    1    1    1    1    1    1    4    1  0.00000E+00 0.00000 
   35    1    1    1    1    1    1    1    4    2  1.46712E+04 0.00381 
   36    1    1    1    1    1    1    1    4    3  1.45984E+04 0.00383 
   37    1    1    1    1    1    1    1    4    4  0.00000E+00 0.00000 
   38    1    1    1    1    1    1    1    4    5  1.31473E+04 0.00387 
   39    1    1    1    1    1    1    1    4    6  1.20608E+04 0.00400 
   40    1    1    1    1    1    1    1    4    7  0.00000E+00 0.00000 
   41    1    1    1    1    1    1    1    4    8  1.01032E+04 0.00430 
   42    1    1    1    1    1    1    1    4    9  9.64061E+03 0.00431 
   43    1    1    1    1    1    1    1    4   10  0.00000E+00 0.00000 
   44    1    1    1    1    1    1    1    4   11  9.03072E+03 0.00438 
   45    1    1    1    1    1    1    1    5    1  1.19321E+04 0.00406 
   46    1    1    1    1    1    1    1    5    2  0.00000E+00 0.00000 
   47    1    1    1    1    1    1    1    5    3  1.18431E+04 0.00408 
   48    1    1    1    1    1    1    1    5    4  1.14109E+04 0.00407 
   49    1    1    1    1    1    1    1    5    5  0.00000E+00 0.00000 
   50    1    1    1    1    1    1    1    5    6  1.03745E+04 0.00409 
   51    1    1    1    1    1    1    1    5    7  9.80783E+03 0.00425 
   52    1    1    1    1    1    1    1    5    8  0.00000E+00 0.00000 
   53    1    1    1    1    1    1    1    5    9  9.09948E+03 0.00430 
   54    1    1    1    1    1    1    1    5   10  8.89738E+03 0.00436 
   55    1    1    1    1    1    1    1    5   11  0.00000E+00 0.00000 
   56    1    1    1    1    1    1    1    6    1  1.05425E+04 0.00415 
   57    1    1    1    1    1    1    1    6    2  1.06106E+04 0.00420 
   58    1    1    1    1    1    1    1    6    3  0.00000E+00 0.00000 
   59    1    1    1    1    1    1    1    6    4  1.01487E+04 0.00419 
   60    1    1    1    1    1    1    1    6    5  9.89956E+03 0.00429 
   61    1    1    1    1    1    1    1    6    6  0.00000E+00 0.00000 
   62    1    1    1    1    1    1    1    6    7  9.23759E+03 0.00439 
   63    1    1    1    1    1    1    1    6    8  8.98810E+03 0.00442 
   64    1    1    1    1    1    1    1    6    9  0.00000E+00 0.00000 
   65    1    1    1    1    1    1    1    6   10  8.70805E+03 0.00449 
   66    1    1    1    1    1    1    1    6   11  8.60143E+03 0.00442 
   67    1    1    1    1    1    1    1    7    1  0.00000E+00 0.00000 
   68    1    1    1    1    1    1    1    7    2  9.74815E+03 0.00420 
   69    1    1    1    1    1    1    1    7    3  9.59651E+03 0.00436 
   70    1    1    1    1    1    1    1    7    4  0.00000E+00 0.00000 
   71    1    1    1    1    1    1    1    7    5  9.21940E+03 0.00437 
   72    1    1    1    1    1    1    1    7    6  9.00080E+03 0.00434 
   73    1    1    1    1    1    1    1    7    7  0.00000E+00 0.00000 
   74    1    1    1    1    1    1    1    7    8  8.76549E+03 0.00454 
   75    1    1    1    1    1    1    1    7    9  8.58159E+03 0.00448 
   76    1    1    1    1    1    1    1    7   10  0.00000E+00 0.00000 
   77    1    1    1    1    1    1    1    7   11  8.48601E+03 0.00469 
   78    1    1    1    1    1    1    1    8    1  9.34190E+03 0.00427 
   79    1    1    1    1    1    1    1    8    2  0.00000E+00 0.00000 
   80    1    1    1    1    1    1    1    8    3  9.11778E+03 0.00452 
   81    1    1    1    1    1    1    1    8    4  9.01259E+03 0.00442 
   82    1    1    1    1    1    1    1    8    5  0.00000E+00 0.00000 
   83    1    1    1    1    1    1    1    8    6  8.69351E+03 0.00449 
   84    1    1    1    1    1    1    1    8    7  8.63872E+03 0.00447 
   85    1    1    1    1    1    1    1    8    8  0.00000E+00 0.00000 
   86    1    1    1    1    1    1    1    8    9  8.53011E+03 0.00461 
   87    1    1    1    1    1    1    1    8   10  8.41201E+03 0.00456 
   88    1    1    1    1    1    1    1    8   11  0.00000E+00 0.00000 
   89    1    1    1    1    1    1    1    9    1  9.02906E+03 0.00436 
   90    1    1    1    1    1    1    1    9    2  8.90449E+03 0.00445 
   91    1    1    1    1    1    1    1    9    3  0.00000E+00 0.00000 
   92    1    1    1    1    1    1    1    9    4  8.74148E+03 0.00448 
   93    1    1    1    1    1    1    1    9    5  8.66186E+03 0.00438 
   94    1    1    1    1    1    1    1    9    6  0.00000E+00 0.00000 
   95    1    1    1    1    1    1    1    9    7  8.59534E+03 0.00439 
   96    1    1    1    1    1    1    1    9    8  8.68732E+03 0.00445 
   97    1    1    1    1    1    1    1    9    9  0.00000E+00 0.00000 
   98    1    1    1    1    1    1    1    9   10  8.33801E+03 0.00453 
   99    1    1    1    1    1    1    1    9   11  8.07252E+03 0.00452 
  100    1    1    1    1    1    1    1   10    1  0.00000E+00 0.00000 
  101    1    1    1    1    1    1    1   10    2  8.69422E+03 0.00451 
  102    1    1    1    1    1    1    1   10    3  8.66397E+03 0.00446 
  103    1    1    1    1    1    1    1   10    4  0.00000E+00 0.00000 
  104    1    1    1    1    1    1    1   10    5  8.63094E+03 0.00451 
  105    1    1    1    1    1    1    1   10    6  8.64898E+03 0.00459 
  106    1    1    1    1    1    1    1   10    7  0.00000E+00 0.00000 
  107    1    1    1    1    1    1    1   10    8  0.00000E+00 0.00000 
  108    1    1    1    1    1    1    1   10    9  8.39541E+03 0.00452 
  109    1    1    1    1    1    1    1   10   10  0.00000E+00 0.00000 
