
ZAI = [
922350
922380
666
0
];

NAMES = [
'U235            '
'U238            '
'lost            '
'total           '
];

i922350 = 1; iU235             = 1;
i922380 = 2; iU238             = 2;
iLOST    = 3;
iTOT     = 4;

MAT_un_VOLUME = [ 2.42025E+05 2.42025E+05 ];

MAT_un_BURNUP = [ 0.00000E+00 4.73618E+01 ];

MAT_un_ADENS = [
4.83387E-03 3.39045E-03 % U235
1.93936E-02 1.88225E-02 % U238
0.00000E+00 4.82912E-30 % lost data
7.26897E-02 7.39182E-02 % total
];

MAT_un_MDENS = [
1.88669E+00 1.32331E+00 % U235
7.66628E+00 7.44050E+00 % U238
0.00000E+00 0.00000E+00 % lost data
1.08000E+01 1.07984E+01 % total
];

MAT_un_A = [
3.65114E+10 2.56089E+10 % U235
2.30748E+10 2.23953E+10 % U238
0.00000E+00 0.00000E+00 % lost data
5.95863E+10 3.26296E+18 % total
];

MAT_un_H = [
2.73704E-02 1.91975E-02 % U235
1.57865E-02 1.53215E-02 % U238
0.00000E+00 0.00000E+00 % lost data
4.31569E-02 9.60634E+05 % total
];

MAT_un_SF = [
2.62882E+00 1.84384E+00 % U235
1.25989E+04 1.22278E+04 % U238
0.00000E+00 0.00000E+00 % lost data
1.26015E+04 1.31751E+08 % total
];

MAT_un_GSRC = [
4.61324E+10 3.23570E+10 % U235
2.04336E+09 1.98318E+09 % U238
0.00000E+00 0.00000E+00 % lost data
4.81758E+10 3.50338E+18 % total
];

MAT_un_ING_TOX = [
1.71604E+03 1.20362E+03 % U235
1.03837E+03 1.00779E+03 % U238
0.00000E+00 0.00000E+00 % lost data
2.75440E+03 2.25135E+09 % total
];

MAT_un_INH_TOX = [
3.10347E+05 2.17676E+05 % U235
1.84599E+05 1.79162E+05 % U238
0.00000E+00 0.00000E+00 % lost data
4.94946E+05 8.85052E+10 % total
];

TOT_VOLUME = [ 2.42025E+05 2.42025E+05 ];

TOT_BURNUP = [ 0.00000E+00 4.73618E+01 ];

TOT_ADENS = [
4.83387E-03 3.39045E-03 % U235
1.93936E-02 1.88225E-02 % U238
0.00000E+00 4.82912E-30 % lost data
7.26897E-02 7.39182E-02 % total
];

TOT_MASS = [
4.56627E+05 3.20275E+05 % U235
1.85543E+06 1.80079E+06 % U238
0.00000E+00 0.00000E+00 % lost data
2.61387E+06 2.61349E+06 % total
];

TOT_A = [
3.65114E+10 2.56089E+10 % U235
2.30748E+10 2.23953E+10 % U238
0.00000E+00 0.00000E+00 % lost data
5.95863E+10 3.26296E+18 % total
];

TOT_H = [
2.73704E-02 1.91975E-02 % U235
1.57865E-02 1.53215E-02 % U238
0.00000E+00 0.00000E+00 % lost data
4.31569E-02 9.60634E+05 % total
];

TOT_SF = [
2.62882E+00 1.84384E+00 % U235
1.25989E+04 1.22278E+04 % U238
0.00000E+00 0.00000E+00 % lost data
1.26015E+04 1.31751E+08 % total
];

TOT_GSRC = [
4.61324E+10 3.23570E+10 % U235
2.04336E+09 1.98318E+09 % U238
0.00000E+00 0.00000E+00 % lost data
4.81758E+10 3.50338E+18 % total
];

TOT_ING_TOX = [
1.71604E+03 1.20362E+03 % U235
1.03837E+03 1.00779E+03 % U238
0.00000E+00 0.00000E+00 % lost data
2.75440E+03 2.25135E+09 % total
];

TOT_INH_TOX = [
3.10347E+05 2.17676E+05 % U235
1.84599E+05 1.79162E+05 % U238
0.00000E+00 0.00000E+00 % lost data
4.94946E+05 8.85052E+10 % total
];

BU = [ 0.00000E+00 4.73603E+01 ];

DAYS = [ 0.00000E+00 7.30000E+03 ];
