
DETassem1 = [
    1    1    1    1    1    1    1    1    1    1  0.00000E+00 0.00000 
    2    1    1    1    1    1    1    1    1    2  0.00000E+00 0.00000 
    3    1    1    1    1    1    1    1    1    3  0.00000E+00 0.00000 
    4    1    1    1    1    1    1    1    1    4  0.00000E+00 0.00000 
    5    1    1    1    1    1    1    1    1    5  0.00000E+00 0.00000 
    6    1    1    1    1    1    1    1    1    6  0.00000E+00 0.00000 
    7    1    1    1    1    1    1    1    1    7  0.00000E+00 0.00000 
    8    1    1    1    1    1    1    1    1    8  0.00000E+00 0.00000 
    9    1    1    1    1    1    1    1    1    9  1.69249E+04 0.00358 
   10    1    1    1    1    1    1    1    1   10  0.00000E+00 0.00000 
   11    1    1    1    1    1    1    1    1   11  1.13339E+04 0.00407 
   12    1    1    1    1    1    1    1    2    1  2.21255E+04 0.00331 
   13    1    1    1    1    1    1    1    2    2  0.00000E+00 0.00000 
   14    1    1    1    1    1    1    1    2    3  0.00000E+00 0.00000 
   15    1    1    1    1    1    1    1    2    4  0.00000E+00 0.00000 
   16    1    1    1    1    1    1    1    2    5  0.00000E+00 0.00000 
   17    1    1    1    1    1    1    1    2    6  2.21147E+04 0.00326 
   18    1    1    1    1    1    1    1    2    7  1.85230E+04 0.00353 
   19    1    1    1    1    1    1    1    2    8  0.00000E+00 0.00000 
   20    1    1    1    1    1    1    1    2    9  1.30791E+04 0.00398 
   21    1    1    1    1    1    1    1    2   10  1.13560E+04 0.00418 
   22    1    1    1    1    1    1    1    2   11  0.00000E+00 0.00000 
   23    1    1    1    1    1    1    1    3    1  1.85571E+04 0.00342 
   24    1    1    1    1    1    1    1    3    2  0.00000E+00 0.00000 
   25    1    1    1    1    1    1    1    3    3  0.00000E+00 0.00000 
   26    1    1    1    1    1    1    1    3    4  0.00000E+00 0.00000 
   27    1    1    1    1    1    1    1    3    5  1.85666E+04 0.00346 
   28    1    1    1    1    1    1    1    3    6  0.00000E+00 0.00000 
   29    1    1    1    1    1    1    1    3    7  1.38826E+04 0.00387 
   30    1    1    1    1    1    1    1    3    8  1.22841E+04 0.00411 
   31    1    1    1    1    1    1    1    3    9  0.00000E+00 0.00000 
   32    1    1    1    1    1    1    1    3   10  1.02755E+04 0.00422 
   33    1    1    1    1    1    1    1    3   11  9.75086E+03 0.00426 
   34    1    1    1    1    1    1    1    4    1  0.00000E+00 0.00000 
   35    1    1    1    1    1    1    1    4    2  1.68821E+04 0.00360 
   36    1    1    1    1    1    1    1    4    3  1.69152E+04 0.00358 
   37    1    1    1    1    1    1    1    4    4  0.00000E+00 0.00000 
   38    1    1    1    1    1    1    1    4    5  1.38588E+04 0.00378 
   39    1    1    1    1    1    1    1    4    6  1.26059E+04 0.00394 
   40    1    1    1    1    1    1    1    4    7  0.00000E+00 0.00000 
   41    1    1    1    1    1    1    1    4    8  1.07566E+04 0.00409 
   42    1    1    1    1    1    1    1    4    9  1.01117E+04 0.00427 
   43    1    1    1    1    1    1    1    4   10  0.00000E+00 0.00000 
   44    1    1    1    1    1    1    1    4   11  9.46597E+03 0.00439 
   45    1    1    1    1    1    1    1    5    1  1.29948E+04 0.00385 
   46    1    1    1    1    1    1    1    5    2  0.00000E+00 0.00000 
   47    1    1    1    1    1    1    1    5    3  1.30888E+04 0.00390 
   48    1    1    1    1    1    1    1    5    4  1.23563E+04 0.00392 
   49    1    1    1    1    1    1    1    5    5  0.00000E+00 0.00000 
   50    1    1    1    1    1    1    1    5    6  1.09278E+04 0.00414 
   51    1    1    1    1    1    1    1    5    7  1.02510E+04 0.00420 
   52    1    1    1    1    1    1    1    5    8  0.00000E+00 0.00000 
   53    1    1    1    1    1    1    1    5    9  9.61389E+03 0.00427 
   54    1    1    1    1    1    1    1    5   10  9.47318E+03 0.00426 
   55    1    1    1    1    1    1    1    5   11  0.00000E+00 0.00000 
   56    1    1    1    1    1    1    1    6    1  1.13449E+04 0.00408 
   57    1    1    1    1    1    1    1    6    2  1.12681E+04 0.00414 
   58    1    1    1    1    1    1    1    6    3  0.00000E+00 0.00000 
   59    1    1    1    1    1    1    1    6    4  1.07757E+04 0.00412 
   60    1    1    1    1    1    1    1    6    5  1.03583E+04 0.00422 
   61    1    1    1    1    1    1    1    6    6  0.00000E+00 0.00000 
   62    1    1    1    1    1    1    1    6    7  9.63232E+03 0.00441 
   63    1    1    1    1    1    1    1    6    8  9.47496E+03 0.00444 
   64    1    1    1    1    1    1    1    6    9  0.00000E+00 0.00000 
   65    1    1    1    1    1    1    1    6   10  9.53637E+03 0.00438 
   66    1    1    1    1    1    1    1    6   11  9.37922E+03 0.00449 
   67    1    1    1    1    1    1    1    7    1  0.00000E+00 0.00000 
   68    1    1    1    1    1    1    1    7    2  1.03593E+04 0.00414 
   69    1    1    1    1    1    1    1    7    3  1.00960E+04 0.00414 
   70    1    1    1    1    1    1    1    7    4  0.00000E+00 0.00000 
   71    1    1    1    1    1    1    1    7    5  9.65459E+03 0.00431 
   72    1    1    1    1    1    1    1    7    6  9.47459E+03 0.00442 
   73    1    1    1    1    1    1    1    7    7  0.00000E+00 0.00000 
   74    1    1    1    1    1    1    1    7    8  9.46191E+03 0.00434 
   75    1    1    1    1    1    1    1    7    9  0.00000E+00 0.00000 
   76    1    1    1    1    1    1    1    7   10  0.00000E+00 0.00000 
   77    1    1    1    1    1    1    1    7   11  9.17950E+03 0.00442 
   78    1    1    1    1    1    1    1    8    1  9.76026E+03 0.00428 
   79    1    1    1    1    1    1    1    8    2  0.00000E+00 0.00000 
   80    1    1    1    1    1    1    1    8    3  9.64770E+03 0.00431 
   81    1    1    1    1    1    1    1    8    4  9.53931E+03 0.00429 
   82    1    1    1    1    1    1    1    8    5  0.00000E+00 0.00000 
   83    1    1    1    1    1    1    1    8    6  9.17528E+03 0.00440 
   84    1    1    1    1    1    1    1    8    7  9.17818E+03 0.00437 
   85    1    1    1    1    1    1    1    8    8  0.00000E+00 0.00000 
   86    1    1    1    1    1    1    1    8    9  9.28463E+03 0.00434 
   87    1    1    1    1    1    1    1    8   10  8.99007E+03 0.00446 
   88    1    1    1    1    1    1    1    8   11  0.00000E+00 0.00000 
   89    1    1    1    1    1    1    1    9    1  9.51520E+03 0.00435 
   90    1    1    1    1    1    1    1    9    2  9.43911E+03 0.00430 
   91    1    1    1    1    1    1    1    9    3  0.00000E+00 0.00000 
   92    1    1    1    1    1    1    1    9    4  9.34423E+03 0.00437 
   93    1    1    1    1    1    1    1    9    5  9.16232E+03 0.00437 
   94    1    1    1    1    1    1    1    9    6  0.00000E+00 0.00000 
   95    1    1    1    1    1    1    1    9    7  8.90440E+03 0.00443 
   96    1    1    1    1    1    1    1    9    8  8.93199E+03 0.00438 
   97    1    1    1    1    1    1    1    9    9  0.00000E+00 0.00000 
   98    1    1    1    1    1    1    1    9   10  8.77855E+03 0.00443 
   99    1    1    1    1    1    1    1    9   11  8.60989E+03 0.00453 
  100    1    1    1    1    1    1    1   10    1  0.00000E+00 0.00000 
  101    1    1    1    1    1    1    1   10    2  9.53674E+03 0.00430 
  102    1    1    1    1    1    1    1   10    3  0.00000E+00 0.00000 
  103    1    1    1    1    1    1    1   10    4  0.00000E+00 0.00000 
  104    1    1    1    1    1    1    1   10    5  9.01361E+03 0.00440 
  105    1    1    1    1    1    1    1   10    6  8.93575E+03 0.00441 
  106    1    1    1    1    1    1    1   10    7  0.00000E+00 0.00000 
  107    1    1    1    1    1    1    1   10    8  8.78152E+03 0.00452 
  108    1    1    1    1    1    1    1   10    9  8.71619E+03 0.00449 
  109    1    1    1    1    1    1    1   10   10  0.00000E+00 0.00000 
