
ZAI = [
922350
922380
666
0
];

NAMES = [
'U235            '
'U238            '
'lost            '
'total           '
];

i922350 = 1; iU235             = 1;
i922380 = 2; iU238             = 2;
iLOST    = 3;
iTOT     = 4;

MAT_un_VOLUME = [ 2.35530E+05 2.35530E+05 ];

MAT_un_BURNUP = [ 0.00000E+00 4.86681E+01 ];

MAT_un_ADENS = [
4.83387E-03 3.35701E-03 % U235
1.93936E-02 1.88187E-02 % U238
0.00000E+00 4.95968E-30 % lost data
7.26897E-02 7.39520E-02 % total
];

MAT_un_MDENS = [
1.88669E+00 1.31026E+00 % U235
7.66628E+00 7.43902E+00 % U238
0.00000E+00 0.00000E+00 % lost data
1.08000E+01 1.07984E+01 % total
];

MAT_un_A = [
3.55315E+10 2.46758E+10 % U235
2.24555E+10 2.17898E+10 % U238
0.00000E+00 0.00000E+00 % lost data
5.79870E+10 3.25123E+18 % total
];

MAT_un_H = [
2.66358E-02 1.84979E-02 % U235
1.53628E-02 1.49073E-02 % U238
0.00000E+00 0.00000E+00 % lost data
4.19986E-02 9.58779E+05 % total
];

MAT_un_SF = [
2.55827E+00 1.77665E+00 % U235
1.22607E+04 1.18972E+04 % U238
0.00000E+00 0.00000E+00 % lost data
1.22633E+04 1.38825E+08 % total
];

MAT_un_GSRC = [
4.48942E+10 3.11780E+10 % U235
1.98852E+09 1.92957E+09 % U238
0.00000E+00 0.00000E+00 % lost data
4.68828E+10 3.48893E+18 % total
];

MAT_un_ING_TOX = [
1.66998E+03 1.15976E+03 % U235
1.01050E+03 9.80542E+02 % U238
0.00000E+00 0.00000E+00 % lost data
2.68048E+03 2.25009E+09 % total
];

MAT_un_INH_TOX = [
3.02017E+05 2.09744E+05 % U235
1.79644E+05 1.74319E+05 % U238
0.00000E+00 0.00000E+00 % lost data
4.81662E+05 8.98777E+10 % total
];

TOT_VOLUME = [ 2.35530E+05 2.35530E+05 ];

TOT_BURNUP = [ 0.00000E+00 4.86681E+01 ];

TOT_ADENS = [
4.83387E-03 3.35701E-03 % U235
1.93936E-02 1.88187E-02 % U238
0.00000E+00 4.95968E-30 % lost data
7.26897E-02 7.39520E-02 % total
];

TOT_MASS = [
4.44371E+05 3.08605E+05 % U235
1.80564E+06 1.75211E+06 % U238
0.00000E+00 0.00000E+00 % lost data
2.54372E+06 2.54333E+06 % total
];

TOT_A = [
3.55315E+10 2.46758E+10 % U235
2.24555E+10 2.17898E+10 % U238
0.00000E+00 0.00000E+00 % lost data
5.79870E+10 3.25123E+18 % total
];

TOT_H = [
2.66358E-02 1.84979E-02 % U235
1.53628E-02 1.49073E-02 % U238
0.00000E+00 0.00000E+00 % lost data
4.19986E-02 9.58779E+05 % total
];

TOT_SF = [
2.55827E+00 1.77665E+00 % U235
1.22607E+04 1.18972E+04 % U238
0.00000E+00 0.00000E+00 % lost data
1.22633E+04 1.38825E+08 % total
];

TOT_GSRC = [
4.48942E+10 3.11780E+10 % U235
1.98852E+09 1.92957E+09 % U238
0.00000E+00 0.00000E+00 % lost data
4.68828E+10 3.48893E+18 % total
];

TOT_ING_TOX = [
1.66998E+03 1.15976E+03 % U235
1.01050E+03 9.80542E+02 % U238
0.00000E+00 0.00000E+00 % lost data
2.68048E+03 2.25009E+09 % total
];

TOT_INH_TOX = [
3.02017E+05 2.09744E+05 % U235
1.79644E+05 1.74319E+05 % U238
0.00000E+00 0.00000E+00 % lost data
4.81662E+05 8.98777E+10 % total
];

BU = [ 0.00000E+00 4.86665E+01 ];

DAYS = [ 0.00000E+00 7.30000E+03 ];
