
DETassem1 = [
    1    1    1    1    1    1    1    1    1    1  0.00000E+00 0.00000 
    2    1    1    1    1    1    1    1    1    2  0.00000E+00 0.00000 
    3    1    1    1    1    1    1    1    1    3  0.00000E+00 0.00000 
    4    1    1    1    1    1    1    1    1    4  0.00000E+00 0.00000 
    5    1    1    1    1    1    1    1    1    5  0.00000E+00 0.00000 
    6    1    1    1    1    1    1    1    1    6  0.00000E+00 0.00000 
    7    1    1    1    1    1    1    1    1    7  0.00000E+00 0.00000 
    8    1    1    1    1    1    1    1    1    8  0.00000E+00 0.00000 
    9    1    1    1    1    1    1    1    1    9  0.00000E+00 0.00000 
   10    1    1    1    1    1    1    1    1   10  0.00000E+00 0.00000 
   11    1    1    1    1    1    1    1    1   11  1.46994E+04 0.00396 
   12    1    1    1    1    1    1    1    2    1  2.62078E+04 0.00325 
   13    1    1    1    1    1    1    1    2    2  0.00000E+00 0.00000 
   14    1    1    1    1    1    1    1    2    3  0.00000E+00 0.00000 
   15    1    1    1    1    1    1    1    2    4  0.00000E+00 0.00000 
   16    1    1    1    1    1    1    1    2    5  0.00000E+00 0.00000 
   17    1    1    1    1    1    1    1    2    6  2.62706E+04 0.00324 
   18    1    1    1    1    1    1    1    2    7  2.22646E+04 0.00346 
   19    1    1    1    1    1    1    1    2    8  0.00000E+00 0.00000 
   20    1    1    1    1    1    1    1    2    9  0.00000E+00 0.00000 
   21    1    1    1    1    1    1    1    2   10  1.46541E+04 0.00398 
   22    1    1    1    1    1    1    1    2   11  0.00000E+00 0.00000 
   23    1    1    1    1    1    1    1    3    1  2.23417E+04 0.00342 
   24    1    1    1    1    1    1    1    3    2  0.00000E+00 0.00000 
   25    1    1    1    1    1    1    1    3    3  0.00000E+00 0.00000 
   26    1    1    1    1    1    1    1    3    4  0.00000E+00 0.00000 
   27    1    1    1    1    1    1    1    3    5  2.23928E+04 0.00345 
   28    1    1    1    1    1    1    1    3    6  0.00000E+00 0.00000 
   29    1    1    1    1    1    1    1    3    7  1.61653E+04 0.00385 
   30    1    1    1    1    1    1    1    3    8  1.51709E+04 0.00391 
   31    1    1    1    1    1    1    1    3    9  0.00000E+00 0.00000 
   32    1    1    1    1    1    1    1    3   10  1.20813E+04 0.00418 
   33    1    1    1    1    1    1    1    3   11  0.00000E+00 0.00000 
   34    1    1    1    1    1    1    1    4    1  0.00000E+00 0.00000 
   35    1    1    1    1    1    1    1    4    2  0.00000E+00 0.00000 
   36    1    1    1    1    1    1    1    4    3  0.00000E+00 0.00000 
   37    1    1    1    1    1    1    1    4    4  0.00000E+00 0.00000 
   38    1    1    1    1    1    1    1    4    5  1.62402E+04 0.00389 
   39    1    1    1    1    1    1    1    4    6  1.39356E+04 0.00395 
   40    1    1    1    1    1    1    1    4    7  0.00000E+00 0.00000 
   41    1    1    1    1    1    1    1    4    8  1.18825E+04 0.00412 
   42    1    1    1    1    1    1    1    4    9  1.11597E+04 0.00420 
   43    1    1    1    1    1    1    1    4   10  0.00000E+00 0.00000 
   44    1    1    1    1    1    1    1    4   11  1.02226E+04 0.00440 
   45    1    1    1    1    1    1    1    5    1  0.00000E+00 0.00000 
   46    1    1    1    1    1    1    1    5    2  0.00000E+00 0.00000 
   47    1    1    1    1    1    1    1    5    3  0.00000E+00 0.00000 
   48    1    1    1    1    1    1    1    5    4  1.51958E+04 0.00390 
   49    1    1    1    1    1    1    1    5    5  0.00000E+00 0.00000 
   50    1    1    1    1    1    1    1    5    6  1.15825E+04 0.00428 
   51    1    1    1    1    1    1    1    5    7  1.08234E+04 0.00445 
   52    1    1    1    1    1    1    1    5    8  0.00000E+00 0.00000 
   53    1    1    1    1    1    1    1    5    9  9.99209E+03 0.00445 
   54    1    1    1    1    1    1    1    5   10  9.67667E+03 0.00446 
   55    1    1    1    1    1    1    1    5   11  0.00000E+00 0.00000 
   56    1    1    1    1    1    1    1    6    1  1.46854E+04 0.00396 
   57    1    1    1    1    1    1    1    6    2  1.46124E+04 0.00400 
   58    1    1    1    1    1    1    1    6    3  0.00000E+00 0.00000 
   59    1    1    1    1    1    1    1    6    4  1.20323E+04 0.00410 
   60    1    1    1    1    1    1    1    6    5  1.07992E+04 0.00434 
   61    1    1    1    1    1    1    1    6    6  0.00000E+00 0.00000 
   62    1    1    1    1    1    1    1    6    7  9.77910E+03 0.00453 
   63    1    1    1    1    1    1    1    6    8  9.55505E+03 0.00450 
   64    1    1    1    1    1    1    1    6    9  0.00000E+00 0.00000 
   65    1    1    1    1    1    1    1    6   10  9.11543E+03 0.00458 
   66    1    1    1    1    1    1    1    6   11  8.97130E+03 0.00471 
   67    1    1    1    1    1    1    1    7    1  0.00000E+00 0.00000 
   68    1    1    1    1    1    1    1    7    2  1.21012E+04 0.00417 
   69    1    1    1    1    1    1    1    7    3  1.11898E+04 0.00431 
   70    1    1    1    1    1    1    1    7    4  0.00000E+00 0.00000 
   71    1    1    1    1    1    1    1    7    5  9.83479E+03 0.00441 
   72    1    1    1    1    1    1    1    7    6  9.50533E+03 0.00444 
   73    1    1    1    1    1    1    1    7    7  0.00000E+00 0.00000 
   74    1    1    1    1    1    1    1    7    8  9.15615E+03 0.00462 
   75    1    1    1    1    1    1    1    7    9  9.04455E+03 0.00451 
   76    1    1    1    1    1    1    1    7   10  0.00000E+00 0.00000 
   77    1    1    1    1    1    1    1    7   11  8.71790E+03 0.00464 
   78    1    1    1    1    1    1    1    8    1  0.00000E+00 0.00000 
   79    1    1    1    1    1    1    1    8    2  0.00000E+00 0.00000 
   80    1    1    1    1    1    1    1    8    3  9.90204E+03 0.00449 
   81    1    1    1    1    1    1    1    8    4  9.46818E+03 0.00445 
   82    1    1    1    1    1    1    1    8    5  0.00000E+00 0.00000 
   83    1    1    1    1    1    1    1    8    6  9.26321E+03 0.00457 
   84    1    1    1    1    1    1    1    8    7  9.26290E+03 0.00455 
   85    1    1    1    1    1    1    1    8    8  0.00000E+00 0.00000 
   86    1    1    1    1    1    1    1    8    9  8.85390E+03 0.00469 
   87    1    1    1    1    1    1    1    8   10  8.67965E+03 0.00473 
   88    1    1    1    1    1    1    1    8   11  0.00000E+00 0.00000 
   89    1    1    1    1    1    1    1    9    1  1.01556E+04 0.00440 
   90    1    1    1    1    1    1    1    9    2  9.65788E+03 0.00458 
   91    1    1    1    1    1    1    1    9    3  0.00000E+00 0.00000 
   92    1    1    1    1    1    1    1    9    4  9.09538E+03 0.00455 
   93    1    1    1    1    1    1    1    9    5  9.34825E+03 0.00445 
   94    1    1    1    1    1    1    1    9    6  0.00000E+00 0.00000 
   95    1    1    1    1    1    1    1    9    7  0.00000E+00 0.00000 
   96    1    1    1    1    1    1    1    9    8  8.99420E+03 0.00455 
   97    1    1    1    1    1    1    1    9    9  0.00000E+00 0.00000 
   98    1    1    1    1    1    1    1    9   10  8.63099E+03 0.00471 
   99    1    1    1    1    1    1    1    9   11  8.77036E+03 0.00468 
  100    1    1    1    1    1    1    1   10    1  0.00000E+00 0.00000 
  101    1    1    1    1    1    1    1   10    2  9.15386E+03 0.00449 
  102    1    1    1    1    1    1    1   10    3  8.98341E+03 0.00462 
  103    1    1    1    1    1    1    1   10    4  0.00000E+00 0.00000 
  104    1    1    1    1    1    1    1   10    5  0.00000E+00 0.00000 
  105    1    1    1    1    1    1    1   10    6  9.32495E+03 0.00459 
  106    1    1    1    1    1    1    1   10    7  0.00000E+00 0.00000 
  107    1    1    1    1    1    1    1   10    8  8.63383E+03 0.00470 
  108    1    1    1    1    1    1    1   10    9  8.54112E+03 0.00468 
  109    1    1    1    1    1    1    1   10   10  0.00000E+00 0.00000 
