
DETassem1 = [
    1    1    1    1    1    1    1    1    1    1  0.00000E+00 0.00000 
    2    1    1    1    1    1    1    1    1    2  0.00000E+00 0.00000 
    3    1    1    1    1    1    1    1    1    3  0.00000E+00 0.00000 
    4    1    1    1    1    1    1    1    1    4  0.00000E+00 0.00000 
    5    1    1    1    1    1    1    1    1    5  0.00000E+00 0.00000 
    6    1    1    1    1    1    1    1    1    6  0.00000E+00 0.00000 
    7    1    1    1    1    1    1    1    1    7  0.00000E+00 0.00000 
    8    1    1    1    1    1    1    1    1    8  2.00126E+04 0.00338 
    9    1    1    1    1    1    1    1    1    9  0.00000E+00 0.00000 
   10    1    1    1    1    1    1    1    1   10  0.00000E+00 0.00000 
   11    1    1    1    1    1    1    1    1   11  1.14752E+04 0.00406 
   12    1    1    1    1    1    1    1    2    1  2.06177E+04 0.00333 
   13    1    1    1    1    1    1    1    2    2  0.00000E+00 0.00000 
   14    1    1    1    1    1    1    1    2    3  0.00000E+00 0.00000 
   15    1    1    1    1    1    1    1    2    4  0.00000E+00 0.00000 
   16    1    1    1    1    1    1    1    2    5  0.00000E+00 0.00000 
   17    1    1    1    1    1    1    1    2    6  2.05566E+04 0.00337 
   18    1    1    1    1    1    1    1    2    7  1.69368E+04 0.00362 
   19    1    1    1    1    1    1    1    2    8  0.00000E+00 0.00000 
   20    1    1    1    1    1    1    1    2    9  1.32597E+04 0.00397 
   21    1    1    1    1    1    1    1    2   10  1.15402E+04 0.00416 
   22    1    1    1    1    1    1    1    2   11  0.00000E+00 0.00000 
   23    1    1    1    1    1    1    1    3    1  1.71026E+04 0.00364 
   24    1    1    1    1    1    1    1    3    2  1.99621E+04 0.00337 
   25    1    1    1    1    1    1    1    3    3  0.00000E+00 0.00000 
   26    1    1    1    1    1    1    1    3    4  1.99536E+04 0.00335 
   27    1    1    1    1    1    1    1    3    5  1.72028E+04 0.00361 
   28    1    1    1    1    1    1    1    3    6  0.00000E+00 0.00000 
   29    1    1    1    1    1    1    1    3    7  1.33842E+04 0.00387 
   30    1    1    1    1    1    1    1    3    8  1.21463E+04 0.00401 
   31    1    1    1    1    1    1    1    3    9  0.00000E+00 0.00000 
   32    1    1    1    1    1    1    1    3   10  1.03453E+04 0.00422 
   33    1    1    1    1    1    1    1    3   11  9.79010E+03 0.00419 
   34    1    1    1    1    1    1    1    4    1  0.00000E+00 0.00000 
   35    1    1    1    1    1    1    1    4    2  0.00000E+00 0.00000 
   36    1    1    1    1    1    1    1    4    3  0.00000E+00 0.00000 
   37    1    1    1    1    1    1    1    4    4  0.00000E+00 0.00000 
   38    1    1    1    1    1    1    1    4    5  1.32962E+04 0.00393 
   39    1    1    1    1    1    1    1    4    6  1.21700E+04 0.00400 
   40    1    1    1    1    1    1    1    4    7  0.00000E+00 0.00000 
   41    1    1    1    1    1    1    1    4    8  1.06540E+04 0.00415 
   42    1    1    1    1    1    1    1    4    9  1.01598E+04 0.00427 
   43    1    1    1    1    1    1    1    4   10  0.00000E+00 0.00000 
   44    1    1    1    1    1    1    1    4   11  9.44665E+03 0.00432 
   45    1    1    1    1    1    1    1    5    1  1.33567E+04 0.00392 
   46    1    1    1    1    1    1    1    5    2  0.00000E+00 0.00000 
   47    1    1    1    1    1    1    1    5    3  1.33561E+04 0.00386 
   48    1    1    1    1    1    1    1    5    4  1.21614E+04 0.00404 
   49    1    1    1    1    1    1    1    5    5  0.00000E+00 0.00000 
   50    1    1    1    1    1    1    1    5    6  1.07115E+04 0.00410 
   51    1    1    1    1    1    1    1    5    7  1.02606E+04 0.00418 
   52    1    1    1    1    1    1    1    5    8  0.00000E+00 0.00000 
   53    1    1    1    1    1    1    1    5    9  9.67571E+03 0.00422 
   54    1    1    1    1    1    1    1    5   10  9.50697E+03 0.00441 
   55    1    1    1    1    1    1    1    5   11  0.00000E+00 0.00000 
   56    1    1    1    1    1    1    1    6    1  1.15197E+04 0.00409 
   57    1    1    1    1    1    1    1    6    2  1.15028E+04 0.00399 
   58    1    1    1    1    1    1    1    6    3  0.00000E+00 0.00000 
   59    1    1    1    1    1    1    1    6    4  1.07329E+04 0.00417 
   60    1    1    1    1    1    1    1    6    5  1.02387E+04 0.00430 
   61    1    1    1    1    1    1    1    6    6  0.00000E+00 0.00000 
   62    1    1    1    1    1    1    1    6    7  9.74188E+03 0.00425 
   63    1    1    1    1    1    1    1    6    8  9.69404E+03 0.00435 
   64    1    1    1    1    1    1    1    6    9  0.00000E+00 0.00000 
   65    1    1    1    1    1    1    1    6   10  9.42301E+03 0.00438 
   66    1    1    1    1    1    1    1    6   11  9.36248E+03 0.00427 
   67    1    1    1    1    1    1    1    7    1  0.00000E+00 0.00000 
   68    1    1    1    1    1    1    1    7    2  1.03565E+04 0.00423 
   69    1    1    1    1    1    1    1    7    3  1.00832E+04 0.00429 
   70    1    1    1    1    1    1    1    7    4  0.00000E+00 0.00000 
   71    1    1    1    1    1    1    1    7    5  9.76351E+03 0.00432 
   72    1    1    1    1    1    1    1    7    6  9.55778E+03 0.00437 
   73    1    1    1    1    1    1    1    7    7  0.00000E+00 0.00000 
   74    1    1    1    1    1    1    1    7    8  0.00000E+00 0.00000 
   75    1    1    1    1    1    1    1    7    9  9.44341E+03 0.00436 
   76    1    1    1    1    1    1    1    7   10  0.00000E+00 0.00000 
   77    1    1    1    1    1    1    1    7   11  0.00000E+00 0.00000 
   78    1    1    1    1    1    1    1    8    1  9.89950E+03 0.00424 
   79    1    1    1    1    1    1    1    8    2  0.00000E+00 0.00000 
   80    1    1    1    1    1    1    1    8    3  9.63099E+03 0.00438 
   81    1    1    1    1    1    1    1    8    4  9.67495E+03 0.00433 
   82    1    1    1    1    1    1    1    8    5  0.00000E+00 0.00000 
   83    1    1    1    1    1    1    1    8    6  9.30854E+03 0.00439 
   84    1    1    1    1    1    1    1    8    7  9.42695E+03 0.00439 
   85    1    1    1    1    1    1    1    8    8  0.00000E+00 0.00000 
   86    1    1    1    1    1    1    1    8    9  9.06567E+03 0.00441 
   87    1    1    1    1    1    1    1    8   10  9.19077E+03 0.00445 
   88    1    1    1    1    1    1    1    8   11  0.00000E+00 0.00000 
   89    1    1    1    1    1    1    1    9    1  9.45722E+03 0.00437 
   90    1    1    1    1    1    1    1    9    2  9.45563E+03 0.00433 
   91    1    1    1    1    1    1    1    9    3  0.00000E+00 0.00000 
   92    1    1    1    1    1    1    1    9    4  0.00000E+00 0.00000 
   93    1    1    1    1    1    1    1    9    5  9.30705E+03 0.00445 
   94    1    1    1    1    1    1    1    9    6  0.00000E+00 0.00000 
   95    1    1    1    1    1    1    1    9    7  9.01445E+03 0.00436 
   96    1    1    1    1    1    1    1    9    8  8.86862E+03 0.00443 
   97    1    1    1    1    1    1    1    9    9  0.00000E+00 0.00000 
   98    1    1    1    1    1    1    1    9   10  8.82253E+03 0.00449 
   99    1    1    1    1    1    1    1    9   11  8.77077E+03 0.00459 
  100    1    1    1    1    1    1    1   10    1  0.00000E+00 0.00000 
  101    1    1    1    1    1    1    1   10    2  9.35177E+03 0.00435 
  102    1    1    1    1    1    1    1   10    3  9.41912E+03 0.00437 
  103    1    1    1    1    1    1    1   10    4  0.00000E+00 0.00000 
  104    1    1    1    1    1    1    1   10    5  8.92720E+03 0.00440 
  105    1    1    1    1    1    1    1   10    6  8.83061E+03 0.00443 
  106    1    1    1    1    1    1    1   10    7  0.00000E+00 0.00000 
  107    1    1    1    1    1    1    1   10    8  8.57004E+03 0.00457 
  108    1    1    1    1    1    1    1   10    9  8.55163E+03 0.00456 
  109    1    1    1    1    1    1    1   10   10  0.00000E+00 0.00000 
