
DETassem1 = [
    1    1    1    1    1    1    1    1    1    1  0.00000E+00 0.00000 
    2    1    1    1    1    1    1    1    1    2  0.00000E+00 0.00000 
    3    1    1    1    1    1    1    1    1    3  0.00000E+00 0.00000 
    4    1    1    1    1    1    1    1    1    4  0.00000E+00 0.00000 
    5    1    1    1    1    1    1    1    1    5  0.00000E+00 0.00000 
    6    1    1    1    1    1    1    1    1    6  0.00000E+00 0.00000 
    7    1    1    1    1    1    1    1    1    7  0.00000E+00 0.00000 
    8    1    1    1    1    1    1    1    1    8  1.98652E+04 0.00332 
    9    1    1    1    1    1    1    1    1    9  1.58865E+04 0.00363 
   10    1    1    1    1    1    1    1    1   10  0.00000E+00 0.00000 
   11    1    1    1    1    1    1    1    1   11  1.27329E+04 0.00397 
   12    1    1    1    1    1    1    1    2    1  2.13822E+04 0.00329 
   13    1    1    1    1    1    1    1    2    2  0.00000E+00 0.00000 
   14    1    1    1    1    1    1    1    2    3  0.00000E+00 0.00000 
   15    1    1    1    1    1    1    1    2    4  0.00000E+00 0.00000 
   16    1    1    1    1    1    1    1    2    5  0.00000E+00 0.00000 
   17    1    1    1    1    1    1    1    2    6  2.14465E+04 0.00325 
   18    1    1    1    1    1    1    1    2    7  1.80721E+04 0.00347 
   19    1    1    1    1    1    1    1    2    8  0.00000E+00 0.00000 
   20    1    1    1    1    1    1    1    2    9  1.36813E+04 0.00384 
   21    1    1    1    1    1    1    1    2   10  1.27093E+04 0.00395 
   22    1    1    1    1    1    1    1    2   11  0.00000E+00 0.00000 
   23    1    1    1    1    1    1    1    3    1  1.80193E+04 0.00345 
   24    1    1    1    1    1    1    1    3    2  1.98323E+04 0.00340 
   25    1    1    1    1    1    1    1    3    3  0.00000E+00 0.00000 
   26    1    1    1    1    1    1    1    3    4  1.98803E+04 0.00339 
   27    1    1    1    1    1    1    1    3    5  1.80491E+04 0.00347 
   28    1    1    1    1    1    1    1    3    6  0.00000E+00 0.00000 
   29    1    1    1    1    1    1    1    3    7  0.00000E+00 0.00000 
   30    1    1    1    1    1    1    1    3    8  1.37500E+04 0.00387 
   31    1    1    1    1    1    1    1    3    9  0.00000E+00 0.00000 
   32    1    1    1    1    1    1    1    3   10  0.00000E+00 0.00000 
   33    1    1    1    1    1    1    1    3   11  1.14332E+04 0.00411 
   34    1    1    1    1    1    1    1    4    1  0.00000E+00 0.00000 
   35    1    1    1    1    1    1    1    4    2  1.58652E+04 0.00366 
   36    1    1    1    1    1    1    1    4    3  1.59124E+04 0.00365 
   37    1    1    1    1    1    1    1    4    4  0.00000E+00 0.00000 
   38    1    1    1    1    1    1    1    4    5  0.00000E+00 0.00000 
   39    1    1    1    1    1    1    1    4    6  1.45273E+04 0.00371 
   40    1    1    1    1    1    1    1    4    7  0.00000E+00 0.00000 
   41    1    1    1    1    1    1    1    4    8  1.27270E+04 0.00382 
   42    1    1    1    1    1    1    1    4    9  0.00000E+00 0.00000 
   43    1    1    1    1    1    1    1    4   10  0.00000E+00 0.00000 
   44    1    1    1    1    1    1    1    4   11  1.05487E+04 0.00424 
   45    1    1    1    1    1    1    1    5    1  1.36151E+04 0.00388 
   46    1    1    1    1    1    1    1    5    2  0.00000E+00 0.00000 
   47    1    1    1    1    1    1    1    5    3  1.35842E+04 0.00394 
   48    1    1    1    1    1    1    1    5    4  1.36549E+04 0.00393 
   49    1    1    1    1    1    1    1    5    5  0.00000E+00 0.00000 
   50    1    1    1    1    1    1    1    5    6  1.29353E+04 0.00389 
   51    1    1    1    1    1    1    1    5    7  0.00000E+00 0.00000 
   52    1    1    1    1    1    1    1    5    8  0.00000E+00 0.00000 
   53    1    1    1    1    1    1    1    5    9  1.10915E+04 0.00410 
   54    1    1    1    1    1    1    1    5   10  1.05133E+04 0.00419 
   55    1    1    1    1    1    1    1    5   11  0.00000E+00 0.00000 
   56    1    1    1    1    1    1    1    6    1  1.27074E+04 0.00392 
   57    1    1    1    1    1    1    1    6    2  1.27165E+04 0.00390 
   58    1    1    1    1    1    1    1    6    3  0.00000E+00 0.00000 
   59    1    1    1    1    1    1    1    6    4  1.27793E+04 0.00391 
   60    1    1    1    1    1    1    1    6    5  0.00000E+00 0.00000 
   61    1    1    1    1    1    1    1    6    6  0.00000E+00 0.00000 
   62    1    1    1    1    1    1    1    6    7  1.11973E+04 0.00400 
   63    1    1    1    1    1    1    1    6    8  1.06747E+04 0.00414 
   64    1    1    1    1    1    1    1    6    9  0.00000E+00 0.00000 
   65    1    1    1    1    1    1    1    6   10  1.01006E+04 0.00428 
   66    1    1    1    1    1    1    1    6   11  9.79465E+03 0.00424 
   67    1    1    1    1    1    1    1    7    1  0.00000E+00 0.00000 
   68    1    1    1    1    1    1    1    7    2  0.00000E+00 0.00000 
   69    1    1    1    1    1    1    1    7    3  0.00000E+00 0.00000 
   70    1    1    1    1    1    1    1    7    4  0.00000E+00 0.00000 
   71    1    1    1    1    1    1    1    7    5  1.11725E+04 0.00405 
   72    1    1    1    1    1    1    1    7    6  1.05515E+04 0.00425 
   73    1    1    1    1    1    1    1    7    7  0.00000E+00 0.00000 
   74    1    1    1    1    1    1    1    7    8  1.01093E+04 0.00427 
   75    1    1    1    1    1    1    1    7    9  0.00000E+00 0.00000 
   76    1    1    1    1    1    1    1    7   10  0.00000E+00 0.00000 
   77    1    1    1    1    1    1    1    7   11  9.43882E+03 0.00433 
   78    1    1    1    1    1    1    1    8    1  1.14324E+04 0.00407 
   79    1    1    1    1    1    1    1    8    2  0.00000E+00 0.00000 
   80    1    1    1    1    1    1    1    8    3  1.11451E+04 0.00410 
   81    1    1    1    1    1    1    1    8    4  1.06031E+04 0.00414 
   82    1    1    1    1    1    1    1    8    5  0.00000E+00 0.00000 
   83    1    1    1    1    1    1    1    8    6  9.78136E+03 0.00430 
   84    1    1    1    1    1    1    1    8    7  9.64230E+03 0.00431 
   85    1    1    1    1    1    1    1    8    8  0.00000E+00 0.00000 
   86    1    1    1    1    1    1    1    8    9  9.59586E+03 0.00435 
   87    1    1    1    1    1    1    1    8   10  9.16068E+03 0.00435 
   88    1    1    1    1    1    1    1    8   11  0.00000E+00 0.00000 
   89    1    1    1    1    1    1    1    9    1  1.04740E+04 0.00421 
   90    1    1    1    1    1    1    1    9    2  1.04698E+04 0.00419 
   91    1    1    1    1    1    1    1    9    3  0.00000E+00 0.00000 
   92    1    1    1    1    1    1    1    9    4  1.00015E+04 0.00430 
   93    1    1    1    1    1    1    1    9    5  9.60813E+03 0.00435 
   94    1    1    1    1    1    1    1    9    6  0.00000E+00 0.00000 
   95    1    1    1    1    1    1    1    9    7  9.20330E+03 0.00440 
   96    1    1    1    1    1    1    1    9    8  9.11072E+03 0.00443 
   97    1    1    1    1    1    1    1    9    9  0.00000E+00 0.00000 
   98    1    1    1    1    1    1    1    9   10  8.90540E+03 0.00449 
   99    1    1    1    1    1    1    1    9   11  9.00776E+03 0.00447 
  100    1    1    1    1    1    1    1   10    1  0.00000E+00 0.00000 
  101    1    1    1    1    1    1    1   10    2  1.00829E+04 0.00420 
  102    1    1    1    1    1    1    1   10    3  0.00000E+00 0.00000 
  103    1    1    1    1    1    1    1   10    4  0.00000E+00 0.00000 
  104    1    1    1    1    1    1    1   10    5  9.16893E+03 0.00449 
  105    1    1    1    1    1    1    1   10    6  9.01119E+03 0.00439 
  106    1    1    1    1    1    1    1   10    7  0.00000E+00 0.00000 
  107    1    1    1    1    1    1    1   10    8  8.78775E+03 0.00437 
  108    1    1    1    1    1    1    1   10    9  8.69642E+03 0.00451 
  109    1    1    1    1    1    1    1   10   10  0.00000E+00 0.00000 
