
ZAI = [
922350
922380
666
0
];

NAMES = [
'U235            '
'U238            '
'lost            '
'total           '
];

i922350 = 1; iU235             = 1;
i922380 = 2; iU238             = 2;
iLOST    = 3;
iTOT     = 4;

MAT_un_VOLUME = [ 2.35380E+05 2.35380E+05 ];

MAT_un_BURNUP = [ 0.00000E+00 4.86990E+01 ];

MAT_un_ADENS = [
4.83387E-03 3.35667E-03 % U235
1.93936E-02 1.88199E-02 % U238
0.00000E+00 6.42260E-30 % lost data
7.26897E-02 7.39527E-02 % total
];

MAT_un_MDENS = [
1.88669E+00 1.31013E+00 % U235
7.66628E+00 7.43949E+00 % U238
0.00000E+00 0.00000E+00 % lost data
1.08000E+01 1.07984E+01 % total
];

MAT_un_A = [
3.55089E+10 2.46576E+10 % U235
2.24412E+10 2.17774E+10 % U238
0.00000E+00 0.00000E+00 % lost data
5.79501E+10 3.24966E+18 % total
];

MAT_un_H = [
2.66189E-02 1.84843E-02 % U235
1.53530E-02 1.48988E-02 % U238
0.00000E+00 0.00000E+00 % lost data
4.19719E-02 9.58598E+05 % total
];

MAT_un_SF = [
2.55664E+00 1.77535E+00 % U235
1.22529E+04 1.18904E+04 % U238
0.00000E+00 0.00000E+00 % lost data
1.22555E+04 1.39322E+08 % total
];

MAT_un_GSRC = [
4.48657E+10 3.11551E+10 % U235
1.98725E+09 1.92846E+09 % U238
0.00000E+00 0.00000E+00 % lost data
4.68530E+10 3.48701E+18 % total
];

MAT_un_ING_TOX = [
1.66892E+03 1.15891E+03 % U235
1.00986E+03 9.79981E+02 % U238
0.00000E+00 0.00000E+00 % lost data
2.67877E+03 2.24929E+09 % total
];

MAT_un_INH_TOX = [
3.01825E+05 2.09590E+05 % U235
1.79530E+05 1.74219E+05 % U238
0.00000E+00 0.00000E+00 % lost data
4.81355E+05 8.98730E+10 % total
];

TOT_VOLUME = [ 2.35380E+05 2.35380E+05 ];

TOT_BURNUP = [ 0.00000E+00 4.86990E+01 ];

TOT_ADENS = [
4.83387E-03 3.35667E-03 % U235
1.93936E-02 1.88199E-02 % U238
0.00000E+00 6.42260E-30 % lost data
7.26897E-02 7.39527E-02 % total
];

TOT_MASS = [
4.44088E+05 3.08378E+05 % U235
1.80449E+06 1.75111E+06 % U238
0.00000E+00 0.00000E+00 % lost data
2.54210E+06 2.54171E+06 % total
];

TOT_A = [
3.55089E+10 2.46576E+10 % U235
2.24412E+10 2.17774E+10 % U238
0.00000E+00 0.00000E+00 % lost data
5.79501E+10 3.24966E+18 % total
];

TOT_H = [
2.66189E-02 1.84843E-02 % U235
1.53530E-02 1.48988E-02 % U238
0.00000E+00 0.00000E+00 % lost data
4.19719E-02 9.58598E+05 % total
];

TOT_SF = [
2.55664E+00 1.77535E+00 % U235
1.22529E+04 1.18904E+04 % U238
0.00000E+00 0.00000E+00 % lost data
1.22555E+04 1.39322E+08 % total
];

TOT_GSRC = [
4.48657E+10 3.11551E+10 % U235
1.98725E+09 1.92846E+09 % U238
0.00000E+00 0.00000E+00 % lost data
4.68530E+10 3.48701E+18 % total
];

TOT_ING_TOX = [
1.66892E+03 1.15891E+03 % U235
1.00986E+03 9.79981E+02 % U238
0.00000E+00 0.00000E+00 % lost data
2.67877E+03 2.24929E+09 % total
];

TOT_INH_TOX = [
3.01825E+05 2.09590E+05 % U235
1.79530E+05 1.74219E+05 % U238
0.00000E+00 0.00000E+00 % lost data
4.81355E+05 8.98730E+10 % total
];

BU = [ 0.00000E+00 4.86975E+01 ];

DAYS = [ 0.00000E+00 7.30000E+03 ];
