
DETassem1 = [
    1    1    1    1    1    1    1    1    1    1  0.00000E+00 0.00000 
    2    1    1    1    1    1    1    1    1    2  0.00000E+00 0.00000 
    3    1    1    1    1    1    1    1    1    3  0.00000E+00 0.00000 
    4    1    1    1    1    1    1    1    1    4  0.00000E+00 0.00000 
    5    1    1    1    1    1    1    1    1    5  0.00000E+00 0.00000 
    6    1    1    1    1    1    1    1    1    6  0.00000E+00 0.00000 
    7    1    1    1    1    1    1    1    1    7  0.00000E+00 0.00000 
    8    1    1    1    1    1    1    1    1    8  1.82208E+04 0.00355 
    9    1    1    1    1    1    1    1    1    9  1.43079E+04 0.00395 
   10    1    1    1    1    1    1    1    1   10  0.00000E+00 0.00000 
   11    1    1    1    1    1    1    1    1   11  1.06605E+04 0.00422 
   12    1    1    1    1    1    1    1    2    1  1.95646E+04 0.00341 
   13    1    1    1    1    1    1    1    2    2  0.00000E+00 0.00000 
   14    1    1    1    1    1    1    1    2    3  0.00000E+00 0.00000 
   15    1    1    1    1    1    1    1    2    4  0.00000E+00 0.00000 
   16    1    1    1    1    1    1    1    2    5  0.00000E+00 0.00000 
   17    1    1    1    1    1    1    1    2    6  1.95513E+04 0.00341 
   18    1    1    1    1    1    1    1    2    7  1.59540E+04 0.00365 
   19    1    1    1    1    1    1    1    2    8  0.00000E+00 0.00000 
   20    1    1    1    1    1    1    1    2    9  1.16872E+04 0.00410 
   21    1    1    1    1    1    1    1    2   10  1.05741E+04 0.00418 
   22    1    1    1    1    1    1    1    2   11  0.00000E+00 0.00000 
   23    1    1    1    1    1    1    1    3    1  1.60328E+04 0.00367 
   24    1    1    1    1    1    1    1    3    2  1.81617E+04 0.00360 
   25    1    1    1    1    1    1    1    3    3  0.00000E+00 0.00000 
   26    1    1    1    1    1    1    1    3    4  1.81468E+04 0.00350 
   27    1    1    1    1    1    1    1    3    5  1.58466E+04 0.00362 
   28    1    1    1    1    1    1    1    3    6  0.00000E+00 0.00000 
   29    1    1    1    1    1    1    1    3    7  1.25145E+04 0.00404 
   30    1    1    1    1    1    1    1    3    8  1.13217E+04 0.00409 
   31    1    1    1    1    1    1    1    3    9  0.00000E+00 0.00000 
   32    1    1    1    1    1    1    1    3   10  9.83541E+03 0.00431 
   33    1    1    1    1    1    1    1    3   11  9.39581E+03 0.00434 
   34    1    1    1    1    1    1    1    4    1  0.00000E+00 0.00000 
   35    1    1    1    1    1    1    1    4    2  1.41869E+04 0.00383 
   36    1    1    1    1    1    1    1    4    3  1.42323E+04 0.00385 
   37    1    1    1    1    1    1    1    4    4  0.00000E+00 0.00000 
   38    1    1    1    1    1    1    1    4    5  1.25047E+04 0.00394 
   39    1    1    1    1    1    1    1    4    6  1.15831E+04 0.00408 
   40    1    1    1    1    1    1    1    4    7  0.00000E+00 0.00000 
   41    1    1    1    1    1    1    1    4    8  1.01082E+04 0.00431 
   42    1    1    1    1    1    1    1    4    9  9.62262E+03 0.00436 
   43    1    1    1    1    1    1    1    4   10  0.00000E+00 0.00000 
   44    1    1    1    1    1    1    1    4   11  9.14041E+03 0.00428 
   45    1    1    1    1    1    1    1    5    1  1.17741E+04 0.00403 
   46    1    1    1    1    1    1    1    5    2  0.00000E+00 0.00000 
   47    1    1    1    1    1    1    1    5    3  1.16314E+04 0.00407 
   48    1    1    1    1    1    1    1    5    4  1.13265E+04 0.00409 
   49    1    1    1    1    1    1    1    5    5  0.00000E+00 0.00000 
   50    1    1    1    1    1    1    1    5    6  1.02713E+04 0.00427 
   51    1    1    1    1    1    1    1    5    7  9.88705E+03 0.00424 
   52    1    1    1    1    1    1    1    5    8  0.00000E+00 0.00000 
   53    1    1    1    1    1    1    1    5    9  9.24181E+03 0.00427 
   54    1    1    1    1    1    1    1    5   10  9.13866E+03 0.00433 
   55    1    1    1    1    1    1    1    5   11  0.00000E+00 0.00000 
   56    1    1    1    1    1    1    1    6    1  1.06049E+04 0.00415 
   57    1    1    1    1    1    1    1    6    2  1.06017E+04 0.00416 
   58    1    1    1    1    1    1    1    6    3  0.00000E+00 0.00000 
   59    1    1    1    1    1    1    1    6    4  1.00766E+04 0.00423 
   60    1    1    1    1    1    1    1    6    5  9.83793E+03 0.00432 
   61    1    1    1    1    1    1    1    6    6  0.00000E+00 0.00000 
   62    1    1    1    1    1    1    1    6    7  9.31237E+03 0.00431 
   63    1    1    1    1    1    1    1    6    8  9.19468E+03 0.00438 
   64    1    1    1    1    1    1    1    6    9  0.00000E+00 0.00000 
   65    1    1    1    1    1    1    1    6   10  8.86848E+03 0.00445 
   66    1    1    1    1    1    1    1    6   11  8.86626E+03 0.00451 
   67    1    1    1    1    1    1    1    7    1  0.00000E+00 0.00000 
   68    1    1    1    1    1    1    1    7    2  9.78854E+03 0.00426 
   69    1    1    1    1    1    1    1    7    3  9.59363E+03 0.00438 
   70    1    1    1    1    1    1    1    7    4  0.00000E+00 0.00000 
   71    1    1    1    1    1    1    1    7    5  9.23702E+03 0.00425 
   72    1    1    1    1    1    1    1    7    6  9.18780E+03 0.00433 
   73    1    1    1    1    1    1    1    7    7  0.00000E+00 0.00000 
   74    1    1    1    1    1    1    1    7    8  8.90102E+03 0.00453 
   75    1    1    1    1    1    1    1    7    9  8.80912E+03 0.00439 
   76    1    1    1    1    1    1    1    7   10  0.00000E+00 0.00000 
   77    1    1    1    1    1    1    1    7   11  8.72027E+03 0.00455 
   78    1    1    1    1    1    1    1    8    1  9.39653E+03 0.00431 
   79    1    1    1    1    1    1    1    8    2  0.00000E+00 0.00000 
   80    1    1    1    1    1    1    1    8    3  9.23223E+03 0.00442 
   81    1    1    1    1    1    1    1    8    4  9.07484E+03 0.00444 
   82    1    1    1    1    1    1    1    8    5  0.00000E+00 0.00000 
   83    1    1    1    1    1    1    1    8    6  8.99507E+03 0.00442 
   84    1    1    1    1    1    1    1    8    7  8.94492E+03 0.00446 
   85    1    1    1    1    1    1    1    8    8  0.00000E+00 0.00000 
   86    1    1    1    1    1    1    1    8    9  8.77424E+03 0.00447 
   87    1    1    1    1    1    1    1    8   10  8.59752E+03 0.00451 
   88    1    1    1    1    1    1    1    8   11  0.00000E+00 0.00000 
   89    1    1    1    1    1    1    1    9    1  9.12438E+03 0.00430 
   90    1    1    1    1    1    1    1    9    2  8.99379E+03 0.00433 
   91    1    1    1    1    1    1    1    9    3  0.00000E+00 0.00000 
   92    1    1    1    1    1    1    1    9    4  8.88687E+03 0.00444 
   93    1    1    1    1    1    1    1    9    5  8.84447E+03 0.00442 
   94    1    1    1    1    1    1    1    9    6  0.00000E+00 0.00000 
   95    1    1    1    1    1    1    1    9    7  8.99665E+03 0.00449 
   96    1    1    1    1    1    1    1    9    8  8.77754E+03 0.00436 
   97    1    1    1    1    1    1    1    9    9  0.00000E+00 0.00000 
   98    1    1    1    1    1    1    1    9   10  8.53215E+03 0.00456 
   99    1    1    1    1    1    1    1    9   11  8.48924E+03 0.00456 
  100    1    1    1    1    1    1    1   10    1  0.00000E+00 0.00000 
  101    1    1    1    1    1    1    1   10    2  8.92726E+03 0.00444 
  102    1    1    1    1    1    1    1   10    3  8.81983E+03 0.00448 
  103    1    1    1    1    1    1    1   10    4  0.00000E+00 0.00000 
  104    1    1    1    1    1    1    1   10    5  8.99854E+03 0.00438 
  105    1    1    1    1    1    1    1   10    6  0.00000E+00 0.00000 
  106    1    1    1    1    1    1    1   10    7  0.00000E+00 0.00000 
  107    1    1    1    1    1    1    1   10    8  8.65186E+03 0.00450 
  108    1    1    1    1    1    1    1   10    9  8.57474E+03 0.00446 
  109    1    1    1    1    1    1    1   10   10  0.00000E+00 0.00000 
