
DETassem1 = [
    1    1    1    1    1    1    1    1    1    1  0.00000E+00 0.00000 
    2    1    1    1    1    1    1    1    1    2  0.00000E+00 0.00000 
    3    1    1    1    1    1    1    1    1    3  0.00000E+00 0.00000 
    4    1    1    1    1    1    1    1    1    4  0.00000E+00 0.00000 
    5    1    1    1    1    1    1    1    1    5  0.00000E+00 0.00000 
    6    1    1    1    1    1    1    1    1    6  0.00000E+00 0.00000 
    7    1    1    1    1    1    1    1    1    7  0.00000E+00 0.00000 
    8    1    1    1    1    1    1    1    1    8  1.91590E+04 0.00347 
    9    1    1    1    1    1    1    1    1    9  1.52541E+04 0.00373 
   10    1    1    1    1    1    1    1    1   10  0.00000E+00 0.00000 
   11    1    1    1    1    1    1    1    1   11  0.00000E+00 0.00000 
   12    1    1    1    1    1    1    1    2    1  2.03441E+04 0.00348 
   13    1    1    1    1    1    1    1    2    2  0.00000E+00 0.00000 
   14    1    1    1    1    1    1    1    2    3  0.00000E+00 0.00000 
   15    1    1    1    1    1    1    1    2    4  0.00000E+00 0.00000 
   16    1    1    1    1    1    1    1    2    5  0.00000E+00 0.00000 
   17    1    1    1    1    1    1    1    2    6  2.03146E+04 0.00334 
   18    1    1    1    1    1    1    1    2    7  1.67025E+04 0.00353 
   19    1    1    1    1    1    1    1    2    8  0.00000E+00 0.00000 
   20    1    1    1    1    1    1    1    2    9  1.30570E+04 0.00394 
   21    1    1    1    1    1    1    1    2   10  0.00000E+00 0.00000 
   22    1    1    1    1    1    1    1    2   11  0.00000E+00 0.00000 
   23    1    1    1    1    1    1    1    3    1  1.66548E+04 0.00359 
   24    1    1    1    1    1    1    1    3    2  1.89474E+04 0.00357 
   25    1    1    1    1    1    1    1    3    3  0.00000E+00 0.00000 
   26    1    1    1    1    1    1    1    3    4  1.89479E+04 0.00341 
   27    1    1    1    1    1    1    1    3    5  1.67295E+04 0.00354 
   28    1    1    1    1    1    1    1    3    6  0.00000E+00 0.00000 
   29    1    1    1    1    1    1    1    3    7  1.33130E+04 0.00382 
   30    1    1    1    1    1    1    1    3    8  1.22817E+04 0.00403 
   31    1    1    1    1    1    1    1    3    9  0.00000E+00 0.00000 
   32    1    1    1    1    1    1    1    3   10  1.11670E+04 0.00407 
   33    1    1    1    1    1    1    1    3   11  1.04217E+04 0.00417 
   34    1    1    1    1    1    1    1    4    1  0.00000E+00 0.00000 
   35    1    1    1    1    1    1    1    4    2  1.53077E+04 0.00376 
   36    1    1    1    1    1    1    1    4    3  1.52455E+04 0.00385 
   37    1    1    1    1    1    1    1    4    4  0.00000E+00 0.00000 
   38    1    1    1    1    1    1    1    4    5  1.34062E+04 0.00391 
   39    1    1    1    1    1    1    1    4    6  1.26182E+04 0.00392 
   40    1    1    1    1    1    1    1    4    7  0.00000E+00 0.00000 
   41    1    1    1    1    1    1    1    4    8  1.13322E+04 0.00407 
   42    1    1    1    1    1    1    1    4    9  1.06892E+04 0.00423 
   43    1    1    1    1    1    1    1    4   10  0.00000E+00 0.00000 
   44    1    1    1    1    1    1    1    4   11  9.90637E+03 0.00434 
   45    1    1    1    1    1    1    1    5    1  1.30923E+04 0.00394 
   46    1    1    1    1    1    1    1    5    2  0.00000E+00 0.00000 
   47    1    1    1    1    1    1    1    5    3  1.29926E+04 0.00385 
   48    1    1    1    1    1    1    1    5    4  1.23265E+04 0.00395 
   49    1    1    1    1    1    1    1    5    5  0.00000E+00 0.00000 
   50    1    1    1    1    1    1    1    5    6  1.16980E+04 0.00397 
   51    1    1    1    1    1    1    1    5    7  0.00000E+00 0.00000 
   52    1    1    1    1    1    1    1    5    8  0.00000E+00 0.00000 
   53    1    1    1    1    1    1    1    5    9  1.00493E+04 0.00430 
   54    1    1    1    1    1    1    1    5   10  9.80263E+03 0.00433 
   55    1    1    1    1    1    1    1    5   11  0.00000E+00 0.00000 
   56    1    1    1    1    1    1    1    6    1  0.00000E+00 0.00000 
   57    1    1    1    1    1    1    1    6    2  0.00000E+00 0.00000 
   58    1    1    1    1    1    1    1    6    3  0.00000E+00 0.00000 
   59    1    1    1    1    1    1    1    6    4  1.13718E+04 0.00405 
   60    1    1    1    1    1    1    1    6    5  0.00000E+00 0.00000 
   61    1    1    1    1    1    1    1    6    6  0.00000E+00 0.00000 
   62    1    1    1    1    1    1    1    6    7  1.03786E+04 0.00407 
   63    1    1    1    1    1    1    1    6    8  9.94213E+03 0.00419 
   64    1    1    1    1    1    1    1    6    9  0.00000E+00 0.00000 
   65    1    1    1    1    1    1    1    6   10  9.62621E+03 0.00452 
   66    1    1    1    1    1    1    1    6   11  9.58903E+03 0.00443 
   67    1    1    1    1    1    1    1    7    1  0.00000E+00 0.00000 
   68    1    1    1    1    1    1    1    7    2  1.12325E+04 0.00408 
   69    1    1    1    1    1    1    1    7    3  1.07214E+04 0.00411 
   70    1    1    1    1    1    1    1    7    4  0.00000E+00 0.00000 
   71    1    1    1    1    1    1    1    7    5  1.04577E+04 0.00420 
   72    1    1    1    1    1    1    1    7    6  1.00043E+04 0.00426 
   73    1    1    1    1    1    1    1    7    7  0.00000E+00 0.00000 
   74    1    1    1    1    1    1    1    7    8  9.57772E+03 0.00427 
   75    1    1    1    1    1    1    1    7    9  9.63260E+03 0.00426 
   76    1    1    1    1    1    1    1    7   10  0.00000E+00 0.00000 
   77    1    1    1    1    1    1    1    7   11  9.49691E+03 0.00441 
   78    1    1    1    1    1    1    1    8    1  1.04386E+04 0.00407 
   79    1    1    1    1    1    1    1    8    2  0.00000E+00 0.00000 
   80    1    1    1    1    1    1    1    8    3  1.00293E+04 0.00419 
   81    1    1    1    1    1    1    1    8    4  9.96021E+03 0.00431 
   82    1    1    1    1    1    1    1    8    5  0.00000E+00 0.00000 
   83    1    1    1    1    1    1    1    8    6  9.49628E+03 0.00420 
   84    1    1    1    1    1    1    1    8    7  9.33945E+03 0.00436 
   85    1    1    1    1    1    1    1    8    8  0.00000E+00 0.00000 
   86    1    1    1    1    1    1    1    8    9  0.00000E+00 0.00000 
   87    1    1    1    1    1    1    1    8   10  9.43298E+03 0.00433 
   88    1    1    1    1    1    1    1    8   11  0.00000E+00 0.00000 
   89    1    1    1    1    1    1    1    9    1  9.80045E+03 0.00433 
   90    1    1    1    1    1    1    1    9    2  9.83803E+03 0.00432 
   91    1    1    1    1    1    1    1    9    3  0.00000E+00 0.00000 
   92    1    1    1    1    1    1    1    9    4  9.55604E+03 0.00439 
   93    1    1    1    1    1    1    1    9    5  9.38279E+03 0.00436 
   94    1    1    1    1    1    1    1    9    6  0.00000E+00 0.00000 
   95    1    1    1    1    1    1    1    9    7  9.15730E+03 0.00450 
   96    1    1    1    1    1    1    1    9    8  9.34194E+03 0.00433 
   97    1    1    1    1    1    1    1    9    9  0.00000E+00 0.00000 
   98    1    1    1    1    1    1    1    9   10  9.26703E+03 0.00442 
   99    1    1    1    1    1    1    1    9   11  9.26631E+03 0.00440 
  100    1    1    1    1    1    1    1   10    1  0.00000E+00 0.00000 
  101    1    1    1    1    1    1    1   10    2  9.60405E+03 0.00429 
  102    1    1    1    1    1    1    1   10    3  9.60529E+03 0.00431 
  103    1    1    1    1    1    1    1   10    4  0.00000E+00 0.00000 
  104    1    1    1    1    1    1    1   10    5  9.17152E+03 0.00434 
  105    1    1    1    1    1    1    1   10    6  9.01971E+03 0.00445 
  106    1    1    1    1    1    1    1   10    7  0.00000E+00 0.00000 
  107    1    1    1    1    1    1    1   10    8  9.07496E+03 0.00443 
  108    1    1    1    1    1    1    1   10    9  9.26989E+03 0.00448 
  109    1    1    1    1    1    1    1   10   10  0.00000E+00 0.00000 
