
DETassem1 = [
    1    1    1    1    1    1    1    1    1    1  0.00000E+00 0.00000 
    2    1    1    1    1    1    1    1    1    2  0.00000E+00 0.00000 
    3    1    1    1    1    1    1    1    1    3  0.00000E+00 0.00000 
    4    1    1    1    1    1    1    1    1    4  0.00000E+00 0.00000 
    5    1    1    1    1    1    1    1    1    5  0.00000E+00 0.00000 
    6    1    1    1    1    1    1    1    1    6  0.00000E+00 0.00000 
    7    1    1    1    1    1    1    1    1    7  0.00000E+00 0.00000 
    8    1    1    1    1    1    1    1    1    8  1.89761E+04 0.00358 
    9    1    1    1    1    1    1    1    1    9  1.46737E+04 0.00394 
   10    1    1    1    1    1    1    1    1   10  0.00000E+00 0.00000 
   11    1    1    1    1    1    1    1    1   11  1.08962E+04 0.00426 
   12    1    1    1    1    1    1    1    2    1  2.04114E+04 0.00348 
   13    1    1    1    1    1    1    1    2    2  0.00000E+00 0.00000 
   14    1    1    1    1    1    1    1    2    3  0.00000E+00 0.00000 
   15    1    1    1    1    1    1    1    2    4  0.00000E+00 0.00000 
   16    1    1    1    1    1    1    1    2    5  0.00000E+00 0.00000 
   17    1    1    1    1    1    1    1    2    6  2.04913E+04 0.00351 
   18    1    1    1    1    1    1    1    2    7  1.64201E+04 0.00376 
   19    1    1    1    1    1    1    1    2    8  0.00000E+00 0.00000 
   20    1    1    1    1    1    1    1    2    9  1.20385E+04 0.00411 
   21    1    1    1    1    1    1    1    2   10  1.09679E+04 0.00440 
   22    1    1    1    1    1    1    1    2   11  0.00000E+00 0.00000 
   23    1    1    1    1    1    1    1    3    1  1.64613E+04 0.00380 
   24    1    1    1    1    1    1    1    3    2  1.90283E+04 0.00360 
   25    1    1    1    1    1    1    1    3    3  0.00000E+00 0.00000 
   26    1    1    1    1    1    1    1    3    4  1.89273E+04 0.00348 
   27    1    1    1    1    1    1    1    3    5  1.64710E+04 0.00377 
   28    1    1    1    1    1    1    1    3    6  0.00000E+00 0.00000 
   29    1    1    1    1    1    1    1    3    7  1.26923E+04 0.00404 
   30    1    1    1    1    1    1    1    3    8  1.16238E+04 0.00417 
   31    1    1    1    1    1    1    1    3    9  0.00000E+00 0.00000 
   32    1    1    1    1    1    1    1    3   10  1.04788E+04 0.00434 
   33    1    1    1    1    1    1    1    3   11  9.92223E+03 0.00437 
   34    1    1    1    1    1    1    1    4    1  0.00000E+00 0.00000 
   35    1    1    1    1    1    1    1    4    2  1.46095E+04 0.00398 
   36    1    1    1    1    1    1    1    4    3  1.45429E+04 0.00395 
   37    1    1    1    1    1    1    1    4    4  0.00000E+00 0.00000 
   38    1    1    1    1    1    1    1    4    5  1.27238E+04 0.00401 
   39    1    1    1    1    1    1    1    4    6  1.17767E+04 0.00423 
   40    1    1    1    1    1    1    1    4    7  0.00000E+00 0.00000 
   41    1    1    1    1    1    1    1    4    8  1.09307E+04 0.00448 
   42    1    1    1    1    1    1    1    4    9  0.00000E+00 0.00000 
   43    1    1    1    1    1    1    1    4   10  0.00000E+00 0.00000 
   44    1    1    1    1    1    1    1    4   11  9.60562E+03 0.00456 
   45    1    1    1    1    1    1    1    5    1  1.19958E+04 0.00420 
   46    1    1    1    1    1    1    1    5    2  0.00000E+00 0.00000 
   47    1    1    1    1    1    1    1    5    3  1.19266E+04 0.00413 
   48    1    1    1    1    1    1    1    5    4  1.16963E+04 0.00421 
   49    1    1    1    1    1    1    1    5    5  0.00000E+00 0.00000 
   50    1    1    1    1    1    1    1    5    6  1.06203E+04 0.00433 
   51    1    1    1    1    1    1    1    5    7  1.04525E+04 0.00434 
   52    1    1    1    1    1    1    1    5    8  0.00000E+00 0.00000 
   53    1    1    1    1    1    1    1    5    9  1.05541E+04 0.00438 
   54    1    1    1    1    1    1    1    5   10  9.81490E+03 0.00441 
   55    1    1    1    1    1    1    1    5   11  0.00000E+00 0.00000 
   56    1    1    1    1    1    1    1    6    1  1.08952E+04 0.00431 
   57    1    1    1    1    1    1    1    6    2  1.09648E+04 0.00429 
   58    1    1    1    1    1    1    1    6    3  0.00000E+00 0.00000 
   59    1    1    1    1    1    1    1    6    4  1.10053E+04 0.00427 
   60    1    1    1    1    1    1    1    6    5  1.04879E+04 0.00439 
   61    1    1    1    1    1    1    1    6    6  0.00000E+00 0.00000 
   62    1    1    1    1    1    1    1    6    7  1.03611E+04 0.00442 
   63    1    1    1    1    1    1    1    6    8  0.00000E+00 0.00000 
   64    1    1    1    1    1    1    1    6    9  0.00000E+00 0.00000 
   65    1    1    1    1    1    1    1    6   10  9.97607E+03 0.00446 
   66    1    1    1    1    1    1    1    6   11  9.32408E+03 0.00455 
   67    1    1    1    1    1    1    1    7    1  0.00000E+00 0.00000 
   68    1    1    1    1    1    1    1    7    2  1.04995E+04 0.00435 
   69    1    1    1    1    1    1    1    7    3  0.00000E+00 0.00000 
   70    1    1    1    1    1    1    1    7    4  0.00000E+00 0.00000 
   71    1    1    1    1    1    1    1    7    5  1.02980E+04 0.00434 
   72    1    1    1    1    1    1    1    7    6  1.00678E+04 0.00442 
   73    1    1    1    1    1    1    1    7    7  0.00000E+00 0.00000 
   74    1    1    1    1    1    1    1    7    8  1.04178E+04 0.00444 
   75    1    1    1    1    1    1    1    7    9  0.00000E+00 0.00000 
   76    1    1    1    1    1    1    1    7   10  0.00000E+00 0.00000 
   77    1    1    1    1    1    1    1    7   11  9.07027E+03 0.00457 
   78    1    1    1    1    1    1    1    8    1  9.95531E+03 0.00444 
   79    1    1    1    1    1    1    1    8    2  0.00000E+00 0.00000 
   80    1    1    1    1    1    1    1    8    3  1.05008E+04 0.00440 
   81    1    1    1    1    1    1    1    8    4  0.00000E+00 0.00000 
   82    1    1    1    1    1    1    1    8    5  0.00000E+00 0.00000 
   83    1    1    1    1    1    1    1    8    6  9.89596E+03 0.00453 
   84    1    1    1    1    1    1    1    8    7  9.99980E+03 0.00445 
   85    1    1    1    1    1    1    1    8    8  0.00000E+00 0.00000 
   86    1    1    1    1    1    1    1    8    9  0.00000E+00 0.00000 
   87    1    1    1    1    1    1    1    8   10  9.50028E+03 0.00476 
   88    1    1    1    1    1    1    1    8   11  0.00000E+00 0.00000 
   89    1    1    1    1    1    1    1    9    1  9.58634E+03 0.00454 
   90    1    1    1    1    1    1    1    9    2  9.95499E+03 0.00441 
   91    1    1    1    1    1    1    1    9    3  0.00000E+00 0.00000 
   92    1    1    1    1    1    1    1    9    4  1.04930E+04 0.00429 
   93    1    1    1    1    1    1    1    9    5  9.94606E+03 0.00444 
   94    1    1    1    1    1    1    1    9    6  0.00000E+00 0.00000 
   95    1    1    1    1    1    1    1    9    7  9.98769E+03 0.00446 
   96    1    1    1    1    1    1    1    9    8  0.00000E+00 0.00000 
   97    1    1    1    1    1    1    1    9    9  0.00000E+00 0.00000 
   98    1    1    1    1    1    1    1    9   10  8.81866E+03 0.00473 
   99    1    1    1    1    1    1    1    9   11  8.44447E+03 0.00475 
  100    1    1    1    1    1    1    1   10    1  0.00000E+00 0.00000 
  101    1    1    1    1    1    1    1   10    2  9.98707E+03 0.00440 
  102    1    1    1    1    1    1    1   10    3  0.00000E+00 0.00000 
  103    1    1    1    1    1    1    1   10    4  0.00000E+00 0.00000 
  104    1    1    1    1    1    1    1   10    5  1.00043E+04 0.00453 
  105    1    1    1    1    1    1    1   10    6  9.67143E+03 0.00453 
  106    1    1    1    1    1    1    1   10    7  0.00000E+00 0.00000 
  107    1    1    1    1    1    1    1   10    8  9.46249E+03 0.00450 
  108    1    1    1    1    1    1    1   10    9  8.96669E+03 0.00458 
  109    1    1    1    1    1    1    1   10   10  0.00000E+00 0.00000 
