
DETassem1 = [
    1    1    1    1    1    1    1    1    1    1  0.00000E+00 0.00000 
    2    1    1    1    1    1    1    1    1    2  0.00000E+00 0.00000 
    3    1    1    1    1    1    1    1    1    3  0.00000E+00 0.00000 
    4    1    1    1    1    1    1    1    1    4  0.00000E+00 0.00000 
    5    1    1    1    1    1    1    1    1    5  0.00000E+00 0.00000 
    6    1    1    1    1    1    1    1    1    6  0.00000E+00 0.00000 
    7    1    1    1    1    1    1    1    1    7  0.00000E+00 0.00000 
    8    1    1    1    1    1    1    1    1    8  1.90410E+04 0.00355 
    9    1    1    1    1    1    1    1    1    9  1.47893E+04 0.00390 
   10    1    1    1    1    1    1    1    1   10  0.00000E+00 0.00000 
   11    1    1    1    1    1    1    1    1   11  1.14667E+04 0.00430 
   12    1    1    1    1    1    1    1    2    1  2.05658E+04 0.00346 
   13    1    1    1    1    1    1    1    2    2  0.00000E+00 0.00000 
   14    1    1    1    1    1    1    1    2    3  0.00000E+00 0.00000 
   15    1    1    1    1    1    1    1    2    4  0.00000E+00 0.00000 
   16    1    1    1    1    1    1    1    2    5  0.00000E+00 0.00000 
   17    1    1    1    1    1    1    1    2    6  2.05346E+04 0.00349 
   18    1    1    1    1    1    1    1    2    7  1.65443E+04 0.00372 
   19    1    1    1    1    1    1    1    2    8  0.00000E+00 0.00000 
   20    1    1    1    1    1    1    1    2    9  1.21282E+04 0.00418 
   21    1    1    1    1    1    1    1    2   10  1.13571E+04 0.00427 
   22    1    1    1    1    1    1    1    2   11  0.00000E+00 0.00000 
   23    1    1    1    1    1    1    1    3    1  1.65391E+04 0.00380 
   24    1    1    1    1    1    1    1    3    2  1.89742E+04 0.00358 
   25    1    1    1    1    1    1    1    3    3  0.00000E+00 0.00000 
   26    1    1    1    1    1    1    1    3    4  1.90270E+04 0.00352 
   27    1    1    1    1    1    1    1    3    5  1.64952E+04 0.00382 
   28    1    1    1    1    1    1    1    3    6  0.00000E+00 0.00000 
   29    1    1    1    1    1    1    1    3    7  1.28316E+04 0.00409 
   30    1    1    1    1    1    1    1    3    8  1.17804E+04 0.00426 
   31    1    1    1    1    1    1    1    3    9  0.00000E+00 0.00000 
   32    1    1    1    1    1    1    1    3   10  1.12778E+04 0.00433 
   33    1    1    1    1    1    1    1    3   11  0.00000E+00 0.00000 
   34    1    1    1    1    1    1    1    4    1  0.00000E+00 0.00000 
   35    1    1    1    1    1    1    1    4    2  1.47037E+04 0.00397 
   36    1    1    1    1    1    1    1    4    3  1.47409E+04 0.00402 
   37    1    1    1    1    1    1    1    4    4  0.00000E+00 0.00000 
   38    1    1    1    1    1    1    1    4    5  1.27687E+04 0.00412 
   39    1    1    1    1    1    1    1    4    6  1.19771E+04 0.00425 
   40    1    1    1    1    1    1    1    4    7  0.00000E+00 0.00000 
   41    1    1    1    1    1    1    1    4    8  1.10659E+04 0.00430 
   42    1    1    1    1    1    1    1    4    9  0.00000E+00 0.00000 
   43    1    1    1    1    1    1    1    4   10  0.00000E+00 0.00000 
   44    1    1    1    1    1    1    1    4   11  1.02079E+04 0.00435 
   45    1    1    1    1    1    1    1    5    1  1.22258E+04 0.00414 
   46    1    1    1    1    1    1    1    5    2  0.00000E+00 0.00000 
   47    1    1    1    1    1    1    1    5    3  1.21227E+04 0.00422 
   48    1    1    1    1    1    1    1    5    4  1.18165E+04 0.00422 
   49    1    1    1    1    1    1    1    5    5  0.00000E+00 0.00000 
   50    1    1    1    1    1    1    1    5    6  1.08129E+04 0.00433 
   51    1    1    1    1    1    1    1    5    7  1.08210E+04 0.00438 
   52    1    1    1    1    1    1    1    5    8  0.00000E+00 0.00000 
   53    1    1    1    1    1    1    1    5    9  1.01824E+04 0.00444 
   54    1    1    1    1    1    1    1    5   10  9.79728E+03 0.00457 
   55    1    1    1    1    1    1    1    5   11  0.00000E+00 0.00000 
   56    1    1    1    1    1    1    1    6    1  1.13032E+04 0.00432 
   57    1    1    1    1    1    1    1    6    2  1.13782E+04 0.00429 
   58    1    1    1    1    1    1    1    6    3  0.00000E+00 0.00000 
   59    1    1    1    1    1    1    1    6    4  1.10277E+04 0.00436 
   60    1    1    1    1    1    1    1    6    5  1.07291E+04 0.00432 
   61    1    1    1    1    1    1    1    6    6  0.00000E+00 0.00000 
   62    1    1    1    1    1    1    1    6    7  0.00000E+00 0.00000 
   63    1    1    1    1    1    1    1    6    8  9.93160E+03 0.00447 
   64    1    1    1    1    1    1    1    6    9  0.00000E+00 0.00000 
   65    1    1    1    1    1    1    1    6   10  9.26229E+03 0.00460 
   66    1    1    1    1    1    1    1    6   11  9.08430E+03 0.00459 
   67    1    1    1    1    1    1    1    7    1  0.00000E+00 0.00000 
   68    1    1    1    1    1    1    1    7    2  1.11340E+04 0.00432 
   69    1    1    1    1    1    1    1    7    3  0.00000E+00 0.00000 
   70    1    1    1    1    1    1    1    7    4  0.00000E+00 0.00000 
   71    1    1    1    1    1    1    1    7    5  0.00000E+00 0.00000 
   72    1    1    1    1    1    1    1    7    6  1.00852E+04 0.00440 
   73    1    1    1    1    1    1    1    7    7  0.00000E+00 0.00000 
   74    1    1    1    1    1    1    1    7    8  9.21791E+03 0.00459 
   75    1    1    1    1    1    1    1    7    9  9.00094E+03 0.00448 
   76    1    1    1    1    1    1    1    7   10  0.00000E+00 0.00000 
   77    1    1    1    1    1    1    1    7   11  8.87216E+03 0.00470 
   78    1    1    1    1    1    1    1    8    1  0.00000E+00 0.00000 
   79    1    1    1    1    1    1    1    8    2  0.00000E+00 0.00000 
   80    1    1    1    1    1    1    1    8    3  1.02041E+04 0.00441 
   81    1    1    1    1    1    1    1    8    4  9.99508E+03 0.00446 
   82    1    1    1    1    1    1    1    8    5  0.00000E+00 0.00000 
   83    1    1    1    1    1    1    1    8    6  9.18036E+03 0.00465 
   84    1    1    1    1    1    1    1    8    7  8.95731E+03 0.00462 
   85    1    1    1    1    1    1    1    8    8  0.00000E+00 0.00000 
   86    1    1    1    1    1    1    1    8    9  8.63618E+03 0.00460 
   87    1    1    1    1    1    1    1    8   10  8.61277E+03 0.00470 
   88    1    1    1    1    1    1    1    8   11  0.00000E+00 0.00000 
   89    1    1    1    1    1    1    1    9    1  1.03781E+04 0.00438 
   90    1    1    1    1    1    1    1    9    2  9.73985E+03 0.00451 
   91    1    1    1    1    1    1    1    9    3  0.00000E+00 0.00000 
   92    1    1    1    1    1    1    1    9    4  9.13977E+03 0.00457 
   93    1    1    1    1    1    1    1    9    5  8.90308E+03 0.00461 
   94    1    1    1    1    1    1    1    9    6  0.00000E+00 0.00000 
   95    1    1    1    1    1    1    1    9    7  8.57192E+03 0.00470 
   96    1    1    1    1    1    1    1    9    8  8.44072E+03 0.00467 
   97    1    1    1    1    1    1    1    9    9  0.00000E+00 0.00000 
   98    1    1    1    1    1    1    1    9   10  8.41255E+03 0.00476 
   99    1    1    1    1    1    1    1    9   11  8.48828E+03 0.00476 
  100    1    1    1    1    1    1    1   10    1  0.00000E+00 0.00000 
  101    1    1    1    1    1    1    1   10    2  9.12604E+03 0.00455 
  102    1    1    1    1    1    1    1   10    3  8.93080E+03 0.00445 
  103    1    1    1    1    1    1    1   10    4  0.00000E+00 0.00000 
  104    1    1    1    1    1    1    1   10    5  8.60022E+03 0.00471 
  105    1    1    1    1    1    1    1   10    6  8.47646E+03 0.00467 
  106    1    1    1    1    1    1    1   10    7  0.00000E+00 0.00000 
  107    1    1    1    1    1    1    1   10    8  8.12144E+03 0.00473 
  108    1    1    1    1    1    1    1   10    9  8.23897E+03 0.00483 
  109    1    1    1    1    1    1    1   10   10  0.00000E+00 0.00000 
