
ZAI = [
922350
922380
666
0
];

NAMES = [
'U235            '
'U238            '
'lost            '
'total           '
];

i922350 = 1; iU235             = 1;
i922380 = 2; iU238             = 2;
iLOST    = 3;
iTOT     = 4;

MAT_un_VOLUME = [ 2.34041E+05 2.34041E+05 ];

MAT_un_BURNUP = [ 0.00000E+00 4.89777E+01 ];

MAT_un_ADENS = [
4.83387E-03 3.34739E-03 % U235
1.93936E-02 1.88083E-02 % U238
0.00000E+00 4.90695E-30 % lost data
7.26897E-02 7.39604E-02 % total
];

MAT_un_MDENS = [
1.88669E+00 1.30651E+00 % U235
7.66628E+00 7.43491E+00 % U238
0.00000E+00 0.00000E+00 % lost data
1.08000E+01 1.07984E+01 % total
];

MAT_un_A = [
3.53068E+10 2.44495E+10 % U235
2.23136E+10 2.16401E+10 % U238
0.00000E+00 0.00000E+00 % lost data
5.76204E+10 3.25821E+18 % total
];

MAT_un_H = [
2.64674E-02 1.83283E-02 % U235
1.52656E-02 1.48049E-02 % U238
0.00000E+00 0.00000E+00 % lost data
4.17331E-02 9.59312E+05 % total
];

MAT_un_SF = [
2.54209E+00 1.76037E+00 % U235
1.21832E+04 1.18155E+04 % U238
0.00000E+00 0.00000E+00 % lost data
1.21857E+04 1.40646E+08 % total
];

MAT_un_GSRC = [
4.46104E+10 3.08921E+10 % U235
1.97595E+09 1.91631E+09 % U238
0.00000E+00 0.00000E+00 % lost data
4.65864E+10 3.49726E+18 % total
];

MAT_un_ING_TOX = [
1.65942E+03 1.14913E+03 % U235
1.00411E+03 9.73806E+02 % U238
0.00000E+00 0.00000E+00 % lost data
2.66353E+03 2.25717E+09 % total
];

MAT_un_INH_TOX = [
3.00108E+05 2.07821E+05 % U235
1.78508E+05 1.73121E+05 % U238
0.00000E+00 0.00000E+00 % lost data
4.78617E+05 9.11335E+10 % total
];

TOT_VOLUME = [ 2.34041E+05 2.34041E+05 ];

TOT_BURNUP = [ 0.00000E+00 4.89777E+01 ];

TOT_ADENS = [
4.83387E-03 3.34739E-03 % U235
1.93936E-02 1.88083E-02 % U238
0.00000E+00 4.90695E-30 % lost data
7.26897E-02 7.39604E-02 % total
];

TOT_MASS = [
4.41562E+05 3.05776E+05 % U235
1.79422E+06 1.74007E+06 % U238
0.00000E+00 0.00000E+00 % lost data
2.52764E+06 2.52725E+06 % total
];

TOT_A = [
3.53068E+10 2.44495E+10 % U235
2.23136E+10 2.16401E+10 % U238
0.00000E+00 0.00000E+00 % lost data
5.76204E+10 3.25821E+18 % total
];

TOT_H = [
2.64674E-02 1.83283E-02 % U235
1.52656E-02 1.48049E-02 % U238
0.00000E+00 0.00000E+00 % lost data
4.17331E-02 9.59312E+05 % total
];

TOT_SF = [
2.54209E+00 1.76037E+00 % U235
1.21832E+04 1.18155E+04 % U238
0.00000E+00 0.00000E+00 % lost data
1.21857E+04 1.40646E+08 % total
];

TOT_GSRC = [
4.46104E+10 3.08921E+10 % U235
1.97595E+09 1.91631E+09 % U238
0.00000E+00 0.00000E+00 % lost data
4.65864E+10 3.49726E+18 % total
];

TOT_ING_TOX = [
1.65942E+03 1.14913E+03 % U235
1.00411E+03 9.73806E+02 % U238
0.00000E+00 0.00000E+00 % lost data
2.66353E+03 2.25717E+09 % total
];

TOT_INH_TOX = [
3.00108E+05 2.07821E+05 % U235
1.78508E+05 1.73121E+05 % U238
0.00000E+00 0.00000E+00 % lost data
4.78617E+05 9.11335E+10 % total
];

BU = [ 0.00000E+00 4.89761E+01 ];

DAYS = [ 0.00000E+00 7.30000E+03 ];
