
DETassem1 = [
    1    1    1    1    1    1    1    1    1    1  0.00000E+00 0.00000 
    2    1    1    1    1    1    1    1    1    2  0.00000E+00 0.00000 
    3    1    1    1    1    1    1    1    1    3  0.00000E+00 0.00000 
    4    1    1    1    1    1    1    1    1    4  0.00000E+00 0.00000 
    5    1    1    1    1    1    1    1    1    5  0.00000E+00 0.00000 
    6    1    1    1    1    1    1    1    1    6  0.00000E+00 0.00000 
    7    1    1    1    1    1    1    1    1    7  0.00000E+00 0.00000 
    8    1    1    1    1    1    1    1    1    8  2.21583E+04 0.00344 
    9    1    1    1    1    1    1    1    1    9  0.00000E+00 0.00000 
   10    1    1    1    1    1    1    1    1   10  0.00000E+00 0.00000 
   11    1    1    1    1    1    1    1    1   11  1.20142E+04 0.00426 
   12    1    1    1    1    1    1    1    2    1  2.28773E+04 0.00341 
   13    1    1    1    1    1    1    1    2    2  0.00000E+00 0.00000 
   14    1    1    1    1    1    1    1    2    3  0.00000E+00 0.00000 
   15    1    1    1    1    1    1    1    2    4  0.00000E+00 0.00000 
   16    1    1    1    1    1    1    1    2    5  0.00000E+00 0.00000 
   17    1    1    1    1    1    1    1    2    6  2.27912E+04 0.00331 
   18    1    1    1    1    1    1    1    2    7  1.90126E+04 0.00359 
   19    1    1    1    1    1    1    1    2    8  0.00000E+00 0.00000 
   20    1    1    1    1    1    1    1    2    9  1.42206E+04 0.00398 
   21    1    1    1    1    1    1    1    2   10  1.19250E+04 0.00420 
   22    1    1    1    1    1    1    1    2   11  0.00000E+00 0.00000 
   23    1    1    1    1    1    1    1    3    1  1.90107E+04 0.00353 
   24    1    1    1    1    1    1    1    3    2  2.19697E+04 0.00336 
   25    1    1    1    1    1    1    1    3    3  0.00000E+00 0.00000 
   26    1    1    1    1    1    1    1    3    4  2.19760E+04 0.00345 
   27    1    1    1    1    1    1    1    3    5  1.89716E+04 0.00366 
   28    1    1    1    1    1    1    1    3    6  0.00000E+00 0.00000 
   29    1    1    1    1    1    1    1    3    7  0.00000E+00 0.00000 
   30    1    1    1    1    1    1    1    3    8  1.33860E+04 0.00419 
   31    1    1    1    1    1    1    1    3    9  0.00000E+00 0.00000 
   32    1    1    1    1    1    1    1    3   10  1.05132E+04 0.00434 
   33    1    1    1    1    1    1    1    3   11  9.79287E+03 0.00434 
   34    1    1    1    1    1    1    1    4    1  0.00000E+00 0.00000 
   35    1    1    1    1    1    1    1    4    2  0.00000E+00 0.00000 
   36    1    1    1    1    1    1    1    4    3  0.00000E+00 0.00000 
   37    1    1    1    1    1    1    1    4    4  0.00000E+00 0.00000 
   38    1    1    1    1    1    1    1    4    5  0.00000E+00 0.00000 
   39    1    1    1    1    1    1    1    4    6  1.40689E+04 0.00392 
   40    1    1    1    1    1    1    1    4    7  0.00000E+00 0.00000 
   41    1    1    1    1    1    1    1    4    8  1.14198E+04 0.00418 
   42    1    1    1    1    1    1    1    4    9  1.04221E+04 0.00440 
   43    1    1    1    1    1    1    1    4   10  0.00000E+00 0.00000 
   44    1    1    1    1    1    1    1    4   11  9.29417E+03 0.00461 
   45    1    1    1    1    1    1    1    5    1  1.41890E+04 0.00403 
   46    1    1    1    1    1    1    1    5    2  0.00000E+00 0.00000 
   47    1    1    1    1    1    1    1    5    3  1.41588E+04 0.00397 
   48    1    1    1    1    1    1    1    5    4  1.33619E+04 0.00404 
   49    1    1    1    1    1    1    1    5    5  0.00000E+00 0.00000 
   50    1    1    1    1    1    1    1    5    6  1.17100E+04 0.00427 
   51    1    1    1    1    1    1    1    5    7  1.10247E+04 0.00425 
   52    1    1    1    1    1    1    1    5    8  0.00000E+00 0.00000 
   53    1    1    1    1    1    1    1    5    9  1.00349E+04 0.00441 
   54    1    1    1    1    1    1    1    5   10  9.39013E+03 0.00450 
   55    1    1    1    1    1    1    1    5   11  0.00000E+00 0.00000 
   56    1    1    1    1    1    1    1    6    1  1.19575E+04 0.00417 
   57    1    1    1    1    1    1    1    6    2  1.19549E+04 0.00424 
   58    1    1    1    1    1    1    1    6    3  0.00000E+00 0.00000 
   59    1    1    1    1    1    1    1    6    4  1.13898E+04 0.00430 
   60    1    1    1    1    1    1    1    6    5  1.10593E+04 0.00431 
   61    1    1    1    1    1    1    1    6    6  0.00000E+00 0.00000 
   62    1    1    1    1    1    1    1    6    7  1.06451E+04 0.00430 
   63    1    1    1    1    1    1    1    6    8  0.00000E+00 0.00000 
   64    1    1    1    1    1    1    1    6    9  0.00000E+00 0.00000 
   65    1    1    1    1    1    1    1    6   10  9.14098E+03 0.00460 
   66    1    1    1    1    1    1    1    6   11  8.88839E+03 0.00464 
   67    1    1    1    1    1    1    1    7    1  0.00000E+00 0.00000 
   68    1    1    1    1    1    1    1    7    2  1.05079E+04 0.00441 
   69    1    1    1    1    1    1    1    7    3  1.03904E+04 0.00441 
   70    1    1    1    1    1    1    1    7    4  0.00000E+00 0.00000 
   71    1    1    1    1    1    1    1    7    5  1.05247E+04 0.00430 
   72    1    1    1    1    1    1    1    7    6  0.00000E+00 0.00000 
   73    1    1    1    1    1    1    1    7    7  0.00000E+00 0.00000 
   74    1    1    1    1    1    1    1    7    8  9.63806E+03 0.00452 
   75    1    1    1    1    1    1    1    7    9  9.21472E+03 0.00447 
   76    1    1    1    1    1    1    1    7   10  0.00000E+00 0.00000 
   77    1    1    1    1    1    1    1    7   11  8.86363E+03 0.00465 
   78    1    1    1    1    1    1    1    8    1  9.76240E+03 0.00448 
   79    1    1    1    1    1    1    1    8    2  0.00000E+00 0.00000 
   80    1    1    1    1    1    1    1    8    3  1.00278E+04 0.00448 
   81    1    1    1    1    1    1    1    8    4  0.00000E+00 0.00000 
   82    1    1    1    1    1    1    1    8    5  0.00000E+00 0.00000 
   83    1    1    1    1    1    1    1    8    6  9.87332E+03 0.00440 
   84    1    1    1    1    1    1    1    8    7  9.51888E+03 0.00444 
   85    1    1    1    1    1    1    1    8    8  0.00000E+00 0.00000 
   86    1    1    1    1    1    1    1    8    9  9.03220E+03 0.00463 
   87    1    1    1    1    1    1    1    8   10  9.02263E+03 0.00454 
   88    1    1    1    1    1    1    1    8   11  0.00000E+00 0.00000 
   89    1    1    1    1    1    1    1    9    1  9.40145E+03 0.00443 
   90    1    1    1    1    1    1    1    9    2  9.44044E+03 0.00450 
   91    1    1    1    1    1    1    1    9    3  0.00000E+00 0.00000 
   92    1    1    1    1    1    1    1    9    4  9.63206E+03 0.00433 
   93    1    1    1    1    1    1    1    9    5  9.45908E+03 0.00461 
   94    1    1    1    1    1    1    1    9    6  0.00000E+00 0.00000 
   95    1    1    1    1    1    1    1    9    7  9.25841E+03 0.00458 
   96    1    1    1    1    1    1    1    9    8  8.95400E+03 0.00456 
   97    1    1    1    1    1    1    1    9    9  0.00000E+00 0.00000 
   98    1    1    1    1    1    1    1    9   10  0.00000E+00 0.00000 
   99    1    1    1    1    1    1    1    9   11  8.82254E+03 0.00466 
  100    1    1    1    1    1    1    1   10    1  0.00000E+00 0.00000 
  101    1    1    1    1    1    1    1   10    2  9.21977E+03 0.00443 
  102    1    1    1    1    1    1    1   10    3  9.16358E+03 0.00461 
  103    1    1    1    1    1    1    1   10    4  0.00000E+00 0.00000 
  104    1    1    1    1    1    1    1   10    5  9.24506E+03 0.00459 
  105    1    1    1    1    1    1    1   10    6  0.00000E+00 0.00000 
  106    1    1    1    1    1    1    1   10    7  0.00000E+00 0.00000 
  107    1    1    1    1    1    1    1   10    8  8.63585E+03 0.00463 
  108    1    1    1    1    1    1    1   10    9  8.77760E+03 0.00473 
  109    1    1    1    1    1    1    1   10   10  0.00000E+00 0.00000 
