
ZAI = [
922350
922380
666
0
];

NAMES = [
'U235            '
'U238            '
'lost            '
'total           '
];

i922350 = 1; iU235             = 1;
i922380 = 2; iU238             = 2;
iLOST    = 3;
iTOT     = 4;

MAT_un_VOLUME = [ 2.42696E+05 2.42696E+05 ];

MAT_un_BURNUP = [ 0.00000E+00 4.72309E+01 ];

MAT_un_ADENS = [
4.83387E-03 3.39487E-03 % U235
1.93936E-02 1.88289E-02 % U238
0.00000E+00 4.35223E-30 % lost data
7.26897E-02 7.39147E-02 % total
];

MAT_un_MDENS = [
1.88669E+00 1.32504E+00 % U235
7.66628E+00 7.44303E+00 % U238
0.00000E+00 0.00000E+00 % lost data
1.08000E+01 1.07984E+01 % total
];

MAT_un_A = [
3.66126E+10 2.57134E+10 % U235
2.31388E+10 2.24650E+10 % U238
0.00000E+00 0.00000E+00 % lost data
5.97514E+10 3.25846E+18 % total
];

MAT_un_H = [
2.74463E-02 1.92758E-02 % U235
1.58302E-02 1.53692E-02 % U238
0.00000E+00 0.00000E+00 % lost data
4.32765E-02 9.60325E+05 % total
];

MAT_un_SF = [
2.63611E+00 1.85136E+00 % U235
1.26338E+04 1.22659E+04 % U238
0.00000E+00 0.00000E+00 % lost data
1.26364E+04 1.31827E+08 % total
];

MAT_un_GSRC = [
4.62603E+10 3.24890E+10 % U235
2.04902E+09 1.98935E+09 % U238
0.00000E+00 0.00000E+00 % lost data
4.83093E+10 3.49786E+18 % total
];

MAT_un_ING_TOX = [
1.72079E+03 1.20853E+03 % U235
1.04125E+03 1.01092E+03 % U238
0.00000E+00 0.00000E+00 % lost data
2.76204E+03 2.24783E+09 % total
];

MAT_un_INH_TOX = [
3.11207E+05 2.18564E+05 % U235
1.85110E+05 1.79720E+05 % U238
0.00000E+00 0.00000E+00 % lost data
4.96317E+05 8.80652E+10 % total
];

TOT_VOLUME = [ 2.42696E+05 2.42696E+05 ];

TOT_BURNUP = [ 0.00000E+00 4.72309E+01 ];

TOT_ADENS = [
4.83387E-03 3.39487E-03 % U235
1.93936E-02 1.88289E-02 % U238
0.00000E+00 4.35223E-30 % lost data
7.26897E-02 7.39147E-02 % total
];

TOT_MASS = [
4.57892E+05 3.21582E+05 % U235
1.86058E+06 1.80640E+06 % U238
0.00000E+00 0.00000E+00 % lost data
2.62112E+06 2.62073E+06 % total
];

TOT_A = [
3.66126E+10 2.57134E+10 % U235
2.31388E+10 2.24650E+10 % U238
0.00000E+00 0.00000E+00 % lost data
5.97514E+10 3.25846E+18 % total
];

TOT_H = [
2.74463E-02 1.92758E-02 % U235
1.58302E-02 1.53692E-02 % U238
0.00000E+00 0.00000E+00 % lost data
4.32765E-02 9.60325E+05 % total
];

TOT_SF = [
2.63611E+00 1.85136E+00 % U235
1.26338E+04 1.22659E+04 % U238
0.00000E+00 0.00000E+00 % lost data
1.26364E+04 1.31827E+08 % total
];

TOT_GSRC = [
4.62603E+10 3.24890E+10 % U235
2.04902E+09 1.98935E+09 % U238
0.00000E+00 0.00000E+00 % lost data
4.83093E+10 3.49786E+18 % total
];

TOT_ING_TOX = [
1.72079E+03 1.20853E+03 % U235
1.04125E+03 1.01092E+03 % U238
0.00000E+00 0.00000E+00 % lost data
2.76204E+03 2.24783E+09 % total
];

TOT_INH_TOX = [
3.11207E+05 2.18564E+05 % U235
1.85110E+05 1.79720E+05 % U238
0.00000E+00 0.00000E+00 % lost data
4.96317E+05 8.80652E+10 % total
];

BU = [ 0.00000E+00 4.72294E+01 ];

DAYS = [ 0.00000E+00 7.30000E+03 ];
