
DETassem1 = [
    1    1    1    1    1    1    1    1    1    1  0.00000E+00 0.00000 
    2    1    1    1    1    1    1    1    1    2  0.00000E+00 0.00000 
    3    1    1    1    1    1    1    1    1    3  0.00000E+00 0.00000 
    4    1    1    1    1    1    1    1    1    4  0.00000E+00 0.00000 
    5    1    1    1    1    1    1    1    1    5  0.00000E+00 0.00000 
    6    1    1    1    1    1    1    1    1    6  0.00000E+00 0.00000 
    7    1    1    1    1    1    1    1    1    7  0.00000E+00 0.00000 
    8    1    1    1    1    1    1    1    1    8  1.97381E+04 0.00339 
    9    1    1    1    1    1    1    1    1    9  1.61315E+04 0.00364 
   10    1    1    1    1    1    1    1    1   10  0.00000E+00 0.00000 
   11    1    1    1    1    1    1    1    1   11  1.23849E+04 0.00407 
   12    1    1    1    1    1    1    1    2    1  2.08271E+04 0.00325 
   13    1    1    1    1    1    1    1    2    2  0.00000E+00 0.00000 
   14    1    1    1    1    1    1    1    2    3  0.00000E+00 0.00000 
   15    1    1    1    1    1    1    1    2    4  0.00000E+00 0.00000 
   16    1    1    1    1    1    1    1    2    5  0.00000E+00 0.00000 
   17    1    1    1    1    1    1    1    2    6  2.08786E+04 0.00329 
   18    1    1    1    1    1    1    1    2    7  1.74032E+04 0.00349 
   19    1    1    1    1    1    1    1    2    8  0.00000E+00 0.00000 
   20    1    1    1    1    1    1    1    2    9  0.00000E+00 0.00000 
   21    1    1    1    1    1    1    1    2   10  1.24635E+04 0.00398 
   22    1    1    1    1    1    1    1    2   11  0.00000E+00 0.00000 
   23    1    1    1    1    1    1    1    3    1  1.74150E+04 0.00358 
   24    1    1    1    1    1    1    1    3    2  1.98550E+04 0.00333 
   25    1    1    1    1    1    1    1    3    3  0.00000E+00 0.00000 
   26    1    1    1    1    1    1    1    3    4  1.97279E+04 0.00338 
   27    1    1    1    1    1    1    1    3    5  1.75246E+04 0.00353 
   28    1    1    1    1    1    1    1    3    6  0.00000E+00 0.00000 
   29    1    1    1    1    1    1    1    3    7  1.40649E+04 0.00380 
   30    1    1    1    1    1    1    1    3    8  0.00000E+00 0.00000 
   31    1    1    1    1    1    1    1    3    9  0.00000E+00 0.00000 
   32    1    1    1    1    1    1    1    3   10  1.10139E+04 0.00422 
   33    1    1    1    1    1    1    1    3   11  1.01111E+04 0.00424 
   34    1    1    1    1    1    1    1    4    1  0.00000E+00 0.00000 
   35    1    1    1    1    1    1    1    4    2  1.61058E+04 0.00364 
   36    1    1    1    1    1    1    1    4    3  1.61848E+04 0.00354 
   37    1    1    1    1    1    1    1    4    4  0.00000E+00 0.00000 
   38    1    1    1    1    1    1    1    4    5  1.40279E+04 0.00393 
   39    1    1    1    1    1    1    1    4    6  1.28474E+04 0.00399 
   40    1    1    1    1    1    1    1    4    7  0.00000E+00 0.00000 
   41    1    1    1    1    1    1    1    4    8  1.15930E+04 0.00406 
   42    1    1    1    1    1    1    1    4    9  1.07350E+04 0.00424 
   43    1    1    1    1    1    1    1    4   10  0.00000E+00 0.00000 
   44    1    1    1    1    1    1    1    4   11  9.56437E+03 0.00421 
   45    1    1    1    1    1    1    1    5    1  0.00000E+00 0.00000 
   46    1    1    1    1    1    1    1    5    2  0.00000E+00 0.00000 
   47    1    1    1    1    1    1    1    5    3  0.00000E+00 0.00000 
   48    1    1    1    1    1    1    1    5    4  0.00000E+00 0.00000 
   49    1    1    1    1    1    1    1    5    5  0.00000E+00 0.00000 
   50    1    1    1    1    1    1    1    5    6  1.13748E+04 0.00414 
   51    1    1    1    1    1    1    1    5    7  1.08692E+04 0.00415 
   52    1    1    1    1    1    1    1    5    8  0.00000E+00 0.00000 
   53    1    1    1    1    1    1    1    5    9  9.80664E+03 0.00424 
   54    1    1    1    1    1    1    1    5   10  9.61388E+03 0.00439 
   55    1    1    1    1    1    1    1    5   11  0.00000E+00 0.00000 
   56    1    1    1    1    1    1    1    6    1  1.23460E+04 0.00407 
   57    1    1    1    1    1    1    1    6    2  1.24274E+04 0.00406 
   58    1    1    1    1    1    1    1    6    3  0.00000E+00 0.00000 
   59    1    1    1    1    1    1    1    6    4  1.16413E+04 0.00408 
   60    1    1    1    1    1    1    1    6    5  1.06929E+04 0.00423 
   61    1    1    1    1    1    1    1    6    6  0.00000E+00 0.00000 
   62    1    1    1    1    1    1    1    6    7  9.94793E+03 0.00415 
   63    1    1    1    1    1    1    1    6    8  9.69262E+03 0.00421 
   64    1    1    1    1    1    1    1    6    9  0.00000E+00 0.00000 
   65    1    1    1    1    1    1    1    6   10  9.28193E+03 0.00437 
   66    1    1    1    1    1    1    1    6   11  9.04432E+03 0.00449 
   67    1    1    1    1    1    1    1    7    1  0.00000E+00 0.00000 
   68    1    1    1    1    1    1    1    7    2  1.09101E+04 0.00410 
   69    1    1    1    1    1    1    1    7    3  1.07338E+04 0.00413 
   70    1    1    1    1    1    1    1    7    4  0.00000E+00 0.00000 
   71    1    1    1    1    1    1    1    7    5  1.00114E+04 0.00426 
   72    1    1    1    1    1    1    1    7    6  9.78288E+03 0.00430 
   73    1    1    1    1    1    1    1    7    7  0.00000E+00 0.00000 
   74    1    1    1    1    1    1    1    7    8  9.53786E+03 0.00426 
   75    1    1    1    1    1    1    1    7    9  9.39035E+03 0.00437 
   76    1    1    1    1    1    1    1    7   10  0.00000E+00 0.00000 
   77    1    1    1    1    1    1    1    7   11  8.98965E+03 0.00447 
   78    1    1    1    1    1    1    1    8    1  1.00394E+04 0.00419 
   79    1    1    1    1    1    1    1    8    2  0.00000E+00 0.00000 
   80    1    1    1    1    1    1    1    8    3  9.91692E+03 0.00434 
   81    1    1    1    1    1    1    1    8    4  9.63160E+03 0.00440 
   82    1    1    1    1    1    1    1    8    5  0.00000E+00 0.00000 
   83    1    1    1    1    1    1    1    8    6  9.52390E+03 0.00433 
   84    1    1    1    1    1    1    1    8    7  9.46463E+03 0.00422 
   85    1    1    1    1    1    1    1    8    8  0.00000E+00 0.00000 
   86    1    1    1    1    1    1    1    8    9  9.55930E+03 0.00441 
   87    1    1    1    1    1    1    1    8   10  9.19584E+03 0.00445 
   88    1    1    1    1    1    1    1    8   11  0.00000E+00 0.00000 
   89    1    1    1    1    1    1    1    9    1  9.61236E+03 0.00431 
   90    1    1    1    1    1    1    1    9    2  9.51441E+03 0.00427 
   91    1    1    1    1    1    1    1    9    3  0.00000E+00 0.00000 
   92    1    1    1    1    1    1    1    9    4  9.42309E+03 0.00435 
   93    1    1    1    1    1    1    1    9    5  9.45624E+03 0.00430 
   94    1    1    1    1    1    1    1    9    6  0.00000E+00 0.00000 
   95    1    1    1    1    1    1    1    9    7  9.84946E+03 0.00424 
   96    1    1    1    1    1    1    1    9    8  0.00000E+00 0.00000 
   97    1    1    1    1    1    1    1    9    9  0.00000E+00 0.00000 
   98    1    1    1    1    1    1    1    9   10  9.07780E+03 0.00443 
   99    1    1    1    1    1    1    1    9   11  8.75830E+03 0.00436 
  100    1    1    1    1    1    1    1   10    1  0.00000E+00 0.00000 
  101    1    1    1    1    1    1    1   10    2  9.31549E+03 0.00439 
  102    1    1    1    1    1    1    1   10    3  9.30577E+03 0.00432 
  103    1    1    1    1    1    1    1   10    4  0.00000E+00 0.00000 
  104    1    1    1    1    1    1    1   10    5  9.77961E+03 0.00429 
  105    1    1    1    1    1    1    1   10    6  9.73096E+03 0.00437 
  106    1    1    1    1    1    1    1   10    7  0.00000E+00 0.00000 
  107    1    1    1    1    1    1    1   10    8  0.00000E+00 0.00000 
  108    1    1    1    1    1    1    1   10    9  9.40413E+03 0.00433 
  109    1    1    1    1    1    1    1   10   10  0.00000E+00 0.00000 
