
ZAI = [
922350
922380
666
0
];

NAMES = [
'U235            '
'U238            '
'lost            '
'total           '
];

i922350 = 1; iU235             = 1;
i922380 = 2; iU238             = 2;
iLOST    = 3;
iTOT     = 4;

MAT_un_VOLUME = [ 2.58897E+05 2.58897E+05 ];

MAT_un_BURNUP = [ 0.00000E+00 4.42753E+01 ];

MAT_un_ADENS = [
4.83387E-03 3.47285E-03 % U235
1.93936E-02 1.88474E-02 % U238
0.00000E+00 3.65232E-30 % lost data
7.26897E-02 7.38372E-02 % total
];

MAT_un_MDENS = [
1.88669E+00 1.35548E+00 % U235
7.66628E+00 7.45035E+00 % U238
0.00000E+00 0.00000E+00 % lost data
1.08000E+01 1.07985E+01 % total
];

MAT_un_A = [
3.90567E+10 2.80599E+10 % U235
2.46834E+10 2.39882E+10 % U238
0.00000E+00 0.00000E+00 % lost data
6.37401E+10 3.27337E+18 % total
];

MAT_un_H = [
2.92785E-02 2.10349E-02 % U235
1.68870E-02 1.64113E-02 % U238
0.00000E+00 0.00000E+00 % lost data
4.61654E-02 9.63121E+05 % total
];

MAT_un_SF = [
2.81208E+00 2.02032E+00 % U235
1.34771E+04 1.30975E+04 % U238
0.00000E+00 0.00000E+00 % lost data
1.34800E+04 1.11434E+08 % total
];

MAT_un_GSRC = [
4.93484E+10 3.54539E+10 % U235
2.18580E+09 2.12424E+09 % U238
0.00000E+00 0.00000E+00 % lost data
5.15342E+10 3.51718E+18 % total
];

MAT_un_ING_TOX = [
1.83566E+03 1.31882E+03 % U235
1.11075E+03 1.07947E+03 % U238
0.00000E+00 0.00000E+00 % lost data
2.94642E+03 2.23749E+09 % total
];

MAT_un_INH_TOX = [
3.31982E+05 2.38509E+05 % U235
1.97467E+05 1.91905E+05 % U238
0.00000E+00 0.00000E+00 % lost data
5.29449E+05 8.22468E+10 % total
];

TOT_VOLUME = [ 2.58897E+05 2.58897E+05 ];

TOT_BURNUP = [ 0.00000E+00 4.42753E+01 ];

TOT_ADENS = [
4.83387E-03 3.47285E-03 % U235
1.93936E-02 1.88474E-02 % U238
0.00000E+00 3.65232E-30 % lost data
7.26897E-02 7.38372E-02 % total
];

TOT_MASS = [
4.88459E+05 3.50929E+05 % U235
1.98478E+06 1.92888E+06 % U238
0.00000E+00 0.00000E+00 % lost data
2.79609E+06 2.79571E+06 % total
];

TOT_A = [
3.90567E+10 2.80599E+10 % U235
2.46834E+10 2.39882E+10 % U238
0.00000E+00 0.00000E+00 % lost data
6.37401E+10 3.27337E+18 % total
];

TOT_H = [
2.92785E-02 2.10349E-02 % U235
1.68870E-02 1.64113E-02 % U238
0.00000E+00 0.00000E+00 % lost data
4.61654E-02 9.63121E+05 % total
];

TOT_SF = [
2.81208E+00 2.02032E+00 % U235
1.34771E+04 1.30975E+04 % U238
0.00000E+00 0.00000E+00 % lost data
1.34800E+04 1.11434E+08 % total
];

TOT_GSRC = [
4.93484E+10 3.54539E+10 % U235
2.18580E+09 2.12424E+09 % U238
0.00000E+00 0.00000E+00 % lost data
5.15342E+10 3.51718E+18 % total
];

TOT_ING_TOX = [
1.83566E+03 1.31882E+03 % U235
1.11075E+03 1.07947E+03 % U238
0.00000E+00 0.00000E+00 % lost data
2.94642E+03 2.23749E+09 % total
];

TOT_INH_TOX = [
3.31982E+05 2.38509E+05 % U235
1.97467E+05 1.91905E+05 % U238
0.00000E+00 0.00000E+00 % lost data
5.29449E+05 8.22468E+10 % total
];

BU = [ 0.00000E+00 4.42739E+01 ];

DAYS = [ 0.00000E+00 7.30000E+03 ];
