
DETassem1 = [
    1    1    1    1    1    1    1    1    1    1  0.00000E+00 0.00000 
    2    1    1    1    1    1    1    1    1    2  0.00000E+00 0.00000 
    3    1    1    1    1    1    1    1    1    3  0.00000E+00 0.00000 
    4    1    1    1    1    1    1    1    1    4  0.00000E+00 0.00000 
    5    1    1    1    1    1    1    1    1    5  0.00000E+00 0.00000 
    6    1    1    1    1    1    1    1    1    6  0.00000E+00 0.00000 
    7    1    1    1    1    1    1    1    1    7  0.00000E+00 0.00000 
    8    1    1    1    1    1    1    1    1    8  1.85436E+04 0.00365 
    9    1    1    1    1    1    1    1    1    9  1.41332E+04 0.00403 
   10    1    1    1    1    1    1    1    1   10  0.00000E+00 0.00000 
   11    1    1    1    1    1    1    1    1   11  1.03973E+04 0.00435 
   12    1    1    1    1    1    1    1    2    1  2.00462E+04 0.00361 
   13    1    1    1    1    1    1    1    2    2  0.00000E+00 0.00000 
   14    1    1    1    1    1    1    1    2    3  0.00000E+00 0.00000 
   15    1    1    1    1    1    1    1    2    4  0.00000E+00 0.00000 
   16    1    1    1    1    1    1    1    2    5  0.00000E+00 0.00000 
   17    1    1    1    1    1    1    1    2    6  1.98863E+04 0.00354 
   18    1    1    1    1    1    1    1    2    7  1.60856E+04 0.00377 
   19    1    1    1    1    1    1    1    2    8  0.00000E+00 0.00000 
   20    1    1    1    1    1    1    1    2    9  1.14808E+04 0.00419 
   21    1    1    1    1    1    1    1    2   10  1.03229E+04 0.00435 
   22    1    1    1    1    1    1    1    2   11  0.00000E+00 0.00000 
   23    1    1    1    1    1    1    1    3    1  1.60853E+04 0.00375 
   24    1    1    1    1    1    1    1    3    2  1.85665E+04 0.00366 
   25    1    1    1    1    1    1    1    3    3  0.00000E+00 0.00000 
   26    1    1    1    1    1    1    1    3    4  1.85103E+04 0.00368 
   27    1    1    1    1    1    1    1    3    5  1.61057E+04 0.00386 
   28    1    1    1    1    1    1    1    3    6  0.00000E+00 0.00000 
   29    1    1    1    1    1    1    1    3    7  1.22781E+04 0.00422 
   30    1    1    1    1    1    1    1    3    8  1.10896E+04 0.00426 
   31    1    1    1    1    1    1    1    3    9  0.00000E+00 0.00000 
   32    1    1    1    1    1    1    1    3   10  9.63280E+03 0.00455 
   33    1    1    1    1    1    1    1    3   11  9.39593E+03 0.00448 
   34    1    1    1    1    1    1    1    4    1  0.00000E+00 0.00000 
   35    1    1    1    1    1    1    1    4    2  1.41389E+04 0.00399 
   36    1    1    1    1    1    1    1    4    3  1.41873E+04 0.00394 
   37    1    1    1    1    1    1    1    4    4  0.00000E+00 0.00000 
   38    1    1    1    1    1    1    1    4    5  1.22759E+04 0.00414 
   39    1    1    1    1    1    1    1    4    6  1.13944E+04 0.00425 
   40    1    1    1    1    1    1    1    4    7  0.00000E+00 0.00000 
   41    1    1    1    1    1    1    1    4    8  1.00924E+04 0.00429 
   42    1    1    1    1    1    1    1    4    9  9.50980E+03 0.00453 
   43    1    1    1    1    1    1    1    4   10  0.00000E+00 0.00000 
   44    1    1    1    1    1    1    1    4   11  9.19663E+03 0.00446 
   45    1    1    1    1    1    1    1    5    1  1.15742E+04 0.00432 
   46    1    1    1    1    1    1    1    5    2  0.00000E+00 0.00000 
   47    1    1    1    1    1    1    1    5    3  1.15079E+04 0.00433 
   48    1    1    1    1    1    1    1    5    4  1.12083E+04 0.00432 
   49    1    1    1    1    1    1    1    5    5  0.00000E+00 0.00000 
   50    1    1    1    1    1    1    1    5    6  1.01591E+04 0.00440 
   51    1    1    1    1    1    1    1    5    7  9.84538E+03 0.00444 
   52    1    1    1    1    1    1    1    5    8  0.00000E+00 0.00000 
   53    1    1    1    1    1    1    1    5    9  9.39158E+03 0.00448 
   54    1    1    1    1    1    1    1    5   10  9.25824E+03 0.00457 
   55    1    1    1    1    1    1    1    5   11  0.00000E+00 0.00000 
   56    1    1    1    1    1    1    1    6    1  1.03597E+04 0.00445 
   57    1    1    1    1    1    1    1    6    2  1.04195E+04 0.00435 
   58    1    1    1    1    1    1    1    6    3  0.00000E+00 0.00000 
   59    1    1    1    1    1    1    1    6    4  1.00533E+04 0.00445 
   60    1    1    1    1    1    1    1    6    5  9.91155E+03 0.00450 
   61    1    1    1    1    1    1    1    6    6  0.00000E+00 0.00000 
   62    1    1    1    1    1    1    1    6    7  9.78452E+03 0.00440 
   63    1    1    1    1    1    1    1    6    8  9.53054E+03 0.00442 
   64    1    1    1    1    1    1    1    6    9  0.00000E+00 0.00000 
   65    1    1    1    1    1    1    1    6   10  9.48477E+03 0.00455 
   66    1    1    1    1    1    1    1    6   11  9.18751E+03 0.00459 
   67    1    1    1    1    1    1    1    7    1  0.00000E+00 0.00000 
   68    1    1    1    1    1    1    1    7    2  9.71969E+03 0.00440 
   69    1    1    1    1    1    1    1    7    3  9.57571E+03 0.00446 
   70    1    1    1    1    1    1    1    7    4  0.00000E+00 0.00000 
   71    1    1    1    1    1    1    1    7    5  9.76793E+03 0.00445 
   72    1    1    1    1    1    1    1    7    6  0.00000E+00 0.00000 
   73    1    1    1    1    1    1    1    7    7  0.00000E+00 0.00000 
   74    1    1    1    1    1    1    1    7    8  9.69527E+03 0.00439 
   75    1    1    1    1    1    1    1    7    9  0.00000E+00 0.00000 
   76    1    1    1    1    1    1    1    7   10  0.00000E+00 0.00000 
   77    1    1    1    1    1    1    1    7   11  9.02095E+03 0.00471 
   78    1    1    1    1    1    1    1    8    1  9.32789E+03 0.00454 
   79    1    1    1    1    1    1    1    8    2  0.00000E+00 0.00000 
   80    1    1    1    1    1    1    1    8    3  9.38546E+03 0.00438 
   81    1    1    1    1    1    1    1    8    4  9.52544E+03 0.00452 
   82    1    1    1    1    1    1    1    8    5  0.00000E+00 0.00000 
   83    1    1    1    1    1    1    1    8    6  9.94054E+03 0.00447 
   84    1    1    1    1    1    1    1    8    7  9.89826E+03 0.00447 
   85    1    1    1    1    1    1    1    8    8  0.00000E+00 0.00000 
   86    1    1    1    1    1    1    1    8    9  9.42687E+03 0.00450 
   87    1    1    1    1    1    1    1    8   10  8.88952E+03 0.00457 
   88    1    1    1    1    1    1    1    8   11  0.00000E+00 0.00000 
   89    1    1    1    1    1    1    1    9    1  9.24072E+03 0.00447 
   90    1    1    1    1    1    1    1    9    2  9.33471E+03 0.00441 
   91    1    1    1    1    1    1    1    9    3  0.00000E+00 0.00000 
   92    1    1    1    1    1    1    1    9    4  9.68113E+03 0.00452 
   93    1    1    1    1    1    1    1    9    5  9.88225E+03 0.00456 
   94    1    1    1    1    1    1    1    9    6  0.00000E+00 0.00000 
   95    1    1    1    1    1    1    1    9    7  0.00000E+00 0.00000 
   96    1    1    1    1    1    1    1    9    8  9.45723E+03 0.00447 
   97    1    1    1    1    1    1    1    9    9  0.00000E+00 0.00000 
   98    1    1    1    1    1    1    1    9   10  8.58944E+03 0.00471 
   99    1    1    1    1    1    1    1    9   11  8.36392E+03 0.00476 
  100    1    1    1    1    1    1    1   10    1  0.00000E+00 0.00000 
  101    1    1    1    1    1    1    1   10    2  9.42622E+03 0.00448 
  102    1    1    1    1    1    1    1   10    3  0.00000E+00 0.00000 
  103    1    1    1    1    1    1    1   10    4  0.00000E+00 0.00000 
  104    1    1    1    1    1    1    1   10    5  0.00000E+00 0.00000 
  105    1    1    1    1    1    1    1   10    6  0.00000E+00 0.00000 
  106    1    1    1    1    1    1    1   10    7  0.00000E+00 0.00000 
  107    1    1    1    1    1    1    1   10    8  8.84830E+03 0.00468 
  108    1    1    1    1    1    1    1   10    9  8.52359E+03 0.00467 
  109    1    1    1    1    1    1    1   10   10  0.00000E+00 0.00000 
