
ZAI = [
922350
922380
666
0
];

NAMES = [
'U235            '
'U238            '
'lost            '
'total           '
];

i922350 = 1; iU235             = 1;
i922380 = 2; iU238             = 2;
iLOST    = 3;
iTOT     = 4;

MAT_un_VOLUME = [ 2.38926E+05 2.38926E+05 ];

MAT_un_BURNUP = [ 0.00000E+00 4.79762E+01 ];

MAT_un_ADENS = [
4.83387E-03 3.37405E-03 % U235
1.93936E-02 1.88168E-02 % U238
0.00000E+00 4.90666E-30 % lost data
7.26897E-02 7.39341E-02 % total
];

MAT_un_MDENS = [
1.88669E+00 1.31691E+00 % U235
7.66628E+00 7.43826E+00 % U238
0.00000E+00 0.00000E+00 % lost data
1.08000E+01 1.07984E+01 % total
];

MAT_un_A = [
3.60439E+10 2.51587E+10 % U235
2.27794E+10 2.21018E+10 % U238
0.00000E+00 0.00000E+00 % lost data
5.88232E+10 3.26093E+18 % total
];

MAT_un_H = [
2.70199E-02 1.88600E-02 % U235
1.55843E-02 1.51208E-02 % U238
0.00000E+00 0.00000E+00 % lost data
4.26043E-02 9.60029E+05 % total
];

MAT_un_SF = [
2.59516E+00 1.81143E+00 % U235
1.24375E+04 1.20676E+04 % U238
0.00000E+00 0.00000E+00 % lost data
1.24401E+04 1.35110E+08 % total
];

MAT_un_GSRC = [
4.55417E+10 3.17882E+10 % U235
2.01719E+09 1.95720E+09 % U238
0.00000E+00 0.00000E+00 % lost data
4.75589E+10 3.50082E+18 % total
];

MAT_un_ING_TOX = [
1.69406E+03 1.18246E+03 % U235
1.02507E+03 9.94582E+02 % U238
0.00000E+00 0.00000E+00 % lost data
2.71913E+03 2.25336E+09 % total
];

MAT_un_INH_TOX = [
3.06373E+05 2.13849E+05 % U235
1.82235E+05 1.76815E+05 % U238
0.00000E+00 0.00000E+00 % lost data
4.88608E+05 8.95175E+10 % total
];

TOT_VOLUME = [ 2.38926E+05 2.38926E+05 ];

TOT_BURNUP = [ 0.00000E+00 4.79762E+01 ];

TOT_ADENS = [
4.83387E-03 3.37405E-03 % U235
1.93936E-02 1.88168E-02 % U238
0.00000E+00 4.90666E-30 % lost data
7.26897E-02 7.39341E-02 % total
];

TOT_MASS = [
4.50779E+05 3.14645E+05 % U235
1.83168E+06 1.77720E+06 % U238
0.00000E+00 0.00000E+00 % lost data
2.58040E+06 2.58002E+06 % total
];

TOT_A = [
3.60439E+10 2.51587E+10 % U235
2.27794E+10 2.21018E+10 % U238
0.00000E+00 0.00000E+00 % lost data
5.88232E+10 3.26093E+18 % total
];

TOT_H = [
2.70199E-02 1.88600E-02 % U235
1.55843E-02 1.51208E-02 % U238
0.00000E+00 0.00000E+00 % lost data
4.26043E-02 9.60029E+05 % total
];

TOT_SF = [
2.59516E+00 1.81143E+00 % U235
1.24375E+04 1.20676E+04 % U238
0.00000E+00 0.00000E+00 % lost data
1.24401E+04 1.35110E+08 % total
];

TOT_GSRC = [
4.55417E+10 3.17882E+10 % U235
2.01719E+09 1.95720E+09 % U238
0.00000E+00 0.00000E+00 % lost data
4.75589E+10 3.50082E+18 % total
];

TOT_ING_TOX = [
1.69406E+03 1.18246E+03 % U235
1.02507E+03 9.94582E+02 % U238
0.00000E+00 0.00000E+00 % lost data
2.71913E+03 2.25336E+09 % total
];

TOT_INH_TOX = [
3.06373E+05 2.13849E+05 % U235
1.82235E+05 1.76815E+05 % U238
0.00000E+00 0.00000E+00 % lost data
4.88608E+05 8.95175E+10 % total
];

BU = [ 0.00000E+00 4.79747E+01 ];

DAYS = [ 0.00000E+00 7.30000E+03 ];
