
DETassem1 = [
    1    1    1    1    1    1    1    1    1    1  0.00000E+00 0.00000 
    2    1    1    1    1    1    1    1    1    2  0.00000E+00 0.00000 
    3    1    1    1    1    1    1    1    1    3  0.00000E+00 0.00000 
    4    1    1    1    1    1    1    1    1    4  0.00000E+00 0.00000 
    5    1    1    1    1    1    1    1    1    5  0.00000E+00 0.00000 
    6    1    1    1    1    1    1    1    1    6  0.00000E+00 0.00000 
    7    1    1    1    1    1    1    1    1    7  0.00000E+00 0.00000 
    8    1    1    1    1    1    1    1    1    8  1.82393E+04 0.00352 
    9    1    1    1    1    1    1    1    1    9  1.43526E+04 0.00387 
   10    1    1    1    1    1    1    1    1   10  0.00000E+00 0.00000 
   11    1    1    1    1    1    1    1    1   11  1.07718E+04 0.00421 
   12    1    1    1    1    1    1    1    2    1  1.97897E+04 0.00336 
   13    1    1    1    1    1    1    1    2    2  0.00000E+00 0.00000 
   14    1    1    1    1    1    1    1    2    3  0.00000E+00 0.00000 
   15    1    1    1    1    1    1    1    2    4  0.00000E+00 0.00000 
   16    1    1    1    1    1    1    1    2    5  0.00000E+00 0.00000 
   17    1    1    1    1    1    1    1    2    6  1.96250E+04 0.00346 
   18    1    1    1    1    1    1    1    2    7  1.61816E+04 0.00364 
   19    1    1    1    1    1    1    1    2    8  0.00000E+00 0.00000 
   20    1    1    1    1    1    1    1    2    9  1.18430E+04 0.00392 
   21    1    1    1    1    1    1    1    2   10  1.07085E+04 0.00416 
   22    1    1    1    1    1    1    1    2   11  0.00000E+00 0.00000 
   23    1    1    1    1    1    1    1    3    1  1.61007E+04 0.00357 
   24    1    1    1    1    1    1    1    3    2  1.83702E+04 0.00346 
   25    1    1    1    1    1    1    1    3    3  0.00000E+00 0.00000 
   26    1    1    1    1    1    1    1    3    4  1.83187E+04 0.00349 
   27    1    1    1    1    1    1    1    3    5  1.61188E+04 0.00358 
   28    1    1    1    1    1    1    1    3    6  0.00000E+00 0.00000 
   29    1    1    1    1    1    1    1    3    7  1.27269E+04 0.00403 
   30    1    1    1    1    1    1    1    3    8  1.16183E+04 0.00406 
   31    1    1    1    1    1    1    1    3    9  0.00000E+00 0.00000 
   32    1    1    1    1    1    1    1    3   10  9.88904E+03 0.00437 
   33    1    1    1    1    1    1    1    3   11  9.51653E+03 0.00422 
   34    1    1    1    1    1    1    1    4    1  0.00000E+00 0.00000 
   35    1    1    1    1    1    1    1    4    2  1.43509E+04 0.00380 
   36    1    1    1    1    1    1    1    4    3  1.42982E+04 0.00383 
   37    1    1    1    1    1    1    1    4    4  0.00000E+00 0.00000 
   38    1    1    1    1    1    1    1    4    5  1.27603E+04 0.00389 
   39    1    1    1    1    1    1    1    4    6  1.21041E+04 0.00409 
   40    1    1    1    1    1    1    1    4    7  0.00000E+00 0.00000 
   41    1    1    1    1    1    1    1    4    8  1.06926E+04 0.00415 
   42    1    1    1    1    1    1    1    4    9  9.97340E+03 0.00416 
   43    1    1    1    1    1    1    1    4   10  0.00000E+00 0.00000 
   44    1    1    1    1    1    1    1    4   11  9.19592E+03 0.00442 
   45    1    1    1    1    1    1    1    5    1  1.18804E+04 0.00406 
   46    1    1    1    1    1    1    1    5    2  0.00000E+00 0.00000 
   47    1    1    1    1    1    1    1    5    3  1.18097E+04 0.00397 
   48    1    1    1    1    1    1    1    5    4  1.17265E+04 0.00409 
   49    1    1    1    1    1    1    1    5    5  0.00000E+00 0.00000 
   50    1    1    1    1    1    1    1    5    6  1.13182E+04 0.00403 
   51    1    1    1    1    1    1    1    5    7  0.00000E+00 0.00000 
   52    1    1    1    1    1    1    1    5    8  0.00000E+00 0.00000 
   53    1    1    1    1    1    1    1    5    9  9.45216E+03 0.00429 
   54    1    1    1    1    1    1    1    5   10  9.17611E+03 0.00437 
   55    1    1    1    1    1    1    1    5   11  0.00000E+00 0.00000 
   56    1    1    1    1    1    1    1    6    1  1.07537E+04 0.00422 
   57    1    1    1    1    1    1    1    6    2  1.07240E+04 0.00420 
   58    1    1    1    1    1    1    1    6    3  0.00000E+00 0.00000 
   59    1    1    1    1    1    1    1    6    4  1.07170E+04 0.00419 
   60    1    1    1    1    1    1    1    6    5  0.00000E+00 0.00000 
   61    1    1    1    1    1    1    1    6    6  0.00000E+00 0.00000 
   62    1    1    1    1    1    1    1    6    7  9.91505E+03 0.00435 
   63    1    1    1    1    1    1    1    6    8  9.34964E+03 0.00436 
   64    1    1    1    1    1    1    1    6    9  0.00000E+00 0.00000 
   65    1    1    1    1    1    1    1    6   10  8.89239E+03 0.00439 
   66    1    1    1    1    1    1    1    6   11  8.87102E+03 0.00450 
   67    1    1    1    1    1    1    1    7    1  0.00000E+00 0.00000 
   68    1    1    1    1    1    1    1    7    2  9.98655E+03 0.00416 
   69    1    1    1    1    1    1    1    7    3  9.89578E+03 0.00429 
   70    1    1    1    1    1    1    1    7    4  0.00000E+00 0.00000 
   71    1    1    1    1    1    1    1    7    5  9.96418E+03 0.00431 
   72    1    1    1    1    1    1    1    7    6  9.50669E+03 0.00430 
   73    1    1    1    1    1    1    1    7    7  0.00000E+00 0.00000 
   74    1    1    1    1    1    1    1    7    8  8.95293E+03 0.00446 
   75    1    1    1    1    1    1    1    7    9  8.88849E+03 0.00448 
   76    1    1    1    1    1    1    1    7   10  0.00000E+00 0.00000 
   77    1    1    1    1    1    1    1    7   11  8.62276E+03 0.00441 
   78    1    1    1    1    1    1    1    8    1  9.52936E+03 0.00428 
   79    1    1    1    1    1    1    1    8    2  0.00000E+00 0.00000 
   80    1    1    1    1    1    1    1    8    3  9.41656E+03 0.00425 
   81    1    1    1    1    1    1    1    8    4  9.35566E+03 0.00425 
   82    1    1    1    1    1    1    1    8    5  0.00000E+00 0.00000 
   83    1    1    1    1    1    1    1    8    6  9.08465E+03 0.00439 
   84    1    1    1    1    1    1    1    8    7  8.87268E+03 0.00443 
   85    1    1    1    1    1    1    1    8    8  0.00000E+00 0.00000 
   86    1    1    1    1    1    1    1    8    9  8.68609E+03 0.00451 
   87    1    1    1    1    1    1    1    8   10  8.68528E+03 0.00464 
   88    1    1    1    1    1    1    1    8   11  0.00000E+00 0.00000 
   89    1    1    1    1    1    1    1    9    1  9.30323E+03 0.00426 
   90    1    1    1    1    1    1    1    9    2  9.23139E+03 0.00432 
   91    1    1    1    1    1    1    1    9    3  0.00000E+00 0.00000 
   92    1    1    1    1    1    1    1    9    4  8.98886E+03 0.00432 
   93    1    1    1    1    1    1    1    9    5  8.89753E+03 0.00446 
   94    1    1    1    1    1    1    1    9    6  0.00000E+00 0.00000 
   95    1    1    1    1    1    1    1    9    7  8.60841E+03 0.00441 
   96    1    1    1    1    1    1    1    9    8  8.58055E+03 0.00447 
   97    1    1    1    1    1    1    1    9    9  0.00000E+00 0.00000 
   98    1    1    1    1    1    1    1    9   10  8.68111E+03 0.00465 
   99    1    1    1    1    1    1    1    9   11  8.81532E+03 0.00459 
  100    1    1    1    1    1    1    1   10    1  0.00000E+00 0.00000 
  101    1    1    1    1    1    1    1   10    2  8.96231E+03 0.00440 
  102    1    1    1    1    1    1    1   10    3  8.78988E+03 0.00445 
  103    1    1    1    1    1    1    1   10    4  0.00000E+00 0.00000 
  104    1    1    1    1    1    1    1   10    5  8.65972E+03 0.00447 
  105    1    1    1    1    1    1    1   10    6  8.59617E+03 0.00456 
  106    1    1    1    1    1    1    1   10    7  0.00000E+00 0.00000 
  107    1    1    1    1    1    1    1   10    8  8.48376E+03 0.00462 
  108    1    1    1    1    1    1    1   10    9  8.61350E+03 0.00461 
  109    1    1    1    1    1    1    1   10   10  0.00000E+00 0.00000 
