
ZAI = [
922350
922380
666
0
];

NAMES = [
'U235            '
'U238            '
'lost            '
'total           '
];

i922350 = 1; iU235             = 1;
i922380 = 2; iU238             = 2;
iLOST    = 3;
iTOT     = 4;

MAT_un_VOLUME = [ 2.43190E+05 2.43190E+05 ];

MAT_un_BURNUP = [ 0.00000E+00 4.71350E+01 ];

MAT_un_ADENS = [
4.83387E-03 3.39744E-03 % U235
1.93936E-02 1.88296E-02 % U238
0.00000E+00 4.16106E-30 % lost data
7.26897E-02 7.39121E-02 % total
];

MAT_un_MDENS = [
1.88669E+00 1.32604E+00 % U235
7.66628E+00 7.44331E+00 % U238
0.00000E+00 0.00000E+00 % lost data
1.08000E+01 1.07984E+01 % total
];

MAT_un_A = [
3.66871E+10 2.57852E+10 % U235
2.31859E+10 2.25115E+10 % U238
0.00000E+00 0.00000E+00 % lost data
5.98730E+10 3.25854E+18 % total
];

MAT_un_H = [
2.75022E-02 1.93296E-02 % U235
1.58624E-02 1.54011E-02 % U238
0.00000E+00 0.00000E+00 % lost data
4.33646E-02 9.60360E+05 % total
];

MAT_un_SF = [
2.64147E+00 1.85654E+00 % U235
1.26595E+04 1.22913E+04 % U238
0.00000E+00 0.00000E+00 % lost data
1.26621E+04 1.30281E+08 % total
];

MAT_un_GSRC = [
4.63545E+10 3.25798E+10 % U235
2.05319E+09 1.99348E+09 % U238
0.00000E+00 0.00000E+00 % lost data
4.84076E+10 3.49809E+18 % total
];

MAT_un_ING_TOX = [
1.72430E+03 1.21191E+03 % U235
1.04337E+03 1.01302E+03 % U238
0.00000E+00 0.00000E+00 % lost data
2.76766E+03 2.24648E+09 % total
];

MAT_un_INH_TOX = [
3.11841E+05 2.19174E+05 % U235
1.85487E+05 1.80092E+05 % U238
0.00000E+00 0.00000E+00 % lost data
4.97328E+05 8.75572E+10 % total
];

TOT_VOLUME = [ 2.43190E+05 2.43190E+05 ];

TOT_BURNUP = [ 0.00000E+00 4.71350E+01 ];

TOT_ADENS = [
4.83387E-03 3.39744E-03 % U235
1.93936E-02 1.88296E-02 % U238
0.00000E+00 4.16106E-30 % lost data
7.26897E-02 7.39121E-02 % total
];

TOT_MASS = [
4.58824E+05 3.22481E+05 % U235
1.86436E+06 1.81014E+06 % U238
0.00000E+00 0.00000E+00 % lost data
2.62645E+06 2.62607E+06 % total
];

TOT_A = [
3.66871E+10 2.57852E+10 % U235
2.31859E+10 2.25115E+10 % U238
0.00000E+00 0.00000E+00 % lost data
5.98730E+10 3.25854E+18 % total
];

TOT_H = [
2.75022E-02 1.93296E-02 % U235
1.58624E-02 1.54011E-02 % U238
0.00000E+00 0.00000E+00 % lost data
4.33646E-02 9.60360E+05 % total
];

TOT_SF = [
2.64147E+00 1.85654E+00 % U235
1.26595E+04 1.22913E+04 % U238
0.00000E+00 0.00000E+00 % lost data
1.26621E+04 1.30281E+08 % total
];

TOT_GSRC = [
4.63545E+10 3.25798E+10 % U235
2.05319E+09 1.99348E+09 % U238
0.00000E+00 0.00000E+00 % lost data
4.84076E+10 3.49809E+18 % total
];

TOT_ING_TOX = [
1.72430E+03 1.21191E+03 % U235
1.04337E+03 1.01302E+03 % U238
0.00000E+00 0.00000E+00 % lost data
2.76766E+03 2.24648E+09 % total
];

TOT_INH_TOX = [
3.11841E+05 2.19174E+05 % U235
1.85487E+05 1.80092E+05 % U238
0.00000E+00 0.00000E+00 % lost data
4.97328E+05 8.75572E+10 % total
];

BU = [ 0.00000E+00 4.71335E+01 ];

DAYS = [ 0.00000E+00 7.30000E+03 ];
