
DETassem1 = [
    1    1    1    1    1    1    1    1    1    1  0.00000E+00 0.00000 
    2    1    1    1    1    1    1    1    1    2  0.00000E+00 0.00000 
    3    1    1    1    1    1    1    1    1    3  0.00000E+00 0.00000 
    4    1    1    1    1    1    1    1    1    4  0.00000E+00 0.00000 
    5    1    1    1    1    1    1    1    1    5  0.00000E+00 0.00000 
    6    1    1    1    1    1    1    1    1    6  0.00000E+00 0.00000 
    7    1    1    1    1    1    1    1    1    7  0.00000E+00 0.00000 
    8    1    1    1    1    1    1    1    1    8  1.81307E+04 0.00351 
    9    1    1    1    1    1    1    1    1    9  1.42201E+04 0.00378 
   10    1    1    1    1    1    1    1    1   10  0.00000E+00 0.00000 
   11    1    1    1    1    1    1    1    1   11  1.06172E+04 0.00416 
   12    1    1    1    1    1    1    1    2    1  1.93997E+04 0.00347 
   13    1    1    1    1    1    1    1    2    2  0.00000E+00 0.00000 
   14    1    1    1    1    1    1    1    2    3  0.00000E+00 0.00000 
   15    1    1    1    1    1    1    1    2    4  0.00000E+00 0.00000 
   16    1    1    1    1    1    1    1    2    5  0.00000E+00 0.00000 
   17    1    1    1    1    1    1    1    2    6  1.93364E+04 0.00341 
   18    1    1    1    1    1    1    1    2    7  1.59477E+04 0.00372 
   19    1    1    1    1    1    1    1    2    8  0.00000E+00 0.00000 
   20    1    1    1    1    1    1    1    2    9  1.17455E+04 0.00405 
   21    1    1    1    1    1    1    1    2   10  1.06225E+04 0.00416 
   22    1    1    1    1    1    1    1    2   11  0.00000E+00 0.00000 
   23    1    1    1    1    1    1    1    3    1  1.58661E+04 0.00365 
   24    1    1    1    1    1    1    1    3    2  1.80800E+04 0.00350 
   25    1    1    1    1    1    1    1    3    3  0.00000E+00 0.00000 
   26    1    1    1    1    1    1    1    3    4  1.80255E+04 0.00355 
   27    1    1    1    1    1    1    1    3    5  1.59069E+04 0.00378 
   28    1    1    1    1    1    1    1    3    6  0.00000E+00 0.00000 
   29    1    1    1    1    1    1    1    3    7  1.24551E+04 0.00396 
   30    1    1    1    1    1    1    1    3    8  1.14136E+04 0.00406 
   31    1    1    1    1    1    1    1    3    9  0.00000E+00 0.00000 
   32    1    1    1    1    1    1    1    3   10  9.90905E+03 0.00429 
   33    1    1    1    1    1    1    1    3   11  9.59055E+03 0.00436 
   34    1    1    1    1    1    1    1    4    1  0.00000E+00 0.00000 
   35    1    1    1    1    1    1    1    4    2  1.42359E+04 0.00390 
   36    1    1    1    1    1    1    1    4    3  1.42100E+04 0.00382 
   37    1    1    1    1    1    1    1    4    4  0.00000E+00 0.00000 
   38    1    1    1    1    1    1    1    4    5  1.25144E+04 0.00396 
   39    1    1    1    1    1    1    1    4    6  1.17372E+04 0.00407 
   40    1    1    1    1    1    1    1    4    7  0.00000E+00 0.00000 
   41    1    1    1    1    1    1    1    4    8  1.03100E+04 0.00426 
   42    1    1    1    1    1    1    1    4    9  9.89723E+03 0.00419 
   43    1    1    1    1    1    1    1    4   10  0.00000E+00 0.00000 
   44    1    1    1    1    1    1    1    4   11  9.26627E+03 0.00434 
   45    1    1    1    1    1    1    1    5    1  1.17076E+04 0.00413 
   46    1    1    1    1    1    1    1    5    2  0.00000E+00 0.00000 
   47    1    1    1    1    1    1    1    5    3  1.16561E+04 0.00400 
   48    1    1    1    1    1    1    1    5    4  1.13940E+04 0.00421 
   49    1    1    1    1    1    1    1    5    5  0.00000E+00 0.00000 
   50    1    1    1    1    1    1    1    5    6  1.04079E+04 0.00419 
   51    1    1    1    1    1    1    1    5    7  1.00611E+04 0.00428 
   52    1    1    1    1    1    1    1    5    8  0.00000E+00 0.00000 
   53    1    1    1    1    1    1    1    5    9  9.67159E+03 0.00428 
   54    1    1    1    1    1    1    1    5   10  9.20004E+03 0.00435 
   55    1    1    1    1    1    1    1    5   11  0.00000E+00 0.00000 
   56    1    1    1    1    1    1    1    6    1  1.06409E+04 0.00416 
   57    1    1    1    1    1    1    1    6    2  1.06508E+04 0.00417 
   58    1    1    1    1    1    1    1    6    3  0.00000E+00 0.00000 
   59    1    1    1    1    1    1    1    6    4  1.03734E+04 0.00418 
   60    1    1    1    1    1    1    1    6    5  1.01155E+04 0.00421 
   61    1    1    1    1    1    1    1    6    6  0.00000E+00 0.00000 
   62    1    1    1    1    1    1    1    6    7  9.83418E+03 0.00426 
   63    1    1    1    1    1    1    1    6    8  0.00000E+00 0.00000 
   64    1    1    1    1    1    1    1    6    9  0.00000E+00 0.00000 
   65    1    1    1    1    1    1    1    6   10  9.11123E+03 0.00426 
   66    1    1    1    1    1    1    1    6   11  8.92479E+03 0.00446 
   67    1    1    1    1    1    1    1    7    1  0.00000E+00 0.00000 
   68    1    1    1    1    1    1    1    7    2  9.90019E+03 0.00438 
   69    1    1    1    1    1    1    1    7    3  9.78080E+03 0.00429 
   70    1    1    1    1    1    1    1    7    4  0.00000E+00 0.00000 
   71    1    1    1    1    1    1    1    7    5  9.84376E+03 0.00417 
   72    1    1    1    1    1    1    1    7    6  9.48264E+03 0.00438 
   73    1    1    1    1    1    1    1    7    7  0.00000E+00 0.00000 
   74    1    1    1    1    1    1    1    7    8  9.29797E+03 0.00444 
   75    1    1    1    1    1    1    1    7    9  9.05141E+03 0.00445 
   76    1    1    1    1    1    1    1    7   10  0.00000E+00 0.00000 
   77    1    1    1    1    1    1    1    7   11  8.85400E+03 0.00454 
   78    1    1    1    1    1    1    1    8    1  9.48059E+03 0.00444 
   79    1    1    1    1    1    1    1    8    2  0.00000E+00 0.00000 
   80    1    1    1    1    1    1    1    8    3  9.65432E+03 0.00436 
   81    1    1    1    1    1    1    1    8    4  0.00000E+00 0.00000 
   82    1    1    1    1    1    1    1    8    5  0.00000E+00 0.00000 
   83    1    1    1    1    1    1    1    8    6  9.14136E+03 0.00441 
   84    1    1    1    1    1    1    1    8    7  8.98157E+03 0.00438 
   85    1    1    1    1    1    1    1    8    8  0.00000E+00 0.00000 
   86    1    1    1    1    1    1    1    8    9  8.86743E+03 0.00442 
   87    1    1    1    1    1    1    1    8   10  8.76145E+03 0.00446 
   88    1    1    1    1    1    1    1    8   11  0.00000E+00 0.00000 
   89    1    1    1    1    1    1    1    9    1  9.21120E+03 0.00447 
   90    1    1    1    1    1    1    1    9    2  9.18789E+03 0.00434 
   91    1    1    1    1    1    1    1    9    3  0.00000E+00 0.00000 
   92    1    1    1    1    1    1    1    9    4  9.32808E+03 0.00451 
   93    1    1    1    1    1    1    1    9    5  8.96235E+03 0.00448 
   94    1    1    1    1    1    1    1    9    6  0.00000E+00 0.00000 
   95    1    1    1    1    1    1    1    9    7  8.83367E+03 0.00450 
   96    1    1    1    1    1    1    1    9    8  8.72785E+03 0.00447 
   97    1    1    1    1    1    1    1    9    9  0.00000E+00 0.00000 
   98    1    1    1    1    1    1    1    9   10  8.79156E+03 0.00457 
   99    1    1    1    1    1    1    1    9   11  8.80587E+03 0.00450 
  100    1    1    1    1    1    1    1   10    1  0.00000E+00 0.00000 
  101    1    1    1    1    1    1    1   10    2  9.01301E+03 0.00431 
  102    1    1    1    1    1    1    1   10    3  8.95758E+03 0.00443 
  103    1    1    1    1    1    1    1   10    4  0.00000E+00 0.00000 
  104    1    1    1    1    1    1    1   10    5  8.77824E+03 0.00442 
  105    1    1    1    1    1    1    1   10    6  8.73890E+03 0.00450 
  106    1    1    1    1    1    1    1   10    7  0.00000E+00 0.00000 
  107    1    1    1    1    1    1    1   10    8  8.64583E+03 0.00460 
  108    1    1    1    1    1    1    1   10    9  8.90310E+03 0.00450 
  109    1    1    1    1    1    1    1   10   10  0.00000E+00 0.00000 
