
DETassem1 = [
    1    1    1    1    1    1    1    1    1    1  0.00000E+00 0.00000 
    2    1    1    1    1    1    1    1    1    2  0.00000E+00 0.00000 
    3    1    1    1    1    1    1    1    1    3  0.00000E+00 0.00000 
    4    1    1    1    1    1    1    1    1    4  0.00000E+00 0.00000 
    5    1    1    1    1    1    1    1    1    5  0.00000E+00 0.00000 
    6    1    1    1    1    1    1    1    1    6  0.00000E+00 0.00000 
    7    1    1    1    1    1    1    1    1    7  0.00000E+00 0.00000 
    8    1    1    1    1    1    1    1    1    8  1.86428E+04 0.00364 
    9    1    1    1    1    1    1    1    1    9  1.42695E+04 0.00402 
   10    1    1    1    1    1    1    1    1   10  0.00000E+00 0.00000 
   11    1    1    1    1    1    1    1    1   11  1.04282E+04 0.00434 
   12    1    1    1    1    1    1    1    2    1  2.02085E+04 0.00352 
   13    1    1    1    1    1    1    1    2    2  0.00000E+00 0.00000 
   14    1    1    1    1    1    1    1    2    3  0.00000E+00 0.00000 
   15    1    1    1    1    1    1    1    2    4  0.00000E+00 0.00000 
   16    1    1    1    1    1    1    1    2    5  0.00000E+00 0.00000 
   17    1    1    1    1    1    1    1    2    6  2.01626E+04 0.00351 
   18    1    1    1    1    1    1    1    2    7  1.61812E+04 0.00383 
   19    1    1    1    1    1    1    1    2    8  0.00000E+00 0.00000 
   20    1    1    1    1    1    1    1    2    9  1.15575E+04 0.00434 
   21    1    1    1    1    1    1    1    2   10  1.03095E+04 0.00434 
   22    1    1    1    1    1    1    1    2   11  0.00000E+00 0.00000 
   23    1    1    1    1    1    1    1    3    1  1.61625E+04 0.00375 
   24    1    1    1    1    1    1    1    3    2  1.87326E+04 0.00366 
   25    1    1    1    1    1    1    1    3    3  0.00000E+00 0.00000 
   26    1    1    1    1    1    1    1    3    4  1.87071E+04 0.00363 
   27    1    1    1    1    1    1    1    3    5  1.63183E+04 0.00372 
   28    1    1    1    1    1    1    1    3    6  0.00000E+00 0.00000 
   29    1    1    1    1    1    1    1    3    7  1.24646E+04 0.00410 
   30    1    1    1    1    1    1    1    3    8  1.13025E+04 0.00424 
   31    1    1    1    1    1    1    1    3    9  0.00000E+00 0.00000 
   32    1    1    1    1    1    1    1    3   10  9.56117E+03 0.00439 
   33    1    1    1    1    1    1    1    3   11  9.15333E+03 0.00452 
   34    1    1    1    1    1    1    1    4    1  0.00000E+00 0.00000 
   35    1    1    1    1    1    1    1    4    2  1.42574E+04 0.00396 
   36    1    1    1    1    1    1    1    4    3  1.42391E+04 0.00393 
   37    1    1    1    1    1    1    1    4    4  0.00000E+00 0.00000 
   38    1    1    1    1    1    1    1    4    5  1.24885E+04 0.00417 
   39    1    1    1    1    1    1    1    4    6  1.17465E+04 0.00417 
   40    1    1    1    1    1    1    1    4    7  0.00000E+00 0.00000 
   41    1    1    1    1    1    1    1    4    8  1.02626E+04 0.00437 
   42    1    1    1    1    1    1    1    4    9  9.66896E+03 0.00450 
   43    1    1    1    1    1    1    1    4   10  0.00000E+00 0.00000 
   44    1    1    1    1    1    1    1    4   11  8.82007E+03 0.00457 
   45    1    1    1    1    1    1    1    5    1  1.16124E+04 0.00422 
   46    1    1    1    1    1    1    1    5    2  0.00000E+00 0.00000 
   47    1    1    1    1    1    1    1    5    3  1.16097E+04 0.00419 
   48    1    1    1    1    1    1    1    5    4  1.12520E+04 0.00421 
   49    1    1    1    1    1    1    1    5    5  0.00000E+00 0.00000 
   50    1    1    1    1    1    1    1    5    6  1.08532E+04 0.00430 
   51    1    1    1    1    1    1    1    5    7  0.00000E+00 0.00000 
   52    1    1    1    1    1    1    1    5    8  0.00000E+00 0.00000 
   53    1    1    1    1    1    1    1    5    9  9.09395E+03 0.00454 
   54    1    1    1    1    1    1    1    5   10  8.76088E+03 0.00461 
   55    1    1    1    1    1    1    1    5   11  0.00000E+00 0.00000 
   56    1    1    1    1    1    1    1    6    1  1.03862E+04 0.00438 
   57    1    1    1    1    1    1    1    6    2  1.04072E+04 0.00438 
   58    1    1    1    1    1    1    1    6    3  0.00000E+00 0.00000 
   59    1    1    1    1    1    1    1    6    4  1.03273E+04 0.00438 
   60    1    1    1    1    1    1    1    6    5  0.00000E+00 0.00000 
   61    1    1    1    1    1    1    1    6    6  0.00000E+00 0.00000 
   62    1    1    1    1    1    1    1    6    7  9.64054E+03 0.00440 
   63    1    1    1    1    1    1    1    6    8  9.00608E+03 0.00462 
   64    1    1    1    1    1    1    1    6    9  0.00000E+00 0.00000 
   65    1    1    1    1    1    1    1    6   10  8.61737E+03 0.00452 
   66    1    1    1    1    1    1    1    6   11  8.56935E+03 0.00456 
   67    1    1    1    1    1    1    1    7    1  0.00000E+00 0.00000 
   68    1    1    1    1    1    1    1    7    2  9.61501E+03 0.00454 
   69    1    1    1    1    1    1    1    7    3  9.58317E+03 0.00446 
   70    1    1    1    1    1    1    1    7    4  0.00000E+00 0.00000 
   71    1    1    1    1    1    1    1    7    5  9.60290E+03 0.00449 
   72    1    1    1    1    1    1    1    7    6  9.29690E+03 0.00456 
   73    1    1    1    1    1    1    1    7    7  0.00000E+00 0.00000 
   74    1    1    1    1    1    1    1    7    8  8.67148E+03 0.00462 
   75    1    1    1    1    1    1    1    7    9  8.52540E+03 0.00458 
   76    1    1    1    1    1    1    1    7   10  0.00000E+00 0.00000 
   77    1    1    1    1    1    1    1    7   11  8.44894E+03 0.00470 
   78    1    1    1    1    1    1    1    8    1  9.14931E+03 0.00451 
   79    1    1    1    1    1    1    1    8    2  0.00000E+00 0.00000 
   80    1    1    1    1    1    1    1    8    3  9.13216E+03 0.00460 
   81    1    1    1    1    1    1    1    8    4  9.06435E+03 0.00454 
   82    1    1    1    1    1    1    1    8    5  0.00000E+00 0.00000 
   83    1    1    1    1    1    1    1    8    6  8.68762E+03 0.00454 
   84    1    1    1    1    1    1    1    8    7  8.60703E+03 0.00464 
   85    1    1    1    1    1    1    1    8    8  0.00000E+00 0.00000 
   86    1    1    1    1    1    1    1    8    9  8.38165E+03 0.00463 
   87    1    1    1    1    1    1    1    8   10  8.37663E+03 0.00460 
   88    1    1    1    1    1    1    1    8   11  0.00000E+00 0.00000 
   89    1    1    1    1    1    1    1    9    1  8.89314E+03 0.00456 
   90    1    1    1    1    1    1    1    9    2  8.80498E+03 0.00458 
   91    1    1    1    1    1    1    1    9    3  0.00000E+00 0.00000 
   92    1    1    1    1    1    1    1    9    4  8.67339E+03 0.00461 
   93    1    1    1    1    1    1    1    9    5  8.56048E+03 0.00468 
   94    1    1    1    1    1    1    1    9    6  0.00000E+00 0.00000 
   95    1    1    1    1    1    1    1    9    7  8.35433E+03 0.00468 
   96    1    1    1    1    1    1    1    9    8  8.30034E+03 0.00472 
   97    1    1    1    1    1    1    1    9    9  0.00000E+00 0.00000 
   98    1    1    1    1    1    1    1    9   10  8.52953E+03 0.00477 
   99    1    1    1    1    1    1    1    9   11  8.62950E+03 0.00473 
  100    1    1    1    1    1    1    1   10    1  0.00000E+00 0.00000 
  101    1    1    1    1    1    1    1   10    2  8.58903E+03 0.00476 
  102    1    1    1    1    1    1    1   10    3  8.64974E+03 0.00455 
  103    1    1    1    1    1    1    1   10    4  0.00000E+00 0.00000 
  104    1    1    1    1    1    1    1   10    5  8.37758E+03 0.00478 
  105    1    1    1    1    1    1    1   10    6  8.30713E+03 0.00465 
  106    1    1    1    1    1    1    1   10    7  0.00000E+00 0.00000 
  107    1    1    1    1    1    1    1   10    8  8.25846E+03 0.00467 
  108    1    1    1    1    1    1    1   10    9  8.37767E+03 0.00482 
  109    1    1    1    1    1    1    1   10   10  0.00000E+00 0.00000 
