
DETassem1 = [
    1    1    1    1    1    1    1    1    1    1  0.00000E+00 0.00000 
    2    1    1    1    1    1    1    1    1    2  0.00000E+00 0.00000 
    3    1    1    1    1    1    1    1    1    3  0.00000E+00 0.00000 
    4    1    1    1    1    1    1    1    1    4  0.00000E+00 0.00000 
    5    1    1    1    1    1    1    1    1    5  0.00000E+00 0.00000 
    6    1    1    1    1    1    1    1    1    6  0.00000E+00 0.00000 
    7    1    1    1    1    1    1    1    1    7  0.00000E+00 0.00000 
    8    1    1    1    1    1    1    1    1    8  0.00000E+00 0.00000 
    9    1    1    1    1    1    1    1    1    9  1.93739E+04 0.00346 
   10    1    1    1    1    1    1    1    1   10  0.00000E+00 0.00000 
   11    1    1    1    1    1    1    1    1   11  1.23715E+04 0.00390 
   12    1    1    1    1    1    1    1    2    1  2.68005E+04 0.00307 
   13    1    1    1    1    1    1    1    2    2  0.00000E+00 0.00000 
   14    1    1    1    1    1    1    1    2    3  0.00000E+00 0.00000 
   15    1    1    1    1    1    1    1    2    4  0.00000E+00 0.00000 
   16    1    1    1    1    1    1    1    2    5  0.00000E+00 0.00000 
   17    1    1    1    1    1    1    1    2    6  2.68020E+04 0.00302 
   18    1    1    1    1    1    1    1    2    7  0.00000E+00 0.00000 
   19    1    1    1    1    1    1    1    2    8  0.00000E+00 0.00000 
   20    1    1    1    1    1    1    1    2    9  1.46662E+04 0.00374 
   21    1    1    1    1    1    1    1    2   10  1.23991E+04 0.00392 
   22    1    1    1    1    1    1    1    2   11  0.00000E+00 0.00000 
   23    1    1    1    1    1    1    1    3    1  0.00000E+00 0.00000 
   24    1    1    1    1    1    1    1    3    2  0.00000E+00 0.00000 
   25    1    1    1    1    1    1    1    3    3  0.00000E+00 0.00000 
   26    1    1    1    1    1    1    1    3    4  0.00000E+00 0.00000 
   27    1    1    1    1    1    1    1    3    5  0.00000E+00 0.00000 
   28    1    1    1    1    1    1    1    3    6  0.00000E+00 0.00000 
   29    1    1    1    1    1    1    1    3    7  1.69827E+04 0.00365 
   30    1    1    1    1    1    1    1    3    8  1.42597E+04 0.00391 
   31    1    1    1    1    1    1    1    3    9  0.00000E+00 0.00000 
   32    1    1    1    1    1    1    1    3   10  1.09617E+04 0.00421 
   33    1    1    1    1    1    1    1    3   11  1.03532E+04 0.00423 
   34    1    1    1    1    1    1    1    4    1  0.00000E+00 0.00000 
   35    1    1    1    1    1    1    1    4    2  1.92979E+04 0.00343 
   36    1    1    1    1    1    1    1    4    3  1.92301E+04 0.00348 
   37    1    1    1    1    1    1    1    4    4  0.00000E+00 0.00000 
   38    1    1    1    1    1    1    1    4    5  1.70579E+04 0.00360 
   39    1    1    1    1    1    1    1    4    6  1.48900E+04 0.00368 
   40    1    1    1    1    1    1    1    4    7  0.00000E+00 0.00000 
   41    1    1    1    1    1    1    1    4    8  1.21487E+04 0.00403 
   42    1    1    1    1    1    1    1    4    9  1.10145E+04 0.00421 
   43    1    1    1    1    1    1    1    4   10  0.00000E+00 0.00000 
   44    1    1    1    1    1    1    1    4   11  9.99730E+03 0.00421 
   45    1    1    1    1    1    1    1    5    1  1.47199E+04 0.00374 
   46    1    1    1    1    1    1    1    5    2  0.00000E+00 0.00000 
   47    1    1    1    1    1    1    1    5    3  1.47148E+04 0.00372 
   48    1    1    1    1    1    1    1    5    4  1.42216E+04 0.00375 
   49    1    1    1    1    1    1    1    5    5  0.00000E+00 0.00000 
   50    1    1    1    1    1    1    1    5    6  1.27992E+04 0.00396 
   51    1    1    1    1    1    1    1    5    7  0.00000E+00 0.00000 
   52    1    1    1    1    1    1    1    5    8  0.00000E+00 0.00000 
   53    1    1    1    1    1    1    1    5    9  1.03698E+04 0.00423 
   54    1    1    1    1    1    1    1    5   10  1.01089E+04 0.00419 
   55    1    1    1    1    1    1    1    5   11  0.00000E+00 0.00000 
   56    1    1    1    1    1    1    1    6    1  1.23395E+04 0.00400 
   57    1    1    1    1    1    1    1    6    2  1.23224E+04 0.00408 
   58    1    1    1    1    1    1    1    6    3  0.00000E+00 0.00000 
   59    1    1    1    1    1    1    1    6    4  1.22556E+04 0.00408 
   60    1    1    1    1    1    1    1    6    5  0.00000E+00 0.00000 
   61    1    1    1    1    1    1    1    6    6  0.00000E+00 0.00000 
   62    1    1    1    1    1    1    1    6    7  1.08478E+04 0.00416 
   63    1    1    1    1    1    1    1    6    8  1.01250E+04 0.00436 
   64    1    1    1    1    1    1    1    6    9  0.00000E+00 0.00000 
   65    1    1    1    1    1    1    1    6   10  0.00000E+00 0.00000 
   66    1    1    1    1    1    1    1    6   11  9.72519E+03 0.00435 
   67    1    1    1    1    1    1    1    7    1  0.00000E+00 0.00000 
   68    1    1    1    1    1    1    1    7    2  1.10870E+04 0.00414 
   69    1    1    1    1    1    1    1    7    3  1.10658E+04 0.00423 
   70    1    1    1    1    1    1    1    7    4  0.00000E+00 0.00000 
   71    1    1    1    1    1    1    1    7    5  1.08419E+04 0.00416 
   72    1    1    1    1    1    1    1    7    6  1.03404E+04 0.00423 
   73    1    1    1    1    1    1    1    7    7  0.00000E+00 0.00000 
   74    1    1    1    1    1    1    1    7    8  9.67794E+03 0.00423 
   75    1    1    1    1    1    1    1    7    9  9.62348E+03 0.00439 
   76    1    1    1    1    1    1    1    7   10  0.00000E+00 0.00000 
   77    1    1    1    1    1    1    1    7   11  9.45841E+03 0.00441 
   78    1    1    1    1    1    1    1    8    1  1.03409E+04 0.00417 
   79    1    1    1    1    1    1    1    8    2  0.00000E+00 0.00000 
   80    1    1    1    1    1    1    1    8    3  1.02581E+04 0.00428 
   81    1    1    1    1    1    1    1    8    4  1.01593E+04 0.00416 
   82    1    1    1    1    1    1    1    8    5  0.00000E+00 0.00000 
   83    1    1    1    1    1    1    1    8    6  9.60141E+03 0.00436 
   84    1    1    1    1    1    1    1    8    7  9.32579E+03 0.00428 
   85    1    1    1    1    1    1    1    8    8  0.00000E+00 0.00000 
   86    1    1    1    1    1    1    1    8    9  9.27208E+03 0.00439 
   87    1    1    1    1    1    1    1    8   10  9.23295E+03 0.00438 
   88    1    1    1    1    1    1    1    8   11  0.00000E+00 0.00000 
   89    1    1    1    1    1    1    1    9    1  9.88386E+03 0.00431 
   90    1    1    1    1    1    1    1    9    2  1.00861E+04 0.00426 
   91    1    1    1    1    1    1    1    9    3  0.00000E+00 0.00000 
   92    1    1    1    1    1    1    1    9    4  9.60983E+03 0.00433 
   93    1    1    1    1    1    1    1    9    5  9.34197E+03 0.00437 
   94    1    1    1    1    1    1    1    9    6  0.00000E+00 0.00000 
   95    1    1    1    1    1    1    1    9    7  9.06350E+03 0.00436 
   96    1    1    1    1    1    1    1    9    8  9.07917E+03 0.00442 
   97    1    1    1    1    1    1    1    9    9  0.00000E+00 0.00000 
   98    1    1    1    1    1    1    1    9   10  9.23560E+03 0.00446 
   99    1    1    1    1    1    1    1    9   11  0.00000E+00 0.00000 
  100    1    1    1    1    1    1    1   10    1  0.00000E+00 0.00000 
  101    1    1    1    1    1    1    1   10    2  0.00000E+00 0.00000 
  102    1    1    1    1    1    1    1   10    3  9.60182E+03 0.00429 
  103    1    1    1    1    1    1    1   10    4  0.00000E+00 0.00000 
  104    1    1    1    1    1    1    1   10    5  9.06366E+03 0.00442 
  105    1    1    1    1    1    1    1   10    6  8.88212E+03 0.00441 
  106    1    1    1    1    1    1    1   10    7  0.00000E+00 0.00000 
  107    1    1    1    1    1    1    1   10    8  8.85585E+03 0.00451 
  108    1    1    1    1    1    1    1   10    9  8.78070E+03 0.00440 
  109    1    1    1    1    1    1    1   10   10  0.00000E+00 0.00000 
