
DETassem1 = [
    1    1    1    1    1    1    1    1    1    1  0.00000E+00 0.00000 
    2    1    1    1    1    1    1    1    1    2  0.00000E+00 0.00000 
    3    1    1    1    1    1    1    1    1    3  0.00000E+00 0.00000 
    4    1    1    1    1    1    1    1    1    4  0.00000E+00 0.00000 
    5    1    1    1    1    1    1    1    1    5  0.00000E+00 0.00000 
    6    1    1    1    1    1    1    1    1    6  0.00000E+00 0.00000 
    7    1    1    1    1    1    1    1    1    7  0.00000E+00 0.00000 
    8    1    1    1    1    1    1    1    1    8  2.13533E+04 0.00331 
    9    1    1    1    1    1    1    1    1    9  0.00000E+00 0.00000 
   10    1    1    1    1    1    1    1    1   10  0.00000E+00 0.00000 
   11    1    1    1    1    1    1    1    1   11  1.22422E+04 0.00396 
   12    1    1    1    1    1    1    1    2    1  2.21508E+04 0.00333 
   13    1    1    1    1    1    1    1    2    2  0.00000E+00 0.00000 
   14    1    1    1    1    1    1    1    2    3  0.00000E+00 0.00000 
   15    1    1    1    1    1    1    1    2    4  0.00000E+00 0.00000 
   16    1    1    1    1    1    1    1    2    5  0.00000E+00 0.00000 
   17    1    1    1    1    1    1    1    2    6  2.20203E+04 0.00330 
   18    1    1    1    1    1    1    1    2    7  1.87570E+04 0.00345 
   19    1    1    1    1    1    1    1    2    8  0.00000E+00 0.00000 
   20    1    1    1    1    1    1    1    2    9  1.43571E+04 0.00386 
   21    1    1    1    1    1    1    1    2   10  1.22319E+04 0.00400 
   22    1    1    1    1    1    1    1    2   11  0.00000E+00 0.00000 
   23    1    1    1    1    1    1    1    3    1  1.87302E+04 0.00344 
   24    1    1    1    1    1    1    1    3    2  2.12851E+04 0.00338 
   25    1    1    1    1    1    1    1    3    3  0.00000E+00 0.00000 
   26    1    1    1    1    1    1    1    3    4  2.13024E+04 0.00325 
   27    1    1    1    1    1    1    1    3    5  1.88006E+04 0.00349 
   28    1    1    1    1    1    1    1    3    6  0.00000E+00 0.00000 
   29    1    1    1    1    1    1    1    3    7  0.00000E+00 0.00000 
   30    1    1    1    1    1    1    1    3    8  1.36330E+04 0.00378 
   31    1    1    1    1    1    1    1    3    9  0.00000E+00 0.00000 
   32    1    1    1    1    1    1    1    3   10  1.08148E+04 0.00409 
   33    1    1    1    1    1    1    1    3   11  1.01838E+04 0.00429 
   34    1    1    1    1    1    1    1    4    1  0.00000E+00 0.00000 
   35    1    1    1    1    1    1    1    4    2  0.00000E+00 0.00000 
   36    1    1    1    1    1    1    1    4    3  0.00000E+00 0.00000 
   37    1    1    1    1    1    1    1    4    4  0.00000E+00 0.00000 
   38    1    1    1    1    1    1    1    4    5  0.00000E+00 0.00000 
   39    1    1    1    1    1    1    1    4    6  1.41730E+04 0.00384 
   40    1    1    1    1    1    1    1    4    7  0.00000E+00 0.00000 
   41    1    1    1    1    1    1    1    4    8  1.16166E+04 0.00402 
   42    1    1    1    1    1    1    1    4    9  1.08788E+04 0.00407 
   43    1    1    1    1    1    1    1    4   10  0.00000E+00 0.00000 
   44    1    1    1    1    1    1    1    4   11  9.76704E+03 0.00435 
   45    1    1    1    1    1    1    1    5    1  1.43513E+04 0.00380 
   46    1    1    1    1    1    1    1    5    2  0.00000E+00 0.00000 
   47    1    1    1    1    1    1    1    5    3  1.44151E+04 0.00379 
   48    1    1    1    1    1    1    1    5    4  1.36311E+04 0.00390 
   49    1    1    1    1    1    1    1    5    5  0.00000E+00 0.00000 
   50    1    1    1    1    1    1    1    5    6  1.19056E+04 0.00404 
   51    1    1    1    1    1    1    1    5    7  1.14315E+04 0.00408 
   52    1    1    1    1    1    1    1    5    8  0.00000E+00 0.00000 
   53    1    1    1    1    1    1    1    5    9  1.03266E+04 0.00416 
   54    1    1    1    1    1    1    1    5   10  9.74752E+03 0.00437 
   55    1    1    1    1    1    1    1    5   11  0.00000E+00 0.00000 
   56    1    1    1    1    1    1    1    6    1  1.22136E+04 0.00396 
   57    1    1    1    1    1    1    1    6    2  1.22560E+04 0.00397 
   58    1    1    1    1    1    1    1    6    3  0.00000E+00 0.00000 
   59    1    1    1    1    1    1    1    6    4  1.16206E+04 0.00400 
   60    1    1    1    1    1    1    1    6    5  1.12793E+04 0.00408 
   61    1    1    1    1    1    1    1    6    6  0.00000E+00 0.00000 
   62    1    1    1    1    1    1    1    6    7  1.08788E+04 0.00415 
   63    1    1    1    1    1    1    1    6    8  0.00000E+00 0.00000 
   64    1    1    1    1    1    1    1    6    9  0.00000E+00 0.00000 
   65    1    1    1    1    1    1    1    6   10  9.47994E+03 0.00431 
   66    1    1    1    1    1    1    1    6   11  9.19806E+03 0.00437 
   67    1    1    1    1    1    1    1    7    1  0.00000E+00 0.00000 
   68    1    1    1    1    1    1    1    7    2  1.08236E+04 0.00413 
   69    1    1    1    1    1    1    1    7    3  1.07551E+04 0.00420 
   70    1    1    1    1    1    1    1    7    4  0.00000E+00 0.00000 
   71    1    1    1    1    1    1    1    7    5  1.09155E+04 0.00417 
   72    1    1    1    1    1    1    1    7    6  0.00000E+00 0.00000 
   73    1    1    1    1    1    1    1    7    7  0.00000E+00 0.00000 
   74    1    1    1    1    1    1    1    7    8  9.96315E+03 0.00418 
   75    1    1    1    1    1    1    1    7    9  9.51546E+03 0.00429 
   76    1    1    1    1    1    1    1    7   10  0.00000E+00 0.00000 
   77    1    1    1    1    1    1    1    7   11  9.06755E+03 0.00446 
   78    1    1    1    1    1    1    1    8    1  1.02123E+04 0.00425 
   79    1    1    1    1    1    1    1    8    2  0.00000E+00 0.00000 
   80    1    1    1    1    1    1    1    8    3  1.03827E+04 0.00422 
   81    1    1    1    1    1    1    1    8    4  0.00000E+00 0.00000 
   82    1    1    1    1    1    1    1    8    5  0.00000E+00 0.00000 
   83    1    1    1    1    1    1    1    8    6  1.02424E+04 0.00429 
   84    1    1    1    1    1    1    1    8    7  9.77235E+03 0.00427 
   85    1    1    1    1    1    1    1    8    8  0.00000E+00 0.00000 
   86    1    1    1    1    1    1    1    8    9  9.32358E+03 0.00439 
   87    1    1    1    1    1    1    1    8   10  9.27959E+03 0.00435 
   88    1    1    1    1    1    1    1    8   11  0.00000E+00 0.00000 
   89    1    1    1    1    1    1    1    9    1  9.74234E+03 0.00432 
   90    1    1    1    1    1    1    1    9    2  9.76441E+03 0.00429 
   91    1    1    1    1    1    1    1    9    3  0.00000E+00 0.00000 
   92    1    1    1    1    1    1    1    9    4  9.88633E+03 0.00421 
   93    1    1    1    1    1    1    1    9    5  9.78943E+03 0.00430 
   94    1    1    1    1    1    1    1    9    6  0.00000E+00 0.00000 
   95    1    1    1    1    1    1    1    9    7  9.52807E+03 0.00431 
   96    1    1    1    1    1    1    1    9    8  9.21619E+03 0.00433 
   97    1    1    1    1    1    1    1    9    9  0.00000E+00 0.00000 
   98    1    1    1    1    1    1    1    9   10  0.00000E+00 0.00000 
   99    1    1    1    1    1    1    1    9   11  9.02569E+03 0.00439 
  100    1    1    1    1    1    1    1   10    1  0.00000E+00 0.00000 
  101    1    1    1    1    1    1    1   10    2  9.49419E+03 0.00424 
  102    1    1    1    1    1    1    1   10    3  9.51831E+03 0.00426 
  103    1    1    1    1    1    1    1   10    4  0.00000E+00 0.00000 
  104    1    1    1    1    1    1    1   10    5  9.55051E+03 0.00433 
  105    1    1    1    1    1    1    1   10    6  0.00000E+00 0.00000 
  106    1    1    1    1    1    1    1   10    7  0.00000E+00 0.00000 
  107    1    1    1    1    1    1    1   10    8  8.97305E+03 0.00450 
  108    1    1    1    1    1    1    1   10    9  9.03379E+03 0.00447 
  109    1    1    1    1    1    1    1   10   10  0.00000E+00 0.00000 
