
ZAI = [
922350
922380
666
0
];

NAMES = [
'U235            '
'U238            '
'lost            '
'total           '
];

i922350 = 1; iU235             = 1;
i922380 = 2; iU238             = 2;
iLOST    = 3;
iTOT     = 4;

MAT_un_VOLUME = [ 2.50903E+05 2.50903E+05 ];

MAT_un_BURNUP = [ 0.00000E+00 4.56860E+01 ];

MAT_un_ADENS = [
4.83387E-03 3.43510E-03 % U235
1.93936E-02 1.88365E-02 % U238
0.00000E+00 4.38779E-30 % lost data
7.26897E-02 7.38743E-02 % total
];

MAT_un_MDENS = [
1.88669E+00 1.34074E+00 % U235
7.66628E+00 7.44604E+00 % U238
0.00000E+00 0.00000E+00 % lost data
1.08000E+01 1.07985E+01 % total
];

MAT_un_A = [
3.78506E+10 2.68979E+10 % U235
2.39212E+10 2.32340E+10 % U238
0.00000E+00 0.00000E+00 % lost data
6.17719E+10 3.26845E+18 % total
];

MAT_un_H = [
2.83744E-02 2.01637E-02 % U235
1.63655E-02 1.58953E-02 % U238
0.00000E+00 0.00000E+00 % lost data
4.47399E-02 9.62031E+05 % total
];

MAT_un_SF = [
2.72525E+00 1.93665E+00 % U235
1.30610E+04 1.26858E+04 % U238
0.00000E+00 0.00000E+00 % lost data
1.30637E+04 1.21472E+08 % total
];

MAT_un_GSRC = [
4.78245E+10 3.39856E+10 % U235
2.11831E+09 2.05745E+09 % U238
0.00000E+00 0.00000E+00 % lost data
4.99429E+10 3.51053E+18 % total
];

MAT_un_ING_TOX = [
1.77898E+03 1.26420E+03 % U235
1.07645E+03 1.04553E+03 % U238
0.00000E+00 0.00000E+00 % lost data
2.85543E+03 2.24428E+09 % total
];

MAT_un_INH_TOX = [
3.21730E+05 2.28632E+05 % U235
1.91370E+05 1.85872E+05 % U238
0.00000E+00 0.00000E+00 % lost data
5.13100E+05 8.53489E+10 % total
];

TOT_VOLUME = [ 2.50903E+05 2.50903E+05 ];

TOT_BURNUP = [ 0.00000E+00 4.56860E+01 ];

TOT_ADENS = [
4.83387E-03 3.43510E-03 % U235
1.93936E-02 1.88365E-02 % U238
0.00000E+00 4.38779E-30 % lost data
7.26897E-02 7.38743E-02 % total
];

TOT_MASS = [
4.73376E+05 3.36395E+05 % U235
1.92349E+06 1.86823E+06 % U238
0.00000E+00 0.00000E+00 % lost data
2.70975E+06 2.70937E+06 % total
];

TOT_A = [
3.78506E+10 2.68979E+10 % U235
2.39212E+10 2.32340E+10 % U238
0.00000E+00 0.00000E+00 % lost data
6.17719E+10 3.26845E+18 % total
];

TOT_H = [
2.83744E-02 2.01637E-02 % U235
1.63655E-02 1.58953E-02 % U238
0.00000E+00 0.00000E+00 % lost data
4.47399E-02 9.62031E+05 % total
];

TOT_SF = [
2.72525E+00 1.93665E+00 % U235
1.30610E+04 1.26858E+04 % U238
0.00000E+00 0.00000E+00 % lost data
1.30637E+04 1.21472E+08 % total
];

TOT_GSRC = [
4.78245E+10 3.39856E+10 % U235
2.11831E+09 2.05745E+09 % U238
0.00000E+00 0.00000E+00 % lost data
4.99429E+10 3.51053E+18 % total
];

TOT_ING_TOX = [
1.77898E+03 1.26420E+03 % U235
1.07645E+03 1.04553E+03 % U238
0.00000E+00 0.00000E+00 % lost data
2.85543E+03 2.24428E+09 % total
];

TOT_INH_TOX = [
3.21730E+05 2.28632E+05 % U235
1.91370E+05 1.85872E+05 % U238
0.00000E+00 0.00000E+00 % lost data
5.13100E+05 8.53489E+10 % total
];

BU = [ 0.00000E+00 4.56846E+01 ];

DAYS = [ 0.00000E+00 7.30000E+03 ];
