
ZAI = [
922350
922380
666
0
];

NAMES = [
'U235            '
'U238            '
'lost            '
'total           '
];

i922350 = 1; iU235             = 1;
i922380 = 2; iU238             = 2;
iLOST    = 3;
iTOT     = 4;

MAT_un_VOLUME = [ 2.44917E+05 2.44917E+05 ];

MAT_un_BURNUP = [ 0.00000E+00 4.68028E+01 ];

MAT_un_ADENS = [
4.83387E-03 3.40587E-03 % U235
1.93936E-02 1.88301E-02 % U238
0.00000E+00 5.22457E-30 % lost data
7.26897E-02 7.39035E-02 % total
];

MAT_un_MDENS = [
1.88669E+00 1.32933E+00 % U235
7.66628E+00 7.44354E+00 % U238
0.00000E+00 0.00000E+00 % lost data
1.08000E+01 1.07984E+01 % total
];

MAT_un_A = [
3.69476E+10 2.60327E+10 % U235
2.33505E+10 2.26720E+10 % U238
0.00000E+00 0.00000E+00 % lost data
6.02980E+10 3.26195E+18 % total
];

MAT_un_H = [
2.76974E-02 1.95151E-02 % U235
1.59750E-02 1.55109E-02 % U238
0.00000E+00 0.00000E+00 % lost data
4.36724E-02 9.60878E+05 % total
];

MAT_un_SF = [
2.66023E+00 1.87435E+00 % U235
1.27494E+04 1.23789E+04 % U238
0.00000E+00 0.00000E+00 % lost data
1.27520E+04 1.28718E+08 % total
];

MAT_un_GSRC = [
4.66835E+10 3.28925E+10 % U235
2.06777E+09 2.00769E+09 % U238
0.00000E+00 0.00000E+00 % lost data
4.87513E+10 3.50225E+18 % total
];

MAT_un_ING_TOX = [
1.73654E+03 1.22354E+03 % U235
1.05077E+03 1.02024E+03 % U238
0.00000E+00 0.00000E+00 % lost data
2.78731E+03 2.24718E+09 % total
];

MAT_un_INH_TOX = [
3.14054E+05 2.21278E+05 % U235
1.86804E+05 1.81376E+05 % U238
0.00000E+00 0.00000E+00 % lost data
5.00858E+05 8.73061E+10 % total
];

TOT_VOLUME = [ 2.44917E+05 2.44917E+05 ];

TOT_BURNUP = [ 0.00000E+00 4.68028E+01 ];

TOT_ADENS = [
4.83387E-03 3.40587E-03 % U235
1.93936E-02 1.88301E-02 % U238
0.00000E+00 5.22457E-30 % lost data
7.26897E-02 7.39035E-02 % total
];

TOT_MASS = [
4.62081E+05 3.25575E+05 % U235
1.87760E+06 1.82305E+06 % U238
0.00000E+00 0.00000E+00 % lost data
2.64510E+06 2.64472E+06 % total
];

TOT_A = [
3.69476E+10 2.60327E+10 % U235
2.33505E+10 2.26720E+10 % U238
0.00000E+00 0.00000E+00 % lost data
6.02980E+10 3.26195E+18 % total
];

TOT_H = [
2.76974E-02 1.95151E-02 % U235
1.59750E-02 1.55109E-02 % U238
0.00000E+00 0.00000E+00 % lost data
4.36724E-02 9.60878E+05 % total
];

TOT_SF = [
2.66023E+00 1.87435E+00 % U235
1.27494E+04 1.23789E+04 % U238
0.00000E+00 0.00000E+00 % lost data
1.27520E+04 1.28718E+08 % total
];

TOT_GSRC = [
4.66835E+10 3.28925E+10 % U235
2.06777E+09 2.00769E+09 % U238
0.00000E+00 0.00000E+00 % lost data
4.87513E+10 3.50225E+18 % total
];

TOT_ING_TOX = [
1.73654E+03 1.22354E+03 % U235
1.05077E+03 1.02024E+03 % U238
0.00000E+00 0.00000E+00 % lost data
2.78731E+03 2.24718E+09 % total
];

TOT_INH_TOX = [
3.14054E+05 2.21278E+05 % U235
1.86804E+05 1.81376E+05 % U238
0.00000E+00 0.00000E+00 % lost data
5.00858E+05 8.73061E+10 % total
];

BU = [ 0.00000E+00 4.68013E+01 ];

DAYS = [ 0.00000E+00 7.30000E+03 ];
