
DETassem1 = [
    1    1    1    1    1    1    1    1    1    1  0.00000E+00 0.00000 
    2    1    1    1    1    1    1    1    1    2  0.00000E+00 0.00000 
    3    1    1    1    1    1    1    1    1    3  0.00000E+00 0.00000 
    4    1    1    1    1    1    1    1    1    4  0.00000E+00 0.00000 
    5    1    1    1    1    1    1    1    1    5  0.00000E+00 0.00000 
    6    1    1    1    1    1    1    1    1    6  0.00000E+00 0.00000 
    7    1    1    1    1    1    1    1    1    7  0.00000E+00 0.00000 
    8    1    1    1    1    1    1    1    1    8  1.88047E+04 0.00346 
    9    1    1    1    1    1    1    1    1    9  1.47420E+04 0.00375 
   10    1    1    1    1    1    1    1    1   10  0.00000E+00 0.00000 
   11    1    1    1    1    1    1    1    1   11  1.17512E+04 0.00404 
   12    1    1    1    1    1    1    1    2    1  2.00019E+04 0.00333 
   13    1    1    1    1    1    1    1    2    2  0.00000E+00 0.00000 
   14    1    1    1    1    1    1    1    2    3  0.00000E+00 0.00000 
   15    1    1    1    1    1    1    1    2    4  0.00000E+00 0.00000 
   16    1    1    1    1    1    1    1    2    5  0.00000E+00 0.00000 
   17    1    1    1    1    1    1    1    2    6  2.00190E+04 0.00330 
   18    1    1    1    1    1    1    1    2    7  1.64300E+04 0.00362 
   19    1    1    1    1    1    1    1    2    8  0.00000E+00 0.00000 
   20    1    1    1    1    1    1    1    2    9  1.26279E+04 0.00389 
   21    1    1    1    1    1    1    1    2   10  1.17360E+04 0.00401 
   22    1    1    1    1    1    1    1    2   11  0.00000E+00 0.00000 
   23    1    1    1    1    1    1    1    3    1  1.64389E+04 0.00361 
   24    1    1    1    1    1    1    1    3    2  1.88144E+04 0.00345 
   25    1    1    1    1    1    1    1    3    3  0.00000E+00 0.00000 
   26    1    1    1    1    1    1    1    3    4  1.86757E+04 0.00348 
   27    1    1    1    1    1    1    1    3    5  1.64648E+04 0.00361 
   28    1    1    1    1    1    1    1    3    6  0.00000E+00 0.00000 
   29    1    1    1    1    1    1    1    3    7  1.31095E+04 0.00397 
   30    1    1    1    1    1    1    1    3    8  1.21790E+04 0.00408 
   31    1    1    1    1    1    1    1    3    9  0.00000E+00 0.00000 
   32    1    1    1    1    1    1    1    3   10  1.15360E+04 0.00410 
   33    1    1    1    1    1    1    1    3   11  0.00000E+00 0.00000 
   34    1    1    1    1    1    1    1    4    1  0.00000E+00 0.00000 
   35    1    1    1    1    1    1    1    4    2  1.47810E+04 0.00370 
   36    1    1    1    1    1    1    1    4    3  1.49132E+04 0.00383 
   37    1    1    1    1    1    1    1    4    4  0.00000E+00 0.00000 
   38    1    1    1    1    1    1    1    4    5  1.30826E+04 0.00391 
   39    1    1    1    1    1    1    1    4    6  1.22659E+04 0.00401 
   40    1    1    1    1    1    1    1    4    7  0.00000E+00 0.00000 
   41    1    1    1    1    1    1    1    4    8  1.14257E+04 0.00403 
   42    1    1    1    1    1    1    1    4    9  0.00000E+00 0.00000 
   43    1    1    1    1    1    1    1    4   10  0.00000E+00 0.00000 
   44    1    1    1    1    1    1    1    4   11  1.05247E+04 0.00420 
   45    1    1    1    1    1    1    1    5    1  1.25168E+04 0.00392 
   46    1    1    1    1    1    1    1    5    2  0.00000E+00 0.00000 
   47    1    1    1    1    1    1    1    5    3  1.25718E+04 0.00392 
   48    1    1    1    1    1    1    1    5    4  1.21922E+04 0.00396 
   49    1    1    1    1    1    1    1    5    5  0.00000E+00 0.00000 
   50    1    1    1    1    1    1    1    5    6  1.12124E+04 0.00407 
   51    1    1    1    1    1    1    1    5    7  1.11049E+04 0.00412 
   52    1    1    1    1    1    1    1    5    8  0.00000E+00 0.00000 
   53    1    1    1    1    1    1    1    5    9  1.05186E+04 0.00425 
   54    1    1    1    1    1    1    1    5   10  1.01190E+04 0.00427 
   55    1    1    1    1    1    1    1    5   11  0.00000E+00 0.00000 
   56    1    1    1    1    1    1    1    6    1  1.17233E+04 0.00398 
   57    1    1    1    1    1    1    1    6    2  1.17502E+04 0.00408 
   58    1    1    1    1    1    1    1    6    3  0.00000E+00 0.00000 
   59    1    1    1    1    1    1    1    6    4  1.13919E+04 0.00410 
   60    1    1    1    1    1    1    1    6    5  1.11102E+04 0.00407 
   61    1    1    1    1    1    1    1    6    6  0.00000E+00 0.00000 
   62    1    1    1    1    1    1    1    6    7  0.00000E+00 0.00000 
   63    1    1    1    1    1    1    1    6    8  1.02718E+04 0.00421 
   64    1    1    1    1    1    1    1    6    9  0.00000E+00 0.00000 
   65    1    1    1    1    1    1    1    6   10  9.54984E+03 0.00439 
   66    1    1    1    1    1    1    1    6   11  9.46757E+03 0.00431 
   67    1    1    1    1    1    1    1    7    1  0.00000E+00 0.00000 
   68    1    1    1    1    1    1    1    7    2  1.15850E+04 0.00416 
   69    1    1    1    1    1    1    1    7    3  0.00000E+00 0.00000 
   70    1    1    1    1    1    1    1    7    4  0.00000E+00 0.00000 
   71    1    1    1    1    1    1    1    7    5  0.00000E+00 0.00000 
   72    1    1    1    1    1    1    1    7    6  1.05284E+04 0.00417 
   73    1    1    1    1    1    1    1    7    7  0.00000E+00 0.00000 
   74    1    1    1    1    1    1    1    7    8  9.59253E+03 0.00431 
   75    1    1    1    1    1    1    1    7    9  9.26912E+03 0.00431 
   76    1    1    1    1    1    1    1    7   10  0.00000E+00 0.00000 
   77    1    1    1    1    1    1    1    7   11  9.15089E+03 0.00445 
   78    1    1    1    1    1    1    1    8    1  0.00000E+00 0.00000 
   79    1    1    1    1    1    1    1    8    2  0.00000E+00 0.00000 
   80    1    1    1    1    1    1    1    8    3  1.05533E+04 0.00411 
   81    1    1    1    1    1    1    1    8    4  1.02670E+04 0.00427 
   82    1    1    1    1    1    1    1    8    5  0.00000E+00 0.00000 
   83    1    1    1    1    1    1    1    8    6  9.59370E+03 0.00431 
   84    1    1    1    1    1    1    1    8    7  9.24108E+03 0.00437 
   85    1    1    1    1    1    1    1    8    8  0.00000E+00 0.00000 
   86    1    1    1    1    1    1    1    8    9  9.05573E+03 0.00439 
   87    1    1    1    1    1    1    1    8   10  8.88148E+03 0.00440 
   88    1    1    1    1    1    1    1    8   11  0.00000E+00 0.00000 
   89    1    1    1    1    1    1    1    9    1  1.05605E+04 0.00424 
   90    1    1    1    1    1    1    1    9    2  1.00610E+04 0.00427 
   91    1    1    1    1    1    1    1    9    3  0.00000E+00 0.00000 
   92    1    1    1    1    1    1    1    9    4  9.56576E+03 0.00436 
   93    1    1    1    1    1    1    1    9    5  9.29115E+03 0.00433 
   94    1    1    1    1    1    1    1    9    6  0.00000E+00 0.00000 
   95    1    1    1    1    1    1    1    9    7  9.01879E+03 0.00444 
   96    1    1    1    1    1    1    1    9    8  8.79994E+03 0.00439 
   97    1    1    1    1    1    1    1    9    9  0.00000E+00 0.00000 
   98    1    1    1    1    1    1    1    9   10  8.74203E+03 0.00450 
   99    1    1    1    1    1    1    1    9   11  8.68438E+03 0.00445 
  100    1    1    1    1    1    1    1   10    1  0.00000E+00 0.00000 
  101    1    1    1    1    1    1    1   10    2  9.60188E+03 0.00434 
  102    1    1    1    1    1    1    1   10    3  9.27606E+03 0.00442 
  103    1    1    1    1    1    1    1   10    4  0.00000E+00 0.00000 
  104    1    1    1    1    1    1    1   10    5  8.82945E+03 0.00448 
  105    1    1    1    1    1    1    1   10    6  8.76766E+03 0.00444 
  106    1    1    1    1    1    1    1   10    7  0.00000E+00 0.00000 
  107    1    1    1    1    1    1    1   10    8  8.53267E+03 0.00444 
  108    1    1    1    1    1    1    1   10    9  8.53409E+03 0.00447 
  109    1    1    1    1    1    1    1   10   10  0.00000E+00 0.00000 
