
ZAI = [
922350
922380
666
0
];

NAMES = [
'U235            '
'U238            '
'lost            '
'total           '
];

i922350 = 1; iU235             = 1;
i922380 = 2; iU238             = 2;
iLOST    = 3;
iTOT     = 4;

MAT_un_VOLUME = [ 2.39315E+05 2.39315E+05 ];

MAT_un_BURNUP = [ 0.00000E+00 4.78983E+01 ];

MAT_un_ADENS = [
4.83387E-03 3.37672E-03 % U235
1.93936E-02 1.88211E-02 % U238
0.00000E+00 4.65473E-30 % lost data
7.26897E-02 7.39321E-02 % total
];

MAT_un_MDENS = [
1.88669E+00 1.31796E+00 % U235
7.66628E+00 7.43996E+00 % U238
0.00000E+00 0.00000E+00 % lost data
1.08000E+01 1.07984E+01 % total
];

MAT_un_A = [
3.61025E+10 2.52196E+10 % U235
2.28164E+10 2.21428E+10 % U238
0.00000E+00 0.00000E+00 % lost data
5.89189E+10 3.25817E+18 % total
];

MAT_un_H = [
2.70639E-02 1.89056E-02 % U235
1.56097E-02 1.51488E-02 % U238
0.00000E+00 0.00000E+00 % lost data
4.26735E-02 9.59893E+05 % total
];

MAT_un_SF = [
2.59938E+00 1.81581E+00 % U235
1.24578E+04 1.20900E+04 % U238
0.00000E+00 0.00000E+00 % lost data
1.24604E+04 1.35288E+08 % total
];

MAT_un_GSRC = [
4.56157E+10 3.18651E+10 % U235
2.02047E+09 1.96083E+09 % U238
0.00000E+00 0.00000E+00 % lost data
4.76362E+10 3.49740E+18 % total
];

MAT_un_ING_TOX = [
1.69682E+03 1.18532E+03 % U235
1.02674E+03 9.96427E+02 % U238
0.00000E+00 0.00000E+00 % lost data
2.72356E+03 2.25131E+09 % total
];

MAT_un_INH_TOX = [
3.06871E+05 2.14367E+05 % U235
1.82531E+05 1.77143E+05 % U238
0.00000E+00 0.00000E+00 % lost data
4.89402E+05 8.92614E+10 % total
];

TOT_VOLUME = [ 2.39315E+05 2.39315E+05 ];

TOT_BURNUP = [ 0.00000E+00 4.78983E+01 ];

TOT_ADENS = [
4.83387E-03 3.37672E-03 % U235
1.93936E-02 1.88211E-02 % U238
0.00000E+00 4.65473E-30 % lost data
7.26897E-02 7.39321E-02 % total
];

TOT_MASS = [
4.51513E+05 3.15407E+05 % U235
1.83465E+06 1.78049E+06 % U238
0.00000E+00 0.00000E+00 % lost data
2.58460E+06 2.58421E+06 % total
];

TOT_A = [
3.61025E+10 2.52196E+10 % U235
2.28164E+10 2.21428E+10 % U238
0.00000E+00 0.00000E+00 % lost data
5.89189E+10 3.25817E+18 % total
];

TOT_H = [
2.70639E-02 1.89056E-02 % U235
1.56097E-02 1.51488E-02 % U238
0.00000E+00 0.00000E+00 % lost data
4.26735E-02 9.59893E+05 % total
];

TOT_SF = [
2.59938E+00 1.81581E+00 % U235
1.24578E+04 1.20900E+04 % U238
0.00000E+00 0.00000E+00 % lost data
1.24604E+04 1.35288E+08 % total
];

TOT_GSRC = [
4.56157E+10 3.18651E+10 % U235
2.02047E+09 1.96083E+09 % U238
0.00000E+00 0.00000E+00 % lost data
4.76362E+10 3.49740E+18 % total
];

TOT_ING_TOX = [
1.69682E+03 1.18532E+03 % U235
1.02674E+03 9.96427E+02 % U238
0.00000E+00 0.00000E+00 % lost data
2.72356E+03 2.25131E+09 % total
];

TOT_INH_TOX = [
3.06871E+05 2.14367E+05 % U235
1.82531E+05 1.77143E+05 % U238
0.00000E+00 0.00000E+00 % lost data
4.89402E+05 8.92614E+10 % total
];

BU = [ 0.00000E+00 4.78968E+01 ];

DAYS = [ 0.00000E+00 7.30000E+03 ];
