
DETassem1 = [
    1    1    1    1    1    1    1    1    1    1  0.00000E+00 0.00000 
    2    1    1    1    1    1    1    1    1    2  0.00000E+00 0.00000 
    3    1    1    1    1    1    1    1    1    3  0.00000E+00 0.00000 
    4    1    1    1    1    1    1    1    1    4  0.00000E+00 0.00000 
    5    1    1    1    1    1    1    1    1    5  0.00000E+00 0.00000 
    6    1    1    1    1    1    1    1    1    6  0.00000E+00 0.00000 
    7    1    1    1    1    1    1    1    1    7  0.00000E+00 0.00000 
    8    1    1    1    1    1    1    1    1    8  1.90870E+04 0.00346 
    9    1    1    1    1    1    1    1    1    9  1.53329E+04 0.00369 
   10    1    1    1    1    1    1    1    1   10  0.00000E+00 0.00000 
   11    1    1    1    1    1    1    1    1   11  0.00000E+00 0.00000 
   12    1    1    1    1    1    1    1    2    1  2.05174E+04 0.00334 
   13    1    1    1    1    1    1    1    2    2  0.00000E+00 0.00000 
   14    1    1    1    1    1    1    1    2    3  0.00000E+00 0.00000 
   15    1    1    1    1    1    1    1    2    4  0.00000E+00 0.00000 
   16    1    1    1    1    1    1    1    2    5  0.00000E+00 0.00000 
   17    1    1    1    1    1    1    1    2    6  2.06254E+04 0.00337 
   18    1    1    1    1    1    1    1    2    7  1.69521E+04 0.00352 
   19    1    1    1    1    1    1    1    2    8  0.00000E+00 0.00000 
   20    1    1    1    1    1    1    1    2    9  1.31740E+04 0.00398 
   21    1    1    1    1    1    1    1    2   10  0.00000E+00 0.00000 
   22    1    1    1    1    1    1    1    2   11  0.00000E+00 0.00000 
   23    1    1    1    1    1    1    1    3    1  1.70076E+04 0.00357 
   24    1    1    1    1    1    1    1    3    2  1.91609E+04 0.00345 
   25    1    1    1    1    1    1    1    3    3  0.00000E+00 0.00000 
   26    1    1    1    1    1    1    1    3    4  1.92678E+04 0.00347 
   27    1    1    1    1    1    1    1    3    5  1.69883E+04 0.00360 
   28    1    1    1    1    1    1    1    3    6  0.00000E+00 0.00000 
   29    1    1    1    1    1    1    1    3    7  1.36839E+04 0.00383 
   30    1    1    1    1    1    1    1    3    8  1.23461E+04 0.00397 
   31    1    1    1    1    1    1    1    3    9  0.00000E+00 0.00000 
   32    1    1    1    1    1    1    1    3   10  1.12106E+04 0.00403 
   33    1    1    1    1    1    1    1    3   11  1.06504E+04 0.00409 
   34    1    1    1    1    1    1    1    4    1  0.00000E+00 0.00000 
   35    1    1    1    1    1    1    1    4    2  1.53634E+04 0.00367 
   36    1    1    1    1    1    1    1    4    3  1.55073E+04 0.00362 
   37    1    1    1    1    1    1    1    4    4  0.00000E+00 0.00000 
   38    1    1    1    1    1    1    1    4    5  1.37248E+04 0.00383 
   39    1    1    1    1    1    1    1    4    6  0.00000E+00 0.00000 
   40    1    1    1    1    1    1    1    4    7  0.00000E+00 0.00000 
   41    1    1    1    1    1    1    1    4    8  1.10882E+04 0.00411 
   42    1    1    1    1    1    1    1    4    9  1.05774E+04 0.00418 
   43    1    1    1    1    1    1    1    4   10  0.00000E+00 0.00000 
   44    1    1    1    1    1    1    1    4   11  1.03764E+04 0.00413 
   45    1    1    1    1    1    1    1    5    1  1.31780E+04 0.00388 
   46    1    1    1    1    1    1    1    5    2  0.00000E+00 0.00000 
   47    1    1    1    1    1    1    1    5    3  1.31939E+04 0.00390 
   48    1    1    1    1    1    1    1    5    4  1.24829E+04 0.00398 
   49    1    1    1    1    1    1    1    5    5  0.00000E+00 0.00000 
   50    1    1    1    1    1    1    1    5    6  1.15256E+04 0.00410 
   51    1    1    1    1    1    1    1    5    7  1.06543E+04 0.00424 
   52    1    1    1    1    1    1    1    5    8  0.00000E+00 0.00000 
   53    1    1    1    1    1    1    1    5    9  9.96734E+03 0.00422 
   54    1    1    1    1    1    1    1    5   10  9.85709E+03 0.00431 
   55    1    1    1    1    1    1    1    5   11  0.00000E+00 0.00000 
   56    1    1    1    1    1    1    1    6    1  0.00000E+00 0.00000 
   57    1    1    1    1    1    1    1    6    2  0.00000E+00 0.00000 
   58    1    1    1    1    1    1    1    6    3  0.00000E+00 0.00000 
   59    1    1    1    1    1    1    1    6    4  1.11359E+04 0.00410 
   60    1    1    1    1    1    1    1    6    5  1.07125E+04 0.00416 
   61    1    1    1    1    1    1    1    6    6  0.00000E+00 0.00000 
   62    1    1    1    1    1    1    1    6    7  9.98290E+03 0.00424 
   63    1    1    1    1    1    1    1    6    8  9.65385E+03 0.00434 
   64    1    1    1    1    1    1    1    6    9  0.00000E+00 0.00000 
   65    1    1    1    1    1    1    1    6   10  9.51931E+03 0.00442 
   66    1    1    1    1    1    1    1    6   11  9.48521E+03 0.00438 
   67    1    1    1    1    1    1    1    7    1  0.00000E+00 0.00000 
   68    1    1    1    1    1    1    1    7    2  1.12146E+04 0.00406 
   69    1    1    1    1    1    1    1    7    3  1.05270E+04 0.00418 
   70    1    1    1    1    1    1    1    7    4  0.00000E+00 0.00000 
   71    1    1    1    1    1    1    1    7    5  9.89674E+03 0.00429 
   72    1    1    1    1    1    1    1    7    6  9.68603E+03 0.00422 
   73    1    1    1    1    1    1    1    7    7  0.00000E+00 0.00000 
   74    1    1    1    1    1    1    1    7    8  9.42847E+03 0.00427 
   75    1    1    1    1    1    1    1    7    9  9.43238E+03 0.00437 
   76    1    1    1    1    1    1    1    7   10  0.00000E+00 0.00000 
   77    1    1    1    1    1    1    1    7   11  9.00086E+03 0.00436 
   78    1    1    1    1    1    1    1    8    1  1.06486E+04 0.00423 
   79    1    1    1    1    1    1    1    8    2  0.00000E+00 0.00000 
   80    1    1    1    1    1    1    1    8    3  9.92973E+03 0.00420 
   81    1    1    1    1    1    1    1    8    4  9.72803E+03 0.00428 
   82    1    1    1    1    1    1    1    8    5  0.00000E+00 0.00000 
   83    1    1    1    1    1    1    1    8    6  9.38506E+03 0.00436 
   84    1    1    1    1    1    1    1    8    7  9.32902E+03 0.00428 
   85    1    1    1    1    1    1    1    8    8  0.00000E+00 0.00000 
   86    1    1    1    1    1    1    1    8    9  9.39566E+03 0.00437 
   87    1    1    1    1    1    1    1    8   10  9.01121E+03 0.00445 
   88    1    1    1    1    1    1    1    8   11  0.00000E+00 0.00000 
   89    1    1    1    1    1    1    1    9    1  1.03052E+04 0.00422 
   90    1    1    1    1    1    1    1    9    2  9.85569E+03 0.00430 
   91    1    1    1    1    1    1    1    9    3  0.00000E+00 0.00000 
   92    1    1    1    1    1    1    1    9    4  9.33762E+03 0.00441 
   93    1    1    1    1    1    1    1    9    5  9.35435E+03 0.00448 
   94    1    1    1    1    1    1    1    9    6  0.00000E+00 0.00000 
   95    1    1    1    1    1    1    1    9    7  9.32681E+03 0.00430 
   96    1    1    1    1    1    1    1    9    8  0.00000E+00 0.00000 
   97    1    1    1    1    1    1    1    9    9  0.00000E+00 0.00000 
   98    1    1    1    1    1    1    1    9   10  8.78678E+03 0.00462 
   99    1    1    1    1    1    1    1    9   11  8.61260E+03 0.00451 
  100    1    1    1    1    1    1    1   10    1  0.00000E+00 0.00000 
  101    1    1    1    1    1    1    1   10    2  9.46735E+03 0.00437 
  102    1    1    1    1    1    1    1   10    3  9.35223E+03 0.00436 
  103    1    1    1    1    1    1    1   10    4  0.00000E+00 0.00000 
  104    1    1    1    1    1    1    1   10    5  9.37242E+03 0.00440 
  105    1    1    1    1    1    1    1   10    6  9.16711E+03 0.00444 
  106    1    1    1    1    1    1    1   10    7  0.00000E+00 0.00000 
  107    1    1    1    1    1    1    1   10    8  8.98180E+03 0.00444 
  108    1    1    1    1    1    1    1   10    9  8.81493E+03 0.00451 
  109    1    1    1    1    1    1    1   10   10  0.00000E+00 0.00000 
