
DETassem1 = [
    1    1    1    1    1    1    1    1    1    1  0.00000E+00 0.00000 
    2    1    1    1    1    1    1    1    1    2  0.00000E+00 0.00000 
    3    1    1    1    1    1    1    1    1    3  0.00000E+00 0.00000 
    4    1    1    1    1    1    1    1    1    4  0.00000E+00 0.00000 
    5    1    1    1    1    1    1    1    1    5  0.00000E+00 0.00000 
    6    1    1    1    1    1    1    1    1    6  0.00000E+00 0.00000 
    7    1    1    1    1    1    1    1    1    7  0.00000E+00 0.00000 
    8    1    1    1    1    1    1    1    1    8  1.82646E+04 0.00376 
    9    1    1    1    1    1    1    1    1    9  1.40974E+04 0.00395 
   10    1    1    1    1    1    1    1    1   10  0.00000E+00 0.00000 
   11    1    1    1    1    1    1    1    1   11  1.01961E+04 0.00429 
   12    1    1    1    1    1    1    1    2    1  1.98638E+04 0.00362 
   13    1    1    1    1    1    1    1    2    2  0.00000E+00 0.00000 
   14    1    1    1    1    1    1    1    2    3  0.00000E+00 0.00000 
   15    1    1    1    1    1    1    1    2    4  0.00000E+00 0.00000 
   16    1    1    1    1    1    1    1    2    5  0.00000E+00 0.00000 
   17    1    1    1    1    1    1    1    2    6  1.98153E+04 0.00356 
   18    1    1    1    1    1    1    1    2    7  1.59506E+04 0.00386 
   19    1    1    1    1    1    1    1    2    8  0.00000E+00 0.00000 
   20    1    1    1    1    1    1    1    2    9  1.13835E+04 0.00427 
   21    1    1    1    1    1    1    1    2   10  1.02949E+04 0.00434 
   22    1    1    1    1    1    1    1    2   11  0.00000E+00 0.00000 
   23    1    1    1    1    1    1    1    3    1  1.59885E+04 0.00381 
   24    1    1    1    1    1    1    1    3    2  1.84585E+04 0.00364 
   25    1    1    1    1    1    1    1    3    3  0.00000E+00 0.00000 
   26    1    1    1    1    1    1    1    3    4  1.84127E+04 0.00371 
   27    1    1    1    1    1    1    1    3    5  1.59791E+04 0.00389 
   28    1    1    1    1    1    1    1    3    6  0.00000E+00 0.00000 
   29    1    1    1    1    1    1    1    3    7  1.22166E+04 0.00426 
   30    1    1    1    1    1    1    1    3    8  1.09614E+04 0.00427 
   31    1    1    1    1    1    1    1    3    9  0.00000E+00 0.00000 
   32    1    1    1    1    1    1    1    3   10  9.53843E+03 0.00452 
   33    1    1    1    1    1    1    1    3   11  9.16328E+03 0.00449 
   34    1    1    1    1    1    1    1    4    1  0.00000E+00 0.00000 
   35    1    1    1    1    1    1    1    4    2  1.40329E+04 0.00395 
   36    1    1    1    1    1    1    1    4    3  1.41248E+04 0.00405 
   37    1    1    1    1    1    1    1    4    4  0.00000E+00 0.00000 
   38    1    1    1    1    1    1    1    4    5  1.22142E+04 0.00406 
   39    1    1    1    1    1    1    1    4    6  1.13730E+04 0.00436 
   40    1    1    1    1    1    1    1    4    7  0.00000E+00 0.00000 
   41    1    1    1    1    1    1    1    4    8  9.99498E+03 0.00447 
   42    1    1    1    1    1    1    1    4    9  9.54785E+03 0.00450 
   43    1    1    1    1    1    1    1    4   10  0.00000E+00 0.00000 
   44    1    1    1    1    1    1    1    4   11  8.86608E+03 0.00454 
   45    1    1    1    1    1    1    1    5    1  1.13593E+04 0.00432 
   46    1    1    1    1    1    1    1    5    2  0.00000E+00 0.00000 
   47    1    1    1    1    1    1    1    5    3  1.13685E+04 0.00427 
   48    1    1    1    1    1    1    1    5    4  1.09968E+04 0.00430 
   49    1    1    1    1    1    1    1    5    5  0.00000E+00 0.00000 
   50    1    1    1    1    1    1    1    5    6  1.00213E+04 0.00448 
   51    1    1    1    1    1    1    1    5    7  9.66855E+03 0.00442 
   52    1    1    1    1    1    1    1    5    8  0.00000E+00 0.00000 
   53    1    1    1    1    1    1    1    5    9  9.24360E+03 0.00449 
   54    1    1    1    1    1    1    1    5   10  9.02573E+03 0.00452 
   55    1    1    1    1    1    1    1    5   11  0.00000E+00 0.00000 
   56    1    1    1    1    1    1    1    6    1  1.01931E+04 0.00432 
   57    1    1    1    1    1    1    1    6    2  1.02330E+04 0.00438 
   58    1    1    1    1    1    1    1    6    3  0.00000E+00 0.00000 
   59    1    1    1    1    1    1    1    6    4  9.91391E+03 0.00434 
   60    1    1    1    1    1    1    1    6    5  9.73219E+03 0.00447 
   61    1    1    1    1    1    1    1    6    6  0.00000E+00 0.00000 
   62    1    1    1    1    1    1    1    6    7  9.33105E+03 0.00464 
   63    1    1    1    1    1    1    1    6    8  0.00000E+00 0.00000 
   64    1    1    1    1    1    1    1    6    9  0.00000E+00 0.00000 
   65    1    1    1    1    1    1    1    6   10  8.77542E+03 0.00468 
   66    1    1    1    1    1    1    1    6   11  8.65092E+03 0.00462 
   67    1    1    1    1    1    1    1    7    1  0.00000E+00 0.00000 
   68    1    1    1    1    1    1    1    7    2  9.44073E+03 0.00449 
   69    1    1    1    1    1    1    1    7    3  9.50347E+03 0.00441 
   70    1    1    1    1    1    1    1    7    4  0.00000E+00 0.00000 
   71    1    1    1    1    1    1    1    7    5  9.36035E+03 0.00451 
   72    1    1    1    1    1    1    1    7    6  9.14046E+03 0.00452 
   73    1    1    1    1    1    1    1    7    7  0.00000E+00 0.00000 
   74    1    1    1    1    1    1    1    7    8  8.92494E+03 0.00457 
   75    1    1    1    1    1    1    1    7    9  8.69652E+03 0.00460 
   76    1    1    1    1    1    1    1    7   10  0.00000E+00 0.00000 
   77    1    1    1    1    1    1    1    7   11  8.51634E+03 0.00462 
   78    1    1    1    1    1    1    1    8    1  9.09782E+03 0.00445 
   79    1    1    1    1    1    1    1    8    2  0.00000E+00 0.00000 
   80    1    1    1    1    1    1    1    8    3  9.26335E+03 0.00454 
   81    1    1    1    1    1    1    1    8    4  0.00000E+00 0.00000 
   82    1    1    1    1    1    1    1    8    5  0.00000E+00 0.00000 
   83    1    1    1    1    1    1    1    8    6  8.84638E+03 0.00461 
   84    1    1    1    1    1    1    1    8    7  8.67404E+03 0.00469 
   85    1    1    1    1    1    1    1    8    8  0.00000E+00 0.00000 
   86    1    1    1    1    1    1    1    8    9  8.51947E+03 0.00462 
   87    1    1    1    1    1    1    1    8   10  8.45100E+03 0.00465 
   88    1    1    1    1    1    1    1    8   11  0.00000E+00 0.00000 
   89    1    1    1    1    1    1    1    9    1  8.85227E+03 0.00453 
   90    1    1    1    1    1    1    1    9    2  8.79941E+03 0.00454 
   91    1    1    1    1    1    1    1    9    3  0.00000E+00 0.00000 
   92    1    1    1    1    1    1    1    9    4  8.95641E+03 0.00451 
   93    1    1    1    1    1    1    1    9    5  8.64398E+03 0.00456 
   94    1    1    1    1    1    1    1    9    6  0.00000E+00 0.00000 
   95    1    1    1    1    1    1    1    9    7  8.43740E+03 0.00471 
   96    1    1    1    1    1    1    1    9    8  8.39225E+03 0.00472 
   97    1    1    1    1    1    1    1    9    9  0.00000E+00 0.00000 
   98    1    1    1    1    1    1    1    9   10  8.49514E+03 0.00475 
   99    1    1    1    1    1    1    1    9   11  8.57717E+03 0.00458 
  100    1    1    1    1    1    1    1   10    1  0.00000E+00 0.00000 
  101    1    1    1    1    1    1    1   10    2  8.70459E+03 0.00458 
  102    1    1    1    1    1    1    1   10    3  8.72555E+03 0.00460 
  103    1    1    1    1    1    1    1   10    4  0.00000E+00 0.00000 
  104    1    1    1    1    1    1    1   10    5  8.50446E+03 0.00467 
  105    1    1    1    1    1    1    1   10    6  8.31930E+03 0.00472 
  106    1    1    1    1    1    1    1   10    7  0.00000E+00 0.00000 
  107    1    1    1    1    1    1    1   10    8  8.37547E+03 0.00476 
  108    1    1    1    1    1    1    1   10    9  8.60596E+03 0.00468 
  109    1    1    1    1    1    1    1   10   10  0.00000E+00 0.00000 
