
DETassem1 = [
    1    1    1    1    1    1    1    1    1    1  0.00000E+00 0.00000 
    2    1    1    1    1    1    1    1    1    2  0.00000E+00 0.00000 
    3    1    1    1    1    1    1    1    1    3  0.00000E+00 0.00000 
    4    1    1    1    1    1    1    1    1    4  0.00000E+00 0.00000 
    5    1    1    1    1    1    1    1    1    5  0.00000E+00 0.00000 
    6    1    1    1    1    1    1    1    1    6  0.00000E+00 0.00000 
    7    1    1    1    1    1    1    1    1    7  0.00000E+00 0.00000 
    8    1    1    1    1    1    1    1    1    8  0.00000E+00 0.00000 
    9    1    1    1    1    1    1    1    1    9  1.99442E+04 0.00358 
   10    1    1    1    1    1    1    1    1   10  0.00000E+00 0.00000 
   11    1    1    1    1    1    1    1    1   11  1.20908E+04 0.00421 
   12    1    1    1    1    1    1    1    2    1  2.82873E+04 0.00306 
   13    1    1    1    1    1    1    1    2    2  0.00000E+00 0.00000 
   14    1    1    1    1    1    1    1    2    3  0.00000E+00 0.00000 
   15    1    1    1    1    1    1    1    2    4  0.00000E+00 0.00000 
   16    1    1    1    1    1    1    1    2    5  0.00000E+00 0.00000 
   17    1    1    1    1    1    1    1    2    6  2.81751E+04 0.00315 
   18    1    1    1    1    1    1    1    2    7  0.00000E+00 0.00000 
   19    1    1    1    1    1    1    1    2    8  0.00000E+00 0.00000 
   20    1    1    1    1    1    1    1    2    9  1.48324E+04 0.00401 
   21    1    1    1    1    1    1    1    2   10  1.21229E+04 0.00426 
   22    1    1    1    1    1    1    1    2   11  0.00000E+00 0.00000 
   23    1    1    1    1    1    1    1    3    1  0.00000E+00 0.00000 
   24    1    1    1    1    1    1    1    3    2  0.00000E+00 0.00000 
   25    1    1    1    1    1    1    1    3    3  0.00000E+00 0.00000 
   26    1    1    1    1    1    1    1    3    4  0.00000E+00 0.00000 
   27    1    1    1    1    1    1    1    3    5  0.00000E+00 0.00000 
   28    1    1    1    1    1    1    1    3    6  0.00000E+00 0.00000 
   29    1    1    1    1    1    1    1    3    7  1.72304E+04 0.00376 
   30    1    1    1    1    1    1    1    3    8  1.41292E+04 0.00400 
   31    1    1    1    1    1    1    1    3    9  0.00000E+00 0.00000 
   32    1    1    1    1    1    1    1    3   10  1.07184E+04 0.00438 
   33    1    1    1    1    1    1    1    3   11  9.98372E+03 0.00440 
   34    1    1    1    1    1    1    1    4    1  0.00000E+00 0.00000 
   35    1    1    1    1    1    1    1    4    2  1.98966E+04 0.00359 
   36    1    1    1    1    1    1    1    4    3  1.98497E+04 0.00357 
   37    1    1    1    1    1    1    1    4    4  0.00000E+00 0.00000 
   38    1    1    1    1    1    1    1    4    5  1.70980E+04 0.00373 
   39    1    1    1    1    1    1    1    4    6  1.49410E+04 0.00389 
   40    1    1    1    1    1    1    1    4    7  0.00000E+00 0.00000 
   41    1    1    1    1    1    1    1    4    8  1.18632E+04 0.00431 
   42    1    1    1    1    1    1    1    4    9  1.07049E+04 0.00439 
   43    1    1    1    1    1    1    1    4   10  0.00000E+00 0.00000 
   44    1    1    1    1    1    1    1    4   11  9.66152E+03 0.00453 
   45    1    1    1    1    1    1    1    5    1  1.46530E+04 0.00399 
   46    1    1    1    1    1    1    1    5    2  0.00000E+00 0.00000 
   47    1    1    1    1    1    1    1    5    3  1.46439E+04 0.00389 
   48    1    1    1    1    1    1    1    5    4  1.41501E+04 0.00394 
   49    1    1    1    1    1    1    1    5    5  0.00000E+00 0.00000 
   50    1    1    1    1    1    1    1    5    6  1.26283E+04 0.00412 
   51    1    1    1    1    1    1    1    5    7  0.00000E+00 0.00000 
   52    1    1    1    1    1    1    1    5    8  0.00000E+00 0.00000 
   53    1    1    1    1    1    1    1    5    9  9.95198E+03 0.00451 
   54    1    1    1    1    1    1    1    5   10  9.79088E+03 0.00446 
   55    1    1    1    1    1    1    1    5   11  0.00000E+00 0.00000 
   56    1    1    1    1    1    1    1    6    1  1.20541E+04 0.00424 
   57    1    1    1    1    1    1    1    6    2  1.21604E+04 0.00424 
   58    1    1    1    1    1    1    1    6    3  0.00000E+00 0.00000 
   59    1    1    1    1    1    1    1    6    4  1.17940E+04 0.00425 
   60    1    1    1    1    1    1    1    6    5  0.00000E+00 0.00000 
   61    1    1    1    1    1    1    1    6    6  0.00000E+00 0.00000 
   62    1    1    1    1    1    1    1    6    7  1.05674E+04 0.00443 
   63    1    1    1    1    1    1    1    6    8  9.84763E+03 0.00448 
   64    1    1    1    1    1    1    1    6    9  0.00000E+00 0.00000 
   65    1    1    1    1    1    1    1    6   10  0.00000E+00 0.00000 
   66    1    1    1    1    1    1    1    6   11  9.34252E+03 0.00463 
   67    1    1    1    1    1    1    1    7    1  0.00000E+00 0.00000 
   68    1    1    1    1    1    1    1    7    2  1.06007E+04 0.00438 
   69    1    1    1    1    1    1    1    7    3  1.06647E+04 0.00441 
   70    1    1    1    1    1    1    1    7    4  0.00000E+00 0.00000 
   71    1    1    1    1    1    1    1    7    5  1.05138E+04 0.00427 
   72    1    1    1    1    1    1    1    7    6  1.01013E+04 0.00447 
   73    1    1    1    1    1    1    1    7    7  0.00000E+00 0.00000 
   74    1    1    1    1    1    1    1    7    8  9.33993E+03 0.00452 
   75    1    1    1    1    1    1    1    7    9  9.36872E+03 0.00442 
   76    1    1    1    1    1    1    1    7   10  0.00000E+00 0.00000 
   77    1    1    1    1    1    1    1    7   11  9.09683E+03 0.00456 
   78    1    1    1    1    1    1    1    8    1  9.90852E+03 0.00448 
   79    1    1    1    1    1    1    1    8    2  0.00000E+00 0.00000 
   80    1    1    1    1    1    1    1    8    3  9.94747E+03 0.00431 
   81    1    1    1    1    1    1    1    8    4  9.78938E+03 0.00451 
   82    1    1    1    1    1    1    1    8    5  0.00000E+00 0.00000 
   83    1    1    1    1    1    1    1    8    6  9.27481E+03 0.00452 
   84    1    1    1    1    1    1    1    8    7  9.03897E+03 0.00453 
   85    1    1    1    1    1    1    1    8    8  0.00000E+00 0.00000 
   86    1    1    1    1    1    1    1    8    9  8.99859E+03 0.00454 
   87    1    1    1    1    1    1    1    8   10  8.99907E+03 0.00460 
   88    1    1    1    1    1    1    1    8   11  0.00000E+00 0.00000 
   89    1    1    1    1    1    1    1    9    1  9.57922E+03 0.00456 
   90    1    1    1    1    1    1    1    9    2  9.74921E+03 0.00447 
   91    1    1    1    1    1    1    1    9    3  0.00000E+00 0.00000 
   92    1    1    1    1    1    1    1    9    4  9.29786E+03 0.00453 
   93    1    1    1    1    1    1    1    9    5  8.94067E+03 0.00454 
   94    1    1    1    1    1    1    1    9    6  0.00000E+00 0.00000 
   95    1    1    1    1    1    1    1    9    7  8.77396E+03 0.00459 
   96    1    1    1    1    1    1    1    9    8  8.70011E+03 0.00457 
   97    1    1    1    1    1    1    1    9    9  0.00000E+00 0.00000 
   98    1    1    1    1    1    1    1    9   10  8.91957E+03 0.00481 
   99    1    1    1    1    1    1    1    9   11  0.00000E+00 0.00000 
  100    1    1    1    1    1    1    1   10    1  0.00000E+00 0.00000 
  101    1    1    1    1    1    1    1   10    2  0.00000E+00 0.00000 
  102    1    1    1    1    1    1    1   10    3  9.35395E+03 0.00461 
  103    1    1    1    1    1    1    1   10    4  0.00000E+00 0.00000 
  104    1    1    1    1    1    1    1   10    5  8.67402E+03 0.00462 
  105    1    1    1    1    1    1    1   10    6  8.59474E+03 0.00470 
  106    1    1    1    1    1    1    1   10    7  0.00000E+00 0.00000 
  107    1    1    1    1    1    1    1   10    8  8.42349E+03 0.00465 
  108    1    1    1    1    1    1    1   10    9  8.46255E+03 0.00474 
  109    1    1    1    1    1    1    1   10   10  0.00000E+00 0.00000 
