
ZAI = [
922350
922380
666
0
];

NAMES = [
'U235            '
'U238            '
'lost            '
'total           '
];

i922350 = 1; iU235             = 1;
i922380 = 2; iU238             = 2;
iLOST    = 3;
iTOT     = 4;

MAT_un_VOLUME = [ 2.34873E+05 2.34873E+05 ];

MAT_un_BURNUP = [ 0.00000E+00 4.88040E+01 ];

MAT_un_ADENS = [
4.83387E-03 3.35352E-03 % U235
1.93936E-02 1.88176E-02 % U238
0.00000E+00 5.89289E-30 % lost data
7.26897E-02 7.39557E-02 % total
];

MAT_un_MDENS = [
1.88669E+00 1.30890E+00 % U235
7.66628E+00 7.43860E+00 % U238
0.00000E+00 0.00000E+00 % lost data
1.08000E+01 1.07984E+01 % total
];

MAT_un_A = [
3.54325E+10 2.45814E+10 % U235
2.23930E+10 2.17279E+10 % U238
0.00000E+00 0.00000E+00 % lost data
5.78254E+10 3.25110E+18 % total
];

MAT_un_H = [
2.65616E-02 1.84272E-02 % U235
1.53200E-02 1.48650E-02 % U238
0.00000E+00 0.00000E+00 % lost data
4.18816E-02 9.58718E+05 % total
];

MAT_un_SF = [
2.55114E+00 1.76986E+00 % U235
1.22266E+04 1.18634E+04 % U238
0.00000E+00 0.00000E+00 % lost data
1.22291E+04 1.41218E+08 % total
];

MAT_un_GSRC = [
4.47692E+10 3.10588E+10 % U235
1.98298E+09 1.92408E+09 % U238
0.00000E+00 0.00000E+00 % lost data
4.67522E+10 3.48858E+18 % total
];

MAT_un_ING_TOX = [
1.66533E+03 1.15533E+03 % U235
1.00768E+03 9.77756E+02 % U238
0.00000E+00 0.00000E+00 % lost data
2.67301E+03 2.25202E+09 % total
];

MAT_un_INH_TOX = [
3.01176E+05 2.08942E+05 % U235
1.79144E+05 1.73823E+05 % U238
0.00000E+00 0.00000E+00 % lost data
4.80320E+05 9.06172E+10 % total
];

TOT_VOLUME = [ 2.34873E+05 2.34873E+05 ];

TOT_BURNUP = [ 0.00000E+00 4.88040E+01 ];

TOT_ADENS = [
4.83387E-03 3.35352E-03 % U235
1.93936E-02 1.88176E-02 % U238
0.00000E+00 5.89289E-30 % lost data
7.26897E-02 7.39557E-02 % total
];

TOT_MASS = [
4.43133E+05 3.07425E+05 % U235
1.80061E+06 1.74713E+06 % U238
0.00000E+00 0.00000E+00 % lost data
2.53663E+06 2.53625E+06 % total
];

TOT_A = [
3.54325E+10 2.45814E+10 % U235
2.23930E+10 2.17279E+10 % U238
0.00000E+00 0.00000E+00 % lost data
5.78254E+10 3.25110E+18 % total
];

TOT_H = [
2.65616E-02 1.84272E-02 % U235
1.53200E-02 1.48650E-02 % U238
0.00000E+00 0.00000E+00 % lost data
4.18816E-02 9.58718E+05 % total
];

TOT_SF = [
2.55114E+00 1.76986E+00 % U235
1.22266E+04 1.18634E+04 % U238
0.00000E+00 0.00000E+00 % lost data
1.22291E+04 1.41218E+08 % total
];

TOT_GSRC = [
4.47692E+10 3.10588E+10 % U235
1.98298E+09 1.92408E+09 % U238
0.00000E+00 0.00000E+00 % lost data
4.67522E+10 3.48858E+18 % total
];

TOT_ING_TOX = [
1.66533E+03 1.15533E+03 % U235
1.00768E+03 9.77756E+02 % U238
0.00000E+00 0.00000E+00 % lost data
2.67301E+03 2.25202E+09 % total
];

TOT_INH_TOX = [
3.01176E+05 2.08942E+05 % U235
1.79144E+05 1.73823E+05 % U238
0.00000E+00 0.00000E+00 % lost data
4.80320E+05 9.06172E+10 % total
];

BU = [ 0.00000E+00 4.88025E+01 ];

DAYS = [ 0.00000E+00 7.30000E+03 ];
