
ZAI = [
922350
922380
666
0
];

NAMES = [
'U235            '
'U238            '
'lost            '
'total           '
];

i922350 = 1; iU235             = 1;
i922380 = 2; iU238             = 2;
iLOST    = 3;
iTOT     = 4;

MAT_un_VOLUME = [ 2.43846E+05 2.43846E+05 ];

MAT_un_BURNUP = [ 0.00000E+00 4.70082E+01 ];

MAT_un_ADENS = [
4.83387E-03 3.40039E-03 % U235
1.93936E-02 1.88282E-02 % U238
0.00000E+00 4.16601E-30 % lost data
7.26897E-02 7.39089E-02 % total
];

MAT_un_MDENS = [
1.88669E+00 1.32719E+00 % U235
7.66628E+00 7.44278E+00 % U238
0.00000E+00 0.00000E+00 % lost data
1.08000E+01 1.07984E+01 % total
];

MAT_un_A = [
3.67861E+10 2.58772E+10 % U235
2.32484E+10 2.25706E+10 % U238
0.00000E+00 0.00000E+00 % lost data
6.00345E+10 3.26156E+18 % total
];

MAT_un_H = [
2.75763E-02 1.93986E-02 % U235
1.59052E-02 1.54415E-02 % U238
0.00000E+00 0.00000E+00 % lost data
4.34815E-02 9.60711E+05 % total
];

MAT_un_SF = [
2.64860E+00 1.86316E+00 % U235
1.26936E+04 1.23236E+04 % U238
0.00000E+00 0.00000E+00 % lost data
1.26963E+04 1.30331E+08 % total
];

MAT_un_GSRC = [
4.64795E+10 3.26960E+10 % U235
2.05873E+09 1.99871E+09 % U238
0.00000E+00 0.00000E+00 % lost data
4.85382E+10 3.50171E+18 % total
];

MAT_un_ING_TOX = [
1.72895E+03 1.21623E+03 % U235
1.04618E+03 1.01568E+03 % U238
0.00000E+00 0.00000E+00 % lost data
2.77512E+03 2.24851E+09 % total
];

MAT_un_INH_TOX = [
3.12682E+05 2.19956E+05 % U235
1.85987E+05 1.80565E+05 % U238
0.00000E+00 0.00000E+00 % lost data
4.98669E+05 8.78399E+10 % total
];

TOT_VOLUME = [ 2.43846E+05 2.43846E+05 ];

TOT_BURNUP = [ 0.00000E+00 4.70082E+01 ];

TOT_ADENS = [
4.83387E-03 3.40039E-03 % U235
1.93936E-02 1.88282E-02 % U238
0.00000E+00 4.16601E-30 % lost data
7.26897E-02 7.39089E-02 % total
];

TOT_MASS = [
4.60062E+05 3.23631E+05 % U235
1.86939E+06 1.81489E+06 % U238
0.00000E+00 0.00000E+00 % lost data
2.63354E+06 2.63315E+06 % total
];

TOT_A = [
3.67861E+10 2.58772E+10 % U235
2.32484E+10 2.25706E+10 % U238
0.00000E+00 0.00000E+00 % lost data
6.00345E+10 3.26156E+18 % total
];

TOT_H = [
2.75763E-02 1.93986E-02 % U235
1.59052E-02 1.54415E-02 % U238
0.00000E+00 0.00000E+00 % lost data
4.34815E-02 9.60711E+05 % total
];

TOT_SF = [
2.64860E+00 1.86316E+00 % U235
1.26936E+04 1.23236E+04 % U238
0.00000E+00 0.00000E+00 % lost data
1.26963E+04 1.30331E+08 % total
];

TOT_GSRC = [
4.64795E+10 3.26960E+10 % U235
2.05873E+09 1.99871E+09 % U238
0.00000E+00 0.00000E+00 % lost data
4.85382E+10 3.50171E+18 % total
];

TOT_ING_TOX = [
1.72895E+03 1.21623E+03 % U235
1.04618E+03 1.01568E+03 % U238
0.00000E+00 0.00000E+00 % lost data
2.77512E+03 2.24851E+09 % total
];

TOT_INH_TOX = [
3.12682E+05 2.19956E+05 % U235
1.85987E+05 1.80565E+05 % U238
0.00000E+00 0.00000E+00 % lost data
4.98669E+05 8.78399E+10 % total
];

BU = [ 0.00000E+00 4.70067E+01 ];

DAYS = [ 0.00000E+00 7.30000E+03 ];
