
DETassem1 = [
    1    1    1    1    1    1    1    1    1    1  0.00000E+00 0.00000 
    2    1    1    1    1    1    1    1    1    2  0.00000E+00 0.00000 
    3    1    1    1    1    1    1    1    1    3  0.00000E+00 0.00000 
    4    1    1    1    1    1    1    1    1    4  0.00000E+00 0.00000 
    5    1    1    1    1    1    1    1    1    5  0.00000E+00 0.00000 
    6    1    1    1    1    1    1    1    1    6  0.00000E+00 0.00000 
    7    1    1    1    1    1    1    1    1    7  0.00000E+00 0.00000 
    8    1    1    1    1    1    1    1    1    8  2.09696E+04 0.00348 
    9    1    1    1    1    1    1    1    1    9  0.00000E+00 0.00000 
   10    1    1    1    1    1    1    1    1   10  0.00000E+00 0.00000 
   11    1    1    1    1    1    1    1    1   11  1.19905E+04 0.00413 
   12    1    1    1    1    1    1    1    2    1  2.17314E+04 0.00345 
   13    1    1    1    1    1    1    1    2    2  0.00000E+00 0.00000 
   14    1    1    1    1    1    1    1    2    3  0.00000E+00 0.00000 
   15    1    1    1    1    1    1    1    2    4  0.00000E+00 0.00000 
   16    1    1    1    1    1    1    1    2    5  0.00000E+00 0.00000 
   17    1    1    1    1    1    1    1    2    6  2.16384E+04 0.00347 
   18    1    1    1    1    1    1    1    2    7  1.75509E+04 0.00370 
   19    1    1    1    1    1    1    1    2    8  0.00000E+00 0.00000 
   20    1    1    1    1    1    1    1    2    9  1.37282E+04 0.00403 
   21    1    1    1    1    1    1    1    2   10  1.18232E+04 0.00430 
   22    1    1    1    1    1    1    1    2   11  0.00000E+00 0.00000 
   23    1    1    1    1    1    1    1    3    1  1.75600E+04 0.00371 
   24    1    1    1    1    1    1    1    3    2  2.10209E+04 0.00352 
   25    1    1    1    1    1    1    1    3    3  0.00000E+00 0.00000 
   26    1    1    1    1    1    1    1    3    4  2.08432E+04 0.00359 
   27    1    1    1    1    1    1    1    3    5  1.76928E+04 0.00375 
   28    1    1    1    1    1    1    1    3    6  0.00000E+00 0.00000 
   29    1    1    1    1    1    1    1    3    7  1.35626E+04 0.00409 
   30    1    1    1    1    1    1    1    3    8  1.23278E+04 0.00413 
   31    1    1    1    1    1    1    1    3    9  0.00000E+00 0.00000 
   32    1    1    1    1    1    1    1    3   10  1.08504E+04 0.00430 
   33    1    1    1    1    1    1    1    3   11  1.02601E+04 0.00442 
   34    1    1    1    1    1    1    1    4    1  0.00000E+00 0.00000 
   35    1    1    1    1    1    1    1    4    2  0.00000E+00 0.00000 
   36    1    1    1    1    1    1    1    4    3  0.00000E+00 0.00000 
   37    1    1    1    1    1    1    1    4    4  0.00000E+00 0.00000 
   38    1    1    1    1    1    1    1    4    5  1.35037E+04 0.00400 
   39    1    1    1    1    1    1    1    4    6  1.23202E+04 0.00419 
   40    1    1    1    1    1    1    1    4    7  0.00000E+00 0.00000 
   41    1    1    1    1    1    1    1    4    8  1.11481E+04 0.00430 
   42    1    1    1    1    1    1    1    4    9  0.00000E+00 0.00000 
   43    1    1    1    1    1    1    1    4   10  0.00000E+00 0.00000 
   44    1    1    1    1    1    1    1    4   11  1.00817E+04 0.00437 
   45    1    1    1    1    1    1    1    5    1  1.36458E+04 0.00405 
   46    1    1    1    1    1    1    1    5    2  0.00000E+00 0.00000 
   47    1    1    1    1    1    1    1    5    3  1.36881E+04 0.00402 
   48    1    1    1    1    1    1    1    5    4  1.24799E+04 0.00411 
   49    1    1    1    1    1    1    1    5    5  0.00000E+00 0.00000 
   50    1    1    1    1    1    1    1    5    6  1.08723E+04 0.00424 
   51    1    1    1    1    1    1    1    5    7  1.04508E+04 0.00437 
   52    1    1    1    1    1    1    1    5    8  0.00000E+00 0.00000 
   53    1    1    1    1    1    1    1    5    9  1.01872E+04 0.00446 
   54    1    1    1    1    1    1    1    5   10  9.99418E+03 0.00449 
   55    1    1    1    1    1    1    1    5   11  0.00000E+00 0.00000 
   56    1    1    1    1    1    1    1    6    1  1.17947E+04 0.00418 
   57    1    1    1    1    1    1    1    6    2  1.19234E+04 0.00421 
   58    1    1    1    1    1    1    1    6    3  0.00000E+00 0.00000 
   59    1    1    1    1    1    1    1    6    4  1.11207E+04 0.00426 
   60    1    1    1    1    1    1    1    6    5  1.04673E+04 0.00443 
   61    1    1    1    1    1    1    1    6    6  0.00000E+00 0.00000 
   62    1    1    1    1    1    1    1    6    7  9.81961E+03 0.00448 
   63    1    1    1    1    1    1    1    6    8  9.78785E+03 0.00444 
   64    1    1    1    1    1    1    1    6    9  0.00000E+00 0.00000 
   65    1    1    1    1    1    1    1    6   10  9.99491E+03 0.00449 
   66    1    1    1    1    1    1    1    6   11  0.00000E+00 0.00000 
   67    1    1    1    1    1    1    1    7    1  0.00000E+00 0.00000 
   68    1    1    1    1    1    1    1    7    2  1.08510E+04 0.00434 
   69    1    1    1    1    1    1    1    7    3  0.00000E+00 0.00000 
   70    1    1    1    1    1    1    1    7    4  0.00000E+00 0.00000 
   71    1    1    1    1    1    1    1    7    5  9.87160E+03 0.00441 
   72    1    1    1    1    1    1    1    7    6  9.77979E+03 0.00447 
   73    1    1    1    1    1    1    1    7    7  0.00000E+00 0.00000 
   74    1    1    1    1    1    1    1    7    8  9.65138E+03 0.00451 
   75    1    1    1    1    1    1    1    7    9  9.58269E+03 0.00453 
   76    1    1    1    1    1    1    1    7   10  0.00000E+00 0.00000 
   77    1    1    1    1    1    1    1    7   11  9.94562E+03 0.00449 
   78    1    1    1    1    1    1    1    8    1  1.03882E+04 0.00443 
   79    1    1    1    1    1    1    1    8    2  0.00000E+00 0.00000 
   80    1    1    1    1    1    1    1    8    3  1.01384E+04 0.00437 
   81    1    1    1    1    1    1    1    8    4  9.80591E+03 0.00437 
   82    1    1    1    1    1    1    1    8    5  0.00000E+00 0.00000 
   83    1    1    1    1    1    1    1    8    6  9.89617E+03 0.00443 
   84    1    1    1    1    1    1    1    8    7  0.00000E+00 0.00000 
   85    1    1    1    1    1    1    1    8    8  0.00000E+00 0.00000 
   86    1    1    1    1    1    1    1    8    9  9.41234E+03 0.00461 
   87    1    1    1    1    1    1    1    8   10  9.55518E+03 0.00450 
   88    1    1    1    1    1    1    1    8   11  0.00000E+00 0.00000 
   89    1    1    1    1    1    1    1    9    1  1.01741E+04 0.00453 
   90    1    1    1    1    1    1    1    9    2  1.00976E+04 0.00443 
   91    1    1    1    1    1    1    1    9    3  0.00000E+00 0.00000 
   92    1    1    1    1    1    1    1    9    4  9.62651E+03 0.00441 
   93    1    1    1    1    1    1    1    9    5  0.00000E+00 0.00000 
   94    1    1    1    1    1    1    1    9    6  0.00000E+00 0.00000 
   95    1    1    1    1    1    1    1    9    7  9.41676E+03 0.00455 
   96    1    1    1    1    1    1    1    9    8  9.07501E+03 0.00459 
   97    1    1    1    1    1    1    1    9    9  0.00000E+00 0.00000 
   98    1    1    1    1    1    1    1    9   10  9.46821E+03 0.00452 
   99    1    1    1    1    1    1    1    9   11  0.00000E+00 0.00000 
  100    1    1    1    1    1    1    1   10    1  0.00000E+00 0.00000 
  101    1    1    1    1    1    1    1   10    2  1.00062E+04 0.00439 
  102    1    1    1    1    1    1    1   10    3  9.50955E+03 0.00453 
  103    1    1    1    1    1    1    1   10    4  0.00000E+00 0.00000 
  104    1    1    1    1    1    1    1   10    5  9.44187E+03 0.00451 
  105    1    1    1    1    1    1    1   10    6  9.04552E+03 0.00466 
  106    1    1    1    1    1    1    1   10    7  0.00000E+00 0.00000 
  107    1    1    1    1    1    1    1   10    8  8.86681E+03 0.00461 
  108    1    1    1    1    1    1    1   10    9  9.02684E+03 0.00472 
  109    1    1    1    1    1    1    1   10   10  0.00000E+00 0.00000 
