
ZAI = [
922350
922380
666
0
];

NAMES = [
'U235            '
'U238            '
'lost            '
'total           '
];

i922350 = 1; iU235             = 1;
i922380 = 2; iU238             = 2;
iLOST    = 3;
iTOT     = 4;

MAT_un_VOLUME = [ 2.38803E+05 2.38803E+05 ];

MAT_un_BURNUP = [ 0.00000E+00 4.80008E+01 ];

MAT_un_ADENS = [
4.83387E-03 3.37395E-03 % U235
1.93936E-02 1.88201E-02 % U238
0.00000E+00 4.40498E-30 % lost data
7.26897E-02 7.39348E-02 % total
];

MAT_un_MDENS = [
1.88669E+00 1.31687E+00 % U235
7.66628E+00 7.43957E+00 % U238
0.00000E+00 0.00000E+00 % lost data
1.08000E+01 1.07984E+01 % total
];

MAT_un_A = [
3.60254E+10 2.51450E+10 % U235
2.27676E+10 2.20944E+10 % U238
0.00000E+00 0.00000E+00 % lost data
5.87930E+10 3.25798E+18 % total
];

MAT_un_H = [
2.70061E-02 1.88497E-02 % U235
1.55763E-02 1.51157E-02 % U238
0.00000E+00 0.00000E+00 % lost data
4.25824E-02 9.59827E+05 % total
];

MAT_un_SF = [
2.59383E+00 1.81044E+00 % U235
1.24311E+04 1.20635E+04 % U238
0.00000E+00 0.00000E+00 % lost data
1.24337E+04 1.35934E+08 % total
];

MAT_un_GSRC = [
4.55183E+10 3.17709E+10 % U235
2.01616E+09 1.95654E+09 % U238
0.00000E+00 0.00000E+00 % lost data
4.75344E+10 3.49714E+18 % total
];

MAT_un_ING_TOX = [
1.69319E+03 1.18181E+03 % U235
1.02454E+03 9.94246E+02 % U238
0.00000E+00 0.00000E+00 % lost data
2.71774E+03 2.25193E+09 % total
];

MAT_un_INH_TOX = [
3.06216E+05 2.13732E+05 % U235
1.82141E+05 1.76755E+05 % U238
0.00000E+00 0.00000E+00 % lost data
4.88357E+05 8.94662E+10 % total
];

TOT_VOLUME = [ 2.38803E+05 2.38803E+05 ];

TOT_BURNUP = [ 0.00000E+00 4.80008E+01 ];

TOT_ADENS = [
4.83387E-03 3.37395E-03 % U235
1.93936E-02 1.88201E-02 % U238
0.00000E+00 4.40498E-30 % lost data
7.26897E-02 7.39348E-02 % total
];

TOT_MASS = [
4.50548E+05 3.14474E+05 % U235
1.83073E+06 1.77659E+06 % U238
0.00000E+00 0.00000E+00 % lost data
2.57908E+06 2.57869E+06 % total
];

TOT_A = [
3.60254E+10 2.51450E+10 % U235
2.27676E+10 2.20944E+10 % U238
0.00000E+00 0.00000E+00 % lost data
5.87930E+10 3.25798E+18 % total
];

TOT_H = [
2.70061E-02 1.88497E-02 % U235
1.55763E-02 1.51157E-02 % U238
0.00000E+00 0.00000E+00 % lost data
4.25824E-02 9.59827E+05 % total
];

TOT_SF = [
2.59383E+00 1.81044E+00 % U235
1.24311E+04 1.20635E+04 % U238
0.00000E+00 0.00000E+00 % lost data
1.24337E+04 1.35934E+08 % total
];

TOT_GSRC = [
4.55183E+10 3.17709E+10 % U235
2.01616E+09 1.95654E+09 % U238
0.00000E+00 0.00000E+00 % lost data
4.75344E+10 3.49714E+18 % total
];

TOT_ING_TOX = [
1.69319E+03 1.18181E+03 % U235
1.02454E+03 9.94246E+02 % U238
0.00000E+00 0.00000E+00 % lost data
2.71774E+03 2.25193E+09 % total
];

TOT_INH_TOX = [
3.06216E+05 2.13732E+05 % U235
1.82141E+05 1.76755E+05 % U238
0.00000E+00 0.00000E+00 % lost data
4.88357E+05 8.94662E+10 % total
];

BU = [ 0.00000E+00 4.79993E+01 ];

DAYS = [ 0.00000E+00 7.30000E+03 ];
