
DETassem1 = [
    1    1    1    1    1    1    1    1    1    1  0.00000E+00 0.00000 
    2    1    1    1    1    1    1    1    1    2  0.00000E+00 0.00000 
    3    1    1    1    1    1    1    1    1    3  0.00000E+00 0.00000 
    4    1    1    1    1    1    1    1    1    4  0.00000E+00 0.00000 
    5    1    1    1    1    1    1    1    1    5  0.00000E+00 0.00000 
    6    1    1    1    1    1    1    1    1    6  0.00000E+00 0.00000 
    7    1    1    1    1    1    1    1    1    7  0.00000E+00 0.00000 
    8    1    1    1    1    1    1    1    1    8  0.00000E+00 0.00000 
    9    1    1    1    1    1    1    1    1    9  1.71762E+04 0.00357 
   10    1    1    1    1    1    1    1    1   10  0.00000E+00 0.00000 
   11    1    1    1    1    1    1    1    1   11  1.17938E+04 0.00406 
   12    1    1    1    1    1    1    1    2    1  2.26192E+04 0.00315 
   13    1    1    1    1    1    1    1    2    2  0.00000E+00 0.00000 
   14    1    1    1    1    1    1    1    2    3  0.00000E+00 0.00000 
   15    1    1    1    1    1    1    1    2    4  0.00000E+00 0.00000 
   16    1    1    1    1    1    1    1    2    5  0.00000E+00 0.00000 
   17    1    1    1    1    1    1    1    2    6  2.26890E+04 0.00326 
   18    1    1    1    1    1    1    1    2    7  1.90654E+04 0.00348 
   19    1    1    1    1    1    1    1    2    8  0.00000E+00 0.00000 
   20    1    1    1    1    1    1    1    2    9  1.33739E+04 0.00389 
   21    1    1    1    1    1    1    1    2   10  1.17163E+04 0.00407 
   22    1    1    1    1    1    1    1    2   11  0.00000E+00 0.00000 
   23    1    1    1    1    1    1    1    3    1  1.89743E+04 0.00348 
   24    1    1    1    1    1    1    1    3    2  0.00000E+00 0.00000 
   25    1    1    1    1    1    1    1    3    3  0.00000E+00 0.00000 
   26    1    1    1    1    1    1    1    3    4  0.00000E+00 0.00000 
   27    1    1    1    1    1    1    1    3    5  1.89384E+04 0.00347 
   28    1    1    1    1    1    1    1    3    6  0.00000E+00 0.00000 
   29    1    1    1    1    1    1    1    3    7  1.43359E+04 0.00382 
   30    1    1    1    1    1    1    1    3    8  1.29007E+04 0.00394 
   31    1    1    1    1    1    1    1    3    9  0.00000E+00 0.00000 
   32    1    1    1    1    1    1    1    3   10  1.07466E+04 0.00410 
   33    1    1    1    1    1    1    1    3   11  1.02952E+04 0.00411 
   34    1    1    1    1    1    1    1    4    1  0.00000E+00 0.00000 
   35    1    1    1    1    1    1    1    4    2  1.72861E+04 0.00356 
   36    1    1    1    1    1    1    1    4    3  1.72737E+04 0.00346 
   37    1    1    1    1    1    1    1    4    4  0.00000E+00 0.00000 
   38    1    1    1    1    1    1    1    4    5  1.43689E+04 0.00384 
   39    1    1    1    1    1    1    1    4    6  1.33436E+04 0.00383 
   40    1    1    1    1    1    1    1    4    7  0.00000E+00 0.00000 
   41    1    1    1    1    1    1    1    4    8  1.11453E+04 0.00415 
   42    1    1    1    1    1    1    1    4    9  1.05903E+04 0.00422 
   43    1    1    1    1    1    1    1    4   10  0.00000E+00 0.00000 
   44    1    1    1    1    1    1    1    4   11  1.01339E+04 0.00422 
   45    1    1    1    1    1    1    1    5    1  1.34158E+04 0.00388 
   46    1    1    1    1    1    1    1    5    2  0.00000E+00 0.00000 
   47    1    1    1    1    1    1    1    5    3  1.33423E+04 0.00391 
   48    1    1    1    1    1    1    1    5    4  1.29323E+04 0.00389 
   49    1    1    1    1    1    1    1    5    5  0.00000E+00 0.00000 
   50    1    1    1    1    1    1    1    5    6  0.00000E+00 0.00000 
   51    1    1    1    1    1    1    1    5    7  1.11121E+04 0.00410 
   52    1    1    1    1    1    1    1    5    8  0.00000E+00 0.00000 
   53    1    1    1    1    1    1    1    5    9  1.04182E+04 0.00416 
   54    1    1    1    1    1    1    1    5   10  0.00000E+00 0.00000 
   55    1    1    1    1    1    1    1    5   11  0.00000E+00 0.00000 
   56    1    1    1    1    1    1    1    6    1  1.17196E+04 0.00407 
   57    1    1    1    1    1    1    1    6    2  1.17038E+04 0.00418 
   58    1    1    1    1    1    1    1    6    3  0.00000E+00 0.00000 
   59    1    1    1    1    1    1    1    6    4  1.12924E+04 0.00409 
   60    1    1    1    1    1    1    1    6    5  1.11201E+04 0.00407 
   61    1    1    1    1    1    1    1    6    6  0.00000E+00 0.00000 
   62    1    1    1    1    1    1    1    6    7  1.03244E+04 0.00427 
   63    1    1    1    1    1    1    1    6    8  1.01780E+04 0.00428 
   64    1    1    1    1    1    1    1    6    9  0.00000E+00 0.00000 
   65    1    1    1    1    1    1    1    6   10  1.00707E+04 0.00435 
   66    1    1    1    1    1    1    1    6   11  9.88823E+03 0.00433 
   67    1    1    1    1    1    1    1    7    1  0.00000E+00 0.00000 
   68    1    1    1    1    1    1    1    7    2  1.08364E+04 0.00417 
   69    1    1    1    1    1    1    1    7    3  1.07676E+04 0.00416 
   70    1    1    1    1    1    1    1    7    4  0.00000E+00 0.00000 
   71    1    1    1    1    1    1    1    7    5  1.03369E+04 0.00424 
   72    1    1    1    1    1    1    1    7    6  1.01701E+04 0.00416 
   73    1    1    1    1    1    1    1    7    7  0.00000E+00 0.00000 
   74    1    1    1    1    1    1    1    7    8  1.00044E+04 0.00436 
   75    1    1    1    1    1    1    1    7    9  1.02412E+04 0.00427 
   76    1    1    1    1    1    1    1    7   10  0.00000E+00 0.00000 
   77    1    1    1    1    1    1    1    7   11  9.74990E+03 0.00437 
   78    1    1    1    1    1    1    1    8    1  1.03194E+04 0.00426 
   79    1    1    1    1    1    1    1    8    2  0.00000E+00 0.00000 
   80    1    1    1    1    1    1    1    8    3  1.03874E+04 0.00423 
   81    1    1    1    1    1    1    1    8    4  1.00873E+04 0.00429 
   82    1    1    1    1    1    1    1    8    5  0.00000E+00 0.00000 
   83    1    1    1    1    1    1    1    8    6  9.96262E+03 0.00419 
   84    1    1    1    1    1    1    1    8    7  1.01820E+04 0.00429 
   85    1    1    1    1    1    1    1    8    8  0.00000E+00 0.00000 
   86    1    1    1    1    1    1    1    8    9  0.00000E+00 0.00000 
   87    1    1    1    1    1    1    1    8   10  1.01873E+04 0.00432 
   88    1    1    1    1    1    1    1    8   11  0.00000E+00 0.00000 
   89    1    1    1    1    1    1    1    9    1  1.02028E+04 0.00424 
   90    1    1    1    1    1    1    1    9    2  0.00000E+00 0.00000 
   91    1    1    1    1    1    1    1    9    3  0.00000E+00 0.00000 
   92    1    1    1    1    1    1    1    9    4  9.96019E+03 0.00425 
   93    1    1    1    1    1    1    1    9    5  1.00798E+04 0.00428 
   94    1    1    1    1    1    1    1    9    6  0.00000E+00 0.00000 
   95    1    1    1    1    1    1    1    9    7  0.00000E+00 0.00000 
   96    1    1    1    1    1    1    1    9    8  1.02142E+04 0.00431 
   97    1    1    1    1    1    1    1    9    9  0.00000E+00 0.00000 
   98    1    1    1    1    1    1    1    9   10  0.00000E+00 0.00000 
   99    1    1    1    1    1    1    1    9   11  0.00000E+00 0.00000 
  100    1    1    1    1    1    1    1   10    1  0.00000E+00 0.00000 
  101    1    1    1    1    1    1    1   10    2  1.01512E+04 0.00423 
  102    1    1    1    1    1    1    1   10    3  1.01645E+04 0.00431 
  103    1    1    1    1    1    1    1   10    4  0.00000E+00 0.00000 
  104    1    1    1    1    1    1    1   10    5  0.00000E+00 0.00000 
  105    1    1    1    1    1    1    1   10    6  1.00094E+04 0.00435 
  106    1    1    1    1    1    1    1   10    7  0.00000E+00 0.00000 
  107    1    1    1    1    1    1    1   10    8  9.45261E+03 0.00436 
  108    1    1    1    1    1    1    1   10    9  9.49701E+03 0.00450 
  109    1    1    1    1    1    1    1   10   10  0.00000E+00 0.00000 
