
DETassem1 = [
    1    1    1    1    1    1    1    1    1    1  0.00000E+00 0.00000 
    2    1    1    1    1    1    1    1    1    2  0.00000E+00 0.00000 
    3    1    1    1    1    1    1    1    1    3  0.00000E+00 0.00000 
    4    1    1    1    1    1    1    1    1    4  0.00000E+00 0.00000 
    5    1    1    1    1    1    1    1    1    5  0.00000E+00 0.00000 
    6    1    1    1    1    1    1    1    1    6  0.00000E+00 0.00000 
    7    1    1    1    1    1    1    1    1    7  0.00000E+00 0.00000 
    8    1    1    1    1    1    1    1    1    8  2.08344E+04 0.00326 
    9    1    1    1    1    1    1    1    1    9  1.72757E+04 0.00348 
   10    1    1    1    1    1    1    1    1   10  0.00000E+00 0.00000 
   11    1    1    1    1    1    1    1    1   11  1.33359E+04 0.00386 
   12    1    1    1    1    1    1    1    2    1  2.22129E+04 0.00330 
   13    1    1    1    1    1    1    1    2    2  0.00000E+00 0.00000 
   14    1    1    1    1    1    1    1    2    3  0.00000E+00 0.00000 
   15    1    1    1    1    1    1    1    2    4  0.00000E+00 0.00000 
   16    1    1    1    1    1    1    1    2    5  0.00000E+00 0.00000 
   17    1    1    1    1    1    1    1    2    6  2.22918E+04 0.00318 
   18    1    1    1    1    1    1    1    2    7  1.90467E+04 0.00346 
   19    1    1    1    1    1    1    1    2    8  0.00000E+00 0.00000 
   20    1    1    1    1    1    1    1    2    9  0.00000E+00 0.00000 
   21    1    1    1    1    1    1    1    2   10  1.32851E+04 0.00384 
   22    1    1    1    1    1    1    1    2   11  0.00000E+00 0.00000 
   23    1    1    1    1    1    1    1    3    1  1.90432E+04 0.00344 
   24    1    1    1    1    1    1    1    3    2  2.09382E+04 0.00340 
   25    1    1    1    1    1    1    1    3    3  0.00000E+00 0.00000 
   26    1    1    1    1    1    1    1    3    4  2.09470E+04 0.00330 
   27    1    1    1    1    1    1    1    3    5  1.89486E+04 0.00341 
   28    1    1    1    1    1    1    1    3    6  0.00000E+00 0.00000 
   29    1    1    1    1    1    1    1    3    7  0.00000E+00 0.00000 
   30    1    1    1    1    1    1    1    3    8  1.51980E+04 0.00374 
   31    1    1    1    1    1    1    1    3    9  0.00000E+00 0.00000 
   32    1    1    1    1    1    1    1    3   10  1.17895E+04 0.00408 
   33    1    1    1    1    1    1    1    3   11  1.08222E+04 0.00422 
   34    1    1    1    1    1    1    1    4    1  0.00000E+00 0.00000 
   35    1    1    1    1    1    1    1    4    2  1.71087E+04 0.00355 
   36    1    1    1    1    1    1    1    4    3  1.71582E+04 0.00361 
   37    1    1    1    1    1    1    1    4    4  0.00000E+00 0.00000 
   38    1    1    1    1    1    1    1    4    5  0.00000E+00 0.00000 
   39    1    1    1    1    1    1    1    4    6  1.56823E+04 0.00373 
   40    1    1    1    1    1    1    1    4    7  0.00000E+00 0.00000 
   41    1    1    1    1    1    1    1    4    8  0.00000E+00 0.00000 
   42    1    1    1    1    1    1    1    4    9  1.22772E+04 0.00397 
   43    1    1    1    1    1    1    1    4   10  0.00000E+00 0.00000 
   44    1    1    1    1    1    1    1    4   11  1.04584E+04 0.00417 
   45    1    1    1    1    1    1    1    5    1  0.00000E+00 0.00000 
   46    1    1    1    1    1    1    1    5    2  0.00000E+00 0.00000 
   47    1    1    1    1    1    1    1    5    3  0.00000E+00 0.00000 
   48    1    1    1    1    1    1    1    5    4  1.51778E+04 0.00378 
   49    1    1    1    1    1    1    1    5    5  0.00000E+00 0.00000 
   50    1    1    1    1    1    1    1    5    6  1.43131E+04 0.00385 
   51    1    1    1    1    1    1    1    5    7  0.00000E+00 0.00000 
   52    1    1    1    1    1    1    1    5    8  0.00000E+00 0.00000 
   53    1    1    1    1    1    1    1    5    9  1.11957E+04 0.00417 
   54    1    1    1    1    1    1    1    5   10  1.04008E+04 0.00425 
   55    1    1    1    1    1    1    1    5   11  0.00000E+00 0.00000 
   56    1    1    1    1    1    1    1    6    1  1.33052E+04 0.00387 
   57    1    1    1    1    1    1    1    6    2  1.32143E+04 0.00393 
   58    1    1    1    1    1    1    1    6    3  0.00000E+00 0.00000 
   59    1    1    1    1    1    1    1    6    4  0.00000E+00 0.00000 
   60    1    1    1    1    1    1    1    6    5  0.00000E+00 0.00000 
   61    1    1    1    1    1    1    1    6    6  0.00000E+00 0.00000 
   62    1    1    1    1    1    1    1    6    7  0.00000E+00 0.00000 
   63    1    1    1    1    1    1    1    6    8  1.12287E+04 0.00416 
   64    1    1    1    1    1    1    1    6    9  0.00000E+00 0.00000 
   65    1    1    1    1    1    1    1    6   10  1.01390E+04 0.00429 
   66    1    1    1    1    1    1    1    6   11  0.00000E+00 0.00000 
   67    1    1    1    1    1    1    1    7    1  0.00000E+00 0.00000 
   68    1    1    1    1    1    1    1    7    2  1.17696E+04 0.00401 
   69    1    1    1    1    1    1    1    7    3  1.22254E+04 0.00399 
   70    1    1    1    1    1    1    1    7    4  0.00000E+00 0.00000 
   71    1    1    1    1    1    1    1    7    5  0.00000E+00 0.00000 
   72    1    1    1    1    1    1    1    7    6  1.18488E+04 0.00413 
   73    1    1    1    1    1    1    1    7    7  0.00000E+00 0.00000 
   74    1    1    1    1    1    1    1    7    8  1.00179E+04 0.00423 
   75    1    1    1    1    1    1    1    7    9  9.70887E+03 0.00430 
   76    1    1    1    1    1    1    1    7   10  0.00000E+00 0.00000 
   77    1    1    1    1    1    1    1    7   11  9.55792E+03 0.00434 
   78    1    1    1    1    1    1    1    8    1  1.08277E+04 0.00416 
   79    1    1    1    1    1    1    1    8    2  0.00000E+00 0.00000 
   80    1    1    1    1    1    1    1    8    3  1.11476E+04 0.00409 
   81    1    1    1    1    1    1    1    8    4  1.11437E+04 0.00420 
   82    1    1    1    1    1    1    1    8    5  0.00000E+00 0.00000 
   83    1    1    1    1    1    1    1    8    6  1.02453E+04 0.00431 
   84    1    1    1    1    1    1    1    8    7  9.76363E+03 0.00431 
   85    1    1    1    1    1    1    1    8    8  0.00000E+00 0.00000 
   86    1    1    1    1    1    1    1    8    9  9.27286E+03 0.00441 
   87    1    1    1    1    1    1    1    8   10  9.16788E+03 0.00443 
   88    1    1    1    1    1    1    1    8   11  0.00000E+00 0.00000 
   89    1    1    1    1    1    1    1    9    1  1.04648E+04 0.00426 
   90    1    1    1    1    1    1    1    9    2  1.03763E+04 0.00425 
   91    1    1    1    1    1    1    1    9    3  0.00000E+00 0.00000 
   92    1    1    1    1    1    1    1    9    4  1.00723E+04 0.00427 
   93    1    1    1    1    1    1    1    9    5  9.74652E+03 0.00431 
   94    1    1    1    1    1    1    1    9    6  0.00000E+00 0.00000 
   95    1    1    1    1    1    1    1    9    7  9.13755E+03 0.00451 
   96    1    1    1    1    1    1    1    9    8  8.91719E+03 0.00441 
   97    1    1    1    1    1    1    1    9    9  0.00000E+00 0.00000 
   98    1    1    1    1    1    1    1    9   10  8.63600E+03 0.00448 
   99    1    1    1    1    1    1    1    9   11  8.55831E+03 0.00455 
  100    1    1    1    1    1    1    1   10    1  0.00000E+00 0.00000 
  101    1    1    1    1    1    1    1   10    2  1.01232E+04 0.00426 
  102    1    1    1    1    1    1    1   10    3  9.65248E+03 0.00436 
  103    1    1    1    1    1    1    1   10    4  0.00000E+00 0.00000 
  104    1    1    1    1    1    1    1   10    5  9.15776E+03 0.00441 
  105    1    1    1    1    1    1    1   10    6  8.97988E+03 0.00444 
  106    1    1    1    1    1    1    1   10    7  0.00000E+00 0.00000 
  107    1    1    1    1    1    1    1   10    8  8.50862E+03 0.00450 
  108    1    1    1    1    1    1    1   10    9  8.41575E+03 0.00453 
  109    1    1    1    1    1    1    1   10   10  0.00000E+00 0.00000 
