
DETassem1 = [
    1    1    1    1    1    1    1    1    1    1  0.00000E+00 0.00000 
    2    1    1    1    1    1    1    1    1    2  0.00000E+00 0.00000 
    3    1    1    1    1    1    1    1    1    3  0.00000E+00 0.00000 
    4    1    1    1    1    1    1    1    1    4  0.00000E+00 0.00000 
    5    1    1    1    1    1    1    1    1    5  0.00000E+00 0.00000 
    6    1    1    1    1    1    1    1    1    6  0.00000E+00 0.00000 
    7    1    1    1    1    1    1    1    1    7  0.00000E+00 0.00000 
    8    1    1    1    1    1    1    1    1    8  2.09230E+04 0.00337 
    9    1    1    1    1    1    1    1    1    9  1.59972E+04 0.00370 
   10    1    1    1    1    1    1    1    1   10  0.00000E+00 0.00000 
   11    1    1    1    1    1    1    1    1   11  1.21373E+04 0.00400 
   12    1    1    1    1    1    1    1    2    1  2.28002E+04 0.00330 
   13    1    1    1    1    1    1    1    2    2  0.00000E+00 0.00000 
   14    1    1    1    1    1    1    1    2    3  0.00000E+00 0.00000 
   15    1    1    1    1    1    1    1    2    4  0.00000E+00 0.00000 
   16    1    1    1    1    1    1    1    2    5  0.00000E+00 0.00000 
   17    1    1    1    1    1    1    1    2    6  2.27504E+04 0.00327 
   18    1    1    1    1    1    1    1    2    7  0.00000E+00 0.00000 
   19    1    1    1    1    1    1    1    2    8  0.00000E+00 0.00000 
   20    1    1    1    1    1    1    1    2    9  1.32800E+04 0.00386 
   21    1    1    1    1    1    1    1    2   10  1.21813E+04 0.00398 
   22    1    1    1    1    1    1    1    2   11  0.00000E+00 0.00000 
   23    1    1    1    1    1    1    1    3    1  0.00000E+00 0.00000 
   24    1    1    1    1    1    1    1    3    2  2.07575E+04 0.00332 
   25    1    1    1    1    1    1    1    3    3  0.00000E+00 0.00000 
   26    1    1    1    1    1    1    1    3    4  2.07618E+04 0.00332 
   27    1    1    1    1    1    1    1    3    5  0.00000E+00 0.00000 
   28    1    1    1    1    1    1    1    3    6  0.00000E+00 0.00000 
   29    1    1    1    1    1    1    1    3    7  1.48479E+04 0.00384 
   30    1    1    1    1    1    1    1    3    8  1.28121E+04 0.00405 
   31    1    1    1    1    1    1    1    3    9  0.00000E+00 0.00000 
   32    1    1    1    1    1    1    1    3   10  0.00000E+00 0.00000 
   33    1    1    1    1    1    1    1    3   11  1.07978E+04 0.00413 
   34    1    1    1    1    1    1    1    4    1  0.00000E+00 0.00000 
   35    1    1    1    1    1    1    1    4    2  1.58970E+04 0.00374 
   36    1    1    1    1    1    1    1    4    3  1.59606E+04 0.00366 
   37    1    1    1    1    1    1    1    4    4  0.00000E+00 0.00000 
   38    1    1    1    1    1    1    1    4    5  1.47500E+04 0.00376 
   39    1    1    1    1    1    1    1    4    6  1.32825E+04 0.00388 
   40    1    1    1    1    1    1    1    4    7  0.00000E+00 0.00000 
   41    1    1    1    1    1    1    1    4    8  1.12581E+04 0.00409 
   42    1    1    1    1    1    1    1    4    9  1.09170E+04 0.00415 
   43    1    1    1    1    1    1    1    4   10  0.00000E+00 0.00000 
   44    1    1    1    1    1    1    1    4   11  1.02596E+04 0.00424 
   45    1    1    1    1    1    1    1    5    1  1.31780E+04 0.00385 
   46    1    1    1    1    1    1    1    5    2  0.00000E+00 0.00000 
   47    1    1    1    1    1    1    1    5    3  1.31979E+04 0.00393 
   48    1    1    1    1    1    1    1    5    4  1.27324E+04 0.00397 
   49    1    1    1    1    1    1    1    5    5  0.00000E+00 0.00000 
   50    1    1    1    1    1    1    1    5    6  1.12320E+04 0.00406 
   51    1    1    1    1    1    1    1    5    7  1.07668E+04 0.00419 
   52    1    1    1    1    1    1    1    5    8  0.00000E+00 0.00000 
   53    1    1    1    1    1    1    1    5    9  1.01726E+04 0.00424 
   54    1    1    1    1    1    1    1    5   10  1.00366E+04 0.00424 
   55    1    1    1    1    1    1    1    5   11  0.00000E+00 0.00000 
   56    1    1    1    1    1    1    1    6    1  1.21522E+04 0.00392 
   57    1    1    1    1    1    1    1    6    2  1.20973E+04 0.00398 
   58    1    1    1    1    1    1    1    6    3  0.00000E+00 0.00000 
   59    1    1    1    1    1    1    1    6    4  1.12424E+04 0.00413 
   60    1    1    1    1    1    1    1    6    5  1.06989E+04 0.00409 
   61    1    1    1    1    1    1    1    6    6  0.00000E+00 0.00000 
   62    1    1    1    1    1    1    1    6    7  1.00405E+04 0.00425 
   63    1    1    1    1    1    1    1    6    8  9.91598E+03 0.00423 
   64    1    1    1    1    1    1    1    6    9  0.00000E+00 0.00000 
   65    1    1    1    1    1    1    1    6   10  9.80134E+03 0.00431 
   66    1    1    1    1    1    1    1    6   11  9.96330E+03 0.00426 
   67    1    1    1    1    1    1    1    7    1  0.00000E+00 0.00000 
   68    1    1    1    1    1    1    1    7    2  0.00000E+00 0.00000 
   69    1    1    1    1    1    1    1    7    3  1.08875E+04 0.00418 
   70    1    1    1    1    1    1    1    7    4  0.00000E+00 0.00000 
   71    1    1    1    1    1    1    1    7    5  9.96886E+03 0.00435 
   72    1    1    1    1    1    1    1    7    6  9.82902E+03 0.00436 
   73    1    1    1    1    1    1    1    7    7  0.00000E+00 0.00000 
   74    1    1    1    1    1    1    1    7    8  9.68028E+03 0.00436 
   75    1    1    1    1    1    1    1    7    9  9.70625E+03 0.00429 
   76    1    1    1    1    1    1    1    7   10  0.00000E+00 0.00000 
   77    1    1    1    1    1    1    1    7   11  9.62519E+03 0.00435 
   78    1    1    1    1    1    1    1    8    1  1.07942E+04 0.00414 
   79    1    1    1    1    1    1    1    8    2  0.00000E+00 0.00000 
   80    1    1    1    1    1    1    1    8    3  1.01038E+04 0.00438 
   81    1    1    1    1    1    1    1    8    4  9.82061E+03 0.00427 
   82    1    1    1    1    1    1    1    8    5  0.00000E+00 0.00000 
   83    1    1    1    1    1    1    1    8    6  9.73890E+03 0.00427 
   84    1    1    1    1    1    1    1    8    7  9.77894E+03 0.00420 
   85    1    1    1    1    1    1    1    8    8  0.00000E+00 0.00000 
   86    1    1    1    1    1    1    1    8    9  9.72709E+03 0.00438 
   87    1    1    1    1    1    1    1    8   10  0.00000E+00 0.00000 
   88    1    1    1    1    1    1    1    8   11  0.00000E+00 0.00000 
   89    1    1    1    1    1    1    1    9    1  1.02342E+04 0.00426 
   90    1    1    1    1    1    1    1    9    2  1.00116E+04 0.00425 
   91    1    1    1    1    1    1    1    9    3  0.00000E+00 0.00000 
   92    1    1    1    1    1    1    1    9    4  9.71609E+03 0.00430 
   93    1    1    1    1    1    1    1    9    5  9.81409E+03 0.00432 
   94    1    1    1    1    1    1    1    9    6  0.00000E+00 0.00000 
   95    1    1    1    1    1    1    1    9    7  0.00000E+00 0.00000 
   96    1    1    1    1    1    1    1    9    8  9.57077E+03 0.00435 
   97    1    1    1    1    1    1    1    9    9  0.00000E+00 0.00000 
   98    1    1    1    1    1    1    1    9   10  9.23596E+03 0.00450 
   99    1    1    1    1    1    1    1    9   11  8.88245E+03 0.00445 
  100    1    1    1    1    1    1    1   10    1  0.00000E+00 0.00000 
  101    1    1    1    1    1    1    1   10    2  9.86782E+03 0.00430 
  102    1    1    1    1    1    1    1   10    3  9.61374E+03 0.00432 
  103    1    1    1    1    1    1    1   10    4  0.00000E+00 0.00000 
  104    1    1    1    1    1    1    1   10    5  0.00000E+00 0.00000 
  105    1    1    1    1    1    1    1   10    6  9.83288E+03 0.00431 
  106    1    1    1    1    1    1    1   10    7  0.00000E+00 0.00000 
  107    1    1    1    1    1    1    1   10    8  9.22057E+03 0.00440 
  108    1    1    1    1    1    1    1   10    9  9.05895E+03 0.00449 
  109    1    1    1    1    1    1    1   10   10  0.00000E+00 0.00000 
