
ZAI = [
922350
922380
666
0
];

NAMES = [
'U235            '
'U238            '
'lost            '
'total           '
];

i922350 = 1; iU235             = 1;
i922380 = 2; iU238             = 2;
iLOST    = 3;
iTOT     = 4;

MAT_un_VOLUME = [ 2.29440E+05 2.29440E+05 ];

MAT_un_BURNUP = [ 0.00000E+00 4.99598E+01 ];

MAT_un_ADENS = [
4.83387E-03 3.32215E-03 % U235
1.93936E-02 1.88045E-02 % U238
0.00000E+00 4.50832E-30 % lost data
7.26897E-02 7.39862E-02 % total
];

MAT_un_MDENS = [
1.88669E+00 1.29666E+00 % U235
7.66628E+00 7.43341E+00 % U238
0.00000E+00 0.00000E+00 % lost data
1.08000E+01 1.07983E+01 % total
];

MAT_un_A = [
3.46128E+10 2.37882E+10 % U235
2.18749E+10 2.12104E+10 % U238
0.00000E+00 0.00000E+00 % lost data
5.64877E+10 3.25189E+18 % total
];

MAT_un_H = [
2.59471E-02 1.78326E-02 % U235
1.49655E-02 1.45110E-02 % U238
0.00000E+00 0.00000E+00 % lost data
4.09127E-02 9.58283E+05 % total
];

MAT_un_SF = [
2.49212E+00 1.71275E+00 % U235
1.19437E+04 1.15809E+04 % U238
0.00000E+00 0.00000E+00 % lost data
1.19462E+04 1.49137E+08 % total
];

MAT_un_GSRC = [
4.37335E+10 3.00565E+10 % U235
1.93710E+09 1.87826E+09 % U238
0.00000E+00 0.00000E+00 % lost data
4.56706E+10 3.48906E+18 % total
];

MAT_un_ING_TOX = [
1.62680E+03 1.11804E+03 % U235
9.84371E+02 9.54470E+02 % U238
0.00000E+00 0.00000E+00 % lost data
2.61117E+03 2.26036E+09 % total
];

MAT_un_INH_TOX = [
2.94209E+05 2.02200E+05 % U235
1.74999E+05 1.69684E+05 % U238
0.00000E+00 0.00000E+00 % lost data
4.69208E+05 9.32860E+10 % total
];

TOT_VOLUME = [ 2.29440E+05 2.29440E+05 ];

TOT_BURNUP = [ 0.00000E+00 4.99598E+01 ];

TOT_ADENS = [
4.83387E-03 3.32215E-03 % U235
1.93936E-02 1.88045E-02 % U238
0.00000E+00 4.50832E-30 % lost data
7.26897E-02 7.39862E-02 % total
];

TOT_MASS = [
4.32882E+05 2.97505E+05 % U235
1.75895E+06 1.70552E+06 % U238
0.00000E+00 0.00000E+00 % lost data
2.47795E+06 2.47756E+06 % total
];

TOT_A = [
3.46128E+10 2.37882E+10 % U235
2.18749E+10 2.12104E+10 % U238
0.00000E+00 0.00000E+00 % lost data
5.64877E+10 3.25189E+18 % total
];

TOT_H = [
2.59471E-02 1.78326E-02 % U235
1.49655E-02 1.45110E-02 % U238
0.00000E+00 0.00000E+00 % lost data
4.09127E-02 9.58283E+05 % total
];

TOT_SF = [
2.49212E+00 1.71275E+00 % U235
1.19437E+04 1.15809E+04 % U238
0.00000E+00 0.00000E+00 % lost data
1.19462E+04 1.49137E+08 % total
];

TOT_GSRC = [
4.37335E+10 3.00565E+10 % U235
1.93710E+09 1.87826E+09 % U238
0.00000E+00 0.00000E+00 % lost data
4.56706E+10 3.48906E+18 % total
];

TOT_ING_TOX = [
1.62680E+03 1.11804E+03 % U235
9.84371E+02 9.54470E+02 % U238
0.00000E+00 0.00000E+00 % lost data
2.61117E+03 2.26036E+09 % total
];

TOT_INH_TOX = [
2.94209E+05 2.02200E+05 % U235
1.74999E+05 1.69684E+05 % U238
0.00000E+00 0.00000E+00 % lost data
4.69208E+05 9.32860E+10 % total
];

BU = [ 0.00000E+00 4.99582E+01 ];

DAYS = [ 0.00000E+00 7.30000E+03 ];
