
ZAI = [
922350
922380
666
0
];

NAMES = [
'U235            '
'U238            '
'lost            '
'total           '
];

i922350 = 1; iU235             = 1;
i922380 = 2; iU238             = 2;
iLOST    = 3;
iTOT     = 4;

MAT_un_VOLUME = [ 2.37708E+05 2.37708E+05 ];

MAT_un_BURNUP = [ 0.00000E+00 4.82220E+01 ];

MAT_un_ADENS = [
4.83387E-03 3.36815E-03 % U235
1.93936E-02 1.88178E-02 % U238
0.00000E+00 4.46645E-30 % lost data
7.26897E-02 7.39406E-02 % total
];

MAT_un_MDENS = [
1.88669E+00 1.31461E+00 % U235
7.66628E+00 7.43867E+00 % U238
0.00000E+00 0.00000E+00 % lost data
1.08000E+01 1.07984E+01 % total
];

MAT_un_A = [
3.58601E+10 2.49867E+10 % U235
2.26632E+10 2.19903E+10 % U238
0.00000E+00 0.00000E+00 % lost data
5.85233E+10 3.25745E+18 % total
];

MAT_un_H = [
2.68822E-02 1.87310E-02 % U235
1.55049E-02 1.50445E-02 % U238
0.00000E+00 0.00000E+00 % lost data
4.23870E-02 9.59623E+05 % total
];

MAT_un_SF = [
2.58193E+00 1.79904E+00 % U235
1.23741E+04 1.20067E+04 % U238
0.00000E+00 0.00000E+00 % lost data
1.23767E+04 1.37201E+08 % total
];

MAT_un_GSRC = [
4.53095E+10 3.15708E+10 % U235
2.00691E+09 1.94732E+09 % U238
0.00000E+00 0.00000E+00 % lost data
4.73164E+10 3.49644E+18 % total
];

MAT_un_ING_TOX = [
1.68543E+03 1.17437E+03 % U235
1.01984E+03 9.89565E+02 % U238
0.00000E+00 0.00000E+00 % lost data
2.70527E+03 2.25277E+09 % total
];

MAT_un_INH_TOX = [
3.04811E+05 2.12387E+05 % U235
1.81306E+05 1.75923E+05 % U238
0.00000E+00 0.00000E+00 % lost data
4.86117E+05 8.98779E+10 % total
];

TOT_VOLUME = [ 2.37708E+05 2.37708E+05 ];

TOT_BURNUP = [ 0.00000E+00 4.82220E+01 ];

TOT_ADENS = [
4.83387E-03 3.36815E-03 % U235
1.93936E-02 1.88178E-02 % U238
0.00000E+00 4.46645E-30 % lost data
7.26897E-02 7.39406E-02 % total
];

TOT_MASS = [
4.48481E+05 3.12494E+05 % U235
1.82234E+06 1.76823E+06 % U238
0.00000E+00 0.00000E+00 % lost data
2.56725E+06 2.56686E+06 % total
];

TOT_A = [
3.58601E+10 2.49867E+10 % U235
2.26632E+10 2.19903E+10 % U238
0.00000E+00 0.00000E+00 % lost data
5.85233E+10 3.25745E+18 % total
];

TOT_H = [
2.68822E-02 1.87310E-02 % U235
1.55049E-02 1.50445E-02 % U238
0.00000E+00 0.00000E+00 % lost data
4.23870E-02 9.59623E+05 % total
];

TOT_SF = [
2.58193E+00 1.79904E+00 % U235
1.23741E+04 1.20067E+04 % U238
0.00000E+00 0.00000E+00 % lost data
1.23767E+04 1.37201E+08 % total
];

TOT_GSRC = [
4.53095E+10 3.15708E+10 % U235
2.00691E+09 1.94732E+09 % U238
0.00000E+00 0.00000E+00 % lost data
4.73164E+10 3.49644E+18 % total
];

TOT_ING_TOX = [
1.68543E+03 1.17437E+03 % U235
1.01984E+03 9.89565E+02 % U238
0.00000E+00 0.00000E+00 % lost data
2.70527E+03 2.25277E+09 % total
];

TOT_INH_TOX = [
3.04811E+05 2.12387E+05 % U235
1.81306E+05 1.75923E+05 % U238
0.00000E+00 0.00000E+00 % lost data
4.86117E+05 8.98779E+10 % total
];

BU = [ 0.00000E+00 4.82205E+01 ];

DAYS = [ 0.00000E+00 7.30000E+03 ];
