
ZAI = [
922350
922380
666
0
];

NAMES = [
'U235            '
'U238            '
'lost            '
'total           '
];

i922350 = 1; iU235             = 1;
i922380 = 2; iU238             = 2;
iLOST    = 3;
iTOT     = 4;

MAT_un_VOLUME = [ 2.35716E+05 2.35716E+05 ];

MAT_un_BURNUP = [ 0.00000E+00 4.86295E+01 ];

MAT_un_ADENS = [
4.83387E-03 3.35775E-03 % U235
1.93936E-02 1.88171E-02 % U238
0.00000E+00 3.82213E-30 % lost data
7.26897E-02 7.39511E-02 % total
];

MAT_un_MDENS = [
1.88669E+00 1.31055E+00 % U235
7.66628E+00 7.43839E+00 % U238
0.00000E+00 0.00000E+00 % lost data
1.08000E+01 1.07984E+01 % total
];

MAT_un_A = [
3.55596E+10 2.47008E+10 % U235
2.24733E+10 2.18053E+10 % U238
0.00000E+00 0.00000E+00 % lost data
5.80329E+10 3.25340E+18 % total
];

MAT_un_H = [
2.66569E-02 1.85167E-02 % U235
1.53749E-02 1.49179E-02 % U238
0.00000E+00 0.00000E+00 % lost data
4.20319E-02 9.58989E+05 % total
];

MAT_un_SF = [
2.56029E+00 1.77846E+00 % U235
1.22704E+04 1.19057E+04 % U238
0.00000E+00 0.00000E+00 % lost data
1.22730E+04 1.39446E+08 % total
];

MAT_un_GSRC = [
4.49298E+10 3.12096E+10 % U235
1.99009E+09 1.93094E+09 % U238
0.00000E+00 0.00000E+00 % lost data
4.69199E+10 3.49150E+18 % total
];

MAT_un_ING_TOX = [
1.67130E+03 1.16094E+03 % U235
1.01130E+03 9.81237E+02 % U238
0.00000E+00 0.00000E+00 % lost data
2.68260E+03 2.25222E+09 % total
];

MAT_un_INH_TOX = [
3.02257E+05 2.09957E+05 % U235
1.79786E+05 1.74442E+05 % U238
0.00000E+00 0.00000E+00 % lost data
4.82043E+05 9.02904E+10 % total
];

TOT_VOLUME = [ 2.35716E+05 2.35716E+05 ];

TOT_BURNUP = [ 0.00000E+00 4.86295E+01 ];

TOT_ADENS = [
4.83387E-03 3.35775E-03 % U235
1.93936E-02 1.88171E-02 % U238
0.00000E+00 3.82213E-30 % lost data
7.26897E-02 7.39511E-02 % total
];

TOT_MASS = [
4.44723E+05 3.08918E+05 % U235
1.80707E+06 1.75335E+06 % U238
0.00000E+00 0.00000E+00 % lost data
2.54573E+06 2.54535E+06 % total
];

TOT_A = [
3.55596E+10 2.47008E+10 % U235
2.24733E+10 2.18053E+10 % U238
0.00000E+00 0.00000E+00 % lost data
5.80329E+10 3.25340E+18 % total
];

TOT_H = [
2.66569E-02 1.85167E-02 % U235
1.53749E-02 1.49179E-02 % U238
0.00000E+00 0.00000E+00 % lost data
4.20319E-02 9.58989E+05 % total
];

TOT_SF = [
2.56029E+00 1.77846E+00 % U235
1.22704E+04 1.19057E+04 % U238
0.00000E+00 0.00000E+00 % lost data
1.22730E+04 1.39446E+08 % total
];

TOT_GSRC = [
4.49298E+10 3.12096E+10 % U235
1.99009E+09 1.93094E+09 % U238
0.00000E+00 0.00000E+00 % lost data
4.69199E+10 3.49150E+18 % total
];

TOT_ING_TOX = [
1.67130E+03 1.16094E+03 % U235
1.01130E+03 9.81237E+02 % U238
0.00000E+00 0.00000E+00 % lost data
2.68260E+03 2.25222E+09 % total
];

TOT_INH_TOX = [
3.02257E+05 2.09957E+05 % U235
1.79786E+05 1.74442E+05 % U238
0.00000E+00 0.00000E+00 % lost data
4.82043E+05 9.02904E+10 % total
];

BU = [ 0.00000E+00 4.86280E+01 ];

DAYS = [ 0.00000E+00 7.30000E+03 ];
