
DETassem1 = [
    1    1    1    1    1    1    1    1    1    1  0.00000E+00 0.00000 
    2    1    1    1    1    1    1    1    1    2  0.00000E+00 0.00000 
    3    1    1    1    1    1    1    1    1    3  0.00000E+00 0.00000 
    4    1    1    1    1    1    1    1    1    4  0.00000E+00 0.00000 
    5    1    1    1    1    1    1    1    1    5  0.00000E+00 0.00000 
    6    1    1    1    1    1    1    1    1    6  0.00000E+00 0.00000 
    7    1    1    1    1    1    1    1    1    7  0.00000E+00 0.00000 
    8    1    1    1    1    1    1    1    1    8  1.78226E+04 0.00358 
    9    1    1    1    1    1    1    1    1    9  1.39772E+04 0.00388 
   10    1    1    1    1    1    1    1    1   10  0.00000E+00 0.00000 
   11    1    1    1    1    1    1    1    1   11  1.04393E+04 0.00423 
   12    1    1    1    1    1    1    1    2    1  1.92285E+04 0.00347 
   13    1    1    1    1    1    1    1    2    2  0.00000E+00 0.00000 
   14    1    1    1    1    1    1    1    2    3  0.00000E+00 0.00000 
   15    1    1    1    1    1    1    1    2    4  0.00000E+00 0.00000 
   16    1    1    1    1    1    1    1    2    5  0.00000E+00 0.00000 
   17    1    1    1    1    1    1    1    2    6  1.91253E+04 0.00347 
   18    1    1    1    1    1    1    1    2    7  1.56308E+04 0.00367 
   19    1    1    1    1    1    1    1    2    8  0.00000E+00 0.00000 
   20    1    1    1    1    1    1    1    2    9  1.15501E+04 0.00399 
   21    1    1    1    1    1    1    1    2   10  1.05130E+04 0.00428 
   22    1    1    1    1    1    1    1    2   11  0.00000E+00 0.00000 
   23    1    1    1    1    1    1    1    3    1  1.57635E+04 0.00362 
   24    1    1    1    1    1    1    1    3    2  1.78583E+04 0.00349 
   25    1    1    1    1    1    1    1    3    3  0.00000E+00 0.00000 
   26    1    1    1    1    1    1    1    3    4  1.79370E+04 0.00357 
   27    1    1    1    1    1    1    1    3    5  1.57499E+04 0.00363 
   28    1    1    1    1    1    1    1    3    6  0.00000E+00 0.00000 
   29    1    1    1    1    1    1    1    3    7  1.23040E+04 0.00403 
   30    1    1    1    1    1    1    1    3    8  1.11881E+04 0.00413 
   31    1    1    1    1    1    1    1    3    9  0.00000E+00 0.00000 
   32    1    1    1    1    1    1    1    3   10  9.75385E+03 0.00428 
   33    1    1    1    1    1    1    1    3   11  9.35909E+03 0.00431 
   34    1    1    1    1    1    1    1    4    1  0.00000E+00 0.00000 
   35    1    1    1    1    1    1    1    4    2  1.40189E+04 0.00389 
   36    1    1    1    1    1    1    1    4    3  1.39993E+04 0.00386 
   37    1    1    1    1    1    1    1    4    4  0.00000E+00 0.00000 
   38    1    1    1    1    1    1    1    4    5  1.23064E+04 0.00398 
   39    1    1    1    1    1    1    1    4    6  1.15321E+04 0.00411 
   40    1    1    1    1    1    1    1    4    7  0.00000E+00 0.00000 
   41    1    1    1    1    1    1    1    4    8  9.95057E+03 0.00421 
   42    1    1    1    1    1    1    1    4    9  9.56623E+03 0.00434 
   43    1    1    1    1    1    1    1    4   10  0.00000E+00 0.00000 
   44    1    1    1    1    1    1    1    4   11  9.17222E+03 0.00428 
   45    1    1    1    1    1    1    1    5    1  1.16212E+04 0.00401 
   46    1    1    1    1    1    1    1    5    2  0.00000E+00 0.00000 
   47    1    1    1    1    1    1    1    5    3  1.15775E+04 0.00408 
   48    1    1    1    1    1    1    1    5    4  1.12663E+04 0.00417 
   49    1    1    1    1    1    1    1    5    5  0.00000E+00 0.00000 
   50    1    1    1    1    1    1    1    5    6  1.01676E+04 0.00432 
   51    1    1    1    1    1    1    1    5    7  9.71002E+03 0.00431 
   52    1    1    1    1    1    1    1    5    8  0.00000E+00 0.00000 
   53    1    1    1    1    1    1    1    5    9  9.12195E+03 0.00426 
   54    1    1    1    1    1    1    1    5   10  9.05624E+03 0.00437 
   55    1    1    1    1    1    1    1    5   11  0.00000E+00 0.00000 
   56    1    1    1    1    1    1    1    6    1  1.04584E+04 0.00423 
   57    1    1    1    1    1    1    1    6    2  1.03943E+04 0.00420 
   58    1    1    1    1    1    1    1    6    3  0.00000E+00 0.00000 
   59    1    1    1    1    1    1    1    6    4  1.00499E+04 0.00419 
   60    1    1    1    1    1    1    1    6    5  9.74488E+03 0.00430 
   61    1    1    1    1    1    1    1    6    6  0.00000E+00 0.00000 
   62    1    1    1    1    1    1    1    6    7  9.24754E+03 0.00432 
   63    1    1    1    1    1    1    1    6    8  9.00810E+03 0.00438 
   64    1    1    1    1    1    1    1    6    9  0.00000E+00 0.00000 
   65    1    1    1    1    1    1    1    6   10  9.04304E+03 0.00453 
   66    1    1    1    1    1    1    1    6   11  9.13320E+03 0.00443 
   67    1    1    1    1    1    1    1    7    1  0.00000E+00 0.00000 
   68    1    1    1    1    1    1    1    7    2  9.77288E+03 0.00429 
   69    1    1    1    1    1    1    1    7    3  9.61162E+03 0.00425 
   70    1    1    1    1    1    1    1    7    4  0.00000E+00 0.00000 
   71    1    1    1    1    1    1    1    7    5  9.09226E+03 0.00430 
   72    1    1    1    1    1    1    1    7    6  8.94891E+03 0.00450 
   73    1    1    1    1    1    1    1    7    7  0.00000E+00 0.00000 
   74    1    1    1    1    1    1    1    7    8  8.69652E+03 0.00444 
   75    1    1    1    1    1    1    1    7    9  8.82246E+03 0.00442 
   76    1    1    1    1    1    1    1    7   10  0.00000E+00 0.00000 
   77    1    1    1    1    1    1    1    7   11  0.00000E+00 0.00000 
   78    1    1    1    1    1    1    1    8    1  9.38683E+03 0.00432 
   79    1    1    1    1    1    1    1    8    2  0.00000E+00 0.00000 
   80    1    1    1    1    1    1    1    8    3  9.13129E+03 0.00435 
   81    1    1    1    1    1    1    1    8    4  9.04525E+03 0.00439 
   82    1    1    1    1    1    1    1    8    5  0.00000E+00 0.00000 
   83    1    1    1    1    1    1    1    8    6  8.76113E+03 0.00452 
   84    1    1    1    1    1    1    1    8    7  8.68865E+03 0.00448 
   85    1    1    1    1    1    1    1    8    8  0.00000E+00 0.00000 
   86    1    1    1    1    1    1    1    8    9  8.72944E+03 0.00456 
   87    1    1    1    1    1    1    1    8   10  8.88161E+03 0.00440 
   88    1    1    1    1    1    1    1    8   11  0.00000E+00 0.00000 
   89    1    1    1    1    1    1    1    9    1  9.12888E+03 0.00423 
   90    1    1    1    1    1    1    1    9    2  9.11790E+03 0.00449 
   91    1    1    1    1    1    1    1    9    3  0.00000E+00 0.00000 
   92    1    1    1    1    1    1    1    9    4  8.77103E+03 0.00440 
   93    1    1    1    1    1    1    1    9    5  8.68580E+03 0.00451 
   94    1    1    1    1    1    1    1    9    6  0.00000E+00 0.00000 
   95    1    1    1    1    1    1    1    9    7  8.50205E+03 0.00446 
   96    1    1    1    1    1    1    1    9    8  8.55248E+03 0.00447 
   97    1    1    1    1    1    1    1    9    9  0.00000E+00 0.00000 
   98    1    1    1    1    1    1    1    9   10  8.56090E+03 0.00450 
   99    1    1    1    1    1    1    1    9   11  8.56946E+03 0.00445 
  100    1    1    1    1    1    1    1   10    1  0.00000E+00 0.00000 
  101    1    1    1    1    1    1    1   10    2  8.97744E+03 0.00446 
  102    1    1    1    1    1    1    1   10    3  8.88060E+03 0.00451 
  103    1    1    1    1    1    1    1   10    4  0.00000E+00 0.00000 
  104    1    1    1    1    1    1    1   10    5  8.53977E+03 0.00455 
  105    1    1    1    1    1    1    1   10    6  8.49882E+03 0.00445 
  106    1    1    1    1    1    1    1   10    7  0.00000E+00 0.00000 
  107    1    1    1    1    1    1    1   10    8  8.31971E+03 0.00454 
  108    1    1    1    1    1    1    1   10    9  8.28026E+03 0.00461 
  109    1    1    1    1    1    1    1   10   10  0.00000E+00 0.00000 
