
DETassem1 = [
    1    1    1    1    1    1    1    1    1    1  0.00000E+00 0.00000 
    2    1    1    1    1    1    1    1    1    2  0.00000E+00 0.00000 
    3    1    1    1    1    1    1    1    1    3  0.00000E+00 0.00000 
    4    1    1    1    1    1    1    1    1    4  0.00000E+00 0.00000 
    5    1    1    1    1    1    1    1    1    5  0.00000E+00 0.00000 
    6    1    1    1    1    1    1    1    1    6  0.00000E+00 0.00000 
    7    1    1    1    1    1    1    1    1    7  0.00000E+00 0.00000 
    8    1    1    1    1    1    1    1    1    8  2.14400E+04 0.00342 
    9    1    1    1    1    1    1    1    1    9  1.60823E+04 0.00381 
   10    1    1    1    1    1    1    1    1   10  0.00000E+00 0.00000 
   11    1    1    1    1    1    1    1    1   11  1.18620E+04 0.00421 
   12    1    1    1    1    1    1    1    2    1  2.38683E+04 0.00338 
   13    1    1    1    1    1    1    1    2    2  0.00000E+00 0.00000 
   14    1    1    1    1    1    1    1    2    3  0.00000E+00 0.00000 
   15    1    1    1    1    1    1    1    2    4  0.00000E+00 0.00000 
   16    1    1    1    1    1    1    1    2    5  0.00000E+00 0.00000 
   17    1    1    1    1    1    1    1    2    6  2.38490E+04 0.00339 
   18    1    1    1    1    1    1    1    2    7  0.00000E+00 0.00000 
   19    1    1    1    1    1    1    1    2    8  0.00000E+00 0.00000 
   20    1    1    1    1    1    1    1    2    9  1.29974E+04 0.00413 
   21    1    1    1    1    1    1    1    2   10  1.18542E+04 0.00416 
   22    1    1    1    1    1    1    1    2   11  0.00000E+00 0.00000 
   23    1    1    1    1    1    1    1    3    1  0.00000E+00 0.00000 
   24    1    1    1    1    1    1    1    3    2  2.14479E+04 0.00348 
   25    1    1    1    1    1    1    1    3    3  0.00000E+00 0.00000 
   26    1    1    1    1    1    1    1    3    4  2.14090E+04 0.00351 
   27    1    1    1    1    1    1    1    3    5  0.00000E+00 0.00000 
   28    1    1    1    1    1    1    1    3    6  0.00000E+00 0.00000 
   29    1    1    1    1    1    1    1    3    7  1.47007E+04 0.00391 
   30    1    1    1    1    1    1    1    3    8  1.24302E+04 0.00418 
   31    1    1    1    1    1    1    1    3    9  0.00000E+00 0.00000 
   32    1    1    1    1    1    1    1    3   10  0.00000E+00 0.00000 
   33    1    1    1    1    1    1    1    3   11  1.04804E+04 0.00435 
   34    1    1    1    1    1    1    1    4    1  0.00000E+00 0.00000 
   35    1    1    1    1    1    1    1    4    2  1.59020E+04 0.00392 
   36    1    1    1    1    1    1    1    4    3  1.60109E+04 0.00382 
   37    1    1    1    1    1    1    1    4    4  0.00000E+00 0.00000 
   38    1    1    1    1    1    1    1    4    5  1.46664E+04 0.00388 
   39    1    1    1    1    1    1    1    4    6  1.30836E+04 0.00412 
   40    1    1    1    1    1    1    1    4    7  0.00000E+00 0.00000 
   41    1    1    1    1    1    1    1    4    8  1.08171E+04 0.00435 
   42    1    1    1    1    1    1    1    4    9  1.04561E+04 0.00440 
   43    1    1    1    1    1    1    1    4   10  0.00000E+00 0.00000 
   44    1    1    1    1    1    1    1    4   11  9.90212E+03 0.00458 
   45    1    1    1    1    1    1    1    5    1  1.30292E+04 0.00406 
   46    1    1    1    1    1    1    1    5    2  0.00000E+00 0.00000 
   47    1    1    1    1    1    1    1    5    3  1.29344E+04 0.00404 
   48    1    1    1    1    1    1    1    5    4  1.25291E+04 0.00415 
   49    1    1    1    1    1    1    1    5    5  0.00000E+00 0.00000 
   50    1    1    1    1    1    1    1    5    6  1.09063E+04 0.00429 
   51    1    1    1    1    1    1    1    5    7  1.03311E+04 0.00444 
   52    1    1    1    1    1    1    1    5    8  0.00000E+00 0.00000 
   53    1    1    1    1    1    1    1    5    9  9.76479E+03 0.00443 
   54    1    1    1    1    1    1    1    5   10  9.65862E+03 0.00452 
   55    1    1    1    1    1    1    1    5   11  0.00000E+00 0.00000 
   56    1    1    1    1    1    1    1    6    1  1.18395E+04 0.00420 
   57    1    1    1    1    1    1    1    6    2  1.17736E+04 0.00415 
   58    1    1    1    1    1    1    1    6    3  0.00000E+00 0.00000 
   59    1    1    1    1    1    1    1    6    4  1.08142E+04 0.00434 
   60    1    1    1    1    1    1    1    6    5  1.03755E+04 0.00429 
   61    1    1    1    1    1    1    1    6    6  0.00000E+00 0.00000 
   62    1    1    1    1    1    1    1    6    7  9.56814E+03 0.00444 
   63    1    1    1    1    1    1    1    6    8  9.53096E+03 0.00442 
   64    1    1    1    1    1    1    1    6    9  0.00000E+00 0.00000 
   65    1    1    1    1    1    1    1    6   10  9.48147E+03 0.00440 
   66    1    1    1    1    1    1    1    6   11  9.58619E+03 0.00445 
   67    1    1    1    1    1    1    1    7    1  0.00000E+00 0.00000 
   68    1    1    1    1    1    1    1    7    2  0.00000E+00 0.00000 
   69    1    1    1    1    1    1    1    7    3  1.05016E+04 0.00438 
   70    1    1    1    1    1    1    1    7    4  0.00000E+00 0.00000 
   71    1    1    1    1    1    1    1    7    5  9.64929E+03 0.00447 
   72    1    1    1    1    1    1    1    7    6  9.51109E+03 0.00443 
   73    1    1    1    1    1    1    1    7    7  0.00000E+00 0.00000 
   74    1    1    1    1    1    1    1    7    8  9.36530E+03 0.00451 
   75    1    1    1    1    1    1    1    7    9  9.44501E+03 0.00448 
   76    1    1    1    1    1    1    1    7   10  0.00000E+00 0.00000 
   77    1    1    1    1    1    1    1    7   11  9.37779E+03 0.00449 
   78    1    1    1    1    1    1    1    8    1  1.04631E+04 0.00432 
   79    1    1    1    1    1    1    1    8    2  0.00000E+00 0.00000 
   80    1    1    1    1    1    1    1    8    3  9.67169E+03 0.00447 
   81    1    1    1    1    1    1    1    8    4  9.51355E+03 0.00436 
   82    1    1    1    1    1    1    1    8    5  0.00000E+00 0.00000 
   83    1    1    1    1    1    1    1    8    6  9.41382E+03 0.00449 
   84    1    1    1    1    1    1    1    8    7  9.51098E+03 0.00452 
   85    1    1    1    1    1    1    1    8    8  0.00000E+00 0.00000 
   86    1    1    1    1    1    1    1    8    9  9.39202E+03 0.00454 
   87    1    1    1    1    1    1    1    8   10  0.00000E+00 0.00000 
   88    1    1    1    1    1    1    1    8   11  0.00000E+00 0.00000 
   89    1    1    1    1    1    1    1    9    1  9.91425E+03 0.00442 
   90    1    1    1    1    1    1    1    9    2  9.68285E+03 0.00448 
   91    1    1    1    1    1    1    1    9    3  0.00000E+00 0.00000 
   92    1    1    1    1    1    1    1    9    4  9.30849E+03 0.00455 
   93    1    1    1    1    1    1    1    9    5  9.49386E+03 0.00451 
   94    1    1    1    1    1    1    1    9    6  0.00000E+00 0.00000 
   95    1    1    1    1    1    1    1    9    7  0.00000E+00 0.00000 
   96    1    1    1    1    1    1    1    9    8  9.42021E+03 0.00457 
   97    1    1    1    1    1    1    1    9    9  0.00000E+00 0.00000 
   98    1    1    1    1    1    1    1    9   10  8.99679E+03 0.00461 
   99    1    1    1    1    1    1    1    9   11  8.62601E+03 0.00469 
  100    1    1    1    1    1    1    1   10    1  0.00000E+00 0.00000 
  101    1    1    1    1    1    1    1   10    2  9.46418E+03 0.00451 
  102    1    1    1    1    1    1    1   10    3  9.35883E+03 0.00455 
  103    1    1    1    1    1    1    1   10    4  0.00000E+00 0.00000 
  104    1    1    1    1    1    1    1   10    5  0.00000E+00 0.00000 
  105    1    1    1    1    1    1    1   10    6  9.65420E+03 0.00455 
  106    1    1    1    1    1    1    1   10    7  0.00000E+00 0.00000 
  107    1    1    1    1    1    1    1   10    8  9.00902E+03 0.00467 
  108    1    1    1    1    1    1    1   10    9  8.75037E+03 0.00467 
  109    1    1    1    1    1    1    1   10   10  0.00000E+00 0.00000 
