
ZAI = [
922350
922380
666
0
];

NAMES = [
'U235            '
'U238            '
'lost            '
'total           '
];

i922350 = 1; iU235             = 1;
i922380 = 2; iU238             = 2;
iLOST    = 3;
iTOT     = 4;

MAT_un_VOLUME = [ 2.44789E+05 2.44789E+05 ];

MAT_un_BURNUP = [ 0.00000E+00 4.68271E+01 ];

MAT_un_ADENS = [
4.83387E-03 3.40504E-03 % U235
1.93936E-02 1.88288E-02 % U238
0.00000E+00 4.23686E-30 % lost data
7.26897E-02 7.39041E-02 % total
];

MAT_un_MDENS = [
1.88669E+00 1.32901E+00 % U235
7.66628E+00 7.44300E+00 % U238
0.00000E+00 0.00000E+00 % lost data
1.08000E+01 1.07984E+01 % total
];

MAT_un_A = [
3.69283E+10 2.60128E+10 % U235
2.33383E+10 2.26586E+10 % U238
0.00000E+00 0.00000E+00 % lost data
6.02666E+10 3.26286E+18 % total
];

MAT_un_H = [
2.76829E-02 1.95002E-02 % U235
1.59667E-02 1.55017E-02 % U238
0.00000E+00 0.00000E+00 % lost data
4.36497E-02 9.60914E+05 % total
];

MAT_un_SF = [
2.65884E+00 1.87292E+00 % U235
1.27427E+04 1.23716E+04 % U238
0.00000E+00 0.00000E+00 % lost data
1.27454E+04 1.28328E+08 % total
];

MAT_un_GSRC = [
4.66592E+10 3.28673E+10 % U235
2.06669E+09 2.00650E+09 % U238
0.00000E+00 0.00000E+00 % lost data
4.87258E+10 3.50342E+18 % total
];

MAT_un_ING_TOX = [
1.73563E+03 1.22260E+03 % U235
1.05022E+03 1.01964E+03 % U238
0.00000E+00 0.00000E+00 % lost data
2.78585E+03 2.24759E+09 % total
];

MAT_un_INH_TOX = [
3.13891E+05 2.21109E+05 % U235
1.86706E+05 1.81269E+05 % U238
0.00000E+00 0.00000E+00 % lost data
5.00597E+05 8.72666E+10 % total
];

TOT_VOLUME = [ 2.44789E+05 2.44789E+05 ];

TOT_BURNUP = [ 0.00000E+00 4.68271E+01 ];

TOT_ADENS = [
4.83387E-03 3.40504E-03 % U235
1.93936E-02 1.88288E-02 % U238
0.00000E+00 4.23686E-30 % lost data
7.26897E-02 7.39041E-02 % total
];

TOT_MASS = [
4.61840E+05 3.25327E+05 % U235
1.87662E+06 1.82196E+06 % U238
0.00000E+00 0.00000E+00 % lost data
2.64372E+06 2.64334E+06 % total
];

TOT_A = [
3.69283E+10 2.60128E+10 % U235
2.33383E+10 2.26586E+10 % U238
0.00000E+00 0.00000E+00 % lost data
6.02666E+10 3.26286E+18 % total
];

TOT_H = [
2.76829E-02 1.95002E-02 % U235
1.59667E-02 1.55017E-02 % U238
0.00000E+00 0.00000E+00 % lost data
4.36497E-02 9.60914E+05 % total
];

TOT_SF = [
2.65884E+00 1.87292E+00 % U235
1.27427E+04 1.23716E+04 % U238
0.00000E+00 0.00000E+00 % lost data
1.27454E+04 1.28328E+08 % total
];

TOT_GSRC = [
4.66592E+10 3.28673E+10 % U235
2.06669E+09 2.00650E+09 % U238
0.00000E+00 0.00000E+00 % lost data
4.87258E+10 3.50342E+18 % total
];

TOT_ING_TOX = [
1.73563E+03 1.22260E+03 % U235
1.05022E+03 1.01964E+03 % U238
0.00000E+00 0.00000E+00 % lost data
2.78585E+03 2.24759E+09 % total
];

TOT_INH_TOX = [
3.13891E+05 2.21109E+05 % U235
1.86706E+05 1.81269E+05 % U238
0.00000E+00 0.00000E+00 % lost data
5.00597E+05 8.72666E+10 % total
];

BU = [ 0.00000E+00 4.68257E+01 ];

DAYS = [ 0.00000E+00 7.30000E+03 ];
