
DETassem1 = [
    1    1    1    1    1    1    1    1    1    1  0.00000E+00 0.00000 
    2    1    1    1    1    1    1    1    1    2  0.00000E+00 0.00000 
    3    1    1    1    1    1    1    1    1    3  0.00000E+00 0.00000 
    4    1    1    1    1    1    1    1    1    4  0.00000E+00 0.00000 
    5    1    1    1    1    1    1    1    1    5  0.00000E+00 0.00000 
    6    1    1    1    1    1    1    1    1    6  0.00000E+00 0.00000 
    7    1    1    1    1    1    1    1    1    7  0.00000E+00 0.00000 
    8    1    1    1    1    1    1    1    1    8  2.01149E+04 0.00334 
    9    1    1    1    1    1    1    1    1    9  1.62316E+04 0.00358 
   10    1    1    1    1    1    1    1    1   10  0.00000E+00 0.00000 
   11    1    1    1    1    1    1    1    1   11  0.00000E+00 0.00000 
   12    1    1    1    1    1    1    1    2    1  2.12831E+04 0.00328 
   13    1    1    1    1    1    1    1    2    2  0.00000E+00 0.00000 
   14    1    1    1    1    1    1    1    2    3  0.00000E+00 0.00000 
   15    1    1    1    1    1    1    1    2    4  0.00000E+00 0.00000 
   16    1    1    1    1    1    1    1    2    5  0.00000E+00 0.00000 
   17    1    1    1    1    1    1    1    2    6  2.12399E+04 0.00329 
   18    1    1    1    1    1    1    1    2    7  1.77025E+04 0.00347 
   19    1    1    1    1    1    1    1    2    8  0.00000E+00 0.00000 
   20    1    1    1    1    1    1    1    2    9  1.43063E+04 0.00381 
   21    1    1    1    1    1    1    1    2   10  0.00000E+00 0.00000 
   22    1    1    1    1    1    1    1    2   11  0.00000E+00 0.00000 
   23    1    1    1    1    1    1    1    3    1  1.77930E+04 0.00348 
   24    1    1    1    1    1    1    1    3    2  2.00462E+04 0.00334 
   25    1    1    1    1    1    1    1    3    3  0.00000E+00 0.00000 
   26    1    1    1    1    1    1    1    3    4  2.00787E+04 0.00336 
   27    1    1    1    1    1    1    1    3    5  1.76275E+04 0.00368 
   28    1    1    1    1    1    1    1    3    6  0.00000E+00 0.00000 
   29    1    1    1    1    1    1    1    3    7  1.43311E+04 0.00378 
   30    1    1    1    1    1    1    1    3    8  1.38231E+04 0.00374 
   31    1    1    1    1    1    1    1    3    9  0.00000E+00 0.00000 
   32    1    1    1    1    1    1    1    3   10  1.29102E+04 0.00394 
   33    1    1    1    1    1    1    1    3   11  1.18058E+04 0.00401 
   34    1    1    1    1    1    1    1    4    1  0.00000E+00 0.00000 
   35    1    1    1    1    1    1    1    4    2  1.62477E+04 0.00361 
   36    1    1    1    1    1    1    1    4    3  1.61971E+04 0.00371 
   37    1    1    1    1    1    1    1    4    4  0.00000E+00 0.00000 
   38    1    1    1    1    1    1    1    4    5  1.43572E+04 0.00373 
   39    1    1    1    1    1    1    1    4    6  1.34672E+04 0.00393 
   40    1    1    1    1    1    1    1    4    7  0.00000E+00 0.00000 
   41    1    1    1    1    1    1    1    4    8  0.00000E+00 0.00000 
   42    1    1    1    1    1    1    1    4    9  0.00000E+00 0.00000 
   43    1    1    1    1    1    1    1    4   10  0.00000E+00 0.00000 
   44    1    1    1    1    1    1    1    4   11  1.10216E+04 0.00413 
   45    1    1    1    1    1    1    1    5    1  1.44425E+04 0.00377 
   46    1    1    1    1    1    1    1    5    2  0.00000E+00 0.00000 
   47    1    1    1    1    1    1    1    5    3  1.43591E+04 0.00372 
   48    1    1    1    1    1    1    1    5    4  1.37567E+04 0.00378 
   49    1    1    1    1    1    1    1    5    5  0.00000E+00 0.00000 
   50    1    1    1    1    1    1    1    5    6  1.23437E+04 0.00391 
   51    1    1    1    1    1    1    1    5    7  1.23956E+04 0.00407 
   52    1    1    1    1    1    1    1    5    8  0.00000E+00 0.00000 
   53    1    1    1    1    1    1    1    5    9  0.00000E+00 0.00000 
   54    1    1    1    1    1    1    1    5   10  1.11514E+04 0.00412 
   55    1    1    1    1    1    1    1    5   11  0.00000E+00 0.00000 
   56    1    1    1    1    1    1    1    6    1  0.00000E+00 0.00000 
   57    1    1    1    1    1    1    1    6    2  0.00000E+00 0.00000 
   58    1    1    1    1    1    1    1    6    3  0.00000E+00 0.00000 
   59    1    1    1    1    1    1    1    6    4  0.00000E+00 0.00000 
   60    1    1    1    1    1    1    1    6    5  1.23032E+04 0.00406 
   61    1    1    1    1    1    1    1    6    6  0.00000E+00 0.00000 
   62    1    1    1    1    1    1    1    6    7  1.14560E+04 0.00403 
   63    1    1    1    1    1    1    1    6    8  1.15296E+04 0.00403 
   64    1    1    1    1    1    1    1    6    9  0.00000E+00 0.00000 
   65    1    1    1    1    1    1    1    6   10  1.04216E+04 0.00417 
   66    1    1    1    1    1    1    1    6   11  9.97477E+03 0.00429 
   67    1    1    1    1    1    1    1    7    1  0.00000E+00 0.00000 
   68    1    1    1    1    1    1    1    7    2  1.29837E+04 0.00391 
   69    1    1    1    1    1    1    1    7    3  0.00000E+00 0.00000 
   70    1    1    1    1    1    1    1    7    4  0.00000E+00 0.00000 
   71    1    1    1    1    1    1    1    7    5  1.13632E+04 0.00405 
   72    1    1    1    1    1    1    1    7    6  1.09160E+04 0.00410 
   73    1    1    1    1    1    1    1    7    7  0.00000E+00 0.00000 
   74    1    1    1    1    1    1    1    7    8  0.00000E+00 0.00000 
   75    1    1    1    1    1    1    1    7    9  1.04143E+04 0.00421 
   76    1    1    1    1    1    1    1    7   10  0.00000E+00 0.00000 
   77    1    1    1    1    1    1    1    7   11  9.83372E+03 0.00426 
   78    1    1    1    1    1    1    1    8    1  1.17853E+04 0.00407 
   79    1    1    1    1    1    1    1    8    2  0.00000E+00 0.00000 
   80    1    1    1    1    1    1    1    8    3  0.00000E+00 0.00000 
   81    1    1    1    1    1    1    1    8    4  1.15466E+04 0.00417 
   82    1    1    1    1    1    1    1    8    5  0.00000E+00 0.00000 
   83    1    1    1    1    1    1    1    8    6  1.03625E+04 0.00411 
   84    1    1    1    1    1    1    1    8    7  1.01931E+04 0.00418 
   85    1    1    1    1    1    1    1    8    8  0.00000E+00 0.00000 
   86    1    1    1    1    1    1    1    8    9  9.77990E+03 0.00431 
   87    1    1    1    1    1    1    1    8   10  9.55307E+03 0.00436 
   88    1    1    1    1    1    1    1    8   11  0.00000E+00 0.00000 
   89    1    1    1    1    1    1    1    9    1  1.10032E+04 0.00407 
   90    1    1    1    1    1    1    1    9    2  1.12220E+04 0.00414 
   91    1    1    1    1    1    1    1    9    3  0.00000E+00 0.00000 
   92    1    1    1    1    1    1    1    9    4  0.00000E+00 0.00000 
   93    1    1    1    1    1    1    1    9    5  1.03309E+04 0.00432 
   94    1    1    1    1    1    1    1    9    6  0.00000E+00 0.00000 
   95    1    1    1    1    1    1    1    9    7  9.76107E+03 0.00422 
   96    1    1    1    1    1    1    1    9    8  9.56109E+03 0.00436 
   97    1    1    1    1    1    1    1    9    9  0.00000E+00 0.00000 
   98    1    1    1    1    1    1    1    9   10  9.62171E+03 0.00436 
   99    1    1    1    1    1    1    1    9   11  9.87366E+03 0.00433 
  100    1    1    1    1    1    1    1   10    1  0.00000E+00 0.00000 
  101    1    1    1    1    1    1    1   10    2  1.04207E+04 0.00417 
  102    1    1    1    1    1    1    1   10    3  1.03378E+04 0.00412 
  103    1    1    1    1    1    1    1   10    4  0.00000E+00 0.00000 
  104    1    1    1    1    1    1    1   10    5  9.64422E+03 0.00430 
  105    1    1    1    1    1    1    1   10    6  9.44269E+03 0.00429 
  106    1    1    1    1    1    1    1   10    7  0.00000E+00 0.00000 
  107    1    1    1    1    1    1    1   10    8  9.25494E+03 0.00432 
  108    1    1    1    1    1    1    1   10    9  9.47902E+03 0.00438 
  109    1    1    1    1    1    1    1   10   10  0.00000E+00 0.00000 
