
DETassem1 = [
    1    1    1    1    1    1    1    1    1    1  0.00000E+00 0.00000 
    2    1    1    1    1    1    1    1    1    2  0.00000E+00 0.00000 
    3    1    1    1    1    1    1    1    1    3  0.00000E+00 0.00000 
    4    1    1    1    1    1    1    1    1    4  0.00000E+00 0.00000 
    5    1    1    1    1    1    1    1    1    5  0.00000E+00 0.00000 
    6    1    1    1    1    1    1    1    1    6  0.00000E+00 0.00000 
    7    1    1    1    1    1    1    1    1    7  0.00000E+00 0.00000 
    8    1    1    1    1    1    1    1    1    8  2.03864E+04 0.00343 
    9    1    1    1    1    1    1    1    1    9  1.62330E+04 0.00383 
   10    1    1    1    1    1    1    1    1   10  0.00000E+00 0.00000 
   11    1    1    1    1    1    1    1    1   11  0.00000E+00 0.00000 
   12    1    1    1    1    1    1    1    2    1  2.17185E+04 0.00348 
   13    1    1    1    1    1    1    1    2    2  0.00000E+00 0.00000 
   14    1    1    1    1    1    1    1    2    3  0.00000E+00 0.00000 
   15    1    1    1    1    1    1    1    2    4  0.00000E+00 0.00000 
   16    1    1    1    1    1    1    1    2    5  0.00000E+00 0.00000 
   17    1    1    1    1    1    1    1    2    6  2.19092E+04 0.00341 
   18    1    1    1    1    1    1    1    2    7  1.77324E+04 0.00364 
   19    1    1    1    1    1    1    1    2    8  0.00000E+00 0.00000 
   20    1    1    1    1    1    1    1    2    9  1.41259E+04 0.00396 
   21    1    1    1    1    1    1    1    2   10  0.00000E+00 0.00000 
   22    1    1    1    1    1    1    1    2   11  0.00000E+00 0.00000 
   23    1    1    1    1    1    1    1    3    1  1.77344E+04 0.00377 
   24    1    1    1    1    1    1    1    3    2  2.03809E+04 0.00347 
   25    1    1    1    1    1    1    1    3    3  0.00000E+00 0.00000 
   26    1    1    1    1    1    1    1    3    4  2.04019E+04 0.00350 
   27    1    1    1    1    1    1    1    3    5  1.77583E+04 0.00371 
   28    1    1    1    1    1    1    1    3    6  0.00000E+00 0.00000 
   29    1    1    1    1    1    1    1    3    7  1.39698E+04 0.00397 
   30    1    1    1    1    1    1    1    3    8  1.35705E+04 0.00407 
   31    1    1    1    1    1    1    1    3    9  0.00000E+00 0.00000 
   32    1    1    1    1    1    1    1    3   10  1.26418E+04 0.00408 
   33    1    1    1    1    1    1    1    3   11  1.13794E+04 0.00420 
   34    1    1    1    1    1    1    1    4    1  0.00000E+00 0.00000 
   35    1    1    1    1    1    1    1    4    2  1.61877E+04 0.00381 
   36    1    1    1    1    1    1    1    4    3  1.60814E+04 0.00369 
   37    1    1    1    1    1    1    1    4    4  0.00000E+00 0.00000 
   38    1    1    1    1    1    1    1    4    5  1.39749E+04 0.00393 
   39    1    1    1    1    1    1    1    4    6  1.30646E+04 0.00397 
   40    1    1    1    1    1    1    1    4    7  0.00000E+00 0.00000 
   41    1    1    1    1    1    1    1    4    8  0.00000E+00 0.00000 
   42    1    1    1    1    1    1    1    4    9  0.00000E+00 0.00000 
   43    1    1    1    1    1    1    1    4   10  0.00000E+00 0.00000 
   44    1    1    1    1    1    1    1    4   11  1.05377E+04 0.00438 
   45    1    1    1    1    1    1    1    5    1  1.41750E+04 0.00393 
   46    1    1    1    1    1    1    1    5    2  0.00000E+00 0.00000 
   47    1    1    1    1    1    1    1    5    3  1.40339E+04 0.00403 
   48    1    1    1    1    1    1    1    5    4  1.35299E+04 0.00408 
   49    1    1    1    1    1    1    1    5    5  0.00000E+00 0.00000 
   50    1    1    1    1    1    1    1    5    6  1.19305E+04 0.00420 
   51    1    1    1    1    1    1    1    5    7  1.17949E+04 0.00415 
   52    1    1    1    1    1    1    1    5    8  0.00000E+00 0.00000 
   53    1    1    1    1    1    1    1    5    9  0.00000E+00 0.00000 
   54    1    1    1    1    1    1    1    5   10  1.08349E+04 0.00441 
   55    1    1    1    1    1    1    1    5   11  0.00000E+00 0.00000 
   56    1    1    1    1    1    1    1    6    1  0.00000E+00 0.00000 
   57    1    1    1    1    1    1    1    6    2  0.00000E+00 0.00000 
   58    1    1    1    1    1    1    1    6    3  0.00000E+00 0.00000 
   59    1    1    1    1    1    1    1    6    4  0.00000E+00 0.00000 
   60    1    1    1    1    1    1    1    6    5  1.18984E+04 0.00420 
   61    1    1    1    1    1    1    1    6    6  0.00000E+00 0.00000 
   62    1    1    1    1    1    1    1    6    7  1.10288E+04 0.00429 
   63    1    1    1    1    1    1    1    6    8  1.11684E+04 0.00427 
   64    1    1    1    1    1    1    1    6    9  0.00000E+00 0.00000 
   65    1    1    1    1    1    1    1    6   10  9.94910E+03 0.00448 
   66    1    1    1    1    1    1    1    6   11  9.50830E+03 0.00451 
   67    1    1    1    1    1    1    1    7    1  0.00000E+00 0.00000 
   68    1    1    1    1    1    1    1    7    2  1.26519E+04 0.00410 
   69    1    1    1    1    1    1    1    7    3  0.00000E+00 0.00000 
   70    1    1    1    1    1    1    1    7    4  0.00000E+00 0.00000 
   71    1    1    1    1    1    1    1    7    5  1.10841E+04 0.00431 
   72    1    1    1    1    1    1    1    7    6  1.05388E+04 0.00437 
   73    1    1    1    1    1    1    1    7    7  0.00000E+00 0.00000 
   74    1    1    1    1    1    1    1    7    8  0.00000E+00 0.00000 
   75    1    1    1    1    1    1    1    7    9  1.00828E+04 0.00451 
   76    1    1    1    1    1    1    1    7   10  0.00000E+00 0.00000 
   77    1    1    1    1    1    1    1    7   11  9.29725E+03 0.00460 
   78    1    1    1    1    1    1    1    8    1  1.13673E+04 0.00423 
   79    1    1    1    1    1    1    1    8    2  0.00000E+00 0.00000 
   80    1    1    1    1    1    1    1    8    3  0.00000E+00 0.00000 
   81    1    1    1    1    1    1    1    8    4  1.12792E+04 0.00426 
   82    1    1    1    1    1    1    1    8    5  0.00000E+00 0.00000 
   83    1    1    1    1    1    1    1    8    6  9.97871E+03 0.00449 
   84    1    1    1    1    1    1    1    8    7  9.89494E+03 0.00447 
   85    1    1    1    1    1    1    1    8    8  0.00000E+00 0.00000 
   86    1    1    1    1    1    1    1    8    9  9.37449E+03 0.00458 
   87    1    1    1    1    1    1    1    8   10  9.17688E+03 0.00455 
   88    1    1    1    1    1    1    1    8   11  0.00000E+00 0.00000 
   89    1    1    1    1    1    1    1    9    1  1.06055E+04 0.00425 
   90    1    1    1    1    1    1    1    9    2  1.07819E+04 0.00432 
   91    1    1    1    1    1    1    1    9    3  0.00000E+00 0.00000 
   92    1    1    1    1    1    1    1    9    4  0.00000E+00 0.00000 
   93    1    1    1    1    1    1    1    9    5  9.93360E+03 0.00447 
   94    1    1    1    1    1    1    1    9    6  0.00000E+00 0.00000 
   95    1    1    1    1    1    1    1    9    7  9.29593E+03 0.00458 
   96    1    1    1    1    1    1    1    9    8  9.23514E+03 0.00445 
   97    1    1    1    1    1    1    1    9    9  0.00000E+00 0.00000 
   98    1    1    1    1    1    1    1    9   10  9.21790E+03 0.00465 
   99    1    1    1    1    1    1    1    9   11  9.55108E+03 0.00455 
  100    1    1    1    1    1    1    1   10    1  0.00000E+00 0.00000 
  101    1    1    1    1    1    1    1   10    2  1.00774E+04 0.00445 
  102    1    1    1    1    1    1    1   10    3  1.00146E+04 0.00443 
  103    1    1    1    1    1    1    1   10    4  0.00000E+00 0.00000 
  104    1    1    1    1    1    1    1   10    5  9.24082E+03 0.00456 
  105    1    1    1    1    1    1    1   10    6  9.06644E+03 0.00444 
  106    1    1    1    1    1    1    1   10    7  0.00000E+00 0.00000 
  107    1    1    1    1    1    1    1   10    8  8.96884E+03 0.00463 
  108    1    1    1    1    1    1    1   10    9  9.16206E+03 0.00464 
  109    1    1    1    1    1    1    1   10   10  0.00000E+00 0.00000 
