
DETassem1 = [
    1    1    1    1    1    1    1    1    1    1  0.00000E+00 0.00000 
    2    1    1    1    1    1    1    1    1    2  0.00000E+00 0.00000 
    3    1    1    1    1    1    1    1    1    3  0.00000E+00 0.00000 
    4    1    1    1    1    1    1    1    1    4  0.00000E+00 0.00000 
    5    1    1    1    1    1    1    1    1    5  0.00000E+00 0.00000 
    6    1    1    1    1    1    1    1    1    6  0.00000E+00 0.00000 
    7    1    1    1    1    1    1    1    1    7  0.00000E+00 0.00000 
    8    1    1    1    1    1    1    1    1    8  2.07589E+04 0.00339 
    9    1    1    1    1    1    1    1    1    9  1.59237E+04 0.00369 
   10    1    1    1    1    1    1    1    1   10  0.00000E+00 0.00000 
   11    1    1    1    1    1    1    1    1   11  1.16144E+04 0.00404 
   12    1    1    1    1    1    1    1    2    1  2.28408E+04 0.00323 
   13    1    1    1    1    1    1    1    2    2  0.00000E+00 0.00000 
   14    1    1    1    1    1    1    1    2    3  0.00000E+00 0.00000 
   15    1    1    1    1    1    1    1    2    4  0.00000E+00 0.00000 
   16    1    1    1    1    1    1    1    2    5  0.00000E+00 0.00000 
   17    1    1    1    1    1    1    1    2    6  2.28790E+04 0.00314 
   18    1    1    1    1    1    1    1    2    7  0.00000E+00 0.00000 
   19    1    1    1    1    1    1    1    2    8  0.00000E+00 0.00000 
   20    1    1    1    1    1    1    1    2    9  1.30546E+04 0.00394 
   21    1    1    1    1    1    1    1    2   10  1.16410E+04 0.00407 
   22    1    1    1    1    1    1    1    2   11  0.00000E+00 0.00000 
   23    1    1    1    1    1    1    1    3    1  0.00000E+00 0.00000 
   24    1    1    1    1    1    1    1    3    2  2.08861E+04 0.00343 
   25    1    1    1    1    1    1    1    3    3  0.00000E+00 0.00000 
   26    1    1    1    1    1    1    1    3    4  2.08903E+04 0.00332 
   27    1    1    1    1    1    1    1    3    5  0.00000E+00 0.00000 
   28    1    1    1    1    1    1    1    3    6  0.00000E+00 0.00000 
   29    1    1    1    1    1    1    1    3    7  1.48052E+04 0.00365 
   30    1    1    1    1    1    1    1    3    8  1.26958E+04 0.00392 
   31    1    1    1    1    1    1    1    3    9  0.00000E+00 0.00000 
   32    1    1    1    1    1    1    1    3   10  1.07360E+04 0.00412 
   33    1    1    1    1    1    1    1    3   11  1.02454E+04 0.00416 
   34    1    1    1    1    1    1    1    4    1  0.00000E+00 0.00000 
   35    1    1    1    1    1    1    1    4    2  1.58471E+04 0.00359 
   36    1    1    1    1    1    1    1    4    3  1.60000E+04 0.00369 
   37    1    1    1    1    1    1    1    4    4  0.00000E+00 0.00000 
   38    1    1    1    1    1    1    1    4    5  1.46983E+04 0.00377 
   39    1    1    1    1    1    1    1    4    6  1.33270E+04 0.00391 
   40    1    1    1    1    1    1    1    4    7  0.00000E+00 0.00000 
   41    1    1    1    1    1    1    1    4    8  1.13632E+04 0.00415 
   42    1    1    1    1    1    1    1    4    9  1.09362E+04 0.00418 
   43    1    1    1    1    1    1    1    4   10  0.00000E+00 0.00000 
   44    1    1    1    1    1    1    1    4   11  9.98430E+03 0.00429 
   45    1    1    1    1    1    1    1    5    1  1.30601E+04 0.00390 
   46    1    1    1    1    1    1    1    5    2  0.00000E+00 0.00000 
   47    1    1    1    1    1    1    1    5    3  1.30056E+04 0.00394 
   48    1    1    1    1    1    1    1    5    4  1.27406E+04 0.00398 
   49    1    1    1    1    1    1    1    5    5  0.00000E+00 0.00000 
   50    1    1    1    1    1    1    1    5    6  1.15073E+04 0.00402 
   51    1    1    1    1    1    1    1    5    7  1.10591E+04 0.00412 
   52    1    1    1    1    1    1    1    5    8  0.00000E+00 0.00000 
   53    1    1    1    1    1    1    1    5    9  0.00000E+00 0.00000 
   54    1    1    1    1    1    1    1    5   10  1.03372E+04 0.00415 
   55    1    1    1    1    1    1    1    5   11  0.00000E+00 0.00000 
   56    1    1    1    1    1    1    1    6    1  1.16616E+04 0.00399 
   57    1    1    1    1    1    1    1    6    2  1.16152E+04 0.00408 
   58    1    1    1    1    1    1    1    6    3  0.00000E+00 0.00000 
   59    1    1    1    1    1    1    1    6    4  1.12529E+04 0.00414 
   60    1    1    1    1    1    1    1    6    5  1.10306E+04 0.00415 
   61    1    1    1    1    1    1    1    6    6  0.00000E+00 0.00000 
   62    1    1    1    1    1    1    1    6    7  1.06830E+04 0.00424 
   63    1    1    1    1    1    1    1    6    8  1.09335E+04 0.00409 
   64    1    1    1    1    1    1    1    6    9  0.00000E+00 0.00000 
   65    1    1    1    1    1    1    1    6   10  9.94834E+03 0.00420 
   66    1    1    1    1    1    1    1    6   11  9.62227E+03 0.00431 
   67    1    1    1    1    1    1    1    7    1  0.00000E+00 0.00000 
   68    1    1    1    1    1    1    1    7    2  1.08590E+04 0.00429 
   69    1    1    1    1    1    1    1    7    3  1.09518E+04 0.00413 
   70    1    1    1    1    1    1    1    7    4  0.00000E+00 0.00000 
   71    1    1    1    1    1    1    1    7    5  1.06664E+04 0.00415 
   72    1    1    1    1    1    1    1    7    6  1.07111E+04 0.00415 
   73    1    1    1    1    1    1    1    7    7  0.00000E+00 0.00000 
   74    1    1    1    1    1    1    1    7    8  0.00000E+00 0.00000 
   75    1    1    1    1    1    1    1    7    9  1.03720E+04 0.00405 
   76    1    1    1    1    1    1    1    7   10  0.00000E+00 0.00000 
   77    1    1    1    1    1    1    1    7   11  9.61357E+03 0.00436 
   78    1    1    1    1    1    1    1    8    1  1.02988E+04 0.00415 
   79    1    1    1    1    1    1    1    8    2  0.00000E+00 0.00000 
   80    1    1    1    1    1    1    1    8    3  0.00000E+00 0.00000 
   81    1    1    1    1    1    1    1    8    4  1.08973E+04 0.00411 
   82    1    1    1    1    1    1    1    8    5  0.00000E+00 0.00000 
   83    1    1    1    1    1    1    1    8    6  1.08164E+04 0.00408 
   84    1    1    1    1    1    1    1    8    7  0.00000E+00 0.00000 
   85    1    1    1    1    1    1    1    8    8  0.00000E+00 0.00000 
   86    1    1    1    1    1    1    1    8    9  9.94658E+03 0.00427 
   87    1    1    1    1    1    1    1    8   10  0.00000E+00 0.00000 
   88    1    1    1    1    1    1    1    8   11  0.00000E+00 0.00000 
   89    1    1    1    1    1    1    1    9    1  9.98639E+03 0.00429 
   90    1    1    1    1    1    1    1    9    2  1.02947E+04 0.00425 
   91    1    1    1    1    1    1    1    9    3  0.00000E+00 0.00000 
   92    1    1    1    1    1    1    1    9    4  0.00000E+00 0.00000 
   93    1    1    1    1    1    1    1    9    5  0.00000E+00 0.00000 
   94    1    1    1    1    1    1    1    9    6  0.00000E+00 0.00000 
   95    1    1    1    1    1    1    1    9    7  1.00897E+04 0.00433 
   96    1    1    1    1    1    1    1    9    8  9.68969E+03 0.00428 
   97    1    1    1    1    1    1    1    9    9  0.00000E+00 0.00000 
   98    1    1    1    1    1    1    1    9   10  9.48772E+03 0.00437 
   99    1    1    1    1    1    1    1    9   11  9.38848E+03 0.00444 
  100    1    1    1    1    1    1    1   10    1  0.00000E+00 0.00000 
  101    1    1    1    1    1    1    1   10    2  1.00149E+04 0.00425 
  102    1    1    1    1    1    1    1   10    3  1.03830E+04 0.00424 
  103    1    1    1    1    1    1    1   10    4  0.00000E+00 0.00000 
  104    1    1    1    1    1    1    1   10    5  1.00351E+04 0.00437 
  105    1    1    1    1    1    1    1   10    6  9.66560E+03 0.00424 
  106    1    1    1    1    1    1    1   10    7  0.00000E+00 0.00000 
  107    1    1    1    1    1    1    1   10    8  9.17551E+03 0.00441 
  108    1    1    1    1    1    1    1   10    9  9.01728E+03 0.00446 
  109    1    1    1    1    1    1    1   10   10  0.00000E+00 0.00000 
