
DETassem1 = [
    1    1    1    1    1    1    1    1    1    1  0.00000E+00 0.00000 
    2    1    1    1    1    1    1    1    1    2  0.00000E+00 0.00000 
    3    1    1    1    1    1    1    1    1    3  0.00000E+00 0.00000 
    4    1    1    1    1    1    1    1    1    4  0.00000E+00 0.00000 
    5    1    1    1    1    1    1    1    1    5  0.00000E+00 0.00000 
    6    1    1    1    1    1    1    1    1    6  0.00000E+00 0.00000 
    7    1    1    1    1    1    1    1    1    7  0.00000E+00 0.00000 
    8    1    1    1    1    1    1    1    1    8  2.06786E+04 0.00333 
    9    1    1    1    1    1    1    1    1    9  0.00000E+00 0.00000 
   10    1    1    1    1    1    1    1    1   10  0.00000E+00 0.00000 
   11    1    1    1    1    1    1    1    1   11  1.21261E+04 0.00409 
   12    1    1    1    1    1    1    1    2    1  2.11735E+04 0.00340 
   13    1    1    1    1    1    1    1    2    2  0.00000E+00 0.00000 
   14    1    1    1    1    1    1    1    2    3  0.00000E+00 0.00000 
   15    1    1    1    1    1    1    1    2    4  0.00000E+00 0.00000 
   16    1    1    1    1    1    1    1    2    5  0.00000E+00 0.00000 
   17    1    1    1    1    1    1    1    2    6  2.11993E+04 0.00331 
   18    1    1    1    1    1    1    1    2    7  1.75527E+04 0.00352 
   19    1    1    1    1    1    1    1    2    8  0.00000E+00 0.00000 
   20    1    1    1    1    1    1    1    2    9  1.39267E+04 0.00374 
   21    1    1    1    1    1    1    1    2   10  1.22787E+04 0.00398 
   22    1    1    1    1    1    1    1    2   11  0.00000E+00 0.00000 
   23    1    1    1    1    1    1    1    3    1  1.75424E+04 0.00353 
   24    1    1    1    1    1    1    1    3    2  2.05918E+04 0.00339 
   25    1    1    1    1    1    1    1    3    3  0.00000E+00 0.00000 
   26    1    1    1    1    1    1    1    3    4  2.05956E+04 0.00335 
   27    1    1    1    1    1    1    1    3    5  1.75603E+04 0.00355 
   28    1    1    1    1    1    1    1    3    6  0.00000E+00 0.00000 
   29    1    1    1    1    1    1    1    3    7  1.38033E+04 0.00389 
   30    1    1    1    1    1    1    1    3    8  1.29041E+04 0.00403 
   31    1    1    1    1    1    1    1    3    9  0.00000E+00 0.00000 
   32    1    1    1    1    1    1    1    3   10  1.12795E+04 0.00413 
   33    1    1    1    1    1    1    1    3   11  1.06979E+04 0.00419 
   34    1    1    1    1    1    1    1    4    1  0.00000E+00 0.00000 
   35    1    1    1    1    1    1    1    4    2  0.00000E+00 0.00000 
   36    1    1    1    1    1    1    1    4    3  0.00000E+00 0.00000 
   37    1    1    1    1    1    1    1    4    4  0.00000E+00 0.00000 
   38    1    1    1    1    1    1    1    4    5  1.37546E+04 0.00388 
   39    1    1    1    1    1    1    1    4    6  1.27452E+04 0.00400 
   40    1    1    1    1    1    1    1    4    7  0.00000E+00 0.00000 
   41    1    1    1    1    1    1    1    4    8  1.14144E+04 0.00407 
   42    1    1    1    1    1    1    1    4    9  0.00000E+00 0.00000 
   43    1    1    1    1    1    1    1    4   10  0.00000E+00 0.00000 
   44    1    1    1    1    1    1    1    4   11  1.05236E+04 0.00418 
   45    1    1    1    1    1    1    1    5    1  1.39284E+04 0.00382 
   46    1    1    1    1    1    1    1    5    2  0.00000E+00 0.00000 
   47    1    1    1    1    1    1    1    5    3  1.40248E+04 0.00380 
   48    1    1    1    1    1    1    1    5    4  1.27844E+04 0.00401 
   49    1    1    1    1    1    1    1    5    5  0.00000E+00 0.00000 
   50    1    1    1    1    1    1    1    5    6  1.12798E+04 0.00399 
   51    1    1    1    1    1    1    1    5    7  1.09111E+04 0.00414 
   52    1    1    1    1    1    1    1    5    8  0.00000E+00 0.00000 
   53    1    1    1    1    1    1    1    5    9  1.05528E+04 0.00422 
   54    1    1    1    1    1    1    1    5   10  1.03805E+04 0.00422 
   55    1    1    1    1    1    1    1    5   11  0.00000E+00 0.00000 
   56    1    1    1    1    1    1    1    6    1  1.22076E+04 0.00404 
   57    1    1    1    1    1    1    1    6    2  1.22646E+04 0.00395 
   58    1    1    1    1    1    1    1    6    3  0.00000E+00 0.00000 
   59    1    1    1    1    1    1    1    6    4  1.14973E+04 0.00405 
   60    1    1    1    1    1    1    1    6    5  1.08464E+04 0.00413 
   61    1    1    1    1    1    1    1    6    6  0.00000E+00 0.00000 
   62    1    1    1    1    1    1    1    6    7  1.03369E+04 0.00422 
   63    1    1    1    1    1    1    1    6    8  1.02698E+04 0.00422 
   64    1    1    1    1    1    1    1    6    9  0.00000E+00 0.00000 
   65    1    1    1    1    1    1    1    6   10  1.04096E+04 0.00415 
   66    1    1    1    1    1    1    1    6   11  0.00000E+00 0.00000 
   67    1    1    1    1    1    1    1    7    1  0.00000E+00 0.00000 
   68    1    1    1    1    1    1    1    7    2  1.13831E+04 0.00399 
   69    1    1    1    1    1    1    1    7    3  0.00000E+00 0.00000 
   70    1    1    1    1    1    1    1    7    4  0.00000E+00 0.00000 
   71    1    1    1    1    1    1    1    7    5  1.04208E+04 0.00429 
   72    1    1    1    1    1    1    1    7    6  1.02549E+04 0.00426 
   73    1    1    1    1    1    1    1    7    7  0.00000E+00 0.00000 
   74    1    1    1    1    1    1    1    7    8  1.00848E+04 0.00436 
   75    1    1    1    1    1    1    1    7    9  9.93911E+03 0.00435 
   76    1    1    1    1    1    1    1    7   10  0.00000E+00 0.00000 
   77    1    1    1    1    1    1    1    7   11  1.02215E+04 0.00418 
   78    1    1    1    1    1    1    1    8    1  1.06717E+04 0.00416 
   79    1    1    1    1    1    1    1    8    2  0.00000E+00 0.00000 
   80    1    1    1    1    1    1    1    8    3  1.06088E+04 0.00419 
   81    1    1    1    1    1    1    1    8    4  1.02504E+04 0.00423 
   82    1    1    1    1    1    1    1    8    5  0.00000E+00 0.00000 
   83    1    1    1    1    1    1    1    8    6  1.03411E+04 0.00422 
   84    1    1    1    1    1    1    1    8    7  0.00000E+00 0.00000 
   85    1    1    1    1    1    1    1    8    8  0.00000E+00 0.00000 
   86    1    1    1    1    1    1    1    8    9  9.71998E+03 0.00434 
   87    1    1    1    1    1    1    1    8   10  9.80433E+03 0.00437 
   88    1    1    1    1    1    1    1    8   11  0.00000E+00 0.00000 
   89    1    1    1    1    1    1    1    9    1  1.05713E+04 0.00416 
   90    1    1    1    1    1    1    1    9    2  1.02991E+04 0.00418 
   91    1    1    1    1    1    1    1    9    3  0.00000E+00 0.00000 
   92    1    1    1    1    1    1    1    9    4  9.98061E+03 0.00423 
   93    1    1    1    1    1    1    1    9    5  0.00000E+00 0.00000 
   94    1    1    1    1    1    1    1    9    6  0.00000E+00 0.00000 
   95    1    1    1    1    1    1    1    9    7  9.71910E+03 0.00427 
   96    1    1    1    1    1    1    1    9    8  9.48027E+03 0.00446 
   97    1    1    1    1    1    1    1    9    9  0.00000E+00 0.00000 
   98    1    1    1    1    1    1    1    9   10  9.74884E+03 0.00436 
   99    1    1    1    1    1    1    1    9   11  0.00000E+00 0.00000 
  100    1    1    1    1    1    1    1   10    1  0.00000E+00 0.00000 
  101    1    1    1    1    1    1    1   10    2  1.03543E+04 0.00426 
  102    1    1    1    1    1    1    1   10    3  9.96238E+03 0.00424 
  103    1    1    1    1    1    1    1   10    4  0.00000E+00 0.00000 
  104    1    1    1    1    1    1    1   10    5  9.77562E+03 0.00440 
  105    1    1    1    1    1    1    1   10    6  9.48724E+03 0.00437 
  106    1    1    1    1    1    1    1   10    7  0.00000E+00 0.00000 
  107    1    1    1    1    1    1    1   10    8  9.17873E+03 0.00448 
  108    1    1    1    1    1    1    1   10    9  9.33776E+03 0.00446 
  109    1    1    1    1    1    1    1   10   10  0.00000E+00 0.00000 
