
DETassem1 = [
    1    1    1    1    1    1    1    1    1    1  0.00000E+00 0.00000 
    2    1    1    1    1    1    1    1    1    2  0.00000E+00 0.00000 
    3    1    1    1    1    1    1    1    1    3  0.00000E+00 0.00000 
    4    1    1    1    1    1    1    1    1    4  0.00000E+00 0.00000 
    5    1    1    1    1    1    1    1    1    5  0.00000E+00 0.00000 
    6    1    1    1    1    1    1    1    1    6  0.00000E+00 0.00000 
    7    1    1    1    1    1    1    1    1    7  0.00000E+00 0.00000 
    8    1    1    1    1    1    1    1    1    8  1.87508E+04 0.00362 
    9    1    1    1    1    1    1    1    1    9  1.43136E+04 0.00390 
   10    1    1    1    1    1    1    1    1   10  0.00000E+00 0.00000 
   11    1    1    1    1    1    1    1    1   11  1.04310E+04 0.00440 
   12    1    1    1    1    1    1    1    2    1  2.01388E+04 0.00358 
   13    1    1    1    1    1    1    1    2    2  0.00000E+00 0.00000 
   14    1    1    1    1    1    1    1    2    3  0.00000E+00 0.00000 
   15    1    1    1    1    1    1    1    2    4  0.00000E+00 0.00000 
   16    1    1    1    1    1    1    1    2    5  0.00000E+00 0.00000 
   17    1    1    1    1    1    1    1    2    6  2.01923E+04 0.00349 
   18    1    1    1    1    1    1    1    2    7  1.61902E+04 0.00389 
   19    1    1    1    1    1    1    1    2    8  0.00000E+00 0.00000 
   20    1    1    1    1    1    1    1    2    9  1.15496E+04 0.00430 
   21    1    1    1    1    1    1    1    2   10  1.03781E+04 0.00436 
   22    1    1    1    1    1    1    1    2   11  0.00000E+00 0.00000 
   23    1    1    1    1    1    1    1    3    1  1.61847E+04 0.00383 
   24    1    1    1    1    1    1    1    3    2  1.87290E+04 0.00366 
   25    1    1    1    1    1    1    1    3    3  0.00000E+00 0.00000 
   26    1    1    1    1    1    1    1    3    4  1.86748E+04 0.00360 
   27    1    1    1    1    1    1    1    3    5  1.60576E+04 0.00392 
   28    1    1    1    1    1    1    1    3    6  0.00000E+00 0.00000 
   29    1    1    1    1    1    1    1    3    7  1.24485E+04 0.00422 
   30    1    1    1    1    1    1    1    3    8  1.12736E+04 0.00428 
   31    1    1    1    1    1    1    1    3    9  0.00000E+00 0.00000 
   32    1    1    1    1    1    1    1    3   10  9.67913E+03 0.00452 
   33    1    1    1    1    1    1    1    3   11  9.32886E+03 0.00448 
   34    1    1    1    1    1    1    1    4    1  0.00000E+00 0.00000 
   35    1    1    1    1    1    1    1    4    2  1.42427E+04 0.00399 
   36    1    1    1    1    1    1    1    4    3  1.43112E+04 0.00398 
   37    1    1    1    1    1    1    1    4    4  0.00000E+00 0.00000 
   38    1    1    1    1    1    1    1    4    5  1.24769E+04 0.00423 
   39    1    1    1    1    1    1    1    4    6  1.15434E+04 0.00424 
   40    1    1    1    1    1    1    1    4    7  0.00000E+00 0.00000 
   41    1    1    1    1    1    1    1    4    8  1.01903E+04 0.00439 
   42    1    1    1    1    1    1    1    4    9  9.68292E+03 0.00453 
   43    1    1    1    1    1    1    1    4   10  0.00000E+00 0.00000 
   44    1    1    1    1    1    1    1    4   11  9.01340E+03 0.00454 
   45    1    1    1    1    1    1    1    5    1  1.14471E+04 0.00435 
   46    1    1    1    1    1    1    1    5    2  0.00000E+00 0.00000 
   47    1    1    1    1    1    1    1    5    3  1.15913E+04 0.00418 
   48    1    1    1    1    1    1    1    5    4  1.12084E+04 0.00435 
   49    1    1    1    1    1    1    1    5    5  0.00000E+00 0.00000 
   50    1    1    1    1    1    1    1    5    6  1.04078E+04 0.00436 
   51    1    1    1    1    1    1    1    5    7  1.02563E+04 0.00438 
   52    1    1    1    1    1    1    1    5    8  0.00000E+00 0.00000 
   53    1    1    1    1    1    1    1    5    9  9.30939E+03 0.00451 
   54    1    1    1    1    1    1    1    5   10  9.01395E+03 0.00446 
   55    1    1    1    1    1    1    1    5   11  0.00000E+00 0.00000 
   56    1    1    1    1    1    1    1    6    1  1.03867E+04 0.00438 
   57    1    1    1    1    1    1    1    6    2  1.04011E+04 0.00444 
   58    1    1    1    1    1    1    1    6    3  0.00000E+00 0.00000 
   59    1    1    1    1    1    1    1    6    4  1.01273E+04 0.00456 
   60    1    1    1    1    1    1    1    6    5  1.02389E+04 0.00436 
   61    1    1    1    1    1    1    1    6    6  0.00000E+00 0.00000 
   62    1    1    1    1    1    1    1    6    7  0.00000E+00 0.00000 
   63    1    1    1    1    1    1    1    6    8  9.52404E+03 0.00437 
   64    1    1    1    1    1    1    1    6    9  0.00000E+00 0.00000 
   65    1    1    1    1    1    1    1    6   10  8.95291E+03 0.00451 
   66    1    1    1    1    1    1    1    6   11  8.80532E+03 0.00451 
   67    1    1    1    1    1    1    1    7    1  0.00000E+00 0.00000 
   68    1    1    1    1    1    1    1    7    2  9.62409E+03 0.00445 
   69    1    1    1    1    1    1    1    7    3  9.65729E+03 0.00438 
   70    1    1    1    1    1    1    1    7    4  0.00000E+00 0.00000 
   71    1    1    1    1    1    1    1    7    5  0.00000E+00 0.00000 
   72    1    1    1    1    1    1    1    7    6  9.91912E+03 0.00441 
   73    1    1    1    1    1    1    1    7    7  0.00000E+00 0.00000 
   74    1    1    1    1    1    1    1    7    8  9.21603E+03 0.00458 
   75    1    1    1    1    1    1    1    7    9  9.20916E+03 0.00455 
   76    1    1    1    1    1    1    1    7   10  0.00000E+00 0.00000 
   77    1    1    1    1    1    1    1    7   11  8.75211E+03 0.00467 
   78    1    1    1    1    1    1    1    8    1  9.31865E+03 0.00456 
   79    1    1    1    1    1    1    1    8    2  0.00000E+00 0.00000 
   80    1    1    1    1    1    1    1    8    3  9.32767E+03 0.00442 
   81    1    1    1    1    1    1    1    8    4  9.55143E+03 0.00448 
   82    1    1    1    1    1    1    1    8    5  0.00000E+00 0.00000 
   83    1    1    1    1    1    1    1    8    6  9.34213E+03 0.00458 
   84    1    1    1    1    1    1    1    8    7  9.16490E+03 0.00460 
   85    1    1    1    1    1    1    1    8    8  0.00000E+00 0.00000 
   86    1    1    1    1    1    1    1    8    9  0.00000E+00 0.00000 
   87    1    1    1    1    1    1    1    8   10  8.90921E+03 0.00464 
   88    1    1    1    1    1    1    1    8   11  0.00000E+00 0.00000 
   89    1    1    1    1    1    1    1    9    1  8.94632E+03 0.00453 
   90    1    1    1    1    1    1    1    9    2  9.03429E+03 0.00450 
   91    1    1    1    1    1    1    1    9    3  0.00000E+00 0.00000 
   92    1    1    1    1    1    1    1    9    4  9.23227E+03 0.00454 
   93    1    1    1    1    1    1    1    9    5  9.15709E+03 0.00451 
   94    1    1    1    1    1    1    1    9    6  0.00000E+00 0.00000 
   95    1    1    1    1    1    1    1    9    7  9.15389E+03 0.00454 
   96    1    1    1    1    1    1    1    9    8  9.23671E+03 0.00462 
   97    1    1    1    1    1    1    1    9    9  0.00000E+00 0.00000 
   98    1    1    1    1    1    1    1    9   10  8.65028E+03 0.00477 
   99    1    1    1    1    1    1    1    9   11  8.48557E+03 0.00462 
  100    1    1    1    1    1    1    1   10    1  0.00000E+00 0.00000 
  101    1    1    1    1    1    1    1   10    2  8.99185E+03 0.00462 
  102    1    1    1    1    1    1    1   10    3  9.14882E+03 0.00460 
  103    1    1    1    1    1    1    1   10    4  0.00000E+00 0.00000 
  104    1    1    1    1    1    1    1   10    5  9.22970E+03 0.00459 
  105    1    1    1    1    1    1    1   10    6  9.47141E+03 0.00450 
  106    1    1    1    1    1    1    1   10    7  0.00000E+00 0.00000 
  107    1    1    1    1    1    1    1   10    8  9.23709E+03 0.00454 
  108    1    1    1    1    1    1    1   10    9  8.60036E+03 0.00464 
  109    1    1    1    1    1    1    1   10   10  0.00000E+00 0.00000 
