
ZAI = [
922350
922380
666
0
];

NAMES = [
'U235            '
'U238            '
'lost            '
'total           '
];

i922350 = 1; iU235             = 1;
i922380 = 2; iU238             = 2;
iLOST    = 3;
iTOT     = 4;

MAT_un_VOLUME = [ 2.39703E+05 2.39703E+05 ];

MAT_un_BURNUP = [ 0.00000E+00 4.78206E+01 ];

MAT_un_ADENS = [
4.83387E-03 3.37918E-03 % U235
1.93936E-02 1.88236E-02 % U238
0.00000E+00 3.10237E-30 % lost data
7.26897E-02 7.39298E-02 % total
];

MAT_un_MDENS = [
1.88669E+00 1.31891E+00 % U235
7.66628E+00 7.44094E+00 % U238
0.00000E+00 0.00000E+00 % lost data
1.08000E+01 1.07984E+01 % total
];

MAT_un_A = [
3.61611E+10 2.52789E+10 % U235
2.28534E+10 2.21817E+10 % U238
0.00000E+00 0.00000E+00 % lost data
5.90146E+10 3.25590E+18 % total
];

MAT_un_H = [
2.71078E-02 1.89501E-02 % U235
1.56350E-02 1.51754E-02 % U238
0.00000E+00 0.00000E+00 % lost data
4.27428E-02 9.59603E+05 % total
];

MAT_un_SF = [
2.60360E+00 1.82008E+00 % U235
1.24780E+04 1.21112E+04 % U238
0.00000E+00 0.00000E+00 % lost data
1.24806E+04 1.33814E+08 % total
];

MAT_un_GSRC = [
4.56898E+10 3.19400E+10 % U235
2.02376E+09 1.96427E+09 % U238
0.00000E+00 0.00000E+00 % lost data
4.77136E+10 3.49487E+18 % total
];

MAT_un_ING_TOX = [
1.69957E+03 1.18811E+03 % U235
1.02841E+03 9.98176E+02 % U238
0.00000E+00 0.00000E+00 % lost data
2.72798E+03 2.24844E+09 % total
];

MAT_un_INH_TOX = [
3.07369E+05 2.14871E+05 % U235
1.82828E+05 1.77453E+05 % U238
0.00000E+00 0.00000E+00 % lost data
4.90197E+05 8.86395E+10 % total
];

TOT_VOLUME = [ 2.39703E+05 2.39703E+05 ];

TOT_BURNUP = [ 0.00000E+00 4.78206E+01 ];

TOT_ADENS = [
4.83387E-03 3.37918E-03 % U235
1.93936E-02 1.88236E-02 % U238
0.00000E+00 3.10237E-30 % lost data
7.26897E-02 7.39298E-02 % total
];

TOT_MASS = [
4.52246E+05 3.16148E+05 % U235
1.83763E+06 1.78362E+06 % U238
0.00000E+00 0.00000E+00 % lost data
2.58880E+06 2.58841E+06 % total
];

TOT_A = [
3.61611E+10 2.52789E+10 % U235
2.28534E+10 2.21817E+10 % U238
0.00000E+00 0.00000E+00 % lost data
5.90146E+10 3.25590E+18 % total
];

TOT_H = [
2.71078E-02 1.89501E-02 % U235
1.56350E-02 1.51754E-02 % U238
0.00000E+00 0.00000E+00 % lost data
4.27428E-02 9.59603E+05 % total
];

TOT_SF = [
2.60360E+00 1.82008E+00 % U235
1.24780E+04 1.21112E+04 % U238
0.00000E+00 0.00000E+00 % lost data
1.24806E+04 1.33814E+08 % total
];

TOT_GSRC = [
4.56898E+10 3.19400E+10 % U235
2.02376E+09 1.96427E+09 % U238
0.00000E+00 0.00000E+00 % lost data
4.77136E+10 3.49487E+18 % total
];

TOT_ING_TOX = [
1.69957E+03 1.18811E+03 % U235
1.02841E+03 9.98176E+02 % U238
0.00000E+00 0.00000E+00 % lost data
2.72798E+03 2.24844E+09 % total
];

TOT_INH_TOX = [
3.07369E+05 2.14871E+05 % U235
1.82828E+05 1.77453E+05 % U238
0.00000E+00 0.00000E+00 % lost data
4.90197E+05 8.86395E+10 % total
];

BU = [ 0.00000E+00 4.78191E+01 ];

DAYS = [ 0.00000E+00 7.30000E+03 ];
