
DETassem1 = [
    1    1    1    1    1    1    1    1    1    1  0.00000E+00 0.00000 
    2    1    1    1    1    1    1    1    1    2  0.00000E+00 0.00000 
    3    1    1    1    1    1    1    1    1    3  0.00000E+00 0.00000 
    4    1    1    1    1    1    1    1    1    4  0.00000E+00 0.00000 
    5    1    1    1    1    1    1    1    1    5  0.00000E+00 0.00000 
    6    1    1    1    1    1    1    1    1    6  0.00000E+00 0.00000 
    7    1    1    1    1    1    1    1    1    7  0.00000E+00 0.00000 
    8    1    1    1    1    1    1    1    1    8  1.82976E+04 0.00367 
    9    1    1    1    1    1    1    1    1    9  1.39893E+04 0.00397 
   10    1    1    1    1    1    1    1    1   10  0.00000E+00 0.00000 
   11    1    1    1    1    1    1    1    1   11  1.01420E+04 0.00448 
   12    1    1    1    1    1    1    1    2    1  1.98140E+04 0.00351 
   13    1    1    1    1    1    1    1    2    2  0.00000E+00 0.00000 
   14    1    1    1    1    1    1    1    2    3  0.00000E+00 0.00000 
   15    1    1    1    1    1    1    1    2    4  0.00000E+00 0.00000 
   16    1    1    1    1    1    1    1    2    5  0.00000E+00 0.00000 
   17    1    1    1    1    1    1    1    2    6  1.97450E+04 0.00354 
   18    1    1    1    1    1    1    1    2    7  1.57760E+04 0.00386 
   19    1    1    1    1    1    1    1    2    8  0.00000E+00 0.00000 
   20    1    1    1    1    1    1    1    2    9  1.12759E+04 0.00425 
   21    1    1    1    1    1    1    1    2   10  1.01390E+04 0.00432 
   22    1    1    1    1    1    1    1    2   11  0.00000E+00 0.00000 
   23    1    1    1    1    1    1    1    3    1  1.58324E+04 0.00378 
   24    1    1    1    1    1    1    1    3    2  1.81805E+04 0.00361 
   25    1    1    1    1    1    1    1    3    3  0.00000E+00 0.00000 
   26    1    1    1    1    1    1    1    3    4  1.83245E+04 0.00372 
   27    1    1    1    1    1    1    1    3    5  1.57270E+04 0.00386 
   28    1    1    1    1    1    1    1    3    6  0.00000E+00 0.00000 
   29    1    1    1    1    1    1    1    3    7  1.19874E+04 0.00422 
   30    1    1    1    1    1    1    1    3    8  1.08433E+04 0.00427 
   31    1    1    1    1    1    1    1    3    9  0.00000E+00 0.00000 
   32    1    1    1    1    1    1    1    3   10  9.38843E+03 0.00450 
   33    1    1    1    1    1    1    1    3   11  9.03867E+03 0.00456 
   34    1    1    1    1    1    1    1    4    1  0.00000E+00 0.00000 
   35    1    1    1    1    1    1    1    4    2  1.39400E+04 0.00397 
   36    1    1    1    1    1    1    1    4    3  1.39908E+04 0.00404 
   37    1    1    1    1    1    1    1    4    4  0.00000E+00 0.00000 
   38    1    1    1    1    1    1    1    4    5  1.20086E+04 0.00421 
   39    1    1    1    1    1    1    1    4    6  1.11229E+04 0.00429 
   40    1    1    1    1    1    1    1    4    7  0.00000E+00 0.00000 
   41    1    1    1    1    1    1    1    4    8  9.72386E+03 0.00451 
   42    1    1    1    1    1    1    1    4    9  9.21317E+03 0.00449 
   43    1    1    1    1    1    1    1    4   10  0.00000E+00 0.00000 
   44    1    1    1    1    1    1    1    4   11  8.79773E+03 0.00457 
   45    1    1    1    1    1    1    1    5    1  1.12484E+04 0.00429 
   46    1    1    1    1    1    1    1    5    2  0.00000E+00 0.00000 
   47    1    1    1    1    1    1    1    5    3  1.12810E+04 0.00427 
   48    1    1    1    1    1    1    1    5    4  1.08733E+04 0.00437 
   49    1    1    1    1    1    1    1    5    5  0.00000E+00 0.00000 
   50    1    1    1    1    1    1    1    5    6  9.79196E+03 0.00456 
   51    1    1    1    1    1    1    1    5    7  9.36164E+03 0.00452 
   52    1    1    1    1    1    1    1    5    8  0.00000E+00 0.00000 
   53    1    1    1    1    1    1    1    5    9  8.79778E+03 0.00455 
   54    1    1    1    1    1    1    1    5   10  8.74281E+03 0.00455 
   55    1    1    1    1    1    1    1    5   11  0.00000E+00 0.00000 
   56    1    1    1    1    1    1    1    6    1  1.01533E+04 0.00440 
   57    1    1    1    1    1    1    1    6    2  1.00793E+04 0.00452 
   58    1    1    1    1    1    1    1    6    3  0.00000E+00 0.00000 
   59    1    1    1    1    1    1    1    6    4  9.61027E+03 0.00451 
   60    1    1    1    1    1    1    1    6    5  9.40863E+03 0.00437 
   61    1    1    1    1    1    1    1    6    6  0.00000E+00 0.00000 
   62    1    1    1    1    1    1    1    6    7  8.78409E+03 0.00456 
   63    1    1    1    1    1    1    1    6    8  8.63295E+03 0.00460 
   64    1    1    1    1    1    1    1    6    9  0.00000E+00 0.00000 
   65    1    1    1    1    1    1    1    6   10  8.70831E+03 0.00452 
   66    1    1    1    1    1    1    1    6   11  8.85092E+03 0.00469 
   67    1    1    1    1    1    1    1    7    1  0.00000E+00 0.00000 
   68    1    1    1    1    1    1    1    7    2  9.38227E+03 0.00449 
   69    1    1    1    1    1    1    1    7    3  9.20459E+03 0.00455 
   70    1    1    1    1    1    1    1    7    4  0.00000E+00 0.00000 
   71    1    1    1    1    1    1    1    7    5  8.82392E+03 0.00456 
   72    1    1    1    1    1    1    1    7    6  8.64814E+03 0.00456 
   73    1    1    1    1    1    1    1    7    7  0.00000E+00 0.00000 
   74    1    1    1    1    1    1    1    7    8  8.44675E+03 0.00460 
   75    1    1    1    1    1    1    1    7    9  8.52193E+03 0.00454 
   76    1    1    1    1    1    1    1    7   10  0.00000E+00 0.00000 
   77    1    1    1    1    1    1    1    7   11  0.00000E+00 0.00000 
   78    1    1    1    1    1    1    1    8    1  9.01869E+03 0.00457 
   79    1    1    1    1    1    1    1    8    2  0.00000E+00 0.00000 
   80    1    1    1    1    1    1    1    8    3  8.73723E+03 0.00460 
   81    1    1    1    1    1    1    1    8    4  8.65738E+03 0.00458 
   82    1    1    1    1    1    1    1    8    5  0.00000E+00 0.00000 
   83    1    1    1    1    1    1    1    8    6  8.38679E+03 0.00468 
   84    1    1    1    1    1    1    1    8    7  8.30498E+03 0.00475 
   85    1    1    1    1    1    1    1    8    8  0.00000E+00 0.00000 
   86    1    1    1    1    1    1    1    8    9  8.44113E+03 0.00469 
   87    1    1    1    1    1    1    1    8   10  8.67126E+03 0.00461 
   88    1    1    1    1    1    1    1    8   11  0.00000E+00 0.00000 
   89    1    1    1    1    1    1    1    9    1  8.83174E+03 0.00460 
   90    1    1    1    1    1    1    1    9    2  8.69810E+03 0.00464 
   91    1    1    1    1    1    1    1    9    3  0.00000E+00 0.00000 
   92    1    1    1    1    1    1    1    9    4  8.46311E+03 0.00483 
   93    1    1    1    1    1    1    1    9    5  8.36298E+03 0.00474 
   94    1    1    1    1    1    1    1    9    6  0.00000E+00 0.00000 
   95    1    1    1    1    1    1    1    9    7  8.23319E+03 0.00466 
   96    1    1    1    1    1    1    1    9    8  8.20551E+03 0.00476 
   97    1    1    1    1    1    1    1    9    9  0.00000E+00 0.00000 
   98    1    1    1    1    1    1    1    9   10  8.27450E+03 0.00473 
   99    1    1    1    1    1    1    1    9   11  8.34236E+03 0.00470 
  100    1    1    1    1    1    1    1   10    1  0.00000E+00 0.00000 
  101    1    1    1    1    1    1    1   10    2  8.64605E+03 0.00458 
  102    1    1    1    1    1    1    1   10    3  8.51565E+03 0.00468 
  103    1    1    1    1    1    1    1   10    4  0.00000E+00 0.00000 
  104    1    1    1    1    1    1    1   10    5  8.28143E+03 0.00464 
  105    1    1    1    1    1    1    1   10    6  8.15308E+03 0.00472 
  106    1    1    1    1    1    1    1   10    7  0.00000E+00 0.00000 
  107    1    1    1    1    1    1    1   10    8  8.08307E+03 0.00480 
  108    1    1    1    1    1    1    1   10    9  8.05510E+03 0.00470 
  109    1    1    1    1    1    1    1   10   10  0.00000E+00 0.00000 
