
ZAI = [
922350
922380
666
0
];

NAMES = [
'U235            '
'U238            '
'lost            '
'total           '
];

i922350 = 1; iU235             = 1;
i922380 = 2; iU238             = 2;
iLOST    = 3;
iTOT     = 4;

MAT_un_VOLUME = [ 2.41710E+05 2.41710E+05 ];

MAT_un_BURNUP = [ 0.00000E+00 4.74235E+01 ];

MAT_un_ADENS = [
4.83387E-03 3.38910E-03 % U235
1.93936E-02 1.88234E-02 % U238
0.00000E+00 5.01280E-30 % lost data
7.26897E-02 7.39198E-02 % total
];

MAT_un_MDENS = [
1.88669E+00 1.32279E+00 % U235
7.66628E+00 7.44087E+00 % U238
0.00000E+00 0.00000E+00 % lost data
1.08000E+01 1.07984E+01 % total
];

MAT_un_A = [
3.64639E+10 2.55654E+10 % U235
2.30448E+10 2.23672E+10 % U238
0.00000E+00 0.00000E+00 % lost data
5.95087E+10 3.26122E+18 % total
];

MAT_un_H = [
2.73348E-02 1.91649E-02 % U235
1.57659E-02 1.53023E-02 % U238
0.00000E+00 0.00000E+00 % lost data
4.31007E-02 9.60434E+05 % total
];

MAT_un_SF = [
2.62540E+00 1.84071E+00 % U235
1.25825E+04 1.22125E+04 % U238
0.00000E+00 0.00000E+00 % lost data
1.25851E+04 1.32715E+08 % total
];

MAT_un_GSRC = [
4.60724E+10 3.23020E+10 % U235
2.04070E+09 1.98070E+09 % U238
0.00000E+00 0.00000E+00 % lost data
4.81131E+10 3.50118E+18 % total
];

MAT_un_ING_TOX = [
1.71380E+03 1.20157E+03 % U235
1.03702E+03 1.00652E+03 % U238
0.00000E+00 0.00000E+00 % lost data
2.75082E+03 2.25083E+09 % total
];

MAT_un_INH_TOX = [
3.09943E+05 2.17306E+05 % U235
1.84358E+05 1.78938E+05 % U238
0.00000E+00 0.00000E+00 % lost data
4.94301E+05 8.86801E+10 % total
];

TOT_VOLUME = [ 2.41710E+05 2.41710E+05 ];

TOT_BURNUP = [ 0.00000E+00 4.74235E+01 ];

TOT_ADENS = [
4.83387E-03 3.38910E-03 % U235
1.93936E-02 1.88234E-02 % U238
0.00000E+00 5.01280E-30 % lost data
7.26897E-02 7.39198E-02 % total
];

TOT_MASS = [
4.56032E+05 3.19731E+05 % U235
1.85302E+06 1.79853E+06 % U238
0.00000E+00 0.00000E+00 % lost data
2.61047E+06 2.61009E+06 % total
];

TOT_A = [
3.64639E+10 2.55654E+10 % U235
2.30448E+10 2.23672E+10 % U238
0.00000E+00 0.00000E+00 % lost data
5.95087E+10 3.26122E+18 % total
];

TOT_H = [
2.73348E-02 1.91649E-02 % U235
1.57659E-02 1.53023E-02 % U238
0.00000E+00 0.00000E+00 % lost data
4.31007E-02 9.60434E+05 % total
];

TOT_SF = [
2.62540E+00 1.84071E+00 % U235
1.25825E+04 1.22125E+04 % U238
0.00000E+00 0.00000E+00 % lost data
1.25851E+04 1.32715E+08 % total
];

TOT_GSRC = [
4.60724E+10 3.23020E+10 % U235
2.04070E+09 1.98070E+09 % U238
0.00000E+00 0.00000E+00 % lost data
4.81131E+10 3.50118E+18 % total
];

TOT_ING_TOX = [
1.71380E+03 1.20157E+03 % U235
1.03702E+03 1.00652E+03 % U238
0.00000E+00 0.00000E+00 % lost data
2.75082E+03 2.25083E+09 % total
];

TOT_INH_TOX = [
3.09943E+05 2.17306E+05 % U235
1.84358E+05 1.78938E+05 % U238
0.00000E+00 0.00000E+00 % lost data
4.94301E+05 8.86801E+10 % total
];

BU = [ 0.00000E+00 4.74221E+01 ];

DAYS = [ 0.00000E+00 7.30000E+03 ];
