
ZAI = [
922350
922380
666
0
];

NAMES = [
'U235            '
'U238            '
'lost            '
'total           '
];

i922350 = 1; iU235             = 1;
i922380 = 2; iU238             = 2;
iLOST    = 3;
iTOT     = 4;

MAT_un_VOLUME = [ 2.57025E+05 2.57025E+05 ];

MAT_un_BURNUP = [ 0.00000E+00 4.45978E+01 ];

MAT_un_ADENS = [
4.83387E-03 3.46410E-03 % U235
1.93936E-02 1.88444E-02 % U238
0.00000E+00 4.18815E-30 % lost data
7.26897E-02 7.38458E-02 % total
];

MAT_un_MDENS = [
1.88669E+00 1.35206E+00 % U235
7.66628E+00 7.44916E+00 % U238
0.00000E+00 0.00000E+00 % lost data
1.08000E+01 1.07985E+01 % total
];

MAT_un_A = [
3.87742E+10 2.77868E+10 % U235
2.45049E+10 2.38109E+10 % U238
0.00000E+00 0.00000E+00 % lost data
6.32791E+10 3.27312E+18 % total
];

MAT_un_H = [
2.90667E-02 2.08301E-02 % U235
1.67648E-02 1.62900E-02 % U238
0.00000E+00 0.00000E+00 % lost data
4.58315E-02 9.62990E+05 % total
];

MAT_un_SF = [
2.79174E+00 2.00065E+00 % U235
1.33797E+04 1.30007E+04 % U238
0.00000E+00 0.00000E+00 % lost data
1.33825E+04 1.14476E+08 % total
];

MAT_un_GSRC = [
4.89914E+10 3.51088E+10 % U235
2.17000E+09 2.10854E+09 % U238
0.00000E+00 0.00000E+00 % lost data
5.11614E+10 3.51659E+18 % total
];

MAT_un_ING_TOX = [
1.82239E+03 1.30598E+03 % U235
1.10272E+03 1.07149E+03 % U238
0.00000E+00 0.00000E+00 % lost data
2.92511E+03 2.24025E+09 % total
];

MAT_un_INH_TOX = [
3.29581E+05 2.36188E+05 % U235
1.96039E+05 1.90487E+05 % U238
0.00000E+00 0.00000E+00 % lost data
5.25620E+05 8.32876E+10 % total
];

TOT_VOLUME = [ 2.57025E+05 2.57025E+05 ];

TOT_BURNUP = [ 0.00000E+00 4.45978E+01 ];

TOT_ADENS = [
4.83387E-03 3.46410E-03 % U235
1.93936E-02 1.88444E-02 % U238
0.00000E+00 4.18815E-30 % lost data
7.26897E-02 7.38458E-02 % total
];

TOT_MASS = [
4.84926E+05 3.47513E+05 % U235
1.97042E+06 1.91462E+06 % U238
0.00000E+00 0.00000E+00 % lost data
2.77587E+06 2.77549E+06 % total
];

TOT_A = [
3.87742E+10 2.77868E+10 % U235
2.45049E+10 2.38109E+10 % U238
0.00000E+00 0.00000E+00 % lost data
6.32791E+10 3.27312E+18 % total
];

TOT_H = [
2.90667E-02 2.08301E-02 % U235
1.67648E-02 1.62900E-02 % U238
0.00000E+00 0.00000E+00 % lost data
4.58315E-02 9.62990E+05 % total
];

TOT_SF = [
2.79174E+00 2.00065E+00 % U235
1.33797E+04 1.30007E+04 % U238
0.00000E+00 0.00000E+00 % lost data
1.33825E+04 1.14476E+08 % total
];

TOT_GSRC = [
4.89914E+10 3.51088E+10 % U235
2.17000E+09 2.10854E+09 % U238
0.00000E+00 0.00000E+00 % lost data
5.11614E+10 3.51659E+18 % total
];

TOT_ING_TOX = [
1.82239E+03 1.30598E+03 % U235
1.10272E+03 1.07149E+03 % U238
0.00000E+00 0.00000E+00 % lost data
2.92511E+03 2.24025E+09 % total
];

TOT_INH_TOX = [
3.29581E+05 2.36188E+05 % U235
1.96039E+05 1.90487E+05 % U238
0.00000E+00 0.00000E+00 % lost data
5.25620E+05 8.32876E+10 % total
];

BU = [ 0.00000E+00 4.45965E+01 ];

DAYS = [ 0.00000E+00 7.30000E+03 ];
