
DETassem1 = [
    1    1    1    1    1    1    1    1    1    1  0.00000E+00 0.00000 
    2    1    1    1    1    1    1    1    1    2  0.00000E+00 0.00000 
    3    1    1    1    1    1    1    1    1    3  0.00000E+00 0.00000 
    4    1    1    1    1    1    1    1    1    4  0.00000E+00 0.00000 
    5    1    1    1    1    1    1    1    1    5  0.00000E+00 0.00000 
    6    1    1    1    1    1    1    1    1    6  0.00000E+00 0.00000 
    7    1    1    1    1    1    1    1    1    7  0.00000E+00 0.00000 
    8    1    1    1    1    1    1    1    1    8  2.15603E+04 0.00354 
    9    1    1    1    1    1    1    1    1    9  1.59328E+04 0.00385 
   10    1    1    1    1    1    1    1    1   10  0.00000E+00 0.00000 
   11    1    1    1    1    1    1    1    1   11  1.12367E+04 0.00427 
   12    1    1    1    1    1    1    1    2    1  2.36628E+04 0.00333 
   13    1    1    1    1    1    1    1    2    2  0.00000E+00 0.00000 
   14    1    1    1    1    1    1    1    2    3  0.00000E+00 0.00000 
   15    1    1    1    1    1    1    1    2    4  0.00000E+00 0.00000 
   16    1    1    1    1    1    1    1    2    5  0.00000E+00 0.00000 
   17    1    1    1    1    1    1    1    2    6  2.38321E+04 0.00334 
   18    1    1    1    1    1    1    1    2    7  0.00000E+00 0.00000 
   19    1    1    1    1    1    1    1    2    8  0.00000E+00 0.00000 
   20    1    1    1    1    1    1    1    2    9  1.28732E+04 0.00411 
   21    1    1    1    1    1    1    1    2   10  1.12068E+04 0.00433 
   22    1    1    1    1    1    1    1    2   11  0.00000E+00 0.00000 
   23    1    1    1    1    1    1    1    3    1  0.00000E+00 0.00000 
   24    1    1    1    1    1    1    1    3    2  2.13257E+04 0.00353 
   25    1    1    1    1    1    1    1    3    3  0.00000E+00 0.00000 
   26    1    1    1    1    1    1    1    3    4  2.14648E+04 0.00349 
   27    1    1    1    1    1    1    1    3    5  0.00000E+00 0.00000 
   28    1    1    1    1    1    1    1    3    6  0.00000E+00 0.00000 
   29    1    1    1    1    1    1    1    3    7  1.47314E+04 0.00390 
   30    1    1    1    1    1    1    1    3    8  1.24080E+04 0.00413 
   31    1    1    1    1    1    1    1    3    9  0.00000E+00 0.00000 
   32    1    1    1    1    1    1    1    3   10  1.04747E+04 0.00441 
   33    1    1    1    1    1    1    1    3   11  9.89787E+03 0.00444 
   34    1    1    1    1    1    1    1    4    1  0.00000E+00 0.00000 
   35    1    1    1    1    1    1    1    4    2  1.59499E+04 0.00386 
   36    1    1    1    1    1    1    1    4    3  1.58422E+04 0.00383 
   37    1    1    1    1    1    1    1    4    4  0.00000E+00 0.00000 
   38    1    1    1    1    1    1    1    4    5  1.46407E+04 0.00390 
   39    1    1    1    1    1    1    1    4    6  1.31351E+04 0.00403 
   40    1    1    1    1    1    1    1    4    7  0.00000E+00 0.00000 
   41    1    1    1    1    1    1    1    4    8  1.09310E+04 0.00433 
   42    1    1    1    1    1    1    1    4    9  1.05002E+04 0.00437 
   43    1    1    1    1    1    1    1    4   10  0.00000E+00 0.00000 
   44    1    1    1    1    1    1    1    4   11  9.69194E+03 0.00446 
   45    1    1    1    1    1    1    1    5    1  1.28350E+04 0.00413 
   46    1    1    1    1    1    1    1    5    2  0.00000E+00 0.00000 
   47    1    1    1    1    1    1    1    5    3  1.28439E+04 0.00408 
   48    1    1    1    1    1    1    1    5    4  1.23513E+04 0.00420 
   49    1    1    1    1    1    1    1    5    5  0.00000E+00 0.00000 
   50    1    1    1    1    1    1    1    5    6  1.10624E+04 0.00431 
   51    1    1    1    1    1    1    1    5    7  1.07078E+04 0.00443 
   52    1    1    1    1    1    1    1    5    8  0.00000E+00 0.00000 
   53    1    1    1    1    1    1    1    5    9  0.00000E+00 0.00000 
   54    1    1    1    1    1    1    1    5   10  1.00099E+04 0.00434 
   55    1    1    1    1    1    1    1    5   11  0.00000E+00 0.00000 
   56    1    1    1    1    1    1    1    6    1  1.12592E+04 0.00432 
   57    1    1    1    1    1    1    1    6    2  1.12595E+04 0.00424 
   58    1    1    1    1    1    1    1    6    3  0.00000E+00 0.00000 
   59    1    1    1    1    1    1    1    6    4  1.09096E+04 0.00425 
   60    1    1    1    1    1    1    1    6    5  1.06893E+04 0.00434 
   61    1    1    1    1    1    1    1    6    6  0.00000E+00 0.00000 
   62    1    1    1    1    1    1    1    6    7  1.03743E+04 0.00437 
   63    1    1    1    1    1    1    1    6    8  1.05827E+04 0.00439 
   64    1    1    1    1    1    1    1    6    9  0.00000E+00 0.00000 
   65    1    1    1    1    1    1    1    6   10  9.66835E+03 0.00451 
   66    1    1    1    1    1    1    1    6   11  9.22475E+03 0.00448 
   67    1    1    1    1    1    1    1    7    1  0.00000E+00 0.00000 
   68    1    1    1    1    1    1    1    7    2  1.03701E+04 0.00444 
   69    1    1    1    1    1    1    1    7    3  1.06066E+04 0.00431 
   70    1    1    1    1    1    1    1    7    4  0.00000E+00 0.00000 
   71    1    1    1    1    1    1    1    7    5  1.03358E+04 0.00437 
   72    1    1    1    1    1    1    1    7    6  1.02801E+04 0.00446 
   73    1    1    1    1    1    1    1    7    7  0.00000E+00 0.00000 
   74    1    1    1    1    1    1    1    7    8  0.00000E+00 0.00000 
   75    1    1    1    1    1    1    1    7    9  9.95328E+03 0.00434 
   76    1    1    1    1    1    1    1    7   10  0.00000E+00 0.00000 
   77    1    1    1    1    1    1    1    7   11  9.24922E+03 0.00457 
   78    1    1    1    1    1    1    1    8    1  9.94050E+03 0.00441 
   79    1    1    1    1    1    1    1    8    2  0.00000E+00 0.00000 
   80    1    1    1    1    1    1    1    8    3  0.00000E+00 0.00000 
   81    1    1    1    1    1    1    1    8    4  1.05824E+04 0.00428 
   82    1    1    1    1    1    1    1    8    5  0.00000E+00 0.00000 
   83    1    1    1    1    1    1    1    8    6  1.05164E+04 0.00437 
   84    1    1    1    1    1    1    1    8    7  0.00000E+00 0.00000 
   85    1    1    1    1    1    1    1    8    8  0.00000E+00 0.00000 
   86    1    1    1    1    1    1    1    8    9  9.62139E+03 0.00458 
   87    1    1    1    1    1    1    1    8   10  0.00000E+00 0.00000 
   88    1    1    1    1    1    1    1    8   11  0.00000E+00 0.00000 
   89    1    1    1    1    1    1    1    9    1  9.63893E+03 0.00442 
   90    1    1    1    1    1    1    1    9    2  9.95122E+03 0.00441 
   91    1    1    1    1    1    1    1    9    3  0.00000E+00 0.00000 
   92    1    1    1    1    1    1    1    9    4  0.00000E+00 0.00000 
   93    1    1    1    1    1    1    1    9    5  0.00000E+00 0.00000 
   94    1    1    1    1    1    1    1    9    6  0.00000E+00 0.00000 
   95    1    1    1    1    1    1    1    9    7  9.74898E+03 0.00445 
   96    1    1    1    1    1    1    1    9    8  9.34151E+03 0.00457 
   97    1    1    1    1    1    1    1    9    9  0.00000E+00 0.00000 
   98    1    1    1    1    1    1    1    9   10  9.19428E+03 0.00451 
   99    1    1    1    1    1    1    1    9   11  9.04973E+03 0.00467 
  100    1    1    1    1    1    1    1   10    1  0.00000E+00 0.00000 
  101    1    1    1    1    1    1    1   10    2  9.61395E+03 0.00459 
  102    1    1    1    1    1    1    1   10    3  1.00606E+04 0.00444 
  103    1    1    1    1    1    1    1   10    4  0.00000E+00 0.00000 
  104    1    1    1    1    1    1    1   10    5  9.69994E+03 0.00452 
  105    1    1    1    1    1    1    1   10    6  9.34592E+03 0.00455 
  106    1    1    1    1    1    1    1   10    7  0.00000E+00 0.00000 
  107    1    1    1    1    1    1    1   10    8  8.73860E+03 0.00457 
  108    1    1    1    1    1    1    1   10    9  8.65489E+03 0.00471 
  109    1    1    1    1    1    1    1   10   10  0.00000E+00 0.00000 
