
DETassem1 = [
    1    1    1    1    1    1    1    1    1    1  0.00000E+00 0.00000 
    2    1    1    1    1    1    1    1    1    2  0.00000E+00 0.00000 
    3    1    1    1    1    1    1    1    1    3  0.00000E+00 0.00000 
    4    1    1    1    1    1    1    1    1    4  0.00000E+00 0.00000 
    5    1    1    1    1    1    1    1    1    5  0.00000E+00 0.00000 
    6    1    1    1    1    1    1    1    1    6  0.00000E+00 0.00000 
    7    1    1    1    1    1    1    1    1    7  0.00000E+00 0.00000 
    8    1    1    1    1    1    1    1    1    8  2.14271E+04 0.00345 
    9    1    1    1    1    1    1    1    1    9  1.72495E+04 0.00370 
   10    1    1    1    1    1    1    1    1   10  0.00000E+00 0.00000 
   11    1    1    1    1    1    1    1    1   11  1.31052E+04 0.00414 
   12    1    1    1    1    1    1    1    2    1  2.31659E+04 0.00332 
   13    1    1    1    1    1    1    1    2    2  0.00000E+00 0.00000 
   14    1    1    1    1    1    1    1    2    3  0.00000E+00 0.00000 
   15    1    1    1    1    1    1    1    2    4  0.00000E+00 0.00000 
   16    1    1    1    1    1    1    1    2    5  0.00000E+00 0.00000 
   17    1    1    1    1    1    1    1    2    6  2.28315E+04 0.00338 
   18    1    1    1    1    1    1    1    2    7  1.94498E+04 0.00360 
   19    1    1    1    1    1    1    1    2    8  0.00000E+00 0.00000 
   20    1    1    1    1    1    1    1    2    9  0.00000E+00 0.00000 
   21    1    1    1    1    1    1    1    2   10  1.31566E+04 0.00404 
   22    1    1    1    1    1    1    1    2   11  0.00000E+00 0.00000 
   23    1    1    1    1    1    1    1    3    1  1.92863E+04 0.00362 
   24    1    1    1    1    1    1    1    3    2  2.14152E+04 0.00343 
   25    1    1    1    1    1    1    1    3    3  0.00000E+00 0.00000 
   26    1    1    1    1    1    1    1    3    4  2.13711E+04 0.00345 
   27    1    1    1    1    1    1    1    3    5  1.93895E+04 0.00357 
   28    1    1    1    1    1    1    1    3    6  0.00000E+00 0.00000 
   29    1    1    1    1    1    1    1    3    7  0.00000E+00 0.00000 
   30    1    1    1    1    1    1    1    3    8  1.51604E+04 0.00396 
   31    1    1    1    1    1    1    1    3    9  0.00000E+00 0.00000 
   32    1    1    1    1    1    1    1    3   10  1.15572E+04 0.00424 
   33    1    1    1    1    1    1    1    3   11  1.05134E+04 0.00436 
   34    1    1    1    1    1    1    1    4    1  0.00000E+00 0.00000 
   35    1    1    1    1    1    1    1    4    2  1.71989E+04 0.00375 
   36    1    1    1    1    1    1    1    4    3  1.73471E+04 0.00372 
   37    1    1    1    1    1    1    1    4    4  0.00000E+00 0.00000 
   38    1    1    1    1    1    1    1    4    5  0.00000E+00 0.00000 
   39    1    1    1    1    1    1    1    4    6  1.56057E+04 0.00383 
   40    1    1    1    1    1    1    1    4    7  0.00000E+00 0.00000 
   41    1    1    1    1    1    1    1    4    8  0.00000E+00 0.00000 
   42    1    1    1    1    1    1    1    4    9  1.20235E+04 0.00426 
   43    1    1    1    1    1    1    1    4   10  0.00000E+00 0.00000 
   44    1    1    1    1    1    1    1    4   11  1.00623E+04 0.00433 
   45    1    1    1    1    1    1    1    5    1  0.00000E+00 0.00000 
   46    1    1    1    1    1    1    1    5    2  0.00000E+00 0.00000 
   47    1    1    1    1    1    1    1    5    3  0.00000E+00 0.00000 
   48    1    1    1    1    1    1    1    5    4  1.50689E+04 0.00395 
   49    1    1    1    1    1    1    1    5    5  0.00000E+00 0.00000 
   50    1    1    1    1    1    1    1    5    6  1.42826E+04 0.00401 
   51    1    1    1    1    1    1    1    5    7  0.00000E+00 0.00000 
   52    1    1    1    1    1    1    1    5    8  0.00000E+00 0.00000 
   53    1    1    1    1    1    1    1    5    9  1.07799E+04 0.00435 
   54    1    1    1    1    1    1    1    5   10  1.01272E+04 0.00446 
   55    1    1    1    1    1    1    1    5   11  0.00000E+00 0.00000 
   56    1    1    1    1    1    1    1    6    1  1.30768E+04 0.00411 
   57    1    1    1    1    1    1    1    6    2  1.31550E+04 0.00407 
   58    1    1    1    1    1    1    1    6    3  0.00000E+00 0.00000 
   59    1    1    1    1    1    1    1    6    4  0.00000E+00 0.00000 
   60    1    1    1    1    1    1    1    6    5  0.00000E+00 0.00000 
   61    1    1    1    1    1    1    1    6    6  0.00000E+00 0.00000 
   62    1    1    1    1    1    1    1    6    7  0.00000E+00 0.00000 
   63    1    1    1    1    1    1    1    6    8  1.09777E+04 0.00427 
   64    1    1    1    1    1    1    1    6    9  0.00000E+00 0.00000 
   65    1    1    1    1    1    1    1    6   10  9.74051E+03 0.00445 
   66    1    1    1    1    1    1    1    6   11  0.00000E+00 0.00000 
   67    1    1    1    1    1    1    1    7    1  0.00000E+00 0.00000 
   68    1    1    1    1    1    1    1    7    2  1.15506E+04 0.00426 
   69    1    1    1    1    1    1    1    7    3  1.19789E+04 0.00415 
   70    1    1    1    1    1    1    1    7    4  0.00000E+00 0.00000 
   71    1    1    1    1    1    1    1    7    5  0.00000E+00 0.00000 
   72    1    1    1    1    1    1    1    7    6  1.16909E+04 0.00426 
   73    1    1    1    1    1    1    1    7    7  0.00000E+00 0.00000 
   74    1    1    1    1    1    1    1    7    8  9.71220E+03 0.00436 
   75    1    1    1    1    1    1    1    7    9  9.36656E+03 0.00448 
   76    1    1    1    1    1    1    1    7   10  0.00000E+00 0.00000 
   77    1    1    1    1    1    1    1    7   11  9.22707E+03 0.00453 
   78    1    1    1    1    1    1    1    8    1  1.05796E+04 0.00438 
   79    1    1    1    1    1    1    1    8    2  0.00000E+00 0.00000 
   80    1    1    1    1    1    1    1    8    3  1.07366E+04 0.00445 
   81    1    1    1    1    1    1    1    8    4  1.09132E+04 0.00430 
   82    1    1    1    1    1    1    1    8    5  0.00000E+00 0.00000 
   83    1    1    1    1    1    1    1    8    6  1.00146E+04 0.00439 
   84    1    1    1    1    1    1    1    8    7  9.45337E+03 0.00461 
   85    1    1    1    1    1    1    1    8    8  0.00000E+00 0.00000 
   86    1    1    1    1    1    1    1    8    9  8.84356E+03 0.00453 
   87    1    1    1    1    1    1    1    8   10  8.73796E+03 0.00467 
   88    1    1    1    1    1    1    1    8   11  0.00000E+00 0.00000 
   89    1    1    1    1    1    1    1    9    1  1.01347E+04 0.00444 
   90    1    1    1    1    1    1    1    9    2  9.97500E+03 0.00450 
   91    1    1    1    1    1    1    1    9    3  0.00000E+00 0.00000 
   92    1    1    1    1    1    1    1    9    4  9.78797E+03 0.00457 
   93    1    1    1    1    1    1    1    9    5  9.43394E+03 0.00462 
   94    1    1    1    1    1    1    1    9    6  0.00000E+00 0.00000 
   95    1    1    1    1    1    1    1    9    7  8.83883E+03 0.00461 
   96    1    1    1    1    1    1    1    9    8  8.52944E+03 0.00474 
   97    1    1    1    1    1    1    1    9    9  0.00000E+00 0.00000 
   98    1    1    1    1    1    1    1    9   10  8.31547E+03 0.00467 
   99    1    1    1    1    1    1    1    9   11  8.25242E+03 0.00478 
  100    1    1    1    1    1    1    1   10    1  0.00000E+00 0.00000 
  101    1    1    1    1    1    1    1   10    2  9.75753E+03 0.00449 
  102    1    1    1    1    1    1    1   10    3  9.35743E+03 0.00443 
  103    1    1    1    1    1    1    1   10    4  0.00000E+00 0.00000 
  104    1    1    1    1    1    1    1   10    5  8.78872E+03 0.00472 
  105    1    1    1    1    1    1    1   10    6  8.56236E+03 0.00467 
  106    1    1    1    1    1    1    1   10    7  0.00000E+00 0.00000 
  107    1    1    1    1    1    1    1   10    8  8.14093E+03 0.00472 
  108    1    1    1    1    1    1    1   10    9  8.08011E+03 0.00471 
  109    1    1    1    1    1    1    1   10   10  0.00000E+00 0.00000 
