
ZAI = [
922350
922380
666
0
];

NAMES = [
'U235            '
'U238            '
'lost            '
'total           '
];

i922350 = 1; iU235             = 1;
i922380 = 2; iU238             = 2;
iLOST    = 3;
iTOT     = 4;

MAT_un_VOLUME = [ 2.34115E+05 2.34115E+05 ];

MAT_un_BURNUP = [ 0.00000E+00 4.89621E+01 ];

MAT_un_ADENS = [
4.83387E-03 3.34915E-03 % U235
1.93936E-02 1.88152E-02 % U238
0.00000E+00 5.97776E-30 % lost data
7.26897E-02 7.39597E-02 % total
];

MAT_un_MDENS = [
1.88669E+00 1.30719E+00 % U235
7.66628E+00 7.43762E+00 % U238
0.00000E+00 0.00000E+00 % lost data
1.08000E+01 1.07983E+01 % total
];

MAT_un_A = [
3.53181E+10 2.44701E+10 % U235
2.23207E+10 2.16549E+10 % U238
0.00000E+00 0.00000E+00 % lost data
5.76387E+10 3.25140E+18 % total
];

MAT_un_H = [
2.64759E-02 1.83438E-02 % U235
1.52705E-02 1.48150E-02 % U238
0.00000E+00 0.00000E+00 % lost data
4.17464E-02 9.58595E+05 % total
];

MAT_un_SF = [
2.54290E+00 1.76185E+00 % U235
1.21871E+04 1.18236E+04 % U238
0.00000E+00 0.00000E+00 % lost data
1.21896E+04 1.41405E+08 % total
];

MAT_un_GSRC = [
4.46246E+10 3.09182E+10 % U235
1.97657E+09 1.91762E+09 % U238
0.00000E+00 0.00000E+00 % lost data
4.66012E+10 3.48902E+18 % total
];

MAT_un_ING_TOX = [
1.65995E+03 1.15010E+03 % U235
1.00443E+03 9.74470E+02 % U238
0.00000E+00 0.00000E+00 % lost data
2.66438E+03 2.25280E+09 % total
];

MAT_un_INH_TOX = [
3.00204E+05 2.07996E+05 % U235
1.78565E+05 1.73239E+05 % U238
0.00000E+00 0.00000E+00 % lost data
4.78769E+05 9.07781E+10 % total
];

TOT_VOLUME = [ 2.34115E+05 2.34115E+05 ];

TOT_BURNUP = [ 0.00000E+00 4.89621E+01 ];

TOT_ADENS = [
4.83387E-03 3.34915E-03 % U235
1.93936E-02 1.88152E-02 % U238
0.00000E+00 5.97776E-30 % lost data
7.26897E-02 7.39597E-02 % total
];

TOT_MASS = [
4.41702E+05 3.06034E+05 % U235
1.79479E+06 1.74126E+06 % U238
0.00000E+00 0.00000E+00 % lost data
2.52844E+06 2.52805E+06 % total
];

TOT_A = [
3.53181E+10 2.44701E+10 % U235
2.23207E+10 2.16549E+10 % U238
0.00000E+00 0.00000E+00 % lost data
5.76387E+10 3.25140E+18 % total
];

TOT_H = [
2.64759E-02 1.83438E-02 % U235
1.52705E-02 1.48150E-02 % U238
0.00000E+00 0.00000E+00 % lost data
4.17464E-02 9.58595E+05 % total
];

TOT_SF = [
2.54290E+00 1.76185E+00 % U235
1.21871E+04 1.18236E+04 % U238
0.00000E+00 0.00000E+00 % lost data
1.21896E+04 1.41405E+08 % total
];

TOT_GSRC = [
4.46246E+10 3.09182E+10 % U235
1.97657E+09 1.91762E+09 % U238
0.00000E+00 0.00000E+00 % lost data
4.66012E+10 3.48902E+18 % total
];

TOT_ING_TOX = [
1.65995E+03 1.15010E+03 % U235
1.00443E+03 9.74470E+02 % U238
0.00000E+00 0.00000E+00 % lost data
2.66438E+03 2.25280E+09 % total
];

TOT_INH_TOX = [
3.00204E+05 2.07996E+05 % U235
1.78565E+05 1.73239E+05 % U238
0.00000E+00 0.00000E+00 % lost data
4.78769E+05 9.07781E+10 % total
];

BU = [ 0.00000E+00 4.89606E+01 ];

DAYS = [ 0.00000E+00 7.30000E+03 ];
