
DETassem1 = [
    1    1    1    1    1    1    1    1    1    1  0.00000E+00 0.00000 
    2    1    1    1    1    1    1    1    1    2  0.00000E+00 0.00000 
    3    1    1    1    1    1    1    1    1    3  0.00000E+00 0.00000 
    4    1    1    1    1    1    1    1    1    4  0.00000E+00 0.00000 
    5    1    1    1    1    1    1    1    1    5  0.00000E+00 0.00000 
    6    1    1    1    1    1    1    1    1    6  0.00000E+00 0.00000 
    7    1    1    1    1    1    1    1    1    7  0.00000E+00 0.00000 
    8    1    1    1    1    1    1    1    1    8  1.83375E+04 0.00346 
    9    1    1    1    1    1    1    1    1    9  1.44457E+04 0.00384 
   10    1    1    1    1    1    1    1    1   10  0.00000E+00 0.00000 
   11    1    1    1    1    1    1    1    1   11  1.08877E+04 0.00412 
   12    1    1    1    1    1    1    1    2    1  1.96192E+04 0.00346 
   13    1    1    1    1    1    1    1    2    2  0.00000E+00 0.00000 
   14    1    1    1    1    1    1    1    2    3  0.00000E+00 0.00000 
   15    1    1    1    1    1    1    1    2    4  0.00000E+00 0.00000 
   16    1    1    1    1    1    1    1    2    5  0.00000E+00 0.00000 
   17    1    1    1    1    1    1    1    2    6  1.96635E+04 0.00333 
   18    1    1    1    1    1    1    1    2    7  1.62607E+04 0.00367 
   19    1    1    1    1    1    1    1    2    8  0.00000E+00 0.00000 
   20    1    1    1    1    1    1    1    2    9  1.18788E+04 0.00411 
   21    1    1    1    1    1    1    1    2   10  1.08336E+04 0.00418 
   22    1    1    1    1    1    1    1    2   11  0.00000E+00 0.00000 
   23    1    1    1    1    1    1    1    3    1  1.60956E+04 0.00374 
   24    1    1    1    1    1    1    1    3    2  1.82107E+04 0.00351 
   25    1    1    1    1    1    1    1    3    3  0.00000E+00 0.00000 
   26    1    1    1    1    1    1    1    3    4  1.83469E+04 0.00353 
   27    1    1    1    1    1    1    1    3    5  1.61393E+04 0.00358 
   28    1    1    1    1    1    1    1    3    6  0.00000E+00 0.00000 
   29    1    1    1    1    1    1    1    3    7  1.27185E+04 0.00391 
   30    1    1    1    1    1    1    1    3    8  1.15432E+04 0.00416 
   31    1    1    1    1    1    1    1    3    9  0.00000E+00 0.00000 
   32    1    1    1    1    1    1    1    3   10  1.01115E+04 0.00421 
   33    1    1    1    1    1    1    1    3   11  9.72844E+03 0.00435 
   34    1    1    1    1    1    1    1    4    1  0.00000E+00 0.00000 
   35    1    1    1    1    1    1    1    4    2  1.44969E+04 0.00380 
   36    1    1    1    1    1    1    1    4    3  1.45029E+04 0.00379 
   37    1    1    1    1    1    1    1    4    4  0.00000E+00 0.00000 
   38    1    1    1    1    1    1    1    4    5  1.27571E+04 0.00396 
   39    1    1    1    1    1    1    1    4    6  1.18729E+04 0.00408 
   40    1    1    1    1    1    1    1    4    7  0.00000E+00 0.00000 
   41    1    1    1    1    1    1    1    4    8  1.05504E+04 0.00415 
   42    1    1    1    1    1    1    1    4    9  1.01207E+04 0.00422 
   43    1    1    1    1    1    1    1    4   10  0.00000E+00 0.00000 
   44    1    1    1    1    1    1    1    4   11  9.42669E+03 0.00429 
   45    1    1    1    1    1    1    1    5    1  1.18938E+04 0.00408 
   46    1    1    1    1    1    1    1    5    2  0.00000E+00 0.00000 
   47    1    1    1    1    1    1    1    5    3  1.19389E+04 0.00400 
   48    1    1    1    1    1    1    1    5    4  1.15046E+04 0.00413 
   49    1    1    1    1    1    1    1    5    5  0.00000E+00 0.00000 
   50    1    1    1    1    1    1    1    5    6  1.08341E+04 0.00417 
   51    1    1    1    1    1    1    1    5    7  1.06856E+04 0.00414 
   52    1    1    1    1    1    1    1    5    8  0.00000E+00 0.00000 
   53    1    1    1    1    1    1    1    5    9  9.72518E+03 0.00434 
   54    1    1    1    1    1    1    1    5   10  9.40286E+03 0.00435 
   55    1    1    1    1    1    1    1    5   11  0.00000E+00 0.00000 
   56    1    1    1    1    1    1    1    6    1  1.08094E+04 0.00413 
   57    1    1    1    1    1    1    1    6    2  1.07381E+04 0.00412 
   58    1    1    1    1    1    1    1    6    3  0.00000E+00 0.00000 
   59    1    1    1    1    1    1    1    6    4  1.04983E+04 0.00419 
   60    1    1    1    1    1    1    1    6    5  1.06135E+04 0.00414 
   61    1    1    1    1    1    1    1    6    6  0.00000E+00 0.00000 
   62    1    1    1    1    1    1    1    6    7  0.00000E+00 0.00000 
   63    1    1    1    1    1    1    1    6    8  9.90321E+03 0.00419 
   64    1    1    1    1    1    1    1    6    9  0.00000E+00 0.00000 
   65    1    1    1    1    1    1    1    6   10  9.31844E+03 0.00446 
   66    1    1    1    1    1    1    1    6   11  9.22395E+03 0.00444 
   67    1    1    1    1    1    1    1    7    1  0.00000E+00 0.00000 
   68    1    1    1    1    1    1    1    7    2  1.00483E+04 0.00432 
   69    1    1    1    1    1    1    1    7    3  1.00558E+04 0.00424 
   70    1    1    1    1    1    1    1    7    4  0.00000E+00 0.00000 
   71    1    1    1    1    1    1    1    7    5  0.00000E+00 0.00000 
   72    1    1    1    1    1    1    1    7    6  1.02695E+04 0.00418 
   73    1    1    1    1    1    1    1    7    7  0.00000E+00 0.00000 
   74    1    1    1    1    1    1    1    7    8  9.56801E+03 0.00432 
   75    1    1    1    1    1    1    1    7    9  9.54810E+03 0.00424 
   76    1    1    1    1    1    1    1    7   10  0.00000E+00 0.00000 
   77    1    1    1    1    1    1    1    7   11  9.06882E+03 0.00445 
   78    1    1    1    1    1    1    1    8    1  9.70856E+03 0.00429 
   79    1    1    1    1    1    1    1    8    2  0.00000E+00 0.00000 
   80    1    1    1    1    1    1    1    8    3  9.73393E+03 0.00430 
   81    1    1    1    1    1    1    1    8    4  9.91331E+03 0.00428 
   82    1    1    1    1    1    1    1    8    5  0.00000E+00 0.00000 
   83    1    1    1    1    1    1    1    8    6  9.65736E+03 0.00421 
   84    1    1    1    1    1    1    1    8    7  9.61078E+03 0.00438 
   85    1    1    1    1    1    1    1    8    8  0.00000E+00 0.00000 
   86    1    1    1    1    1    1    1    8    9  0.00000E+00 0.00000 
   87    1    1    1    1    1    1    1    8   10  9.27833E+03 0.00438 
   88    1    1    1    1    1    1    1    8   11  0.00000E+00 0.00000 
   89    1    1    1    1    1    1    1    9    1  9.41763E+03 0.00437 
   90    1    1    1    1    1    1    1    9    2  9.41935E+03 0.00432 
   91    1    1    1    1    1    1    1    9    3  0.00000E+00 0.00000 
   92    1    1    1    1    1    1    1    9    4  9.56790E+03 0.00427 
   93    1    1    1    1    1    1    1    9    5  9.57919E+03 0.00440 
   94    1    1    1    1    1    1    1    9    6  0.00000E+00 0.00000 
   95    1    1    1    1    1    1    1    9    7  9.59189E+03 0.00437 
   96    1    1    1    1    1    1    1    9    8  9.62925E+03 0.00434 
   97    1    1    1    1    1    1    1    9    9  0.00000E+00 0.00000 
   98    1    1    1    1    1    1    1    9   10  8.82652E+03 0.00455 
   99    1    1    1    1    1    1    1    9   11  8.80233E+03 0.00457 
  100    1    1    1    1    1    1    1   10    1  0.00000E+00 0.00000 
  101    1    1    1    1    1    1    1   10    2  9.38943E+03 0.00435 
  102    1    1    1    1    1    1    1   10    3  9.60655E+03 0.00437 
  103    1    1    1    1    1    1    1   10    4  0.00000E+00 0.00000 
  104    1    1    1    1    1    1    1   10    5  9.49782E+03 0.00427 
  105    1    1    1    1    1    1    1   10    6  9.71785E+03 0.00443 
  106    1    1    1    1    1    1    1   10    7  0.00000E+00 0.00000 
  107    1    1    1    1    1    1    1   10    8  9.33412E+03 0.00440 
  108    1    1    1    1    1    1    1   10    9  8.95751E+03 0.00456 
  109    1    1    1    1    1    1    1   10   10  0.00000E+00 0.00000 
