
ZAI = [
922350
922380
666
0
];

NAMES = [
'U235            '
'U238            '
'lost            '
'total           '
];

i922350 = 1; iU235             = 1;
i922380 = 2; iU238             = 2;
iLOST    = 3;
iTOT     = 4;

MAT_un_VOLUME = [ 2.34523E+05 2.34523E+05 ];

MAT_un_BURNUP = [ 0.00000E+00 4.88768E+01 ];

MAT_un_ADENS = [
4.83387E-03 3.35124E-03 % U235
1.93936E-02 1.88151E-02 % U238
0.00000E+00 5.66593E-30 % lost data
7.26897E-02 7.39577E-02 % total
];

MAT_un_MDENS = [
1.88669E+00 1.30801E+00 % U235
7.66628E+00 7.43760E+00 % U238
0.00000E+00 0.00000E+00 % lost data
1.08000E+01 1.07984E+01 % total
];

MAT_un_A = [
3.53797E+10 2.45282E+10 % U235
2.23596E+10 2.16926E+10 % U238
0.00000E+00 0.00000E+00 % lost data
5.77393E+10 3.25310E+18 % total
];

MAT_un_H = [
2.65221E-02 1.83873E-02 % U235
1.52971E-02 1.48408E-02 % U238
0.00000E+00 0.00000E+00 % lost data
4.18192E-02 9.58915E+05 % total
];

MAT_un_SF = [
2.54734E+00 1.76603E+00 % U235
1.22083E+04 1.18442E+04 % U238
0.00000E+00 0.00000E+00 % lost data
1.22109E+04 1.41487E+08 % total
];

MAT_un_GSRC = [
4.47025E+10 3.09915E+10 % U235
1.98002E+09 1.92096E+09 % U238
0.00000E+00 0.00000E+00 % lost data
4.66825E+10 3.49095E+18 % total
];

MAT_un_ING_TOX = [
1.66285E+03 1.15282E+03 % U235
1.00618E+03 9.76168E+02 % U238
0.00000E+00 0.00000E+00 % lost data
2.66903E+03 2.25375E+09 % total
];

MAT_un_INH_TOX = [
3.00727E+05 2.08490E+05 % U235
1.78877E+05 1.73541E+05 % U238
0.00000E+00 0.00000E+00 % lost data
4.79604E+05 9.08887E+10 % total
];

TOT_VOLUME = [ 2.34523E+05 2.34523E+05 ];

TOT_BURNUP = [ 0.00000E+00 4.88768E+01 ];

TOT_ADENS = [
4.83387E-03 3.35124E-03 % U235
1.93936E-02 1.88151E-02 % U238
0.00000E+00 5.66593E-30 % lost data
7.26897E-02 7.39577E-02 % total
];

TOT_MASS = [
4.42473E+05 3.06759E+05 % U235
1.79792E+06 1.74429E+06 % U238
0.00000E+00 0.00000E+00 % lost data
2.53285E+06 2.53247E+06 % total
];

TOT_A = [
3.53797E+10 2.45282E+10 % U235
2.23596E+10 2.16926E+10 % U238
0.00000E+00 0.00000E+00 % lost data
5.77393E+10 3.25310E+18 % total
];

TOT_H = [
2.65221E-02 1.83873E-02 % U235
1.52971E-02 1.48408E-02 % U238
0.00000E+00 0.00000E+00 % lost data
4.18192E-02 9.58915E+05 % total
];

TOT_SF = [
2.54734E+00 1.76603E+00 % U235
1.22083E+04 1.18442E+04 % U238
0.00000E+00 0.00000E+00 % lost data
1.22109E+04 1.41487E+08 % total
];

TOT_GSRC = [
4.47025E+10 3.09915E+10 % U235
1.98002E+09 1.92096E+09 % U238
0.00000E+00 0.00000E+00 % lost data
4.66825E+10 3.49095E+18 % total
];

TOT_ING_TOX = [
1.66285E+03 1.15282E+03 % U235
1.00618E+03 9.76168E+02 % U238
0.00000E+00 0.00000E+00 % lost data
2.66903E+03 2.25375E+09 % total
];

TOT_INH_TOX = [
3.00727E+05 2.08490E+05 % U235
1.78877E+05 1.73541E+05 % U238
0.00000E+00 0.00000E+00 % lost data
4.79604E+05 9.08887E+10 % total
];

BU = [ 0.00000E+00 4.88753E+01 ];

DAYS = [ 0.00000E+00 7.30000E+03 ];
