
DETassem1 = [
    1    1    1    1    1    1    1    1    1    1  0.00000E+00 0.00000 
    2    1    1    1    1    1    1    1    1    2  0.00000E+00 0.00000 
    3    1    1    1    1    1    1    1    1    3  0.00000E+00 0.00000 
    4    1    1    1    1    1    1    1    1    4  0.00000E+00 0.00000 
    5    1    1    1    1    1    1    1    1    5  0.00000E+00 0.00000 
    6    1    1    1    1    1    1    1    1    6  0.00000E+00 0.00000 
    7    1    1    1    1    1    1    1    1    7  0.00000E+00 0.00000 
    8    1    1    1    1    1    1    1    1    8  1.78089E+04 0.00347 
    9    1    1    1    1    1    1    1    1    9  1.39174E+04 0.00379 
   10    1    1    1    1    1    1    1    1   10  0.00000E+00 0.00000 
   11    1    1    1    1    1    1    1    1   11  1.03152E+04 0.00425 
   12    1    1    1    1    1    1    1    2    1  1.92846E+04 0.00348 
   13    1    1    1    1    1    1    1    2    2  0.00000E+00 0.00000 
   14    1    1    1    1    1    1    1    2    3  0.00000E+00 0.00000 
   15    1    1    1    1    1    1    1    2    4  0.00000E+00 0.00000 
   16    1    1    1    1    1    1    1    2    5  0.00000E+00 0.00000 
   17    1    1    1    1    1    1    1    2    6  1.92083E+04 0.00345 
   18    1    1    1    1    1    1    1    2    7  1.56627E+04 0.00376 
   19    1    1    1    1    1    1    1    2    8  0.00000E+00 0.00000 
   20    1    1    1    1    1    1    1    2    9  1.13341E+04 0.00427 
   21    1    1    1    1    1    1    1    2   10  1.03173E+04 0.00423 
   22    1    1    1    1    1    1    1    2   11  0.00000E+00 0.00000 
   23    1    1    1    1    1    1    1    3    1  1.56683E+04 0.00370 
   24    1    1    1    1    1    1    1    3    2  1.78932E+04 0.00352 
   25    1    1    1    1    1    1    1    3    3  0.00000E+00 0.00000 
   26    1    1    1    1    1    1    1    3    4  1.80125E+04 0.00352 
   27    1    1    1    1    1    1    1    3    5  1.54542E+04 0.00373 
   28    1    1    1    1    1    1    1    3    6  0.00000E+00 0.00000 
   29    1    1    1    1    1    1    1    3    7  1.21769E+04 0.00402 
   30    1    1    1    1    1    1    1    3    8  1.09806E+04 0.00422 
   31    1    1    1    1    1    1    1    3    9  0.00000E+00 0.00000 
   32    1    1    1    1    1    1    1    3   10  9.53582E+03 0.00430 
   33    1    1    1    1    1    1    1    3   11  9.08867E+03 0.00448 
   34    1    1    1    1    1    1    1    4    1  0.00000E+00 0.00000 
   35    1    1    1    1    1    1    1    4    2  1.40608E+04 0.00392 
   36    1    1    1    1    1    1    1    4    3  1.41398E+04 0.00382 
   37    1    1    1    1    1    1    1    4    4  0.00000E+00 0.00000 
   38    1    1    1    1    1    1    1    4    5  1.21658E+04 0.00398 
   39    1    1    1    1    1    1    1    4    6  1.12620E+04 0.00416 
   40    1    1    1    1    1    1    1    4    7  0.00000E+00 0.00000 
   41    1    1    1    1    1    1    1    4    8  9.84860E+03 0.00433 
   42    1    1    1    1    1    1    1    4    9  9.39169E+03 0.00427 
   43    1    1    1    1    1    1    1    4   10  0.00000E+00 0.00000 
   44    1    1    1    1    1    1    1    4   11  8.85575E+03 0.00446 
   45    1    1    1    1    1    1    1    5    1  1.14086E+04 0.00411 
   46    1    1    1    1    1    1    1    5    2  0.00000E+00 0.00000 
   47    1    1    1    1    1    1    1    5    3  1.14406E+04 0.00404 
   48    1    1    1    1    1    1    1    5    4  1.09964E+04 0.00421 
   49    1    1    1    1    1    1    1    5    5  0.00000E+00 0.00000 
   50    1    1    1    1    1    1    1    5    6  9.97335E+03 0.00434 
   51    1    1    1    1    1    1    1    5    7  9.55645E+03 0.00427 
   52    1    1    1    1    1    1    1    5    8  0.00000E+00 0.00000 
   53    1    1    1    1    1    1    1    5    9  8.92585E+03 0.00441 
   54    1    1    1    1    1    1    1    5   10  8.77092E+03 0.00439 
   55    1    1    1    1    1    1    1    5   11  0.00000E+00 0.00000 
   56    1    1    1    1    1    1    1    6    1  1.03508E+04 0.00414 
   57    1    1    1    1    1    1    1    6    2  1.02572E+04 0.00420 
   58    1    1    1    1    1    1    1    6    3  0.00000E+00 0.00000 
   59    1    1    1    1    1    1    1    6    4  9.81683E+03 0.00423 
   60    1    1    1    1    1    1    1    6    5  9.65566E+03 0.00438 
   61    1    1    1    1    1    1    1    6    6  0.00000E+00 0.00000 
   62    1    1    1    1    1    1    1    6    7  9.01411E+03 0.00442 
   63    1    1    1    1    1    1    1    6    8  8.81849E+03 0.00436 
   64    1    1    1    1    1    1    1    6    9  0.00000E+00 0.00000 
   65    1    1    1    1    1    1    1    6   10  8.55072E+03 0.00454 
   66    1    1    1    1    1    1    1    6   11  8.45892E+03 0.00458 
   67    1    1    1    1    1    1    1    7    1  0.00000E+00 0.00000 
   68    1    1    1    1    1    1    1    7    2  9.57312E+03 0.00424 
   69    1    1    1    1    1    1    1    7    3  9.39791E+03 0.00439 
   70    1    1    1    1    1    1    1    7    4  0.00000E+00 0.00000 
   71    1    1    1    1    1    1    1    7    5  9.04324E+03 0.00440 
   72    1    1    1    1    1    1    1    7    6  8.85755E+03 0.00431 
   73    1    1    1    1    1    1    1    7    7  0.00000E+00 0.00000 
   74    1    1    1    1    1    1    1    7    8  8.50262E+03 0.00446 
   75    1    1    1    1    1    1    1    7    9  8.50633E+03 0.00444 
   76    1    1    1    1    1    1    1    7   10  0.00000E+00 0.00000 
   77    1    1    1    1    1    1    1    7   11  8.20578E+03 0.00463 
   78    1    1    1    1    1    1    1    8    1  9.18181E+03 0.00436 
   79    1    1    1    1    1    1    1    8    2  0.00000E+00 0.00000 
   80    1    1    1    1    1    1    1    8    3  8.88485E+03 0.00447 
   81    1    1    1    1    1    1    1    8    4  8.81230E+03 0.00445 
   82    1    1    1    1    1    1    1    8    5  0.00000E+00 0.00000 
   83    1    1    1    1    1    1    1    8    6  8.53051E+03 0.00448 
   84    1    1    1    1    1    1    1    8    7  8.47598E+03 0.00444 
   85    1    1    1    1    1    1    1    8    8  0.00000E+00 0.00000 
   86    1    1    1    1    1    1    1    8    9  8.29679E+03 0.00452 
   87    1    1    1    1    1    1    1    8   10  8.18387E+03 0.00456 
   88    1    1    1    1    1    1    1    8   11  0.00000E+00 0.00000 
   89    1    1    1    1    1    1    1    9    1  8.84941E+03 0.00435 
   90    1    1    1    1    1    1    1    9    2  8.71241E+03 0.00443 
   91    1    1    1    1    1    1    1    9    3  0.00000E+00 0.00000 
   92    1    1    1    1    1    1    1    9    4  8.45834E+03 0.00455 
   93    1    1    1    1    1    1    1    9    5  8.41216E+03 0.00445 
   94    1    1    1    1    1    1    1    9    6  0.00000E+00 0.00000 
   95    1    1    1    1    1    1    1    9    7  8.23174E+03 0.00459 
   96    1    1    1    1    1    1    1    9    8  8.18507E+03 0.00463 
   97    1    1    1    1    1    1    1    9    9  0.00000E+00 0.00000 
   98    1    1    1    1    1    1    1    9   10  7.99215E+03 0.00458 
   99    1    1    1    1    1    1    1    9   11  7.94747E+03 0.00467 
  100    1    1    1    1    1    1    1   10    1  0.00000E+00 0.00000 
  101    1    1    1    1    1    1    1   10    2  8.64209E+03 0.00438 
  102    1    1    1    1    1    1    1   10    3  8.52492E+03 0.00446 
  103    1    1    1    1    1    1    1   10    4  0.00000E+00 0.00000 
  104    1    1    1    1    1    1    1   10    5  8.22069E+03 0.00441 
  105    1    1    1    1    1    1    1   10    6  8.15797E+03 0.00452 
  106    1    1    1    1    1    1    1   10    7  0.00000E+00 0.00000 
  107    1    1    1    1    1    1    1   10    8  7.96815E+03 0.00461 
  108    1    1    1    1    1    1    1   10    9  7.89066E+03 0.00461 
  109    1    1    1    1    1    1    1   10   10  0.00000E+00 0.00000 
