
ZAI = [
922350
922380
666
0
];

NAMES = [
'U235            '
'U238            '
'lost            '
'total           '
];

i922350 = 1; iU235             = 1;
i922380 = 2; iU238             = 2;
iLOST    = 3;
iTOT     = 4;

MAT_un_VOLUME = [ 2.66870E+05 2.66870E+05 2.66870E+05 ];

MAT_un_BURNUP = [ 0.00000E+00 8.59052E+00 1.71810E+01 ];

MAT_un_ADENS = [
4.83387E-03 4.54869E-03 4.27641E-03 % U235
1.93936E-02 1.92933E-02 1.91889E-02 % U238
0.00000E+00 0.00000E+00 0.00000E+00 % lost data
7.26897E-02 7.29092E-02 7.31282E-02 % total
];

MAT_un_MDENS = [
1.88669E+00 1.77538E+00 1.66911E+00 % U235
7.66628E+00 7.62663E+00 7.58534E+00 % U238
0.00000E+00 0.00000E+00 0.00000E+00 % lost data
1.08000E+01 1.07997E+01 1.07994E+01 % total
];

MAT_un_A = [
4.02594E+10 3.78843E+10 3.56166E+10 % U235
2.54435E+10 2.53119E+10 2.51749E+10 % U238
0.00000E+00 0.00000E+00 0.00000E+00 % lost data
6.57029E+10 3.16541E+18 3.18691E+18 % total
];

MAT_un_H = [
3.01801E-02 2.83996E-02 2.66996E-02 % U235
1.74070E-02 1.73169E-02 1.72232E-02 % U238
0.00000E+00 0.00000E+00 0.00000E+00 % lost data
4.75870E-02 9.71708E+05 9.65758E+05 % total
];

MAT_un_SF = [
2.89868E+00 2.72767E+00 2.56439E+00 % U235
1.38922E+04 1.38203E+04 1.37455E+04 % U238
0.00000E+00 0.00000E+00 0.00000E+00 % lost data
1.38951E+04 4.29703E+05 4.66976E+06 % total
];

MAT_un_GSRC = [
5.08680E+10 4.78670E+10 4.50018E+10 % U235
2.25311E+09 2.24146E+09 2.22933E+09 % U238
0.00000E+00 0.00000E+00 0.00000E+00 % lost data
5.31211E+10 3.43215E+18 3.44697E+18 % total
];

MAT_un_ING_TOX = [
1.89219E+03 1.78056E+03 1.67398E+03 % U235
1.14496E+03 1.13904E+03 1.13287E+03 % U238
0.00000E+00 0.00000E+00 0.00000E+00 % lost data
3.03715E+03 1.62901E+09 1.76842E+09 % total
];

MAT_un_INH_TOX = [
3.42205E+05 3.22016E+05 3.02741E+05 % U235
2.03548E+05 2.02495E+05 2.01399E+05 % U238
0.00000E+00 0.00000E+00 0.00000E+00 % lost data
5.45753E+05 7.19268E+09 1.48105E+10 % total
];

TOT_VOLUME = [ 2.66870E+05 2.66870E+05 2.66870E+05 ];

TOT_BURNUP = [ 0.00000E+00 8.59052E+00 1.71810E+01 ];

TOT_ADENS = [
4.83387E-03 4.54869E-03 4.27641E-03 % U235
1.93936E-02 1.92933E-02 1.91889E-02 % U238
0.00000E+00 0.00000E+00 0.00000E+00 % lost data
7.26897E-02 7.29092E-02 7.31282E-02 % total
];

TOT_MASS = [
5.03500E+05 4.73796E+05 4.45435E+05 % U235
2.04590E+06 2.03532E+06 2.02430E+06 % U238
0.00000E+00 0.00000E+00 0.00000E+00 % lost data
2.88219E+06 2.88211E+06 2.88203E+06 % total
];

TOT_A = [
4.02594E+10 3.78843E+10 3.56166E+10 % U235
2.54435E+10 2.53119E+10 2.51749E+10 % U238
0.00000E+00 0.00000E+00 0.00000E+00 % lost data
6.57029E+10 3.16541E+18 3.18691E+18 % total
];

TOT_H = [
3.01801E-02 2.83996E-02 2.66996E-02 % U235
1.74070E-02 1.73169E-02 1.72232E-02 % U238
0.00000E+00 0.00000E+00 0.00000E+00 % lost data
4.75870E-02 9.71708E+05 9.65758E+05 % total
];

TOT_SF = [
2.89868E+00 2.72767E+00 2.56439E+00 % U235
1.38922E+04 1.38203E+04 1.37455E+04 % U238
0.00000E+00 0.00000E+00 0.00000E+00 % lost data
1.38951E+04 4.29703E+05 4.66976E+06 % total
];

TOT_GSRC = [
5.08680E+10 4.78670E+10 4.50018E+10 % U235
2.25311E+09 2.24146E+09 2.22933E+09 % U238
0.00000E+00 0.00000E+00 0.00000E+00 % lost data
5.31211E+10 3.43215E+18 3.44697E+18 % total
];

TOT_ING_TOX = [
1.89219E+03 1.78056E+03 1.67398E+03 % U235
1.14496E+03 1.13904E+03 1.13287E+03 % U238
0.00000E+00 0.00000E+00 0.00000E+00 % lost data
3.03715E+03 1.62901E+09 1.76842E+09 % total
];

TOT_INH_TOX = [
3.42205E+05 3.22016E+05 3.02741E+05 % U235
2.03548E+05 2.02495E+05 2.01399E+05 % U238
0.00000E+00 0.00000E+00 0.00000E+00 % lost data
5.45753E+05 7.19268E+09 1.48105E+10 % total
];

BU = [ 0.00000E+00 8.59026E+00 1.71805E+01 ];

DAYS = [ 0.00000E+00 1.46000E+03 2.92000E+03 ];
