
DETassem1 = [
    1    1    1    1    1    1    1    1    1    1  0.00000E+00 0.00000 
    2    1    1    1    1    1    1    1    1    2  0.00000E+00 0.00000 
    3    1    1    1    1    1    1    1    1    3  0.00000E+00 0.00000 
    4    1    1    1    1    1    1    1    1    4  0.00000E+00 0.00000 
    5    1    1    1    1    1    1    1    1    5  0.00000E+00 0.00000 
    6    1    1    1    1    1    1    1    1    6  0.00000E+00 0.00000 
    7    1    1    1    1    1    1    1    1    7  0.00000E+00 0.00000 
    8    1    1    1    1    1    1    1    1    8  1.78204E+04 0.00356 
    9    1    1    1    1    1    1    1    1    9  1.40125E+04 0.00386 
   10    1    1    1    1    1    1    1    1   10  0.00000E+00 0.00000 
   11    1    1    1    1    1    1    1    1   11  1.02863E+04 0.00433 
   12    1    1    1    1    1    1    1    2    1  1.90290E+04 0.00353 
   13    1    1    1    1    1    1    1    2    2  0.00000E+00 0.00000 
   14    1    1    1    1    1    1    1    2    3  0.00000E+00 0.00000 
   15    1    1    1    1    1    1    1    2    4  0.00000E+00 0.00000 
   16    1    1    1    1    1    1    1    2    5  0.00000E+00 0.00000 
   17    1    1    1    1    1    1    1    2    6  1.91119E+04 0.00351 
   18    1    1    1    1    1    1    1    2    7  1.57048E+04 0.00366 
   19    1    1    1    1    1    1    1    2    8  0.00000E+00 0.00000 
   20    1    1    1    1    1    1    1    2    9  1.14529E+04 0.00407 
   21    1    1    1    1    1    1    1    2   10  1.03811E+04 0.00439 
   22    1    1    1    1    1    1    1    2   11  0.00000E+00 0.00000 
   23    1    1    1    1    1    1    1    3    1  1.55647E+04 0.00360 
   24    1    1    1    1    1    1    1    3    2  1.77707E+04 0.00360 
   25    1    1    1    1    1    1    1    3    3  0.00000E+00 0.00000 
   26    1    1    1    1    1    1    1    3    4  1.77640E+04 0.00360 
   27    1    1    1    1    1    1    1    3    5  1.55214E+04 0.00374 
   28    1    1    1    1    1    1    1    3    6  0.00000E+00 0.00000 
   29    1    1    1    1    1    1    1    3    7  1.22610E+04 0.00393 
   30    1    1    1    1    1    1    1    3    8  1.10374E+04 0.00423 
   31    1    1    1    1    1    1    1    3    9  0.00000E+00 0.00000 
   32    1    1    1    1    1    1    1    3   10  9.58807E+03 0.00435 
   33    1    1    1    1    1    1    1    3   11  9.17580E+03 0.00435 
   34    1    1    1    1    1    1    1    4    1  0.00000E+00 0.00000 
   35    1    1    1    1    1    1    1    4    2  1.39722E+04 0.00385 
   36    1    1    1    1    1    1    1    4    3  1.38607E+04 0.00386 
   37    1    1    1    1    1    1    1    4    4  0.00000E+00 0.00000 
   38    1    1    1    1    1    1    1    4    5  1.21204E+04 0.00399 
   39    1    1    1    1    1    1    1    4    6  1.14030E+04 0.00419 
   40    1    1    1    1    1    1    1    4    7  0.00000E+00 0.00000 
   41    1    1    1    1    1    1    1    4    8  9.91512E+03 0.00428 
   42    1    1    1    1    1    1    1    4    9  9.34475E+03 0.00421 
   43    1    1    1    1    1    1    1    4   10  0.00000E+00 0.00000 
   44    1    1    1    1    1    1    1    4   11  8.81869E+03 0.00448 
   45    1    1    1    1    1    1    1    5    1  1.14498E+04 0.00408 
   46    1    1    1    1    1    1    1    5    2  0.00000E+00 0.00000 
   47    1    1    1    1    1    1    1    5    3  1.14638E+04 0.00412 
   48    1    1    1    1    1    1    1    5    4  1.10094E+04 0.00416 
   49    1    1    1    1    1    1    1    5    5  0.00000E+00 0.00000 
   50    1    1    1    1    1    1    1    5    6  9.96534E+03 0.00421 
   51    1    1    1    1    1    1    1    5    7  9.61054E+03 0.00413 
   52    1    1    1    1    1    1    1    5    8  0.00000E+00 0.00000 
   53    1    1    1    1    1    1    1    5    9  8.95058E+03 0.00434 
   54    1    1    1    1    1    1    1    5   10  8.79270E+03 0.00435 
   55    1    1    1    1    1    1    1    5   11  0.00000E+00 0.00000 
   56    1    1    1    1    1    1    1    6    1  1.03723E+04 0.00423 
   57    1    1    1    1    1    1    1    6    2  1.04028E+04 0.00415 
   58    1    1    1    1    1    1    1    6    3  0.00000E+00 0.00000 
   59    1    1    1    1    1    1    1    6    4  9.88916E+03 0.00429 
   60    1    1    1    1    1    1    1    6    5  9.57699E+03 0.00428 
   61    1    1    1    1    1    1    1    6    6  0.00000E+00 0.00000 
   62    1    1    1    1    1    1    1    6    7  8.97348E+03 0.00448 
   63    1    1    1    1    1    1    1    6    8  8.79587E+03 0.00444 
   64    1    1    1    1    1    1    1    6    9  0.00000E+00 0.00000 
   65    1    1    1    1    1    1    1    6   10  8.62105E+03 0.00455 
   66    1    1    1    1    1    1    1    6   11  8.46235E+03 0.00449 
   67    1    1    1    1    1    1    1    7    1  0.00000E+00 0.00000 
   68    1    1    1    1    1    1    1    7    2  9.57239E+03 0.00427 
   69    1    1    1    1    1    1    1    7    3  9.48107E+03 0.00442 
   70    1    1    1    1    1    1    1    7    4  0.00000E+00 0.00000 
   71    1    1    1    1    1    1    1    7    5  8.95440E+03 0.00441 
   72    1    1    1    1    1    1    1    7    6  8.93548E+03 0.00443 
   73    1    1    1    1    1    1    1    7    7  0.00000E+00 0.00000 
   74    1    1    1    1    1    1    1    7    8  8.51827E+03 0.00460 
   75    1    1    1    1    1    1    1    7    9  8.52550E+03 0.00457 
   76    1    1    1    1    1    1    1    7   10  0.00000E+00 0.00000 
   77    1    1    1    1    1    1    1    7   11  8.30885E+03 0.00463 
   78    1    1    1    1    1    1    1    8    1  9.17878E+03 0.00441 
   79    1    1    1    1    1    1    1    8    2  0.00000E+00 0.00000 
   80    1    1    1    1    1    1    1    8    3  9.01493E+03 0.00439 
   81    1    1    1    1    1    1    1    8    4  8.83309E+03 0.00446 
   82    1    1    1    1    1    1    1    8    5  0.00000E+00 0.00000 
   83    1    1    1    1    1    1    1    8    6  8.54689E+03 0.00448 
   84    1    1    1    1    1    1    1    8    7  8.41840E+03 0.00457 
   85    1    1    1    1    1    1    1    8    8  0.00000E+00 0.00000 
   86    1    1    1    1    1    1    1    8    9  8.30823E+03 0.00445 
   87    1    1    1    1    1    1    1    8   10  8.20216E+03 0.00452 
   88    1    1    1    1    1    1    1    8   11  0.00000E+00 0.00000 
   89    1    1    1    1    1    1    1    9    1  8.90714E+03 0.00439 
   90    1    1    1    1    1    1    1    9    2  8.78272E+03 0.00446 
   91    1    1    1    1    1    1    1    9    3  0.00000E+00 0.00000 
   92    1    1    1    1    1    1    1    9    4  8.53958E+03 0.00451 
   93    1    1    1    1    1    1    1    9    5  8.43845E+03 0.00452 
   94    1    1    1    1    1    1    1    9    6  0.00000E+00 0.00000 
   95    1    1    1    1    1    1    1    9    7  8.21408E+03 0.00458 
   96    1    1    1    1    1    1    1    9    8  8.18859E+03 0.00452 
   97    1    1    1    1    1    1    1    9    9  0.00000E+00 0.00000 
   98    1    1    1    1    1    1    1    9   10  8.01125E+03 0.00458 
   99    1    1    1    1    1    1    1    9   11  7.87124E+03 0.00464 
  100    1    1    1    1    1    1    1   10    1  0.00000E+00 0.00000 
  101    1    1    1    1    1    1    1   10    2  8.58345E+03 0.00446 
  102    1    1    1    1    1    1    1   10    3  8.54591E+03 0.00449 
  103    1    1    1    1    1    1    1   10    4  0.00000E+00 0.00000 
  104    1    1    1    1    1    1    1   10    5  8.29674E+03 0.00457 
  105    1    1    1    1    1    1    1   10    6  8.13060E+03 0.00462 
  106    1    1    1    1    1    1    1   10    7  0.00000E+00 0.00000 
  107    1    1    1    1    1    1    1   10    8  8.01432E+03 0.00455 
  108    1    1    1    1    1    1    1   10    9  7.92842E+03 0.00463 
  109    1    1    1    1    1    1    1   10   10  0.00000E+00 0.00000 
