
DETassem1 = [
    1    1    1    1    1    1    1    1    1    1  0.00000E+00 0.00000 
    2    1    1    1    1    1    1    1    1    2  0.00000E+00 0.00000 
    3    1    1    1    1    1    1    1    1    3  0.00000E+00 0.00000 
    4    1    1    1    1    1    1    1    1    4  0.00000E+00 0.00000 
    5    1    1    1    1    1    1    1    1    5  0.00000E+00 0.00000 
    6    1    1    1    1    1    1    1    1    6  0.00000E+00 0.00000 
    7    1    1    1    1    1    1    1    1    7  0.00000E+00 0.00000 
    8    1    1    1    1    1    1    1    1    8  1.80293E+04 0.00355 
    9    1    1    1    1    1    1    1    1    9  1.39211E+04 0.00387 
   10    1    1    1    1    1    1    1    1   10  0.00000E+00 0.00000 
   11    1    1    1    1    1    1    1    1   11  1.02707E+04 0.00422 
   12    1    1    1    1    1    1    1    2    1  1.93695E+04 0.00342 
   13    1    1    1    1    1    1    1    2    2  0.00000E+00 0.00000 
   14    1    1    1    1    1    1    1    2    3  0.00000E+00 0.00000 
   15    1    1    1    1    1    1    1    2    4  0.00000E+00 0.00000 
   16    1    1    1    1    1    1    1    2    5  0.00000E+00 0.00000 
   17    1    1    1    1    1    1    1    2    6  1.93990E+04 0.00354 
   18    1    1    1    1    1    1    1    2    7  1.56549E+04 0.00372 
   19    1    1    1    1    1    1    1    2    8  0.00000E+00 0.00000 
   20    1    1    1    1    1    1    1    2    9  1.14048E+04 0.00421 
   21    1    1    1    1    1    1    1    2   10  1.01635E+04 0.00426 
   22    1    1    1    1    1    1    1    2   11  0.00000E+00 0.00000 
   23    1    1    1    1    1    1    1    3    1  1.56151E+04 0.00372 
   24    1    1    1    1    1    1    1    3    2  1.81004E+04 0.00357 
   25    1    1    1    1    1    1    1    3    3  0.00000E+00 0.00000 
   26    1    1    1    1    1    1    1    3    4  1.80305E+04 0.00353 
   27    1    1    1    1    1    1    1    3    5  1.56535E+04 0.00372 
   28    1    1    1    1    1    1    1    3    6  0.00000E+00 0.00000 
   29    1    1    1    1    1    1    1    3    7  1.20377E+04 0.00415 
   30    1    1    1    1    1    1    1    3    8  1.09398E+04 0.00433 
   31    1    1    1    1    1    1    1    3    9  0.00000E+00 0.00000 
   32    1    1    1    1    1    1    1    3   10  9.46865E+03 0.00439 
   33    1    1    1    1    1    1    1    3   11  9.08583E+03 0.00451 
   34    1    1    1    1    1    1    1    4    1  0.00000E+00 0.00000 
   35    1    1    1    1    1    1    1    4    2  1.39698E+04 0.00402 
   36    1    1    1    1    1    1    1    4    3  1.39756E+04 0.00385 
   37    1    1    1    1    1    1    1    4    4  0.00000E+00 0.00000 
   38    1    1    1    1    1    1    1    4    5  1.21081E+04 0.00410 
   39    1    1    1    1    1    1    1    4    6  1.12455E+04 0.00416 
   40    1    1    1    1    1    1    1    4    7  0.00000E+00 0.00000 
   41    1    1    1    1    1    1    1    4    8  9.75827E+03 0.00436 
   42    1    1    1    1    1    1    1    4    9  9.29688E+03 0.00430 
   43    1    1    1    1    1    1    1    4   10  0.00000E+00 0.00000 
   44    1    1    1    1    1    1    1    4   11  8.78869E+03 0.00451 
   45    1    1    1    1    1    1    1    5    1  1.13736E+04 0.00425 
   46    1    1    1    1    1    1    1    5    2  0.00000E+00 0.00000 
   47    1    1    1    1    1    1    1    5    3  1.12621E+04 0.00417 
   48    1    1    1    1    1    1    1    5    4  1.10287E+04 0.00422 
   49    1    1    1    1    1    1    1    5    5  0.00000E+00 0.00000 
   50    1    1    1    1    1    1    1    5    6  9.92011E+03 0.00422 
   51    1    1    1    1    1    1    1    5    7  9.48629E+03 0.00449 
   52    1    1    1    1    1    1    1    5    8  0.00000E+00 0.00000 
   53    1    1    1    1    1    1    1    5    9  8.88974E+03 0.00443 
   54    1    1    1    1    1    1    1    5   10  8.69102E+03 0.00443 
   55    1    1    1    1    1    1    1    5   11  0.00000E+00 0.00000 
   56    1    1    1    1    1    1    1    6    1  1.02572E+04 0.00435 
   57    1    1    1    1    1    1    1    6    2  1.03307E+04 0.00427 
   58    1    1    1    1    1    1    1    6    3  0.00000E+00 0.00000 
   59    1    1    1    1    1    1    1    6    4  9.83917E+03 0.00431 
   60    1    1    1    1    1    1    1    6    5  9.49725E+03 0.00430 
   61    1    1    1    1    1    1    1    6    6  0.00000E+00 0.00000 
   62    1    1    1    1    1    1    1    6    7  8.93249E+03 0.00446 
   63    1    1    1    1    1    1    1    6    8  8.74011E+03 0.00450 
   64    1    1    1    1    1    1    1    6    9  0.00000E+00 0.00000 
   65    1    1    1    1    1    1    1    6   10  8.47691E+03 0.00449 
   66    1    1    1    1    1    1    1    6   11  8.39079E+03 0.00448 
   67    1    1    1    1    1    1    1    7    1  0.00000E+00 0.00000 
   68    1    1    1    1    1    1    1    7    2  9.46748E+03 0.00441 
   69    1    1    1    1    1    1    1    7    3  9.26126E+03 0.00445 
   70    1    1    1    1    1    1    1    7    4  0.00000E+00 0.00000 
   71    1    1    1    1    1    1    1    7    5  8.96227E+03 0.00439 
   72    1    1    1    1    1    1    1    7    6  8.79179E+03 0.00454 
   73    1    1    1    1    1    1    1    7    7  0.00000E+00 0.00000 
   74    1    1    1    1    1    1    1    7    8  8.44126E+03 0.00450 
   75    1    1    1    1    1    1    1    7    9  8.40374E+03 0.00444 
   76    1    1    1    1    1    1    1    7   10  0.00000E+00 0.00000 
   77    1    1    1    1    1    1    1    7   11  8.21865E+03 0.00456 
   78    1    1    1    1    1    1    1    8    1  9.03231E+03 0.00441 
   79    1    1    1    1    1    1    1    8    2  0.00000E+00 0.00000 
   80    1    1    1    1    1    1    1    8    3  8.83349E+03 0.00447 
   81    1    1    1    1    1    1    1    8    4  8.74035E+03 0.00449 
   82    1    1    1    1    1    1    1    8    5  0.00000E+00 0.00000 
   83    1    1    1    1    1    1    1    8    6  8.45999E+03 0.00463 
   84    1    1    1    1    1    1    1    8    7  8.36050E+03 0.00451 
   85    1    1    1    1    1    1    1    8    8  0.00000E+00 0.00000 
   86    1    1    1    1    1    1    1    8    9  8.29417E+03 0.00450 
   87    1    1    1    1    1    1    1    8   10  8.09500E+03 0.00455 
   88    1    1    1    1    1    1    1    8   11  0.00000E+00 0.00000 
   89    1    1    1    1    1    1    1    9    1  8.81632E+03 0.00455 
   90    1    1    1    1    1    1    1    9    2  8.68566E+03 0.00440 
   91    1    1    1    1    1    1    1    9    3  0.00000E+00 0.00000 
   92    1    1    1    1    1    1    1    9    4  8.46562E+03 0.00454 
   93    1    1    1    1    1    1    1    9    5  8.37566E+03 0.00461 
   94    1    1    1    1    1    1    1    9    6  0.00000E+00 0.00000 
   95    1    1    1    1    1    1    1    9    7  8.25135E+03 0.00453 
   96    1    1    1    1    1    1    1    9    8  8.02448E+03 0.00472 
   97    1    1    1    1    1    1    1    9    9  0.00000E+00 0.00000 
   98    1    1    1    1    1    1    1    9   10  7.98292E+03 0.00471 
   99    1    1    1    1    1    1    1    9   11  7.87386E+03 0.00467 
  100    1    1    1    1    1    1    1   10    1  0.00000E+00 0.00000 
  101    1    1    1    1    1    1    1   10    2  8.48113E+03 0.00459 
  102    1    1    1    1    1    1    1   10    3  8.34526E+03 0.00453 
  103    1    1    1    1    1    1    1   10    4  0.00000E+00 0.00000 
  104    1    1    1    1    1    1    1   10    5  8.18290E+03 0.00465 
  105    1    1    1    1    1    1    1   10    6  8.14141E+03 0.00461 
  106    1    1    1    1    1    1    1   10    7  0.00000E+00 0.00000 
  107    1    1    1    1    1    1    1   10    8  7.93990E+03 0.00458 
  108    1    1    1    1    1    1    1   10    9  7.82781E+03 0.00469 
  109    1    1    1    1    1    1    1   10   10  0.00000E+00 0.00000 
