
ZAI = [
922350
922380
666
0
];

NAMES = [
'U235            '
'U238            '
'lost            '
'total           '
];

i922350 = 1; iU235             = 1;
i922380 = 2; iU238             = 2;
iLOST    = 3;
iTOT     = 4;

MAT_un_VOLUME = [ 2.67154E+05 2.67154E+05 ];

MAT_un_BURNUP = [ 0.00000E+00 4.29069E+01 ];

MAT_un_ADENS = [
4.83387E-03 3.50924E-03 % U235
1.93936E-02 1.88566E-02 % U238
0.00000E+00 0.00000E+00 % lost data
7.26897E-02 7.38016E-02 % total
];

MAT_un_MDENS = [
1.88669E+00 1.36968E+00 % U235
7.66628E+00 7.45400E+00 % U238
0.00000E+00 0.00000E+00 % lost data
1.08000E+01 1.07986E+01 % total
];

MAT_un_A = [
4.03023E+10 2.92582E+10 % U235
2.54706E+10 2.47653E+10 % U238
0.00000E+00 0.00000E+00 % lost data
6.57730E+10 3.28097E+18 % total
];

MAT_un_H = [
3.02122E-02 2.19332E-02 % U235
1.74255E-02 1.69430E-02 % U238
0.00000E+00 0.00000E+00 % lost data
4.76378E-02 9.64534E+05 % total
];

MAT_un_SF = [
2.90177E+00 2.10659E+00 % U235
1.39070E+04 1.35219E+04 % U238
0.00000E+00 0.00000E+00 % lost data
1.39099E+04 1.04104E+08 % total
];

MAT_un_GSRC = [
5.09222E+10 3.69680E+10 % U235
2.25552E+09 2.19306E+09 % U238
0.00000E+00 0.00000E+00 % lost data
5.31778E+10 3.52676E+18 % total
];

MAT_un_ING_TOX = [
1.89421E+03 1.37514E+03 % U235
1.14618E+03 1.11444E+03 % U238
0.00000E+00 0.00000E+00 % lost data
3.04039E+03 2.23453E+09 % total
];

MAT_un_INH_TOX = [
3.42570E+05 2.48695E+05 % U235
2.03765E+05 1.98123E+05 % U238
0.00000E+00 0.00000E+00 % lost data
5.46335E+05 8.01372E+10 % total
];

TOT_VOLUME = [ 2.67154E+05 2.67154E+05 ];

TOT_BURNUP = [ 0.00000E+00 4.29069E+01 ];

TOT_ADENS = [
4.83387E-03 3.50924E-03 % U235
1.93936E-02 1.88566E-02 % U238
0.00000E+00 0.00000E+00 % lost data
7.26897E-02 7.38016E-02 % total
];

TOT_MASS = [
5.04037E+05 3.65916E+05 % U235
2.04808E+06 1.99137E+06 % U238
0.00000E+00 0.00000E+00 % lost data
2.88527E+06 2.88489E+06 % total
];

TOT_A = [
4.03023E+10 2.92582E+10 % U235
2.54706E+10 2.47653E+10 % U238
0.00000E+00 0.00000E+00 % lost data
6.57730E+10 3.28097E+18 % total
];

TOT_H = [
3.02122E-02 2.19332E-02 % U235
1.74255E-02 1.69430E-02 % U238
0.00000E+00 0.00000E+00 % lost data
4.76378E-02 9.64534E+05 % total
];

TOT_SF = [
2.90177E+00 2.10659E+00 % U235
1.39070E+04 1.35219E+04 % U238
0.00000E+00 0.00000E+00 % lost data
1.39099E+04 1.04104E+08 % total
];

TOT_GSRC = [
5.09222E+10 3.69680E+10 % U235
2.25552E+09 2.19306E+09 % U238
0.00000E+00 0.00000E+00 % lost data
5.31778E+10 3.52676E+18 % total
];

TOT_ING_TOX = [
1.89421E+03 1.37514E+03 % U235
1.14618E+03 1.11444E+03 % U238
0.00000E+00 0.00000E+00 % lost data
3.04039E+03 2.23453E+09 % total
];

TOT_INH_TOX = [
3.42570E+05 2.48695E+05 % U235
2.03765E+05 1.98123E+05 % U238
0.00000E+00 0.00000E+00 % lost data
5.46335E+05 8.01372E+10 % total
];

BU = [ 0.00000E+00 4.29056E+01 ];

DAYS = [ 0.00000E+00 7.30000E+03 ];
