
DETassem1 = [
    1    1    1    1    1    1    1    1    1    1  0.00000E+00 0.00000 
    2    1    1    1    1    1    1    1    1    2  0.00000E+00 0.00000 
    3    1    1    1    1    1    1    1    1    3  0.00000E+00 0.00000 
    4    1    1    1    1    1    1    1    1    4  0.00000E+00 0.00000 
    5    1    1    1    1    1    1    1    1    5  0.00000E+00 0.00000 
    6    1    1    1    1    1    1    1    1    6  0.00000E+00 0.00000 
    7    1    1    1    1    1    1    1    1    7  0.00000E+00 0.00000 
    8    1    1    1    1    1    1    1    1    8  1.80790E+04 0.00363 
    9    1    1    1    1    1    1    1    1    9  1.36379E+04 0.00408 
   10    1    1    1    1    1    1    1    1   10  0.00000E+00 0.00000 
   11    1    1    1    1    1    1    1    1   11  9.97790E+03 0.00427 
   12    1    1    1    1    1    1    1    2    1  1.95587E+04 0.00357 
   13    1    1    1    1    1    1    1    2    2  0.00000E+00 0.00000 
   14    1    1    1    1    1    1    1    2    3  0.00000E+00 0.00000 
   15    1    1    1    1    1    1    1    2    4  0.00000E+00 0.00000 
   16    1    1    1    1    1    1    1    2    5  0.00000E+00 0.00000 
   17    1    1    1    1    1    1    1    2    6  1.96078E+04 0.00356 
   18    1    1    1    1    1    1    1    2    7  1.56288E+04 0.00388 
   19    1    1    1    1    1    1    1    2    8  0.00000E+00 0.00000 
   20    1    1    1    1    1    1    1    2    9  1.11057E+04 0.00442 
   21    1    1    1    1    1    1    1    2   10  9.96893E+03 0.00448 
   22    1    1    1    1    1    1    1    2   11  0.00000E+00 0.00000 
   23    1    1    1    1    1    1    1    3    1  1.56335E+04 0.00389 
   24    1    1    1    1    1    1    1    3    2  1.81823E+04 0.00372 
   25    1    1    1    1    1    1    1    3    3  0.00000E+00 0.00000 
   26    1    1    1    1    1    1    1    3    4  1.81481E+04 0.00368 
   27    1    1    1    1    1    1    1    3    5  1.56558E+04 0.00391 
   28    1    1    1    1    1    1    1    3    6  0.00000E+00 0.00000 
   29    1    1    1    1    1    1    1    3    7  1.18777E+04 0.00424 
   30    1    1    1    1    1    1    1    3    8  1.06035E+04 0.00429 
   31    1    1    1    1    1    1    1    3    9  0.00000E+00 0.00000 
   32    1    1    1    1    1    1    1    3   10  9.24559E+03 0.00457 
   33    1    1    1    1    1    1    1    3   11  8.90888E+03 0.00453 
   34    1    1    1    1    1    1    1    4    1  0.00000E+00 0.00000 
   35    1    1    1    1    1    1    1    4    2  1.36451E+04 0.00407 
   36    1    1    1    1    1    1    1    4    3  1.36440E+04 0.00407 
   37    1    1    1    1    1    1    1    4    4  0.00000E+00 0.00000 
   38    1    1    1    1    1    1    1    4    5  1.18804E+04 0.00426 
   39    1    1    1    1    1    1    1    4    6  1.10233E+04 0.00431 
   40    1    1    1    1    1    1    1    4    7  0.00000E+00 0.00000 
   41    1    1    1    1    1    1    1    4    8  9.37210E+03 0.00450 
   42    1    1    1    1    1    1    1    4    9  9.07759E+03 0.00453 
   43    1    1    1    1    1    1    1    4   10  0.00000E+00 0.00000 
   44    1    1    1    1    1    1    1    4   11  8.65737E+03 0.00459 
   45    1    1    1    1    1    1    1    5    1  1.10521E+04 0.00434 
   46    1    1    1    1    1    1    1    5    2  0.00000E+00 0.00000 
   47    1    1    1    1    1    1    1    5    3  1.11022E+04 0.00426 
   48    1    1    1    1    1    1    1    5    4  1.07081E+04 0.00442 
   49    1    1    1    1    1    1    1    5    5  0.00000E+00 0.00000 
   50    1    1    1    1    1    1    1    5    6  9.62317E+03 0.00459 
   51    1    1    1    1    1    1    1    5    7  9.17956E+03 0.00447 
   52    1    1    1    1    1    1    1    5    8  0.00000E+00 0.00000 
   53    1    1    1    1    1    1    1    5    9  8.65813E+03 0.00469 
   54    1    1    1    1    1    1    1    5   10  8.44766E+03 0.00463 
   55    1    1    1    1    1    1    1    5   11  0.00000E+00 0.00000 
   56    1    1    1    1    1    1    1    6    1  9.93533E+03 0.00433 
   57    1    1    1    1    1    1    1    6    2  1.00143E+04 0.00439 
   58    1    1    1    1    1    1    1    6    3  0.00000E+00 0.00000 
   59    1    1    1    1    1    1    1    6    4  9.42222E+03 0.00454 
   60    1    1    1    1    1    1    1    6    5  9.25940E+03 0.00456 
   61    1    1    1    1    1    1    1    6    6  0.00000E+00 0.00000 
   62    1    1    1    1    1    1    1    6    7  8.70905E+03 0.00457 
   63    1    1    1    1    1    1    1    6    8  8.51306E+03 0.00452 
   64    1    1    1    1    1    1    1    6    9  0.00000E+00 0.00000 
   65    1    1    1    1    1    1    1    6   10  8.29236E+03 0.00473 
   66    1    1    1    1    1    1    1    6   11  8.31281E+03 0.00467 
   67    1    1    1    1    1    1    1    7    1  0.00000E+00 0.00000 
   68    1    1    1    1    1    1    1    7    2  9.23295E+03 0.00457 
   69    1    1    1    1    1    1    1    7    3  9.04775E+03 0.00450 
   70    1    1    1    1    1    1    1    7    4  0.00000E+00 0.00000 
   71    1    1    1    1    1    1    1    7    5  8.67933E+03 0.00459 
   72    1    1    1    1    1    1    1    7    6  8.52317E+03 0.00464 
   73    1    1    1    1    1    1    1    7    7  0.00000E+00 0.00000 
   74    1    1    1    1    1    1    1    7    8  8.18131E+03 0.00473 
   75    1    1    1    1    1    1    1    7    9  8.17359E+03 0.00474 
   76    1    1    1    1    1    1    1    7   10  0.00000E+00 0.00000 
   77    1    1    1    1    1    1    1    7   11  8.02680E+03 0.00475 
   78    1    1    1    1    1    1    1    8    1  8.82155E+03 0.00458 
   79    1    1    1    1    1    1    1    8    2  0.00000E+00 0.00000 
   80    1    1    1    1    1    1    1    8    3  8.70588E+03 0.00464 
   81    1    1    1    1    1    1    1    8    4  8.45686E+03 0.00467 
   82    1    1    1    1    1    1    1    8    5  0.00000E+00 0.00000 
   83    1    1    1    1    1    1    1    8    6  8.24299E+03 0.00478 
   84    1    1    1    1    1    1    1    8    7  8.00826E+03 0.00487 
   85    1    1    1    1    1    1    1    8    8  0.00000E+00 0.00000 
   86    1    1    1    1    1    1    1    8    9  8.03317E+03 0.00480 
   87    1    1    1    1    1    1    1    8   10  7.97732E+03 0.00472 
   88    1    1    1    1    1    1    1    8   11  0.00000E+00 0.00000 
   89    1    1    1    1    1    1    1    9    1  8.53162E+03 0.00467 
   90    1    1    1    1    1    1    1    9    2  8.46947E+03 0.00474 
   91    1    1    1    1    1    1    1    9    3  0.00000E+00 0.00000 
   92    1    1    1    1    1    1    1    9    4  8.29171E+03 0.00471 
   93    1    1    1    1    1    1    1    9    5  8.12694E+03 0.00475 
   94    1    1    1    1    1    1    1    9    6  0.00000E+00 0.00000 
   95    1    1    1    1    1    1    1    9    7  8.05185E+03 0.00464 
   96    1    1    1    1    1    1    1    9    8  7.99503E+03 0.00469 
   97    1    1    1    1    1    1    1    9    9  0.00000E+00 0.00000 
   98    1    1    1    1    1    1    1    9   10  7.80638E+03 0.00482 
   99    1    1    1    1    1    1    1    9   11  7.75444E+03 0.00490 
  100    1    1    1    1    1    1    1   10    1  0.00000E+00 0.00000 
  101    1    1    1    1    1    1    1   10    2  8.29871E+03 0.00467 
  102    1    1    1    1    1    1    1   10    3  8.12575E+03 0.00465 
  103    1    1    1    1    1    1    1   10    4  0.00000E+00 0.00000 
  104    1    1    1    1    1    1    1   10    5  7.99576E+03 0.00471 
  105    1    1    1    1    1    1    1   10    6  7.97742E+03 0.00482 
  106    1    1    1    1    1    1    1   10    7  0.00000E+00 0.00000 
  107    1    1    1    1    1    1    1   10    8  7.77152E+03 0.00471 
  108    1    1    1    1    1    1    1   10    9  7.68874E+03 0.00485 
  109    1    1    1    1    1    1    1   10   10  0.00000E+00 0.00000 
