
DETassem1 = [
    1    1    1    1    1    1    1    1    1    1  0.00000E+00 0.00000 
    2    1    1    1    1    1    1    1    1    2  0.00000E+00 0.00000 
    3    1    1    1    1    1    1    1    1    3  0.00000E+00 0.00000 
    4    1    1    1    1    1    1    1    1    4  0.00000E+00 0.00000 
    5    1    1    1    1    1    1    1    1    5  0.00000E+00 0.00000 
    6    1    1    1    1    1    1    1    1    6  0.00000E+00 0.00000 
    7    1    1    1    1    1    1    1    1    7  0.00000E+00 0.00000 
    8    1    1    1    1    1    1    1    1    8  1.79133E+04 0.00355 
    9    1    1    1    1    1    1    1    1    9  1.39892E+04 0.00390 
   10    1    1    1    1    1    1    1    1   10  0.00000E+00 0.00000 
   11    1    1    1    1    1    1    1    1   11  1.02088E+04 0.00428 
   12    1    1    1    1    1    1    1    2    1  1.92581E+04 0.00346 
   13    1    1    1    1    1    1    1    2    2  0.00000E+00 0.00000 
   14    1    1    1    1    1    1    1    2    3  0.00000E+00 0.00000 
   15    1    1    1    1    1    1    1    2    4  0.00000E+00 0.00000 
   16    1    1    1    1    1    1    1    2    5  0.00000E+00 0.00000 
   17    1    1    1    1    1    1    1    2    6  1.92632E+04 0.00350 
   18    1    1    1    1    1    1    1    2    7  1.57266E+04 0.00366 
   19    1    1    1    1    1    1    1    2    8  0.00000E+00 0.00000 
   20    1    1    1    1    1    1    1    2    9  1.14476E+04 0.00411 
   21    1    1    1    1    1    1    1    2   10  1.02663E+04 0.00425 
   22    1    1    1    1    1    1    1    2   11  0.00000E+00 0.00000 
   23    1    1    1    1    1    1    1    3    1  1.57314E+04 0.00366 
   24    1    1    1    1    1    1    1    3    2  1.78891E+04 0.00355 
   25    1    1    1    1    1    1    1    3    3  0.00000E+00 0.00000 
   26    1    1    1    1    1    1    1    3    4  1.79159E+04 0.00357 
   27    1    1    1    1    1    1    1    3    5  1.57936E+04 0.00376 
   28    1    1    1    1    1    1    1    3    6  0.00000E+00 0.00000 
   29    1    1    1    1    1    1    1    3    7  1.22608E+04 0.00407 
   30    1    1    1    1    1    1    1    3    8  1.11330E+04 0.00409 
   31    1    1    1    1    1    1    1    3    9  0.00000E+00 0.00000 
   32    1    1    1    1    1    1    1    3   10  9.64091E+03 0.00436 
   33    1    1    1    1    1    1    1    3   11  9.28534E+03 0.00442 
   34    1    1    1    1    1    1    1    4    1  0.00000E+00 0.00000 
   35    1    1    1    1    1    1    1    4    2  1.39538E+04 0.00386 
   36    1    1    1    1    1    1    1    4    3  1.40248E+04 0.00388 
   37    1    1    1    1    1    1    1    4    4  0.00000E+00 0.00000 
   38    1    1    1    1    1    1    1    4    5  1.22195E+04 0.00399 
   39    1    1    1    1    1    1    1    4    6  1.14651E+04 0.00422 
   40    1    1    1    1    1    1    1    4    7  0.00000E+00 0.00000 
   41    1    1    1    1    1    1    1    4    8  1.00008E+04 0.00423 
   42    1    1    1    1    1    1    1    4    9  9.47537E+03 0.00431 
   43    1    1    1    1    1    1    1    4   10  0.00000E+00 0.00000 
   44    1    1    1    1    1    1    1    4   11  8.92115E+03 0.00444 
   45    1    1    1    1    1    1    1    5    1  1.14832E+04 0.00412 
   46    1    1    1    1    1    1    1    5    2  0.00000E+00 0.00000 
   47    1    1    1    1    1    1    1    5    3  1.14756E+04 0.00410 
   48    1    1    1    1    1    1    1    5    4  1.10632E+04 0.00416 
   49    1    1    1    1    1    1    1    5    5  0.00000E+00 0.00000 
   50    1    1    1    1    1    1    1    5    6  1.01306E+04 0.00414 
   51    1    1    1    1    1    1    1    5    7  9.62342E+03 0.00422 
   52    1    1    1    1    1    1    1    5    8  0.00000E+00 0.00000 
   53    1    1    1    1    1    1    1    5    9  8.89485E+03 0.00429 
   54    1    1    1    1    1    1    1    5   10  8.78919E+03 0.00442 
   55    1    1    1    1    1    1    1    5   11  0.00000E+00 0.00000 
   56    1    1    1    1    1    1    1    6    1  1.03587E+04 0.00421 
   57    1    1    1    1    1    1    1    6    2  1.02517E+04 0.00426 
   58    1    1    1    1    1    1    1    6    3  0.00000E+00 0.00000 
   59    1    1    1    1    1    1    1    6    4  9.87556E+03 0.00435 
   60    1    1    1    1    1    1    1    6    5  9.64679E+03 0.00437 
   61    1    1    1    1    1    1    1    6    6  0.00000E+00 0.00000 
   62    1    1    1    1    1    1    1    6    7  9.04427E+03 0.00444 
   63    1    1    1    1    1    1    1    6    8  8.91461E+03 0.00440 
   64    1    1    1    1    1    1    1    6    9  0.00000E+00 0.00000 
   65    1    1    1    1    1    1    1    6   10  8.58112E+03 0.00454 
   66    1    1    1    1    1    1    1    6   11  8.48448E+03 0.00460 
   67    1    1    1    1    1    1    1    7    1  0.00000E+00 0.00000 
   68    1    1    1    1    1    1    1    7    2  9.60346E+03 0.00436 
   69    1    1    1    1    1    1    1    7    3  9.48771E+03 0.00426 
   70    1    1    1    1    1    1    1    7    4  0.00000E+00 0.00000 
   71    1    1    1    1    1    1    1    7    5  9.12554E+03 0.00440 
   72    1    1    1    1    1    1    1    7    6  8.89289E+03 0.00451 
   73    1    1    1    1    1    1    1    7    7  0.00000E+00 0.00000 
   74    1    1    1    1    1    1    1    7    8  8.56725E+03 0.00442 
   75    1    1    1    1    1    1    1    7    9  8.55208E+03 0.00450 
   76    1    1    1    1    1    1    1    7   10  0.00000E+00 0.00000 
   77    1    1    1    1    1    1    1    7   11  8.25033E+03 0.00448 
   78    1    1    1    1    1    1    1    8    1  9.16971E+03 0.00439 
   79    1    1    1    1    1    1    1    8    2  0.00000E+00 0.00000 
   80    1    1    1    1    1    1    1    8    3  8.99998E+03 0.00450 
   81    1    1    1    1    1    1    1    8    4  8.83183E+03 0.00446 
   82    1    1    1    1    1    1    1    8    5  0.00000E+00 0.00000 
   83    1    1    1    1    1    1    1    8    6  8.68746E+03 0.00448 
   84    1    1    1    1    1    1    1    8    7  8.52112E+03 0.00443 
   85    1    1    1    1    1    1    1    8    8  0.00000E+00 0.00000 
   86    1    1    1    1    1    1    1    8    9  8.31879E+03 0.00459 
   87    1    1    1    1    1    1    1    8   10  8.22351E+03 0.00461 
   88    1    1    1    1    1    1    1    8   11  0.00000E+00 0.00000 
   89    1    1    1    1    1    1    1    9    1  8.84391E+03 0.00452 
   90    1    1    1    1    1    1    1    9    2  8.86094E+03 0.00437 
   91    1    1    1    1    1    1    1    9    3  0.00000E+00 0.00000 
   92    1    1    1    1    1    1    1    9    4  8.55100E+03 0.00448 
   93    1    1    1    1    1    1    1    9    5  8.50441E+03 0.00446 
   94    1    1    1    1    1    1    1    9    6  0.00000E+00 0.00000 
   95    1    1    1    1    1    1    1    9    7  8.27944E+03 0.00457 
   96    1    1    1    1    1    1    1    9    8  8.18826E+03 0.00457 
   97    1    1    1    1    1    1    1    9    9  0.00000E+00 0.00000 
   98    1    1    1    1    1    1    1    9   10  7.96211E+03 0.00466 
   99    1    1    1    1    1    1    1    9   11  7.92986E+03 0.00466 
  100    1    1    1    1    1    1    1   10    1  0.00000E+00 0.00000 
  101    1    1    1    1    1    1    1   10    2  8.65280E+03 0.00457 
  102    1    1    1    1    1    1    1   10    3  8.56346E+03 0.00449 
  103    1    1    1    1    1    1    1   10    4  0.00000E+00 0.00000 
  104    1    1    1    1    1    1    1   10    5  8.32286E+03 0.00449 
  105    1    1    1    1    1    1    1   10    6  8.27122E+03 0.00453 
  106    1    1    1    1    1    1    1   10    7  0.00000E+00 0.00000 
  107    1    1    1    1    1    1    1   10    8  7.96596E+03 0.00462 
  108    1    1    1    1    1    1    1   10    9  7.79681E+03 0.00467 
  109    1    1    1    1    1    1    1   10   10  0.00000E+00 0.00000 
