
DETassem1 = [
    1    1    1    1    1    1    1    1    1    1  0.00000E+00 0.00000 
    2    1    1    1    1    1    1    1    1    2  0.00000E+00 0.00000 
    3    1    1    1    1    1    1    1    1    3  0.00000E+00 0.00000 
    4    1    1    1    1    1    1    1    1    4  0.00000E+00 0.00000 
    5    1    1    1    1    1    1    1    1    5  0.00000E+00 0.00000 
    6    1    1    1    1    1    1    1    1    6  0.00000E+00 0.00000 
    7    1    1    1    1    1    1    1    1    7  0.00000E+00 0.00000 
    8    1    1    1    1    1    1    1    1    8  1.79050E+04 0.00361 
    9    1    1    1    1    1    1    1    1    9  1.40226E+04 0.00383 
   10    1    1    1    1    1    1    1    1   10  0.00000E+00 0.00000 
   11    1    1    1    1    1    1    1    1   11  1.03513E+04 0.00427 
   12    1    1    1    1    1    1    1    2    1  1.93578E+04 0.00346 
   13    1    1    1    1    1    1    1    2    2  0.00000E+00 0.00000 
   14    1    1    1    1    1    1    1    2    3  0.00000E+00 0.00000 
   15    1    1    1    1    1    1    1    2    4  0.00000E+00 0.00000 
   16    1    1    1    1    1    1    1    2    5  0.00000E+00 0.00000 
   17    1    1    1    1    1    1    1    2    6  1.91097E+04 0.00356 
   18    1    1    1    1    1    1    1    2    7  1.57025E+04 0.00370 
   19    1    1    1    1    1    1    1    2    8  0.00000E+00 0.00000 
   20    1    1    1    1    1    1    1    2    9  1.15340E+04 0.00412 
   21    1    1    1    1    1    1    1    2   10  1.04784E+04 0.00423 
   22    1    1    1    1    1    1    1    2   11  0.00000E+00 0.00000 
   23    1    1    1    1    1    1    1    3    1  1.57027E+04 0.00375 
   24    1    1    1    1    1    1    1    3    2  1.80028E+04 0.00351 
   25    1    1    1    1    1    1    1    3    3  0.00000E+00 0.00000 
   26    1    1    1    1    1    1    1    3    4  1.78201E+04 0.00354 
   27    1    1    1    1    1    1    1    3    5  1.57201E+04 0.00372 
   28    1    1    1    1    1    1    1    3    6  0.00000E+00 0.00000 
   29    1    1    1    1    1    1    1    3    7  1.22347E+04 0.00401 
   30    1    1    1    1    1    1    1    3    8  1.11481E+04 0.00412 
   31    1    1    1    1    1    1    1    3    9  0.00000E+00 0.00000 
   32    1    1    1    1    1    1    1    3   10  9.58954E+03 0.00433 
   33    1    1    1    1    1    1    1    3   11  9.22549E+03 0.00445 
   34    1    1    1    1    1    1    1    4    1  0.00000E+00 0.00000 
   35    1    1    1    1    1    1    1    4    2  1.40663E+04 0.00382 
   36    1    1    1    1    1    1    1    4    3  1.39656E+04 0.00388 
   37    1    1    1    1    1    1    1    4    4  0.00000E+00 0.00000 
   38    1    1    1    1    1    1    1    4    5  1.22360E+04 0.00396 
   39    1    1    1    1    1    1    1    4    6  1.13553E+04 0.00406 
   40    1    1    1    1    1    1    1    4    7  0.00000E+00 0.00000 
   41    1    1    1    1    1    1    1    4    8  9.88589E+03 0.00437 
   42    1    1    1    1    1    1    1    4    9  9.43293E+03 0.00433 
   43    1    1    1    1    1    1    1    4   10  0.00000E+00 0.00000 
   44    1    1    1    1    1    1    1    4   11  8.94180E+03 0.00437 
   45    1    1    1    1    1    1    1    5    1  1.14708E+04 0.00408 
   46    1    1    1    1    1    1    1    5    2  0.00000E+00 0.00000 
   47    1    1    1    1    1    1    1    5    3  1.14992E+04 0.00415 
   48    1    1    1    1    1    1    1    5    4  1.10812E+04 0.00415 
   49    1    1    1    1    1    1    1    5    5  0.00000E+00 0.00000 
   50    1    1    1    1    1    1    1    5    6  1.00007E+04 0.00419 
   51    1    1    1    1    1    1    1    5    7  9.48779E+03 0.00429 
   52    1    1    1    1    1    1    1    5    8  0.00000E+00 0.00000 
   53    1    1    1    1    1    1    1    5    9  8.97530E+03 0.00438 
   54    1    1    1    1    1    1    1    5   10  8.79173E+03 0.00441 
   55    1    1    1    1    1    1    1    5   11  0.00000E+00 0.00000 
   56    1    1    1    1    1    1    1    6    1  1.03595E+04 0.00423 
   57    1    1    1    1    1    1    1    6    2  1.04532E+04 0.00426 
   58    1    1    1    1    1    1    1    6    3  0.00000E+00 0.00000 
   59    1    1    1    1    1    1    1    6    4  9.85738E+03 0.00429 
   60    1    1    1    1    1    1    1    6    5  9.51385E+03 0.00440 
   61    1    1    1    1    1    1    1    6    6  0.00000E+00 0.00000 
   62    1    1    1    1    1    1    1    6    7  9.02539E+03 0.00441 
   63    1    1    1    1    1    1    1    6    8  8.79306E+03 0.00441 
   64    1    1    1    1    1    1    1    6    9  0.00000E+00 0.00000 
   65    1    1    1    1    1    1    1    6   10  8.64902E+03 0.00447 
   66    1    1    1    1    1    1    1    6   11  8.50361E+03 0.00455 
   67    1    1    1    1    1    1    1    7    1  0.00000E+00 0.00000 
   68    1    1    1    1    1    1    1    7    2  9.57976E+03 0.00432 
   69    1    1    1    1    1    1    1    7    3  9.37118E+03 0.00444 
   70    1    1    1    1    1    1    1    7    4  0.00000E+00 0.00000 
   71    1    1    1    1    1    1    1    7    5  9.09478E+03 0.00443 
   72    1    1    1    1    1    1    1    7    6  8.83403E+03 0.00446 
   73    1    1    1    1    1    1    1    7    7  0.00000E+00 0.00000 
   74    1    1    1    1    1    1    1    7    8  8.57235E+03 0.00465 
   75    1    1    1    1    1    1    1    7    9  8.52714E+03 0.00453 
   76    1    1    1    1    1    1    1    7   10  0.00000E+00 0.00000 
   77    1    1    1    1    1    1    1    7   11  8.29905E+03 0.00463 
   78    1    1    1    1    1    1    1    8    1  9.18803E+03 0.00444 
   79    1    1    1    1    1    1    1    8    2  0.00000E+00 0.00000 
   80    1    1    1    1    1    1    1    8    3  9.04397E+03 0.00444 
   81    1    1    1    1    1    1    1    8    4  8.72686E+03 0.00441 
   82    1    1    1    1    1    1    1    8    5  0.00000E+00 0.00000 
   83    1    1    1    1    1    1    1    8    6  8.64371E+03 0.00452 
   84    1    1    1    1    1    1    1    8    7  8.46642E+03 0.00447 
   85    1    1    1    1    1    1    1    8    8  0.00000E+00 0.00000 
   86    1    1    1    1    1    1    1    8    9  8.30388E+03 0.00465 
   87    1    1    1    1    1    1    1    8   10  8.20081E+03 0.00464 
   88    1    1    1    1    1    1    1    8   11  0.00000E+00 0.00000 
   89    1    1    1    1    1    1    1    9    1  8.97782E+03 0.00441 
   90    1    1    1    1    1    1    1    9    2  8.87239E+03 0.00435 
   91    1    1    1    1    1    1    1    9    3  0.00000E+00 0.00000 
   92    1    1    1    1    1    1    1    9    4  8.60476E+03 0.00443 
   93    1    1    1    1    1    1    1    9    5  8.45864E+03 0.00452 
   94    1    1    1    1    1    1    1    9    6  0.00000E+00 0.00000 
   95    1    1    1    1    1    1    1    9    7  8.29919E+03 0.00454 
   96    1    1    1    1    1    1    1    9    8  8.15973E+03 0.00462 
   97    1    1    1    1    1    1    1    9    9  0.00000E+00 0.00000 
   98    1    1    1    1    1    1    1    9   10  8.06138E+03 0.00458 
   99    1    1    1    1    1    1    1    9   11  7.92479E+03 0.00456 
  100    1    1    1    1    1    1    1   10    1  0.00000E+00 0.00000 
  101    1    1    1    1    1    1    1   10    2  8.61608E+03 0.00455 
  102    1    1    1    1    1    1    1   10    3  8.54484E+03 0.00454 
  103    1    1    1    1    1    1    1   10    4  0.00000E+00 0.00000 
  104    1    1    1    1    1    1    1   10    5  8.20285E+03 0.00449 
  105    1    1    1    1    1    1    1   10    6  8.21839E+03 0.00457 
  106    1    1    1    1    1    1    1   10    7  0.00000E+00 0.00000 
  107    1    1    1    1    1    1    1   10    8  7.92917E+03 0.00467 
  108    1    1    1    1    1    1    1   10    9  7.95929E+03 0.00467 
  109    1    1    1    1    1    1    1   10   10  0.00000E+00 0.00000 
