
ZAI = [
922350
922380
666
0
];

NAMES = [
'U235            '
'U238            '
'lost            '
'total           '
];

i922350 = 1; iU235             = 1;
i922380 = 2; iU238             = 2;
iLOST    = 3;
iTOT     = 4;

MAT_un_VOLUME = [ 2.67180E+05 2.67180E+05 ];

MAT_un_BURNUP = [ 0.00000E+00 4.29028E+01 ];

MAT_un_ADENS = [
4.83387E-03 3.50893E-03 % U235
1.93936E-02 1.88542E-02 % U238
0.00000E+00 3.80439E-30 % lost data
7.26897E-02 7.38014E-02 % total
];

MAT_un_MDENS = [
1.88669E+00 1.36956E+00 % U235
7.66628E+00 7.45303E+00 % U238
0.00000E+00 0.00000E+00 % lost data
1.08000E+01 1.07986E+01 % total
];

MAT_un_A = [
4.03062E+10 2.92585E+10 % U235
2.54731E+10 2.47646E+10 % U238
0.00000E+00 0.00000E+00 % lost data
6.57794E+10 3.28278E+18 % total
];

MAT_un_H = [
3.02152E-02 2.19333E-02 % U235
1.74272E-02 1.69425E-02 % U238
0.00000E+00 0.00000E+00 % lost data
4.76424E-02 9.64597E+05 % total
];

MAT_un_SF = [
2.90205E+00 2.10661E+00 % U235
1.39083E+04 1.35214E+04 % U238
0.00000E+00 0.00000E+00 % lost data
1.39112E+04 1.03907E+08 % total
];

MAT_un_GSRC = [
5.09272E+10 3.69683E+10 % U235
2.25574E+09 2.19299E+09 % U238
0.00000E+00 0.00000E+00 % lost data
5.31830E+10 3.52901E+18 % total
];

MAT_un_ING_TOX = [
1.89439E+03 1.37515E+03 % U235
1.14629E+03 1.11441E+03 % U238
0.00000E+00 0.00000E+00 % lost data
3.04068E+03 2.23542E+09 % total
];

MAT_un_INH_TOX = [
3.42603E+05 2.48697E+05 % U235
2.03785E+05 1.98116E+05 % U238
0.00000E+00 0.00000E+00 % lost data
5.46388E+05 8.02778E+10 % total
];

TOT_VOLUME = [ 2.67180E+05 2.67180E+05 ];

TOT_BURNUP = [ 0.00000E+00 4.29028E+01 ];

TOT_ADENS = [
4.83387E-03 3.50893E-03 % U235
1.93936E-02 1.88542E-02 % U238
0.00000E+00 3.80439E-30 % lost data
7.26897E-02 7.38014E-02 % total
];

TOT_MASS = [
5.04086E+05 3.65919E+05 % U235
2.04828E+06 1.99130E+06 % U238
0.00000E+00 0.00000E+00 % lost data
2.88555E+06 2.88518E+06 % total
];

TOT_A = [
4.03062E+10 2.92585E+10 % U235
2.54731E+10 2.47646E+10 % U238
0.00000E+00 0.00000E+00 % lost data
6.57794E+10 3.28278E+18 % total
];

TOT_H = [
3.02152E-02 2.19333E-02 % U235
1.74272E-02 1.69425E-02 % U238
0.00000E+00 0.00000E+00 % lost data
4.76424E-02 9.64597E+05 % total
];

TOT_SF = [
2.90205E+00 2.10661E+00 % U235
1.39083E+04 1.35214E+04 % U238
0.00000E+00 0.00000E+00 % lost data
1.39112E+04 1.03907E+08 % total
];

TOT_GSRC = [
5.09272E+10 3.69683E+10 % U235
2.25574E+09 2.19299E+09 % U238
0.00000E+00 0.00000E+00 % lost data
5.31830E+10 3.52901E+18 % total
];

TOT_ING_TOX = [
1.89439E+03 1.37515E+03 % U235
1.14629E+03 1.11441E+03 % U238
0.00000E+00 0.00000E+00 % lost data
3.04068E+03 2.23542E+09 % total
];

TOT_INH_TOX = [
3.42603E+05 2.48697E+05 % U235
2.03785E+05 1.98116E+05 % U238
0.00000E+00 0.00000E+00 % lost data
5.46388E+05 8.02778E+10 % total
];

BU = [ 0.00000E+00 4.29014E+01 ];

DAYS = [ 0.00000E+00 7.30000E+03 ];
