
DETassem1 = [
    1    1    1    1    1    1    1    1    1    1  0.00000E+00 0.00000 
    2    1    1    1    1    1    1    1    1    2  0.00000E+00 0.00000 
    3    1    1    1    1    1    1    1    1    3  0.00000E+00 0.00000 
    4    1    1    1    1    1    1    1    1    4  0.00000E+00 0.00000 
    5    1    1    1    1    1    1    1    1    5  0.00000E+00 0.00000 
    6    1    1    1    1    1    1    1    1    6  0.00000E+00 0.00000 
    7    1    1    1    1    1    1    1    1    7  0.00000E+00 0.00000 
    8    1    1    1    1    1    1    1    1    8  1.82440E+04 0.00368 
    9    1    1    1    1    1    1    1    1    9  1.37090E+04 0.00398 
   10    1    1    1    1    1    1    1    1   10  0.00000E+00 0.00000 
   11    1    1    1    1    1    1    1    1   11  1.00574E+04 0.00441 
   12    1    1    1    1    1    1    1    2    1  1.96624E+04 0.00370 
   13    1    1    1    1    1    1    1    2    2  0.00000E+00 0.00000 
   14    1    1    1    1    1    1    1    2    3  0.00000E+00 0.00000 
   15    1    1    1    1    1    1    1    2    4  0.00000E+00 0.00000 
   16    1    1    1    1    1    1    1    2    5  0.00000E+00 0.00000 
   17    1    1    1    1    1    1    1    2    6  1.95999E+04 0.00361 
   18    1    1    1    1    1    1    1    2    7  1.57105E+04 0.00393 
   19    1    1    1    1    1    1    1    2    8  0.00000E+00 0.00000 
   20    1    1    1    1    1    1    1    2    9  1.11971E+04 0.00425 
   21    1    1    1    1    1    1    1    2   10  1.00016E+04 0.00433 
   22    1    1    1    1    1    1    1    2   11  0.00000E+00 0.00000 
   23    1    1    1    1    1    1    1    3    1  1.57422E+04 0.00389 
   24    1    1    1    1    1    1    1    3    2  1.80647E+04 0.00370 
   25    1    1    1    1    1    1    1    3    3  0.00000E+00 0.00000 
   26    1    1    1    1    1    1    1    3    4  1.81617E+04 0.00369 
   27    1    1    1    1    1    1    1    3    5  1.57909E+04 0.00383 
   28    1    1    1    1    1    1    1    3    6  0.00000E+00 0.00000 
   29    1    1    1    1    1    1    1    3    7  1.18846E+04 0.00419 
   30    1    1    1    1    1    1    1    3    8  1.07249E+04 0.00435 
   31    1    1    1    1    1    1    1    3    9  0.00000E+00 0.00000 
   32    1    1    1    1    1    1    1    3   10  9.20735E+03 0.00454 
   33    1    1    1    1    1    1    1    3   11  8.85579E+03 0.00459 
   34    1    1    1    1    1    1    1    4    1  0.00000E+00 0.00000 
   35    1    1    1    1    1    1    1    4    2  1.37347E+04 0.00407 
   36    1    1    1    1    1    1    1    4    3  1.37314E+04 0.00405 
   37    1    1    1    1    1    1    1    4    4  0.00000E+00 0.00000 
   38    1    1    1    1    1    1    1    4    5  1.19303E+04 0.00415 
   39    1    1    1    1    1    1    1    4    6  1.10349E+04 0.00440 
   40    1    1    1    1    1    1    1    4    7  0.00000E+00 0.00000 
   41    1    1    1    1    1    1    1    4    8  9.56369E+03 0.00446 
   42    1    1    1    1    1    1    1    4    9  9.11096E+03 0.00459 
   43    1    1    1    1    1    1    1    4   10  0.00000E+00 0.00000 
   44    1    1    1    1    1    1    1    4   11  8.63003E+03 0.00459 
   45    1    1    1    1    1    1    1    5    1  1.11006E+04 0.00426 
   46    1    1    1    1    1    1    1    5    2  0.00000E+00 0.00000 
   47    1    1    1    1    1    1    1    5    3  1.11954E+04 0.00429 
   48    1    1    1    1    1    1    1    5    4  1.07100E+04 0.00438 
   49    1    1    1    1    1    1    1    5    5  0.00000E+00 0.00000 
   50    1    1    1    1    1    1    1    5    6  9.74449E+03 0.00449 
   51    1    1    1    1    1    1    1    5    7  9.32581E+03 0.00442 
   52    1    1    1    1    1    1    1    5    8  0.00000E+00 0.00000 
   53    1    1    1    1    1    1    1    5    9  8.59685E+03 0.00463 
   54    1    1    1    1    1    1    1    5   10  8.48743E+03 0.00465 
   55    1    1    1    1    1    1    1    5   11  0.00000E+00 0.00000 
   56    1    1    1    1    1    1    1    6    1  1.00197E+04 0.00441 
   57    1    1    1    1    1    1    1    6    2  1.00151E+04 0.00445 
   58    1    1    1    1    1    1    1    6    3  0.00000E+00 0.00000 
   59    1    1    1    1    1    1    1    6    4  9.58254E+03 0.00453 
   60    1    1    1    1    1    1    1    6    5  9.29397E+03 0.00452 
   61    1    1    1    1    1    1    1    6    6  0.00000E+00 0.00000 
   62    1    1    1    1    1    1    1    6    7  8.75364E+03 0.00458 
   63    1    1    1    1    1    1    1    6    8  8.51129E+03 0.00453 
   64    1    1    1    1    1    1    1    6    9  0.00000E+00 0.00000 
   65    1    1    1    1    1    1    1    6   10  8.25614E+03 0.00479 
   66    1    1    1    1    1    1    1    6   11  8.24086E+03 0.00466 
   67    1    1    1    1    1    1    1    7    1  0.00000E+00 0.00000 
   68    1    1    1    1    1    1    1    7    2  9.37822E+03 0.00453 
   69    1    1    1    1    1    1    1    7    3  9.06451E+03 0.00452 
   70    1    1    1    1    1    1    1    7    4  0.00000E+00 0.00000 
   71    1    1    1    1    1    1    1    7    5  8.75566E+03 0.00460 
   72    1    1    1    1    1    1    1    7    6  8.55349E+03 0.00468 
   73    1    1    1    1    1    1    1    7    7  0.00000E+00 0.00000 
   74    1    1    1    1    1    1    1    7    8  8.20714E+03 0.00465 
   75    1    1    1    1    1    1    1    7    9  8.18610E+03 0.00472 
   76    1    1    1    1    1    1    1    7   10  0.00000E+00 0.00000 
   77    1    1    1    1    1    1    1    7   11  8.03467E+03 0.00465 
   78    1    1    1    1    1    1    1    8    1  8.92085E+03 0.00457 
   79    1    1    1    1    1    1    1    8    2  0.00000E+00 0.00000 
   80    1    1    1    1    1    1    1    8    3  8.68811E+03 0.00464 
   81    1    1    1    1    1    1    1    8    4  8.49786E+03 0.00466 
   82    1    1    1    1    1    1    1    8    5  0.00000E+00 0.00000 
   83    1    1    1    1    1    1    1    8    6  8.25511E+03 0.00461 
   84    1    1    1    1    1    1    1    8    7  8.19833E+03 0.00471 
   85    1    1    1    1    1    1    1    8    8  0.00000E+00 0.00000 
   86    1    1    1    1    1    1    1    8    9  8.07296E+03 0.00460 
   87    1    1    1    1    1    1    1    8   10  7.91922E+03 0.00478 
   88    1    1    1    1    1    1    1    8   11  0.00000E+00 0.00000 
   89    1    1    1    1    1    1    1    9    1  8.62579E+03 0.00468 
   90    1    1    1    1    1    1    1    9    2  8.56381E+03 0.00474 
   91    1    1    1    1    1    1    1    9    3  0.00000E+00 0.00000 
   92    1    1    1    1    1    1    1    9    4  8.26295E+03 0.00461 
   93    1    1    1    1    1    1    1    9    5  8.17862E+03 0.00469 
   94    1    1    1    1    1    1    1    9    6  0.00000E+00 0.00000 
   95    1    1    1    1    1    1    1    9    7  8.02597E+03 0.00488 
   96    1    1    1    1    1    1    1    9    8  7.96016E+03 0.00482 
   97    1    1    1    1    1    1    1    9    9  0.00000E+00 0.00000 
   98    1    1    1    1    1    1    1    9   10  7.77628E+03 0.00490 
   99    1    1    1    1    1    1    1    9   11  7.69255E+03 0.00486 
  100    1    1    1    1    1    1    1   10    1  0.00000E+00 0.00000 
  101    1    1    1    1    1    1    1   10    2  8.31349E+03 0.00471 
  102    1    1    1    1    1    1    1   10    3  8.26970E+03 0.00467 
  103    1    1    1    1    1    1    1   10    4  0.00000E+00 0.00000 
  104    1    1    1    1    1    1    1   10    5  8.10331E+03 0.00476 
  105    1    1    1    1    1    1    1   10    6  7.97061E+03 0.00473 
  106    1    1    1    1    1    1    1   10    7  0.00000E+00 0.00000 
  107    1    1    1    1    1    1    1   10    8  7.80056E+03 0.00494 
  108    1    1    1    1    1    1    1   10    9  7.67336E+03 0.00484 
  109    1    1    1    1    1    1    1   10   10  0.00000E+00 0.00000 
