
DETassem1 = [
    1    1    1    1    1    1    1    1    1    1  0.00000E+00 0.00000 
    2    1    1    1    1    1    1    1    1    2  0.00000E+00 0.00000 
    3    1    1    1    1    1    1    1    1    3  0.00000E+00 0.00000 
    4    1    1    1    1    1    1    1    1    4  0.00000E+00 0.00000 
    5    1    1    1    1    1    1    1    1    5  0.00000E+00 0.00000 
    6    1    1    1    1    1    1    1    1    6  0.00000E+00 0.00000 
    7    1    1    1    1    1    1    1    1    7  0.00000E+00 0.00000 
    8    1    1    1    1    1    1    1    1    8  1.83084E+04 0.00368 
    9    1    1    1    1    1    1    1    1    9  1.40431E+04 0.00391 
   10    1    1    1    1    1    1    1    1   10  0.00000E+00 0.00000 
   11    1    1    1    1    1    1    1    1   11  9.95876E+03 0.00444 
   12    1    1    1    1    1    1    1    2    1  1.97515E+04 0.00359 
   13    1    1    1    1    1    1    1    2    2  0.00000E+00 0.00000 
   14    1    1    1    1    1    1    1    2    3  0.00000E+00 0.00000 
   15    1    1    1    1    1    1    1    2    4  0.00000E+00 0.00000 
   16    1    1    1    1    1    1    1    2    5  0.00000E+00 0.00000 
   17    1    1    1    1    1    1    1    2    6  1.98105E+04 0.00364 
   18    1    1    1    1    1    1    1    2    7  1.57215E+04 0.00383 
   19    1    1    1    1    1    1    1    2    8  0.00000E+00 0.00000 
   20    1    1    1    1    1    1    1    2    9  1.12395E+04 0.00424 
   21    1    1    1    1    1    1    1    2   10  1.00919E+04 0.00444 
   22    1    1    1    1    1    1    1    2   11  0.00000E+00 0.00000 
   23    1    1    1    1    1    1    1    3    1  1.58816E+04 0.00384 
   24    1    1    1    1    1    1    1    3    2  1.83298E+04 0.00372 
   25    1    1    1    1    1    1    1    3    3  0.00000E+00 0.00000 
   26    1    1    1    1    1    1    1    3    4  1.83213E+04 0.00367 
   27    1    1    1    1    1    1    1    3    5  1.58069E+04 0.00369 
   28    1    1    1    1    1    1    1    3    6  0.00000E+00 0.00000 
   29    1    1    1    1    1    1    1    3    7  1.20256E+04 0.00414 
   30    1    1    1    1    1    1    1    3    8  1.09058E+04 0.00432 
   31    1    1    1    1    1    1    1    3    9  0.00000E+00 0.00000 
   32    1    1    1    1    1    1    1    3   10  9.24285E+03 0.00466 
   33    1    1    1    1    1    1    1    3   11  8.90552E+03 0.00448 
   34    1    1    1    1    1    1    1    4    1  0.00000E+00 0.00000 
   35    1    1    1    1    1    1    1    4    2  1.39871E+04 0.00413 
   36    1    1    1    1    1    1    1    4    3  1.40279E+04 0.00395 
   37    1    1    1    1    1    1    1    4    4  0.00000E+00 0.00000 
   38    1    1    1    1    1    1    1    4    5  1.20773E+04 0.00423 
   39    1    1    1    1    1    1    1    4    6  1.11389E+04 0.00423 
   40    1    1    1    1    1    1    1    4    7  0.00000E+00 0.00000 
   41    1    1    1    1    1    1    1    4    8  9.70037E+03 0.00437 
   42    1    1    1    1    1    1    1    4    9  9.13237E+03 0.00454 
   43    1    1    1    1    1    1    1    4   10  0.00000E+00 0.00000 
   44    1    1    1    1    1    1    1    4   11  8.64327E+03 0.00467 
   45    1    1    1    1    1    1    1    5    1  1.12508E+04 0.00430 
   46    1    1    1    1    1    1    1    5    2  0.00000E+00 0.00000 
   47    1    1    1    1    1    1    1    5    3  1.12358E+04 0.00437 
   48    1    1    1    1    1    1    1    5    4  1.07841E+04 0.00432 
   49    1    1    1    1    1    1    1    5    5  0.00000E+00 0.00000 
   50    1    1    1    1    1    1    1    5    6  9.75393E+03 0.00442 
   51    1    1    1    1    1    1    1    5    7  9.42045E+03 0.00447 
   52    1    1    1    1    1    1    1    5    8  0.00000E+00 0.00000 
   53    1    1    1    1    1    1    1    5    9  8.70604E+03 0.00452 
   54    1    1    1    1    1    1    1    5   10  8.50007E+03 0.00454 
   55    1    1    1    1    1    1    1    5   11  0.00000E+00 0.00000 
   56    1    1    1    1    1    1    1    6    1  9.94386E+03 0.00437 
   57    1    1    1    1    1    1    1    6    2  9.98413E+03 0.00443 
   58    1    1    1    1    1    1    1    6    3  0.00000E+00 0.00000 
   59    1    1    1    1    1    1    1    6    4  9.67956E+03 0.00442 
   60    1    1    1    1    1    1    1    6    5  9.30346E+03 0.00459 
   61    1    1    1    1    1    1    1    6    6  0.00000E+00 0.00000 
   62    1    1    1    1    1    1    1    6    7  8.77339E+03 0.00462 
   63    1    1    1    1    1    1    1    6    8  8.64723E+03 0.00456 
   64    1    1    1    1    1    1    1    6    9  0.00000E+00 0.00000 
   65    1    1    1    1    1    1    1    6   10  8.45834E+03 0.00461 
   66    1    1    1    1    1    1    1    6   11  8.24444E+03 0.00472 
   67    1    1    1    1    1    1    1    7    1  0.00000E+00 0.00000 
   68    1    1    1    1    1    1    1    7    2  9.26026E+03 0.00459 
   69    1    1    1    1    1    1    1    7    3  9.12746E+03 0.00447 
   70    1    1    1    1    1    1    1    7    4  0.00000E+00 0.00000 
   71    1    1    1    1    1    1    1    7    5  8.80879E+03 0.00460 
   72    1    1    1    1    1    1    1    7    6  8.66060E+03 0.00468 
   73    1    1    1    1    1    1    1    7    7  0.00000E+00 0.00000 
   74    1    1    1    1    1    1    1    7    8  8.37813E+03 0.00455 
   75    1    1    1    1    1    1    1    7    9  8.23597E+03 0.00467 
   76    1    1    1    1    1    1    1    7   10  0.00000E+00 0.00000 
   77    1    1    1    1    1    1    1    7   11  8.09757E+03 0.00467 
   78    1    1    1    1    1    1    1    8    1  8.90467E+03 0.00453 
   79    1    1    1    1    1    1    1    8    2  0.00000E+00 0.00000 
   80    1    1    1    1    1    1    1    8    3  8.66944E+03 0.00468 
   81    1    1    1    1    1    1    1    8    4  8.63756E+03 0.00464 
   82    1    1    1    1    1    1    1    8    5  0.00000E+00 0.00000 
   83    1    1    1    1    1    1    1    8    6  8.33728E+03 0.00469 
   84    1    1    1    1    1    1    1    8    7  8.17610E+03 0.00464 
   85    1    1    1    1    1    1    1    8    8  0.00000E+00 0.00000 
   86    1    1    1    1    1    1    1    8    9  8.11004E+03 0.00477 
   87    1    1    1    1    1    1    1    8   10  7.99055E+03 0.00467 
   88    1    1    1    1    1    1    1    8   11  0.00000E+00 0.00000 
   89    1    1    1    1    1    1    1    9    1  8.72054E+03 0.00447 
   90    1    1    1    1    1    1    1    9    2  8.58692E+03 0.00453 
   91    1    1    1    1    1    1    1    9    3  0.00000E+00 0.00000 
   92    1    1    1    1    1    1    1    9    4  8.34390E+03 0.00458 
   93    1    1    1    1    1    1    1    9    5  8.22030E+03 0.00474 
   94    1    1    1    1    1    1    1    9    6  0.00000E+00 0.00000 
   95    1    1    1    1    1    1    1    9    7  8.09324E+03 0.00472 
   96    1    1    1    1    1    1    1    9    8  7.97865E+03 0.00481 
   97    1    1    1    1    1    1    1    9    9  0.00000E+00 0.00000 
   98    1    1    1    1    1    1    1    9   10  7.79324E+03 0.00476 
   99    1    1    1    1    1    1    1    9   11  7.65448E+03 0.00489 
  100    1    1    1    1    1    1    1   10    1  0.00000E+00 0.00000 
  101    1    1    1    1    1    1    1   10    2  8.31843E+03 0.00462 
  102    1    1    1    1    1    1    1   10    3  8.27354E+03 0.00466 
  103    1    1    1    1    1    1    1   10    4  0.00000E+00 0.00000 
  104    1    1    1    1    1    1    1   10    5  8.09976E+03 0.00467 
  105    1    1    1    1    1    1    1   10    6  8.03453E+03 0.00470 
  106    1    1    1    1    1    1    1   10    7  0.00000E+00 0.00000 
  107    1    1    1    1    1    1    1   10    8  7.80195E+03 0.00480 
  108    1    1    1    1    1    1    1   10    9  7.69551E+03 0.00484 
  109    1    1    1    1    1    1    1   10   10  0.00000E+00 0.00000 
