
ZAI = [
922350
922380
666
0
];

NAMES = [
'U235            '
'U238            '
'lost            '
'total           '
];

i922350 = 1; iU235             = 1;
i922380 = 2; iU238             = 2;
iLOST    = 3;
iTOT     = 4;

MAT_un_VOLUME = [ 2.67279E+05 2.67279E+05 ];

MAT_un_BURNUP = [ 0.00000E+00 4.28869E+01 ];

MAT_un_ADENS = [
4.83387E-03 3.50951E-03 % U235
1.93936E-02 1.88549E-02 % U238
0.00000E+00 2.66203E-30 % lost data
7.26897E-02 7.38010E-02 % total
];

MAT_un_MDENS = [
1.88669E+00 1.36978E+00 % U235
7.66628E+00 7.45331E+00 % U238
0.00000E+00 0.00000E+00 % lost data
1.08000E+01 1.07986E+01 % total
];

MAT_un_A = [
4.03211E+10 2.92741E+10 % U235
2.54825E+10 2.47746E+10 % U238
0.00000E+00 0.00000E+00 % lost data
6.58036E+10 3.28268E+18 % total
];

MAT_un_H = [
3.02263E-02 2.19451E-02 % U235
1.74337E-02 1.69493E-02 % U238
0.00000E+00 0.00000E+00 % lost data
4.76600E-02 9.64652E+05 % total
];

MAT_un_SF = [
2.90312E+00 2.10774E+00 % U235
1.39135E+04 1.35269E+04 % U238
0.00000E+00 0.00000E+00 % lost data
1.39164E+04 1.03890E+08 % total
];

MAT_un_GSRC = [
5.09460E+10 3.69880E+10 % U235
2.25657E+09 2.19388E+09 % U238
0.00000E+00 0.00000E+00 % lost data
5.32026E+10 3.52885E+18 % total
];

MAT_un_ING_TOX = [
1.89509E+03 1.37588E+03 % U235
1.14671E+03 1.11486E+03 % U238
0.00000E+00 0.00000E+00 % lost data
3.04180E+03 2.23529E+09 % total
];

MAT_un_INH_TOX = [
3.42729E+05 2.48830E+05 % U235
2.03860E+05 1.98197E+05 % U238
0.00000E+00 0.00000E+00 % lost data
5.46589E+05 8.02273E+10 % total
];

TOT_VOLUME = [ 2.67279E+05 2.67279E+05 ];

TOT_BURNUP = [ 0.00000E+00 4.28869E+01 ];

TOT_ADENS = [
4.83387E-03 3.50951E-03 % U235
1.93936E-02 1.88549E-02 % U238
0.00000E+00 2.66203E-30 % lost data
7.26897E-02 7.38010E-02 % total
];

TOT_MASS = [
5.04272E+05 3.66114E+05 % U235
2.04903E+06 1.99211E+06 % U238
0.00000E+00 0.00000E+00 % lost data
2.88661E+06 2.88624E+06 % total
];

TOT_A = [
4.03211E+10 2.92741E+10 % U235
2.54825E+10 2.47746E+10 % U238
0.00000E+00 0.00000E+00 % lost data
6.58036E+10 3.28268E+18 % total
];

TOT_H = [
3.02263E-02 2.19451E-02 % U235
1.74337E-02 1.69493E-02 % U238
0.00000E+00 0.00000E+00 % lost data
4.76600E-02 9.64652E+05 % total
];

TOT_SF = [
2.90312E+00 2.10774E+00 % U235
1.39135E+04 1.35269E+04 % U238
0.00000E+00 0.00000E+00 % lost data
1.39164E+04 1.03890E+08 % total
];

TOT_GSRC = [
5.09460E+10 3.69880E+10 % U235
2.25657E+09 2.19388E+09 % U238
0.00000E+00 0.00000E+00 % lost data
5.32026E+10 3.52885E+18 % total
];

TOT_ING_TOX = [
1.89509E+03 1.37588E+03 % U235
1.14671E+03 1.11486E+03 % U238
0.00000E+00 0.00000E+00 % lost data
3.04180E+03 2.23529E+09 % total
];

TOT_INH_TOX = [
3.42729E+05 2.48830E+05 % U235
2.03860E+05 1.98197E+05 % U238
0.00000E+00 0.00000E+00 % lost data
5.46589E+05 8.02273E+10 % total
];

BU = [ 0.00000E+00 4.28856E+01 ];

DAYS = [ 0.00000E+00 7.30000E+03 ];
