
ZAI = [
922350
922380
666
0
];

NAMES = [
'U235            '
'U238            '
'lost            '
'total           '
];

i922350 = 1; iU235             = 1;
i922380 = 2; iU238             = 2;
iLOST    = 3;
iTOT     = 4;

MAT_un_VOLUME = [ 2.66877E+05 2.66877E+05 ];

MAT_un_BURNUP = [ 0.00000E+00 4.29514E+01 ];

MAT_un_ADENS = [
4.83387E-03 3.50784E-03 % U235
1.93936E-02 1.88545E-02 % U238
0.00000E+00 3.45840E-30 % lost data
7.26897E-02 7.38026E-02 % total
];

MAT_un_MDENS = [
1.88669E+00 1.36913E+00 % U235
7.66628E+00 7.45316E+00 % U238
0.00000E+00 0.00000E+00 % lost data
1.08000E+01 1.07986E+01 % total
];

MAT_un_A = [
4.02605E+10 2.92163E+10 % U235
2.54442E+10 2.47369E+10 % U238
0.00000E+00 0.00000E+00 % lost data
6.57047E+10 3.28170E+18 % total
];

MAT_un_H = [
3.01809E-02 2.19017E-02 % U235
1.74075E-02 1.69235E-02 % U238
0.00000E+00 0.00000E+00 % lost data
4.75883E-02 9.64459E+05 % total
];

MAT_un_SF = [
2.89876E+00 2.10357E+00 % U235
1.38925E+04 1.35063E+04 % U238
0.00000E+00 0.00000E+00 % lost data
1.38954E+04 1.03950E+08 % total
];

MAT_un_GSRC = [
5.08694E+10 3.69149E+10 % U235
2.25318E+09 2.19054E+09 % U238
0.00000E+00 0.00000E+00 % lost data
5.31226E+10 3.52772E+18 % total
];

MAT_un_ING_TOX = [
1.89224E+03 1.37316E+03 % U235
1.14499E+03 1.11316E+03 % U238
0.00000E+00 0.00000E+00 % lost data
3.03723E+03 2.23475E+09 % total
];

MAT_un_INH_TOX = [
3.42214E+05 2.48338E+05 % U235
2.03554E+05 1.97895E+05 % U238
0.00000E+00 0.00000E+00 % lost data
5.45768E+05 8.02202E+10 % total
];

TOT_VOLUME = [ 2.66877E+05 2.66877E+05 ];

TOT_BURNUP = [ 0.00000E+00 4.29514E+01 ];

TOT_ADENS = [
4.83387E-03 3.50784E-03 % U235
1.93936E-02 1.88545E-02 % U238
0.00000E+00 3.45840E-30 % lost data
7.26897E-02 7.38026E-02 % total
];

TOT_MASS = [
5.03514E+05 3.65390E+05 % U235
2.04595E+06 1.98908E+06 % U238
0.00000E+00 0.00000E+00 % lost data
2.88227E+06 2.88190E+06 % total
];

TOT_A = [
4.02605E+10 2.92163E+10 % U235
2.54442E+10 2.47369E+10 % U238
0.00000E+00 0.00000E+00 % lost data
6.57047E+10 3.28170E+18 % total
];

TOT_H = [
3.01809E-02 2.19017E-02 % U235
1.74075E-02 1.69235E-02 % U238
0.00000E+00 0.00000E+00 % lost data
4.75883E-02 9.64459E+05 % total
];

TOT_SF = [
2.89876E+00 2.10357E+00 % U235
1.38925E+04 1.35063E+04 % U238
0.00000E+00 0.00000E+00 % lost data
1.38954E+04 1.03950E+08 % total
];

TOT_GSRC = [
5.08694E+10 3.69149E+10 % U235
2.25318E+09 2.19054E+09 % U238
0.00000E+00 0.00000E+00 % lost data
5.31226E+10 3.52772E+18 % total
];

TOT_ING_TOX = [
1.89224E+03 1.37316E+03 % U235
1.14499E+03 1.11316E+03 % U238
0.00000E+00 0.00000E+00 % lost data
3.03723E+03 2.23475E+09 % total
];

TOT_INH_TOX = [
3.42214E+05 2.48338E+05 % U235
2.03554E+05 1.97895E+05 % U238
0.00000E+00 0.00000E+00 % lost data
5.45768E+05 8.02202E+10 % total
];

BU = [ 0.00000E+00 4.29501E+01 ];

DAYS = [ 0.00000E+00 7.30000E+03 ];
