
ZAI = [
922350
922380
666
0
];

NAMES = [
'U235            '
'U238            '
'lost            '
'total           '
];

i922350 = 1; iU235             = 1;
i922380 = 2; iU238             = 2;
iLOST    = 3;
iTOT     = 4;

MAT_un_VOLUME = [ 2.67129E+05 2.67129E+05 ];

MAT_un_BURNUP = [ 0.00000E+00 4.29109E+01 ];

MAT_un_ADENS = [
4.83387E-03 3.50901E-03 % U235
1.93936E-02 1.88556E-02 % U238
0.00000E+00 3.30953E-30 % lost data
7.26897E-02 7.38016E-02 % total
];

MAT_un_MDENS = [
1.88669E+00 1.36959E+00 % U235
7.66628E+00 7.45358E+00 % U238
0.00000E+00 0.00000E+00 % lost data
1.08000E+01 1.07986E+01 % total
];

MAT_un_A = [
4.02985E+10 2.92536E+10 % U235
2.54682E+10 2.47616E+10 % U238
0.00000E+00 0.00000E+00 % lost data
6.57667E+10 3.28148E+18 % total
];

MAT_un_H = [
3.02094E-02 2.19297E-02 % U235
1.74239E-02 1.69405E-02 % U238
0.00000E+00 0.00000E+00 % lost data
4.76333E-02 9.64519E+05 % total
];

MAT_un_SF = [
2.90149E+00 2.10626E+00 % U235
1.39057E+04 1.35199E+04 % U238
0.00000E+00 0.00000E+00 % lost data
1.39086E+04 1.03851E+08 % total
];

MAT_un_GSRC = [
5.09174E+10 3.69621E+10 % U235
2.25530E+09 2.19273E+09 % U238
0.00000E+00 0.00000E+00 % lost data
5.31727E+10 3.52742E+18 % total
];

MAT_un_ING_TOX = [
1.89403E+03 1.37492E+03 % U235
1.14607E+03 1.11427E+03 % U238
0.00000E+00 0.00000E+00 % lost data
3.04010E+03 2.23443E+09 % total
];

MAT_un_INH_TOX = [
3.42537E+05 2.48656E+05 % U235
2.03746E+05 1.98093E+05 % U238
0.00000E+00 0.00000E+00 % lost data
5.46283E+05 8.01256E+10 % total
];

TOT_VOLUME = [ 2.67129E+05 2.67129E+05 ];

TOT_BURNUP = [ 0.00000E+00 4.29109E+01 ];

TOT_ADENS = [
4.83387E-03 3.50901E-03 % U235
1.93936E-02 1.88556E-02 % U238
0.00000E+00 3.30953E-30 % lost data
7.26897E-02 7.38016E-02 % total
];

TOT_MASS = [
5.03990E+05 3.65857E+05 % U235
2.04789E+06 1.99107E+06 % U238
0.00000E+00 0.00000E+00 % lost data
2.88499E+06 2.88462E+06 % total
];

TOT_A = [
4.02985E+10 2.92536E+10 % U235
2.54682E+10 2.47616E+10 % U238
0.00000E+00 0.00000E+00 % lost data
6.57667E+10 3.28148E+18 % total
];

TOT_H = [
3.02094E-02 2.19297E-02 % U235
1.74239E-02 1.69405E-02 % U238
0.00000E+00 0.00000E+00 % lost data
4.76333E-02 9.64519E+05 % total
];

TOT_SF = [
2.90149E+00 2.10626E+00 % U235
1.39057E+04 1.35199E+04 % U238
0.00000E+00 0.00000E+00 % lost data
1.39086E+04 1.03851E+08 % total
];

TOT_GSRC = [
5.09174E+10 3.69621E+10 % U235
2.25530E+09 2.19273E+09 % U238
0.00000E+00 0.00000E+00 % lost data
5.31727E+10 3.52742E+18 % total
];

TOT_ING_TOX = [
1.89403E+03 1.37492E+03 % U235
1.14607E+03 1.11427E+03 % U238
0.00000E+00 0.00000E+00 % lost data
3.04010E+03 2.23443E+09 % total
];

TOT_INH_TOX = [
3.42537E+05 2.48656E+05 % U235
2.03746E+05 1.98093E+05 % U238
0.00000E+00 0.00000E+00 % lost data
5.46283E+05 8.01256E+10 % total
];

BU = [ 0.00000E+00 4.29096E+01 ];

DAYS = [ 0.00000E+00 7.30000E+03 ];
