
DETassem1 = [
    1    1    1    1    1    1    1    1    1    1  0.00000E+00 0.00000 
    2    1    1    1    1    1    1    1    1    2  0.00000E+00 0.00000 
    3    1    1    1    1    1    1    1    1    3  0.00000E+00 0.00000 
    4    1    1    1    1    1    1    1    1    4  0.00000E+00 0.00000 
    5    1    1    1    1    1    1    1    1    5  0.00000E+00 0.00000 
    6    1    1    1    1    1    1    1    1    6  0.00000E+00 0.00000 
    7    1    1    1    1    1    1    1    1    7  0.00000E+00 0.00000 
    8    1    1    1    1    1    1    1    1    8  1.77290E+04 0.00358 
    9    1    1    1    1    1    1    1    1    9  1.38863E+04 0.00384 
   10    1    1    1    1    1    1    1    1   10  0.00000E+00 0.00000 
   11    1    1    1    1    1    1    1    1   11  1.03735E+04 0.00418 
   12    1    1    1    1    1    1    1    2    1  1.88373E+04 0.00347 
   13    1    1    1    1    1    1    1    2    2  0.00000E+00 0.00000 
   14    1    1    1    1    1    1    1    2    3  0.00000E+00 0.00000 
   15    1    1    1    1    1    1    1    2    4  0.00000E+00 0.00000 
   16    1    1    1    1    1    1    1    2    5  0.00000E+00 0.00000 
   17    1    1    1    1    1    1    1    2    6  1.88468E+04 0.00341 
   18    1    1    1    1    1    1    1    2    7  1.55366E+04 0.00369 
   19    1    1    1    1    1    1    1    2    8  0.00000E+00 0.00000 
   20    1    1    1    1    1    1    1    2    9  1.13882E+04 0.00411 
   21    1    1    1    1    1    1    1    2   10  1.03340E+04 0.00426 
   22    1    1    1    1    1    1    1    2   11  0.00000E+00 0.00000 
   23    1    1    1    1    1    1    1    3    1  1.55503E+04 0.00373 
   24    1    1    1    1    1    1    1    3    2  1.77323E+04 0.00362 
   25    1    1    1    1    1    1    1    3    3  0.00000E+00 0.00000 
   26    1    1    1    1    1    1    1    3    4  1.78201E+04 0.00359 
   27    1    1    1    1    1    1    1    3    5  1.55597E+04 0.00373 
   28    1    1    1    1    1    1    1    3    6  0.00000E+00 0.00000 
   29    1    1    1    1    1    1    1    3    7  1.21609E+04 0.00403 
   30    1    1    1    1    1    1    1    3    8  1.10224E+04 0.00415 
   31    1    1    1    1    1    1    1    3    9  0.00000E+00 0.00000 
   32    1    1    1    1    1    1    1    3   10  9.55640E+03 0.00440 
   33    1    1    1    1    1    1    1    3   11  9.24021E+03 0.00435 
   34    1    1    1    1    1    1    1    4    1  0.00000E+00 0.00000 
   35    1    1    1    1    1    1    1    4    2  1.38901E+04 0.00394 
   36    1    1    1    1    1    1    1    4    3  1.39292E+04 0.00382 
   37    1    1    1    1    1    1    1    4    4  0.00000E+00 0.00000 
   38    1    1    1    1    1    1    1    4    5  1.20358E+04 0.00395 
   39    1    1    1    1    1    1    1    4    6  1.12346E+04 0.00422 
   40    1    1    1    1    1    1    1    4    7  0.00000E+00 0.00000 
   41    1    1    1    1    1    1    1    4    8  9.83901E+03 0.00426 
   42    1    1    1    1    1    1    1    4    9  9.36864E+03 0.00440 
   43    1    1    1    1    1    1    1    4   10  0.00000E+00 0.00000 
   44    1    1    1    1    1    1    1    4   11  8.91981E+03 0.00449 
   45    1    1    1    1    1    1    1    5    1  1.14599E+04 0.00415 
   46    1    1    1    1    1    1    1    5    2  0.00000E+00 0.00000 
   47    1    1    1    1    1    1    1    5    3  1.14780E+04 0.00409 
   48    1    1    1    1    1    1    1    5    4  1.10741E+04 0.00418 
   49    1    1    1    1    1    1    1    5    5  0.00000E+00 0.00000 
   50    1    1    1    1    1    1    1    5    6  9.92050E+03 0.00425 
   51    1    1    1    1    1    1    1    5    7  9.62181E+03 0.00428 
   52    1    1    1    1    1    1    1    5    8  0.00000E+00 0.00000 
   53    1    1    1    1    1    1    1    5    9  8.91311E+03 0.00448 
   54    1    1    1    1    1    1    1    5   10  8.78616E+03 0.00441 
   55    1    1    1    1    1    1    1    5   11  0.00000E+00 0.00000 
   56    1    1    1    1    1    1    1    6    1  1.03406E+04 0.00419 
   57    1    1    1    1    1    1    1    6    2  1.03572E+04 0.00424 
   58    1    1    1    1    1    1    1    6    3  0.00000E+00 0.00000 
   59    1    1    1    1    1    1    1    6    4  9.85360E+03 0.00425 
   60    1    1    1    1    1    1    1    6    5  9.63297E+03 0.00435 
   61    1    1    1    1    1    1    1    6    6  0.00000E+00 0.00000 
   62    1    1    1    1    1    1    1    6    7  9.04949E+03 0.00441 
   63    1    1    1    1    1    1    1    6    8  8.77380E+03 0.00442 
   64    1    1    1    1    1    1    1    6    9  0.00000E+00 0.00000 
   65    1    1    1    1    1    1    1    6   10  8.62035E+03 0.00440 
   66    1    1    1    1    1    1    1    6   11  8.46660E+03 0.00456 
   67    1    1    1    1    1    1    1    7    1  0.00000E+00 0.00000 
   68    1    1    1    1    1    1    1    7    2  9.52647E+03 0.00434 
   69    1    1    1    1    1    1    1    7    3  9.33170E+03 0.00445 
   70    1    1    1    1    1    1    1    7    4  0.00000E+00 0.00000 
   71    1    1    1    1    1    1    1    7    5  9.03628E+03 0.00440 
   72    1    1    1    1    1    1    1    7    6  8.78317E+03 0.00440 
   73    1    1    1    1    1    1    1    7    7  0.00000E+00 0.00000 
   74    1    1    1    1    1    1    1    7    8  8.50778E+03 0.00450 
   75    1    1    1    1    1    1    1    7    9  8.41597E+03 0.00451 
   76    1    1    1    1    1    1    1    7   10  0.00000E+00 0.00000 
   77    1    1    1    1    1    1    1    7   11  8.34476E+03 0.00466 
   78    1    1    1    1    1    1    1    8    1  9.16863E+03 0.00439 
   79    1    1    1    1    1    1    1    8    2  0.00000E+00 0.00000 
   80    1    1    1    1    1    1    1    8    3  8.88786E+03 0.00439 
   81    1    1    1    1    1    1    1    8    4  8.80186E+03 0.00443 
   82    1    1    1    1    1    1    1    8    5  0.00000E+00 0.00000 
   83    1    1    1    1    1    1    1    8    6  8.56438E+03 0.00452 
   84    1    1    1    1    1    1    1    8    7  8.46788E+03 0.00448 
   85    1    1    1    1    1    1    1    8    8  0.00000E+00 0.00000 
   86    1    1    1    1    1    1    1    8    9  8.24575E+03 0.00456 
   87    1    1    1    1    1    1    1    8   10  8.22933E+03 0.00468 
   88    1    1    1    1    1    1    1    8   11  0.00000E+00 0.00000 
   89    1    1    1    1    1    1    1    9    1  8.88921E+03 0.00446 
   90    1    1    1    1    1    1    1    9    2  8.81834E+03 0.00452 
   91    1    1    1    1    1    1    1    9    3  0.00000E+00 0.00000 
   92    1    1    1    1    1    1    1    9    4  8.52672E+03 0.00445 
   93    1    1    1    1    1    1    1    9    5  8.41294E+03 0.00446 
   94    1    1    1    1    1    1    1    9    6  0.00000E+00 0.00000 
   95    1    1    1    1    1    1    1    9    7  8.26844E+03 0.00457 
   96    1    1    1    1    1    1    1    9    8  8.22023E+03 0.00453 
   97    1    1    1    1    1    1    1    9    9  0.00000E+00 0.00000 
   98    1    1    1    1    1    1    1    9   10  7.97450E+03 0.00462 
   99    1    1    1    1    1    1    1    9   11  7.93929E+03 0.00476 
  100    1    1    1    1    1    1    1   10    1  0.00000E+00 0.00000 
  101    1    1    1    1    1    1    1   10    2  8.50778E+03 0.00447 
  102    1    1    1    1    1    1    1   10    3  8.33834E+03 0.00450 
  103    1    1    1    1    1    1    1   10    4  0.00000E+00 0.00000 
  104    1    1    1    1    1    1    1   10    5  8.24901E+03 0.00457 
  105    1    1    1    1    1    1    1   10    6  8.24169E+03 0.00455 
  106    1    1    1    1    1    1    1   10    7  0.00000E+00 0.00000 
  107    1    1    1    1    1    1    1   10    8  7.95105E+03 0.00462 
  108    1    1    1    1    1    1    1   10    9  7.84336E+03 0.00473 
  109    1    1    1    1    1    1    1   10   10  0.00000E+00 0.00000 
