
DETassem1 = [
    1    1    1    1    1    1    1    1    1    1  0.00000E+00 0.00000 
    2    1    1    1    1    1    1    1    1    2  0.00000E+00 0.00000 
    3    1    1    1    1    1    1    1    1    3  0.00000E+00 0.00000 
    4    1    1    1    1    1    1    1    1    4  0.00000E+00 0.00000 
    5    1    1    1    1    1    1    1    1    5  0.00000E+00 0.00000 
    6    1    1    1    1    1    1    1    1    6  0.00000E+00 0.00000 
    7    1    1    1    1    1    1    1    1    7  0.00000E+00 0.00000 
    8    1    1    1    1    1    1    1    1    8  1.78434E+04 0.00347 
    9    1    1    1    1    1    1    1    1    9  1.37963E+04 0.00387 
   10    1    1    1    1    1    1    1    1   10  0.00000E+00 0.00000 
   11    1    1    1    1    1    1    1    1   11  1.02997E+04 0.00421 
   12    1    1    1    1    1    1    1    2    1  1.91352E+04 0.00352 
   13    1    1    1    1    1    1    1    2    2  0.00000E+00 0.00000 
   14    1    1    1    1    1    1    1    2    3  0.00000E+00 0.00000 
   15    1    1    1    1    1    1    1    2    4  0.00000E+00 0.00000 
   16    1    1    1    1    1    1    1    2    5  0.00000E+00 0.00000 
   17    1    1    1    1    1    1    1    2    6  1.90714E+04 0.00344 
   18    1    1    1    1    1    1    1    2    7  1.55288E+04 0.00367 
   19    1    1    1    1    1    1    1    2    8  0.00000E+00 0.00000 
   20    1    1    1    1    1    1    1    2    9  1.14021E+04 0.00406 
   21    1    1    1    1    1    1    1    2   10  1.02639E+04 0.00427 
   22    1    1    1    1    1    1    1    2   11  0.00000E+00 0.00000 
   23    1    1    1    1    1    1    1    3    1  1.54807E+04 0.00375 
   24    1    1    1    1    1    1    1    3    2  1.77300E+04 0.00359 
   25    1    1    1    1    1    1    1    3    3  0.00000E+00 0.00000 
   26    1    1    1    1    1    1    1    3    4  1.77720E+04 0.00359 
   27    1    1    1    1    1    1    1    3    5  1.56048E+04 0.00379 
   28    1    1    1    1    1    1    1    3    6  0.00000E+00 0.00000 
   29    1    1    1    1    1    1    1    3    7  1.22077E+04 0.00407 
   30    1    1    1    1    1    1    1    3    8  1.10475E+04 0.00411 
   31    1    1    1    1    1    1    1    3    9  0.00000E+00 0.00000 
   32    1    1    1    1    1    1    1    3   10  9.56490E+03 0.00437 
   33    1    1    1    1    1    1    1    3   11  9.12161E+03 0.00442 
   34    1    1    1    1    1    1    1    4    1  0.00000E+00 0.00000 
   35    1    1    1    1    1    1    1    4    2  1.38460E+04 0.00398 
   36    1    1    1    1    1    1    1    4    3  1.38324E+04 0.00388 
   37    1    1    1    1    1    1    1    4    4  0.00000E+00 0.00000 
   38    1    1    1    1    1    1    1    4    5  1.21749E+04 0.00405 
   39    1    1    1    1    1    1    1    4    6  1.12118E+04 0.00414 
   40    1    1    1    1    1    1    1    4    7  0.00000E+00 0.00000 
   41    1    1    1    1    1    1    1    4    8  9.72519E+03 0.00434 
   42    1    1    1    1    1    1    1    4    9  9.42353E+03 0.00442 
   43    1    1    1    1    1    1    1    4   10  0.00000E+00 0.00000 
   44    1    1    1    1    1    1    1    4   11  8.87162E+03 0.00447 
   45    1    1    1    1    1    1    1    5    1  1.14742E+04 0.00406 
   46    1    1    1    1    1    1    1    5    2  0.00000E+00 0.00000 
   47    1    1    1    1    1    1    1    5    3  1.14125E+04 0.00414 
   48    1    1    1    1    1    1    1    5    4  1.10349E+04 0.00416 
   49    1    1    1    1    1    1    1    5    5  0.00000E+00 0.00000 
   50    1    1    1    1    1    1    1    5    6  9.95882E+03 0.00434 
   51    1    1    1    1    1    1    1    5    7  9.49013E+03 0.00429 
   52    1    1    1    1    1    1    1    5    8  0.00000E+00 0.00000 
   53    1    1    1    1    1    1    1    5    9  8.92357E+03 0.00437 
   54    1    1    1    1    1    1    1    5   10  8.83778E+03 0.00441 
   55    1    1    1    1    1    1    1    5   11  0.00000E+00 0.00000 
   56    1    1    1    1    1    1    1    6    1  1.03094E+04 0.00428 
   57    1    1    1    1    1    1    1    6    2  1.02227E+04 0.00432 
   58    1    1    1    1    1    1    1    6    3  0.00000E+00 0.00000 
   59    1    1    1    1    1    1    1    6    4  9.77399E+03 0.00427 
   60    1    1    1    1    1    1    1    6    5  9.49358E+03 0.00427 
   61    1    1    1    1    1    1    1    6    6  0.00000E+00 0.00000 
   62    1    1    1    1    1    1    1    6    7  9.00178E+03 0.00446 
   63    1    1    1    1    1    1    1    6    8  8.81891E+03 0.00442 
   64    1    1    1    1    1    1    1    6    9  0.00000E+00 0.00000 
   65    1    1    1    1    1    1    1    6   10  8.61683E+03 0.00443 
   66    1    1    1    1    1    1    1    6   11  8.41214E+03 0.00460 
   67    1    1    1    1    1    1    1    7    1  0.00000E+00 0.00000 
   68    1    1    1    1    1    1    1    7    2  9.61135E+03 0.00436 
   69    1    1    1    1    1    1    1    7    3  9.39400E+03 0.00430 
   70    1    1    1    1    1    1    1    7    4  0.00000E+00 0.00000 
   71    1    1    1    1    1    1    1    7    5  9.00554E+03 0.00442 
   72    1    1    1    1    1    1    1    7    6  8.85673E+03 0.00448 
   73    1    1    1    1    1    1    1    7    7  0.00000E+00 0.00000 
   74    1    1    1    1    1    1    1    7    8  8.53835E+03 0.00450 
   75    1    1    1    1    1    1    1    7    9  8.49840E+03 0.00457 
   76    1    1    1    1    1    1    1    7   10  0.00000E+00 0.00000 
   77    1    1    1    1    1    1    1    7   11  8.29142E+03 0.00459 
   78    1    1    1    1    1    1    1    8    1  9.15057E+03 0.00434 
   79    1    1    1    1    1    1    1    8    2  0.00000E+00 0.00000 
   80    1    1    1    1    1    1    1    8    3  8.94877E+03 0.00436 
   81    1    1    1    1    1    1    1    8    4  8.84694E+03 0.00439 
   82    1    1    1    1    1    1    1    8    5  0.00000E+00 0.00000 
   83    1    1    1    1    1    1    1    8    6  8.52469E+03 0.00445 
   84    1    1    1    1    1    1    1    8    7  8.38521E+03 0.00458 
   85    1    1    1    1    1    1    1    8    8  0.00000E+00 0.00000 
   86    1    1    1    1    1    1    1    8    9  8.32460E+03 0.00463 
   87    1    1    1    1    1    1    1    8   10  8.25577E+03 0.00452 
   88    1    1    1    1    1    1    1    8   11  0.00000E+00 0.00000 
   89    1    1    1    1    1    1    1    9    1  8.95251E+03 0.00445 
   90    1    1    1    1    1    1    1    9    2  8.85912E+03 0.00441 
   91    1    1    1    1    1    1    1    9    3  0.00000E+00 0.00000 
   92    1    1    1    1    1    1    1    9    4  8.52832E+03 0.00460 
   93    1    1    1    1    1    1    1    9    5  8.38100E+03 0.00453 
   94    1    1    1    1    1    1    1    9    6  0.00000E+00 0.00000 
   95    1    1    1    1    1    1    1    9    7  8.21403E+03 0.00452 
   96    1    1    1    1    1    1    1    9    8  8.22148E+03 0.00456 
   97    1    1    1    1    1    1    1    9    9  0.00000E+00 0.00000 
   98    1    1    1    1    1    1    1    9   10  7.99228E+03 0.00470 
   99    1    1    1    1    1    1    1    9   11  7.87051E+03 0.00477 
  100    1    1    1    1    1    1    1   10    1  0.00000E+00 0.00000 
  101    1    1    1    1    1    1    1   10    2  8.65127E+03 0.00446 
  102    1    1    1    1    1    1    1   10    3  8.39944E+03 0.00450 
  103    1    1    1    1    1    1    1   10    4  0.00000E+00 0.00000 
  104    1    1    1    1    1    1    1   10    5  8.26507E+03 0.00456 
  105    1    1    1    1    1    1    1   10    6  8.25039E+03 0.00454 
  106    1    1    1    1    1    1    1   10    7  0.00000E+00 0.00000 
  107    1    1    1    1    1    1    1   10    8  7.94978E+03 0.00458 
  108    1    1    1    1    1    1    1   10    9  7.86324E+03 0.00470 
  109    1    1    1    1    1    1    1   10   10  0.00000E+00 0.00000 
