
ZAI = [
922350
922380
666
0
];

NAMES = [
'U235            '
'U238            '
'lost            '
'total           '
];

i922350 = 1; iU235             = 1;
i922380 = 2; iU238             = 2;
iLOST    = 3;
iTOT     = 4;

MAT_un_VOLUME = [ 2.67058E+05 2.67058E+05 ];

MAT_un_BURNUP = [ 0.00000E+00 4.29224E+01 ];

MAT_un_ADENS = [
4.83387E-03 3.50840E-03 % U235
1.93936E-02 1.88537E-02 % U238
0.00000E+00 3.94277E-30 % lost data
7.26897E-02 7.38018E-02 % total
];

MAT_un_MDENS = [
1.88669E+00 1.36935E+00 % U235
7.66628E+00 7.45284E+00 % U238
0.00000E+00 0.00000E+00 % lost data
1.08000E+01 1.07986E+01 % total
];

MAT_un_A = [
4.02878E+10 2.92407E+10 % U235
2.54614E+10 2.47526E+10 % U238
0.00000E+00 0.00000E+00 % lost data
6.57492E+10 3.28277E+18 % total
];

MAT_un_H = [
3.02013E-02 2.19200E-02 % U235
1.74192E-02 1.69343E-02 % U238
0.00000E+00 0.00000E+00 % lost data
4.76206E-02 9.64556E+05 % total
];

MAT_un_SF = [
2.90072E+00 2.10533E+00 % U235
1.39020E+04 1.35149E+04 % U238
0.00000E+00 0.00000E+00 % lost data
1.39049E+04 1.03844E+08 % total
];

MAT_un_GSRC = [
5.09039E+10 3.69458E+10 % U235
2.25470E+09 2.19193E+09 % U238
0.00000E+00 0.00000E+00 % lost data
5.31586E+10 3.52901E+18 % total
];

MAT_un_ING_TOX = [
1.89353E+03 1.37431E+03 % U235
1.14577E+03 1.11387E+03 % U238
0.00000E+00 0.00000E+00 % lost data
3.03929E+03 2.23529E+09 % total
];

MAT_un_INH_TOX = [
3.42446E+05 2.48546E+05 % U235
2.03692E+05 1.98021E+05 % U238
0.00000E+00 0.00000E+00 % lost data
5.46138E+05 8.02636E+10 % total
];

TOT_VOLUME = [ 2.67058E+05 2.67058E+05 ];

TOT_BURNUP = [ 0.00000E+00 4.29224E+01 ];

TOT_ADENS = [
4.83387E-03 3.50840E-03 % U235
1.93936E-02 1.88537E-02 % U238
0.00000E+00 3.94277E-30 % lost data
7.26897E-02 7.38018E-02 % total
];

TOT_MASS = [
5.03855E+05 3.65696E+05 % U235
2.04734E+06 1.99034E+06 % U238
0.00000E+00 0.00000E+00 % lost data
2.88423E+06 2.88385E+06 % total
];

TOT_A = [
4.02878E+10 2.92407E+10 % U235
2.54614E+10 2.47526E+10 % U238
0.00000E+00 0.00000E+00 % lost data
6.57492E+10 3.28277E+18 % total
];

TOT_H = [
3.02013E-02 2.19200E-02 % U235
1.74192E-02 1.69343E-02 % U238
0.00000E+00 0.00000E+00 % lost data
4.76206E-02 9.64556E+05 % total
];

TOT_SF = [
2.90072E+00 2.10533E+00 % U235
1.39020E+04 1.35149E+04 % U238
0.00000E+00 0.00000E+00 % lost data
1.39049E+04 1.03844E+08 % total
];

TOT_GSRC = [
5.09039E+10 3.69458E+10 % U235
2.25470E+09 2.19193E+09 % U238
0.00000E+00 0.00000E+00 % lost data
5.31586E+10 3.52901E+18 % total
];

TOT_ING_TOX = [
1.89353E+03 1.37431E+03 % U235
1.14577E+03 1.11387E+03 % U238
0.00000E+00 0.00000E+00 % lost data
3.03929E+03 2.23529E+09 % total
];

TOT_INH_TOX = [
3.42446E+05 2.48546E+05 % U235
2.03692E+05 1.98021E+05 % U238
0.00000E+00 0.00000E+00 % lost data
5.46138E+05 8.02636E+10 % total
];

BU = [ 0.00000E+00 4.29210E+01 ];

DAYS = [ 0.00000E+00 7.30000E+03 ];
