
DETassem1 = [
    1    1    1    1    1    1    1    1    1    1  0.00000E+00 0.00000 
    2    1    1    1    1    1    1    1    1    2  0.00000E+00 0.00000 
    3    1    1    1    1    1    1    1    1    3  0.00000E+00 0.00000 
    4    1    1    1    1    1    1    1    1    4  0.00000E+00 0.00000 
    5    1    1    1    1    1    1    1    1    5  0.00000E+00 0.00000 
    6    1    1    1    1    1    1    1    1    6  0.00000E+00 0.00000 
    7    1    1    1    1    1    1    1    1    7  0.00000E+00 0.00000 
    8    1    1    1    1    1    1    1    1    8  1.74574E+04 0.00366 
    9    1    1    1    1    1    1    1    1    9  1.35235E+04 0.00393 
   10    1    1    1    1    1    1    1    1   10  0.00000E+00 0.00000 
   11    1    1    1    1    1    1    1    1   11  1.01478E+04 0.00438 
   12    1    1    1    1    1    1    1    2    1  1.85966E+04 0.00357 
   13    1    1    1    1    1    1    1    2    2  0.00000E+00 0.00000 
   14    1    1    1    1    1    1    1    2    3  0.00000E+00 0.00000 
   15    1    1    1    1    1    1    1    2    4  0.00000E+00 0.00000 
   16    1    1    1    1    1    1    1    2    5  0.00000E+00 0.00000 
   17    1    1    1    1    1    1    1    2    6  1.85561E+04 0.00352 
   18    1    1    1    1    1    1    1    2    7  1.53440E+04 0.00374 
   19    1    1    1    1    1    1    1    2    8  0.00000E+00 0.00000 
   20    1    1    1    1    1    1    1    2    9  1.12847E+04 0.00405 
   21    1    1    1    1    1    1    1    2   10  1.01877E+04 0.00434 
   22    1    1    1    1    1    1    1    2   11  0.00000E+00 0.00000 
   23    1    1    1    1    1    1    1    3    1  1.52992E+04 0.00370 
   24    1    1    1    1    1    1    1    3    2  1.74118E+04 0.00362 
   25    1    1    1    1    1    1    1    3    3  0.00000E+00 0.00000 
   26    1    1    1    1    1    1    1    3    4  1.73643E+04 0.00355 
   27    1    1    1    1    1    1    1    3    5  1.52354E+04 0.00379 
   28    1    1    1    1    1    1    1    3    6  0.00000E+00 0.00000 
   29    1    1    1    1    1    1    1    3    7  1.18980E+04 0.00410 
   30    1    1    1    1    1    1    1    3    8  1.07894E+04 0.00424 
   31    1    1    1    1    1    1    1    3    9  0.00000E+00 0.00000 
   32    1    1    1    1    1    1    1    3   10  9.49271E+03 0.00432 
   33    1    1    1    1    1    1    1    3   11  9.06557E+03 0.00436 
   34    1    1    1    1    1    1    1    4    1  0.00000E+00 0.00000 
   35    1    1    1    1    1    1    1    4    2  1.35332E+04 0.00391 
   36    1    1    1    1    1    1    1    4    3  1.35812E+04 0.00395 
   37    1    1    1    1    1    1    1    4    4  0.00000E+00 0.00000 
   38    1    1    1    1    1    1    1    4    5  1.19526E+04 0.00407 
   39    1    1    1    1    1    1    1    4    6  1.12741E+04 0.00407 
   40    1    1    1    1    1    1    1    4    7  0.00000E+00 0.00000 
   41    1    1    1    1    1    1    1    4    8  9.69807E+03 0.00431 
   42    1    1    1    1    1    1    1    4    9  9.27264E+03 0.00435 
   43    1    1    1    1    1    1    1    4   10  0.00000E+00 0.00000 
   44    1    1    1    1    1    1    1    4   11  8.78085E+03 0.00451 
   45    1    1    1    1    1    1    1    5    1  1.13123E+04 0.00420 
   46    1    1    1    1    1    1    1    5    2  0.00000E+00 0.00000 
   47    1    1    1    1    1    1    1    5    3  1.11694E+04 0.00418 
   48    1    1    1    1    1    1    1    5    4  1.09025E+04 0.00420 
   49    1    1    1    1    1    1    1    5    5  0.00000E+00 0.00000 
   50    1    1    1    1    1    1    1    5    6  9.91864E+03 0.00423 
   51    1    1    1    1    1    1    1    5    7  9.36704E+03 0.00444 
   52    1    1    1    1    1    1    1    5    8  0.00000E+00 0.00000 
   53    1    1    1    1    1    1    1    5    9  8.76855E+03 0.00441 
   54    1    1    1    1    1    1    1    5   10  8.70876E+03 0.00453 
   55    1    1    1    1    1    1    1    5   11  0.00000E+00 0.00000 
   56    1    1    1    1    1    1    1    6    1  1.01792E+04 0.00424 
   57    1    1    1    1    1    1    1    6    2  1.01710E+04 0.00427 
   58    1    1    1    1    1    1    1    6    3  0.00000E+00 0.00000 
   59    1    1    1    1    1    1    1    6    4  9.76083E+03 0.00434 
   60    1    1    1    1    1    1    1    6    5  9.45016E+03 0.00437 
   61    1    1    1    1    1    1    1    6    6  0.00000E+00 0.00000 
   62    1    1    1    1    1    1    1    6    7  8.96920E+03 0.00441 
   63    1    1    1    1    1    1    1    6    8  8.71398E+03 0.00436 
   64    1    1    1    1    1    1    1    6    9  0.00000E+00 0.00000 
   65    1    1    1    1    1    1    1    6   10  8.53264E+03 0.00451 
   66    1    1    1    1    1    1    1    6   11  8.39179E+03 0.00461 
   67    1    1    1    1    1    1    1    7    1  0.00000E+00 0.00000 
   68    1    1    1    1    1    1    1    7    2  9.38270E+03 0.00425 
   69    1    1    1    1    1    1    1    7    3  9.37104E+03 0.00436 
   70    1    1    1    1    1    1    1    7    4  0.00000E+00 0.00000 
   71    1    1    1    1    1    1    1    7    5  8.94035E+03 0.00447 
   72    1    1    1    1    1    1    1    7    6  8.83385E+03 0.00440 
   73    1    1    1    1    1    1    1    7    7  0.00000E+00 0.00000 
   74    1    1    1    1    1    1    1    7    8  8.42483E+03 0.00460 
   75    1    1    1    1    1    1    1    7    9  8.37181E+03 0.00462 
   76    1    1    1    1    1    1    1    7   10  0.00000E+00 0.00000 
   77    1    1    1    1    1    1    1    7   11  8.26598E+03 0.00461 
   78    1    1    1    1    1    1    1    8    1  9.06143E+03 0.00448 
   79    1    1    1    1    1    1    1    8    2  0.00000E+00 0.00000 
   80    1    1    1    1    1    1    1    8    3  8.85180E+03 0.00454 
   81    1    1    1    1    1    1    1    8    4  8.67168E+03 0.00455 
   82    1    1    1    1    1    1    1    8    5  0.00000E+00 0.00000 
   83    1    1    1    1    1    1    1    8    6  8.50198E+03 0.00440 
   84    1    1    1    1    1    1    1    8    7  8.32251E+03 0.00448 
   85    1    1    1    1    1    1    1    8    8  0.00000E+00 0.00000 
   86    1    1    1    1    1    1    1    8    9  8.23249E+03 0.00461 
   87    1    1    1    1    1    1    1    8   10  8.14763E+03 0.00464 
   88    1    1    1    1    1    1    1    8   11  0.00000E+00 0.00000 
   89    1    1    1    1    1    1    1    9    1  8.78352E+03 0.00440 
   90    1    1    1    1    1    1    1    9    2  8.65137E+03 0.00441 
   91    1    1    1    1    1    1    1    9    3  0.00000E+00 0.00000 
   92    1    1    1    1    1    1    1    9    4  8.46519E+03 0.00452 
   93    1    1    1    1    1    1    1    9    5  8.33430E+03 0.00452 
   94    1    1    1    1    1    1    1    9    6  0.00000E+00 0.00000 
   95    1    1    1    1    1    1    1    9    7  8.14969E+03 0.00465 
   96    1    1    1    1    1    1    1    9    8  8.16350E+03 0.00459 
   97    1    1    1    1    1    1    1    9    9  0.00000E+00 0.00000 
   98    1    1    1    1    1    1    1    9   10  7.87827E+03 0.00465 
   99    1    1    1    1    1    1    1    9   11  7.88198E+03 0.00471 
  100    1    1    1    1    1    1    1   10    1  0.00000E+00 0.00000 
  101    1    1    1    1    1    1    1   10    2  8.53055E+03 0.00467 
  102    1    1    1    1    1    1    1   10    3  8.38909E+03 0.00456 
  103    1    1    1    1    1    1    1   10    4  0.00000E+00 0.00000 
  104    1    1    1    1    1    1    1   10    5  8.14838E+03 0.00454 
  105    1    1    1    1    1    1    1   10    6  8.07893E+03 0.00468 
  106    1    1    1    1    1    1    1   10    7  0.00000E+00 0.00000 
  107    1    1    1    1    1    1    1   10    8  7.99530E+03 0.00468 
  108    1    1    1    1    1    1    1   10    9  7.90091E+03 0.00463 
  109    1    1    1    1    1    1    1   10   10  0.00000E+00 0.00000 
