
ZAI = [
922350
922380
666
0
];

NAMES = [
'U235            '
'U238            '
'lost            '
'total           '
];

i922350 = 1; iU235             = 1;
i922380 = 2; iU238             = 2;
iLOST    = 3;
iTOT     = 4;

MAT_un_VOLUME = [ 2.67535E+05 2.67535E+05 ];

MAT_un_BURNUP = [ 0.00000E+00 4.28458E+01 ];

MAT_un_ADENS = [
4.83387E-03 3.51068E-03 % U235
1.93936E-02 1.88552E-02 % U238
0.00000E+00 4.14604E-30 % lost data
7.26897E-02 7.37999E-02 % total
];

MAT_un_MDENS = [
1.88669E+00 1.37024E+00 % U235
7.66628E+00 7.45344E+00 % U238
0.00000E+00 0.00000E+00 % lost data
1.08000E+01 1.07986E+01 % total
];

MAT_un_A = [
4.03598E+10 2.93120E+10 % U235
2.55070E+10 2.47988E+10 % U238
0.00000E+00 0.00000E+00 % lost data
6.58667E+10 3.28223E+18 % total
];

MAT_un_H = [
3.02553E-02 2.19734E-02 % U235
1.74504E-02 1.69659E-02 % U238
0.00000E+00 0.00000E+00 % lost data
4.77057E-02 9.64556E+05 % total
];

MAT_un_SF = [
2.90590E+00 2.11046E+00 % U235
1.39268E+04 1.35402E+04 % U238
0.00000E+00 0.00000E+00 % lost data
1.39297E+04 1.03604E+08 % total
];

MAT_un_GSRC = [
5.09949E+10 3.70359E+10 % U235
2.25873E+09 2.19602E+09 % U238
0.00000E+00 0.00000E+00 % lost data
5.32536E+10 3.52838E+18 % total
];

MAT_un_ING_TOX = [
1.89691E+03 1.37766E+03 % U235
1.14781E+03 1.11595E+03 % U238
0.00000E+00 0.00000E+00 % lost data
3.04472E+03 2.23473E+09 % total
];

MAT_un_INH_TOX = [
3.43058E+05 2.49152E+05 % U235
2.04056E+05 1.98390E+05 % U238
0.00000E+00 0.00000E+00 % lost data
5.47114E+05 8.01331E+10 % total
];

TOT_VOLUME = [ 2.67535E+05 2.67535E+05 ];

TOT_BURNUP = [ 0.00000E+00 4.28458E+01 ];

TOT_ADENS = [
4.83387E-03 3.51068E-03 % U235
1.93936E-02 1.88552E-02 % U238
0.00000E+00 4.14604E-30 % lost data
7.26897E-02 7.37999E-02 % total
];

TOT_MASS = [
5.04756E+05 3.66587E+05 % U235
2.05100E+06 1.99406E+06 % U238
0.00000E+00 0.00000E+00 % lost data
2.88938E+06 2.88901E+06 % total
];

TOT_A = [
4.03598E+10 2.93120E+10 % U235
2.55070E+10 2.47988E+10 % U238
0.00000E+00 0.00000E+00 % lost data
6.58667E+10 3.28223E+18 % total
];

TOT_H = [
3.02553E-02 2.19734E-02 % U235
1.74504E-02 1.69659E-02 % U238
0.00000E+00 0.00000E+00 % lost data
4.77057E-02 9.64556E+05 % total
];

TOT_SF = [
2.90590E+00 2.11046E+00 % U235
1.39268E+04 1.35402E+04 % U238
0.00000E+00 0.00000E+00 % lost data
1.39297E+04 1.03604E+08 % total
];

TOT_GSRC = [
5.09949E+10 3.70359E+10 % U235
2.25873E+09 2.19602E+09 % U238
0.00000E+00 0.00000E+00 % lost data
5.32536E+10 3.52838E+18 % total
];

TOT_ING_TOX = [
1.89691E+03 1.37766E+03 % U235
1.14781E+03 1.11595E+03 % U238
0.00000E+00 0.00000E+00 % lost data
3.04472E+03 2.23473E+09 % total
];

TOT_INH_TOX = [
3.43058E+05 2.49152E+05 % U235
2.04056E+05 1.98390E+05 % U238
0.00000E+00 0.00000E+00 % lost data
5.47114E+05 8.01331E+10 % total
];

BU = [ 0.00000E+00 4.28445E+01 ];

DAYS = [ 0.00000E+00 7.30000E+03 ];
