
ZAI = [
922350
922380
666
0
];

NAMES = [
'U235            '
'U238            '
'lost            '
'total           '
];

i922350 = 1; iU235             = 1;
i922380 = 2; iU238             = 2;
iLOST    = 3;
iTOT     = 4;

MAT_un_VOLUME = [ 2.67426E+05 2.67426E+05 ];

MAT_un_BURNUP = [ 0.00000E+00 4.28634E+01 ];

MAT_un_ADENS = [
4.83387E-03 3.51016E-03 % U235
1.93936E-02 1.88551E-02 % U238
0.00000E+00 3.74767E-30 % lost data
7.26897E-02 7.38003E-02 % total
];

MAT_un_MDENS = [
1.88669E+00 1.37004E+00 % U235
7.66628E+00 7.45342E+00 % U238
0.00000E+00 0.00000E+00 % lost data
1.08000E+01 1.07986E+01 % total
];

MAT_un_A = [
4.03432E+10 2.92956E+10 % U235
2.54965E+10 2.47886E+10 % U238
0.00000E+00 0.00000E+00 % lost data
6.58398E+10 3.28211E+18 % total
];

MAT_un_H = [
3.02429E-02 2.19612E-02 % U235
1.74432E-02 1.69589E-02 % U238
0.00000E+00 0.00000E+00 % lost data
4.76862E-02 9.64540E+05 % total
];

MAT_un_SF = [
2.90471E+00 2.10929E+00 % U235
1.39211E+04 1.35346E+04 % U238
0.00000E+00 0.00000E+00 % lost data
1.39240E+04 1.03708E+08 % total
];

MAT_un_GSRC = [
5.09740E+10 3.70152E+10 % U235
2.25781E+09 2.19512E+09 % U238
0.00000E+00 0.00000E+00 % lost data
5.32318E+10 3.52823E+18 % total
];

MAT_un_ING_TOX = [
1.89613E+03 1.37690E+03 % U235
1.14734E+03 1.11549E+03 % U238
0.00000E+00 0.00000E+00 % lost data
3.04348E+03 2.23477E+09 % total
];

MAT_un_INH_TOX = [
3.42918E+05 2.49013E+05 % U235
2.03972E+05 1.98309E+05 % U238
0.00000E+00 0.00000E+00 % lost data
5.46890E+05 8.01761E+10 % total
];

TOT_VOLUME = [ 2.67426E+05 2.67426E+05 ];

TOT_BURNUP = [ 0.00000E+00 4.28634E+01 ];

TOT_ADENS = [
4.83387E-03 3.51016E-03 % U235
1.93936E-02 1.88551E-02 % U238
0.00000E+00 3.74767E-30 % lost data
7.26897E-02 7.38003E-02 % total
];

TOT_MASS = [
5.04549E+05 3.66383E+05 % U235
2.05016E+06 1.99324E+06 % U238
0.00000E+00 0.00000E+00 % lost data
2.88820E+06 2.88782E+06 % total
];

TOT_A = [
4.03432E+10 2.92956E+10 % U235
2.54965E+10 2.47886E+10 % U238
0.00000E+00 0.00000E+00 % lost data
6.58398E+10 3.28211E+18 % total
];

TOT_H = [
3.02429E-02 2.19612E-02 % U235
1.74432E-02 1.69589E-02 % U238
0.00000E+00 0.00000E+00 % lost data
4.76862E-02 9.64540E+05 % total
];

TOT_SF = [
2.90471E+00 2.10929E+00 % U235
1.39211E+04 1.35346E+04 % U238
0.00000E+00 0.00000E+00 % lost data
1.39240E+04 1.03708E+08 % total
];

TOT_GSRC = [
5.09740E+10 3.70152E+10 % U235
2.25781E+09 2.19512E+09 % U238
0.00000E+00 0.00000E+00 % lost data
5.32318E+10 3.52823E+18 % total
];

TOT_ING_TOX = [
1.89613E+03 1.37690E+03 % U235
1.14734E+03 1.11549E+03 % U238
0.00000E+00 0.00000E+00 % lost data
3.04348E+03 2.23477E+09 % total
];

TOT_INH_TOX = [
3.42918E+05 2.49013E+05 % U235
2.03972E+05 1.98309E+05 % U238
0.00000E+00 0.00000E+00 % lost data
5.46890E+05 8.01761E+10 % total
];

BU = [ 0.00000E+00 4.28620E+01 ];

DAYS = [ 0.00000E+00 7.30000E+03 ];
