
DETassem1 = [
    1    1    1    1    1    1    1    1    1    1  0.00000E+00 0.00000 
    2    1    1    1    1    1    1    1    1    2  0.00000E+00 0.00000 
    3    1    1    1    1    1    1    1    1    3  0.00000E+00 0.00000 
    4    1    1    1    1    1    1    1    1    4  0.00000E+00 0.00000 
    5    1    1    1    1    1    1    1    1    5  0.00000E+00 0.00000 
    6    1    1    1    1    1    1    1    1    6  0.00000E+00 0.00000 
    7    1    1    1    1    1    1    1    1    7  0.00000E+00 0.00000 
    8    1    1    1    1    1    1    1    1    8  1.76673E+04 0.00350 
    9    1    1    1    1    1    1    1    1    9  1.36814E+04 0.00395 
   10    1    1    1    1    1    1    1    1   10  0.00000E+00 0.00000 
   11    1    1    1    1    1    1    1    1   11  1.00923E+04 0.00433 
   12    1    1    1    1    1    1    1    2    1  1.89470E+04 0.00349 
   13    1    1    1    1    1    1    1    2    2  0.00000E+00 0.00000 
   14    1    1    1    1    1    1    1    2    3  0.00000E+00 0.00000 
   15    1    1    1    1    1    1    1    2    4  0.00000E+00 0.00000 
   16    1    1    1    1    1    1    1    2    5  0.00000E+00 0.00000 
   17    1    1    1    1    1    1    1    2    6  1.89315E+04 0.00356 
   18    1    1    1    1    1    1    1    2    7  1.54757E+04 0.00370 
   19    1    1    1    1    1    1    1    2    8  0.00000E+00 0.00000 
   20    1    1    1    1    1    1    1    2    9  1.12769E+04 0.00421 
   21    1    1    1    1    1    1    1    2   10  1.00613E+04 0.00422 
   22    1    1    1    1    1    1    1    2   11  0.00000E+00 0.00000 
   23    1    1    1    1    1    1    1    3    1  1.53824E+04 0.00374 
   24    1    1    1    1    1    1    1    3    2  1.76514E+04 0.00366 
   25    1    1    1    1    1    1    1    3    3  0.00000E+00 0.00000 
   26    1    1    1    1    1    1    1    3    4  1.75959E+04 0.00359 
   27    1    1    1    1    1    1    1    3    5  1.55008E+04 0.00380 
   28    1    1    1    1    1    1    1    3    6  0.00000E+00 0.00000 
   29    1    1    1    1    1    1    1    3    7  1.20567E+04 0.00414 
   30    1    1    1    1    1    1    1    3    8  1.09151E+04 0.00418 
   31    1    1    1    1    1    1    1    3    9  0.00000E+00 0.00000 
   32    1    1    1    1    1    1    1    3   10  9.41197E+03 0.00438 
   33    1    1    1    1    1    1    1    3   11  9.07388E+03 0.00441 
   34    1    1    1    1    1    1    1    4    1  0.00000E+00 0.00000 
   35    1    1    1    1    1    1    1    4    2  1.38170E+04 0.00387 
   36    1    1    1    1    1    1    1    4    3  1.37900E+04 0.00385 
   37    1    1    1    1    1    1    1    4    4  0.00000E+00 0.00000 
   38    1    1    1    1    1    1    1    4    5  1.20926E+04 0.00405 
   39    1    1    1    1    1    1    1    4    6  1.11690E+04 0.00413 
   40    1    1    1    1    1    1    1    4    7  0.00000E+00 0.00000 
   41    1    1    1    1    1    1    1    4    8  9.69820E+03 0.00433 
   42    1    1    1    1    1    1    1    4    9  9.27779E+03 0.00437 
   43    1    1    1    1    1    1    1    4   10  0.00000E+00 0.00000 
   44    1    1    1    1    1    1    1    4   11  8.79024E+03 0.00445 
   45    1    1    1    1    1    1    1    5    1  1.11889E+04 0.00418 
   46    1    1    1    1    1    1    1    5    2  0.00000E+00 0.00000 
   47    1    1    1    1    1    1    1    5    3  1.12836E+04 0.00413 
   48    1    1    1    1    1    1    1    5    4  1.09099E+04 0.00415 
   49    1    1    1    1    1    1    1    5    5  0.00000E+00 0.00000 
   50    1    1    1    1    1    1    1    5    6  9.82514E+03 0.00443 
   51    1    1    1    1    1    1    1    5    7  9.51781E+03 0.00428 
   52    1    1    1    1    1    1    1    5    8  0.00000E+00 0.00000 
   53    1    1    1    1    1    1    1    5    9  8.72243E+03 0.00448 
   54    1    1    1    1    1    1    1    5   10  8.59732E+03 0.00441 
   55    1    1    1    1    1    1    1    5   11  0.00000E+00 0.00000 
   56    1    1    1    1    1    1    1    6    1  1.01643E+04 0.00423 
   57    1    1    1    1    1    1    1    6    2  1.01503E+04 0.00429 
   58    1    1    1    1    1    1    1    6    3  0.00000E+00 0.00000 
   59    1    1    1    1    1    1    1    6    4  9.74149E+03 0.00441 
   60    1    1    1    1    1    1    1    6    5  9.48386E+03 0.00433 
   61    1    1    1    1    1    1    1    6    6  0.00000E+00 0.00000 
   62    1    1    1    1    1    1    1    6    7  8.84107E+03 0.00436 
   63    1    1    1    1    1    1    1    6    8  8.69015E+03 0.00442 
   64    1    1    1    1    1    1    1    6    9  0.00000E+00 0.00000 
   65    1    1    1    1    1    1    1    6   10  8.40664E+03 0.00455 
   66    1    1    1    1    1    1    1    6   11  8.29463E+03 0.00456 
   67    1    1    1    1    1    1    1    7    1  0.00000E+00 0.00000 
   68    1    1    1    1    1    1    1    7    2  9.37023E+03 0.00440 
   69    1    1    1    1    1    1    1    7    3  9.22340E+03 0.00435 
   70    1    1    1    1    1    1    1    7    4  0.00000E+00 0.00000 
   71    1    1    1    1    1    1    1    7    5  8.79388E+03 0.00436 
   72    1    1    1    1    1    1    1    7    6  8.74934E+03 0.00438 
   73    1    1    1    1    1    1    1    7    7  0.00000E+00 0.00000 
   74    1    1    1    1    1    1    1    7    8  8.42032E+03 0.00448 
   75    1    1    1    1    1    1    1    7    9  8.36371E+03 0.00450 
   76    1    1    1    1    1    1    1    7   10  0.00000E+00 0.00000 
   77    1    1    1    1    1    1    1    7   11  8.18512E+03 0.00468 
   78    1    1    1    1    1    1    1    8    1  9.09646E+03 0.00439 
   79    1    1    1    1    1    1    1    8    2  0.00000E+00 0.00000 
   80    1    1    1    1    1    1    1    8    3  8.71257E+03 0.00438 
   81    1    1    1    1    1    1    1    8    4  8.67375E+03 0.00448 
   82    1    1    1    1    1    1    1    8    5  0.00000E+00 0.00000 
   83    1    1    1    1    1    1    1    8    6  8.42212E+03 0.00443 
   84    1    1    1    1    1    1    1    8    7  8.30091E+03 0.00456 
   85    1    1    1    1    1    1    1    8    8  0.00000E+00 0.00000 
   86    1    1    1    1    1    1    1    8    9  8.20144E+03 0.00456 
   87    1    1    1    1    1    1    1    8   10  8.17649E+03 0.00456 
   88    1    1    1    1    1    1    1    8   11  0.00000E+00 0.00000 
   89    1    1    1    1    1    1    1    9    1  8.84486E+03 0.00439 
   90    1    1    1    1    1    1    1    9    2  8.63340E+03 0.00442 
   91    1    1    1    1    1    1    1    9    3  0.00000E+00 0.00000 
   92    1    1    1    1    1    1    1    9    4  8.44330E+03 0.00448 
   93    1    1    1    1    1    1    1    9    5  8.31002E+03 0.00441 
   94    1    1    1    1    1    1    1    9    6  0.00000E+00 0.00000 
   95    1    1    1    1    1    1    1    9    7  8.08321E+03 0.00457 
   96    1    1    1    1    1    1    1    9    8  8.05840E+03 0.00457 
   97    1    1    1    1    1    1    1    9    9  0.00000E+00 0.00000 
   98    1    1    1    1    1    1    1    9   10  7.93864E+03 0.00470 
   99    1    1    1    1    1    1    1    9   11  7.86406E+03 0.00489 
  100    1    1    1    1    1    1    1   10    1  0.00000E+00 0.00000 
  101    1    1    1    1    1    1    1   10    2  8.41762E+03 0.00453 
  102    1    1    1    1    1    1    1   10    3  8.35117E+03 0.00452 
  103    1    1    1    1    1    1    1   10    4  0.00000E+00 0.00000 
  104    1    1    1    1    1    1    1   10    5  8.12927E+03 0.00464 
  105    1    1    1    1    1    1    1   10    6  8.07527E+03 0.00459 
  106    1    1    1    1    1    1    1   10    7  0.00000E+00 0.00000 
  107    1    1    1    1    1    1    1   10    8  7.81716E+03 0.00469 
  108    1    1    1    1    1    1    1   10    9  7.82612E+03 0.00475 
  109    1    1    1    1    1    1    1   10   10  0.00000E+00 0.00000 
