
DETassem1 = [
    1    1    1    1    1    1    1    1    1    1  0.00000E+00 0.00000 
    2    1    1    1    1    1    1    1    1    2  0.00000E+00 0.00000 
    3    1    1    1    1    1    1    1    1    3  0.00000E+00 0.00000 
    4    1    1    1    1    1    1    1    1    4  0.00000E+00 0.00000 
    5    1    1    1    1    1    1    1    1    5  0.00000E+00 0.00000 
    6    1    1    1    1    1    1    1    1    6  0.00000E+00 0.00000 
    7    1    1    1    1    1    1    1    1    7  0.00000E+00 0.00000 
    8    1    1    1    1    1    1    1    1    8  1.77269E+04 0.00361 
    9    1    1    1    1    1    1    1    1    9  1.38290E+04 0.00381 
   10    1    1    1    1    1    1    1    1   10  0.00000E+00 0.00000 
   11    1    1    1    1    1    1    1    1   11  1.03236E+04 0.00425 
   12    1    1    1    1    1    1    1    2    1  1.91044E+04 0.00348 
   13    1    1    1    1    1    1    1    2    2  0.00000E+00 0.00000 
   14    1    1    1    1    1    1    1    2    3  0.00000E+00 0.00000 
   15    1    1    1    1    1    1    1    2    4  0.00000E+00 0.00000 
   16    1    1    1    1    1    1    1    2    5  0.00000E+00 0.00000 
   17    1    1    1    1    1    1    1    2    6  1.90306E+04 0.00345 
   18    1    1    1    1    1    1    1    2    7  1.55719E+04 0.00379 
   19    1    1    1    1    1    1    1    2    8  0.00000E+00 0.00000 
   20    1    1    1    1    1    1    1    2    9  1.15524E+04 0.00406 
   21    1    1    1    1    1    1    1    2   10  1.02807E+04 0.00432 
   22    1    1    1    1    1    1    1    2   11  0.00000E+00 0.00000 
   23    1    1    1    1    1    1    1    3    1  1.56255E+04 0.00370 
   24    1    1    1    1    1    1    1    3    2  1.76263E+04 0.00355 
   25    1    1    1    1    1    1    1    3    3  0.00000E+00 0.00000 
   26    1    1    1    1    1    1    1    3    4  1.76957E+04 0.00355 
   27    1    1    1    1    1    1    1    3    5  1.56240E+04 0.00373 
   28    1    1    1    1    1    1    1    3    6  0.00000E+00 0.00000 
   29    1    1    1    1    1    1    1    3    7  1.20877E+04 0.00404 
   30    1    1    1    1    1    1    1    3    8  1.10148E+04 0.00418 
   31    1    1    1    1    1    1    1    3    9  0.00000E+00 0.00000 
   32    1    1    1    1    1    1    1    3   10  9.48554E+03 0.00432 
   33    1    1    1    1    1    1    1    3   11  9.12234E+03 0.00435 
   34    1    1    1    1    1    1    1    4    1  0.00000E+00 0.00000 
   35    1    1    1    1    1    1    1    4    2  1.38175E+04 0.00393 
   36    1    1    1    1    1    1    1    4    3  1.38474E+04 0.00386 
   37    1    1    1    1    1    1    1    4    4  0.00000E+00 0.00000 
   38    1    1    1    1    1    1    1    4    5  1.20701E+04 0.00406 
   39    1    1    1    1    1    1    1    4    6  1.11969E+04 0.00410 
   40    1    1    1    1    1    1    1    4    7  0.00000E+00 0.00000 
   41    1    1    1    1    1    1    1    4    8  9.88554E+03 0.00431 
   42    1    1    1    1    1    1    1    4    9  9.27740E+03 0.00433 
   43    1    1    1    1    1    1    1    4   10  0.00000E+00 0.00000 
   44    1    1    1    1    1    1    1    4   11  8.80219E+03 0.00442 
   45    1    1    1    1    1    1    1    5    1  1.14455E+04 0.00408 
   46    1    1    1    1    1    1    1    5    2  0.00000E+00 0.00000 
   47    1    1    1    1    1    1    1    5    3  1.13745E+04 0.00412 
   48    1    1    1    1    1    1    1    5    4  1.09386E+04 0.00417 
   49    1    1    1    1    1    1    1    5    5  0.00000E+00 0.00000 
   50    1    1    1    1    1    1    1    5    6  9.94160E+03 0.00426 
   51    1    1    1    1    1    1    1    5    7  9.43870E+03 0.00436 
   52    1    1    1    1    1    1    1    5    8  0.00000E+00 0.00000 
   53    1    1    1    1    1    1    1    5    9  8.84158E+03 0.00440 
   54    1    1    1    1    1    1    1    5   10  8.70251E+03 0.00453 
   55    1    1    1    1    1    1    1    5   11  0.00000E+00 0.00000 
   56    1    1    1    1    1    1    1    6    1  1.02578E+04 0.00430 
   57    1    1    1    1    1    1    1    6    2  1.03308E+04 0.00436 
   58    1    1    1    1    1    1    1    6    3  0.00000E+00 0.00000 
   59    1    1    1    1    1    1    1    6    4  9.80335E+03 0.00424 
   60    1    1    1    1    1    1    1    6    5  9.49158E+03 0.00434 
   61    1    1    1    1    1    1    1    6    6  0.00000E+00 0.00000 
   62    1    1    1    1    1    1    1    6    7  8.84259E+03 0.00439 
   63    1    1    1    1    1    1    1    6    8  8.65090E+03 0.00454 
   64    1    1    1    1    1    1    1    6    9  0.00000E+00 0.00000 
   65    1    1    1    1    1    1    1    6   10  8.39009E+03 0.00444 
   66    1    1    1    1    1    1    1    6   11  8.40063E+03 0.00450 
   67    1    1    1    1    1    1    1    7    1  0.00000E+00 0.00000 
   68    1    1    1    1    1    1    1    7    2  9.53041E+03 0.00435 
   69    1    1    1    1    1    1    1    7    3  9.29964E+03 0.00444 
   70    1    1    1    1    1    1    1    7    4  0.00000E+00 0.00000 
   71    1    1    1    1    1    1    1    7    5  8.84795E+03 0.00434 
   72    1    1    1    1    1    1    1    7    6  8.70136E+03 0.00448 
   73    1    1    1    1    1    1    1    7    7  0.00000E+00 0.00000 
   74    1    1    1    1    1    1    1    7    8  8.47158E+03 0.00456 
   75    1    1    1    1    1    1    1    7    9  8.36955E+03 0.00464 
   76    1    1    1    1    1    1    1    7   10  0.00000E+00 0.00000 
   77    1    1    1    1    1    1    1    7   11  8.15210E+03 0.00462 
   78    1    1    1    1    1    1    1    8    1  9.04564E+03 0.00435 
   79    1    1    1    1    1    1    1    8    2  0.00000E+00 0.00000 
   80    1    1    1    1    1    1    1    8    3  8.85222E+03 0.00444 
   81    1    1    1    1    1    1    1    8    4  8.67682E+03 0.00442 
   82    1    1    1    1    1    1    1    8    5  0.00000E+00 0.00000 
   83    1    1    1    1    1    1    1    8    6  8.47097E+03 0.00445 
   84    1    1    1    1    1    1    1    8    7  8.34697E+03 0.00451 
   85    1    1    1    1    1    1    1    8    8  0.00000E+00 0.00000 
   86    1    1    1    1    1    1    1    8    9  8.17588E+03 0.00451 
   87    1    1    1    1    1    1    1    8   10  8.15942E+03 0.00457 
   88    1    1    1    1    1    1    1    8   11  0.00000E+00 0.00000 
   89    1    1    1    1    1    1    1    9    1  8.77293E+03 0.00431 
   90    1    1    1    1    1    1    1    9    2  8.72541E+03 0.00442 
   91    1    1    1    1    1    1    1    9    3  0.00000E+00 0.00000 
   92    1    1    1    1    1    1    1    9    4  8.45041E+03 0.00455 
   93    1    1    1    1    1    1    1    9    5  8.32739E+03 0.00453 
   94    1    1    1    1    1    1    1    9    6  0.00000E+00 0.00000 
   95    1    1    1    1    1    1    1    9    7  8.19479E+03 0.00465 
   96    1    1    1    1    1    1    1    9    8  8.15354E+03 0.00459 
   97    1    1    1    1    1    1    1    9    9  0.00000E+00 0.00000 
   98    1    1    1    1    1    1    1    9   10  7.99617E+03 0.00470 
   99    1    1    1    1    1    1    1    9   11  7.88956E+03 0.00463 
  100    1    1    1    1    1    1    1   10    1  0.00000E+00 0.00000 
  101    1    1    1    1    1    1    1   10    2  8.53560E+03 0.00447 
  102    1    1    1    1    1    1    1   10    3  8.42550E+03 0.00448 
  103    1    1    1    1    1    1    1   10    4  0.00000E+00 0.00000 
  104    1    1    1    1    1    1    1   10    5  8.17872E+03 0.00462 
  105    1    1    1    1    1    1    1   10    6  8.12330E+03 0.00461 
  106    1    1    1    1    1    1    1   10    7  0.00000E+00 0.00000 
  107    1    1    1    1    1    1    1   10    8  7.87934E+03 0.00462 
  108    1    1    1    1    1    1    1   10    9  7.74910E+03 0.00471 
  109    1    1    1    1    1    1    1   10   10  0.00000E+00 0.00000 
