
DETassem1 = [
    1    1    1    1    1    1    1    1    1    1  0.00000E+00 0.00000 
    2    1    1    1    1    1    1    1    1    2  0.00000E+00 0.00000 
    3    1    1    1    1    1    1    1    1    3  0.00000E+00 0.00000 
    4    1    1    1    1    1    1    1    1    4  0.00000E+00 0.00000 
    5    1    1    1    1    1    1    1    1    5  0.00000E+00 0.00000 
    6    1    1    1    1    1    1    1    1    6  0.00000E+00 0.00000 
    7    1    1    1    1    1    1    1    1    7  0.00000E+00 0.00000 
    8    1    1    1    1    1    1    1    1    8  1.80663E+04 0.00369 
    9    1    1    1    1    1    1    1    1    9  1.37253E+04 0.00407 
   10    1    1    1    1    1    1    1    1   10  0.00000E+00 0.00000 
   11    1    1    1    1    1    1    1    1   11  9.91679E+03 0.00444 
   12    1    1    1    1    1    1    1    2    1  1.93330E+04 0.00355 
   13    1    1    1    1    1    1    1    2    2  0.00000E+00 0.00000 
   14    1    1    1    1    1    1    1    2    3  0.00000E+00 0.00000 
   15    1    1    1    1    1    1    1    2    4  0.00000E+00 0.00000 
   16    1    1    1    1    1    1    1    2    5  0.00000E+00 0.00000 
   17    1    1    1    1    1    1    1    2    6  1.92779E+04 0.00362 
   18    1    1    1    1    1    1    1    2    7  1.55050E+04 0.00389 
   19    1    1    1    1    1    1    1    2    8  0.00000E+00 0.00000 
   20    1    1    1    1    1    1    1    2    9  1.09142E+04 0.00428 
   21    1    1    1    1    1    1    1    2   10  9.82283E+03 0.00451 
   22    1    1    1    1    1    1    1    2   11  0.00000E+00 0.00000 
   23    1    1    1    1    1    1    1    3    1  1.55531E+04 0.00385 
   24    1    1    1    1    1    1    1    3    2  1.79766E+04 0.00373 
   25    1    1    1    1    1    1    1    3    3  0.00000E+00 0.00000 
   26    1    1    1    1    1    1    1    3    4  1.80284E+04 0.00372 
   27    1    1    1    1    1    1    1    3    5  1.55095E+04 0.00399 
   28    1    1    1    1    1    1    1    3    6  0.00000E+00 0.00000 
   29    1    1    1    1    1    1    1    3    7  1.18501E+04 0.00420 
   30    1    1    1    1    1    1    1    3    8  1.06453E+04 0.00424 
   31    1    1    1    1    1    1    1    3    9  0.00000E+00 0.00000 
   32    1    1    1    1    1    1    1    3   10  9.17796E+03 0.00450 
   33    1    1    1    1    1    1    1    3   11  8.87295E+03 0.00448 
   34    1    1    1    1    1    1    1    4    1  0.00000E+00 0.00000 
   35    1    1    1    1    1    1    1    4    2  1.37804E+04 0.00405 
   36    1    1    1    1    1    1    1    4    3  1.36821E+04 0.00406 
   37    1    1    1    1    1    1    1    4    4  0.00000E+00 0.00000 
   38    1    1    1    1    1    1    1    4    5  1.17672E+04 0.00419 
   39    1    1    1    1    1    1    1    4    6  1.08950E+04 0.00434 
   40    1    1    1    1    1    1    1    4    7  0.00000E+00 0.00000 
   41    1    1    1    1    1    1    1    4    8  9.44294E+03 0.00446 
   42    1    1    1    1    1    1    1    4    9  8.98648E+03 0.00455 
   43    1    1    1    1    1    1    1    4   10  0.00000E+00 0.00000 
   44    1    1    1    1    1    1    1    4   11  8.62078E+03 0.00461 
   45    1    1    1    1    1    1    1    5    1  1.10250E+04 0.00433 
   46    1    1    1    1    1    1    1    5    2  0.00000E+00 0.00000 
   47    1    1    1    1    1    1    1    5    3  1.09867E+04 0.00432 
   48    1    1    1    1    1    1    1    5    4  1.06562E+04 0.00432 
   49    1    1    1    1    1    1    1    5    5  0.00000E+00 0.00000 
   50    1    1    1    1    1    1    1    5    6  9.50243E+03 0.00449 
   51    1    1    1    1    1    1    1    5    7  9.11776E+03 0.00463 
   52    1    1    1    1    1    1    1    5    8  0.00000E+00 0.00000 
   53    1    1    1    1    1    1    1    5    9  8.58342E+03 0.00469 
   54    1    1    1    1    1    1    1    5   10  8.48348E+03 0.00466 
   55    1    1    1    1    1    1    1    5   11  0.00000E+00 0.00000 
   56    1    1    1    1    1    1    1    6    1  9.91879E+03 0.00439 
   57    1    1    1    1    1    1    1    6    2  9.93158E+03 0.00442 
   58    1    1    1    1    1    1    1    6    3  0.00000E+00 0.00000 
   59    1    1    1    1    1    1    1    6    4  9.48149E+03 0.00446 
   60    1    1    1    1    1    1    1    6    5  9.12158E+03 0.00450 
   61    1    1    1    1    1    1    1    6    6  0.00000E+00 0.00000 
   62    1    1    1    1    1    1    1    6    7  8.61314E+03 0.00458 
   63    1    1    1    1    1    1    1    6    8  8.52404E+03 0.00465 
   64    1    1    1    1    1    1    1    6    9  0.00000E+00 0.00000 
   65    1    1    1    1    1    1    1    6   10  8.33866E+03 0.00473 
   66    1    1    1    1    1    1    1    6   11  8.16008E+03 0.00479 
   67    1    1    1    1    1    1    1    7    1  0.00000E+00 0.00000 
   68    1    1    1    1    1    1    1    7    2  9.12561E+03 0.00463 
   69    1    1    1    1    1    1    1    7    3  9.01314E+03 0.00451 
   70    1    1    1    1    1    1    1    7    4  0.00000E+00 0.00000 
   71    1    1    1    1    1    1    1    7    5  8.64511E+03 0.00462 
   72    1    1    1    1    1    1    1    7    6  8.58090E+03 0.00464 
   73    1    1    1    1    1    1    1    7    7  0.00000E+00 0.00000 
   74    1    1    1    1    1    1    1    7    8  8.31170E+03 0.00476 
   75    1    1    1    1    1    1    1    7    9  8.16267E+03 0.00474 
   76    1    1    1    1    1    1    1    7   10  0.00000E+00 0.00000 
   77    1    1    1    1    1    1    1    7   11  8.03729E+03 0.00473 
   78    1    1    1    1    1    1    1    8    1  8.83819E+03 0.00455 
   79    1    1    1    1    1    1    1    8    2  0.00000E+00 0.00000 
   80    1    1    1    1    1    1    1    8    3  8.58822E+03 0.00456 
   81    1    1    1    1    1    1    1    8    4  8.50029E+03 0.00470 
   82    1    1    1    1    1    1    1    8    5  0.00000E+00 0.00000 
   83    1    1    1    1    1    1    1    8    6  8.33159E+03 0.00469 
   84    1    1    1    1    1    1    1    8    7  8.21253E+03 0.00470 
   85    1    1    1    1    1    1    1    8    8  0.00000E+00 0.00000 
   86    1    1    1    1    1    1    1    8    9  8.03480E+03 0.00472 
   87    1    1    1    1    1    1    1    8   10  7.98655E+03 0.00472 
   88    1    1    1    1    1    1    1    8   11  0.00000E+00 0.00000 
   89    1    1    1    1    1    1    1    9    1  8.60854E+03 0.00462 
   90    1    1    1    1    1    1    1    9    2  8.44822E+03 0.00462 
   91    1    1    1    1    1    1    1    9    3  0.00000E+00 0.00000 
   92    1    1    1    1    1    1    1    9    4  8.25285E+03 0.00467 
   93    1    1    1    1    1    1    1    9    5  8.11839E+03 0.00470 
   94    1    1    1    1    1    1    1    9    6  0.00000E+00 0.00000 
   95    1    1    1    1    1    1    1    9    7  8.03011E+03 0.00477 
   96    1    1    1    1    1    1    1    9    8  7.86770E+03 0.00469 
   97    1    1    1    1    1    1    1    9    9  0.00000E+00 0.00000 
   98    1    1    1    1    1    1    1    9   10  7.73368E+03 0.00489 
   99    1    1    1    1    1    1    1    9   11  7.69383E+03 0.00486 
  100    1    1    1    1    1    1    1   10    1  0.00000E+00 0.00000 
  101    1    1    1    1    1    1    1   10    2  8.23635E+03 0.00468 
  102    1    1    1    1    1    1    1   10    3  8.16844E+03 0.00463 
  103    1    1    1    1    1    1    1   10    4  0.00000E+00 0.00000 
  104    1    1    1    1    1    1    1   10    5  7.99993E+03 0.00476 
  105    1    1    1    1    1    1    1   10    6  7.94166E+03 0.00480 
  106    1    1    1    1    1    1    1   10    7  0.00000E+00 0.00000 
  107    1    1    1    1    1    1    1   10    8  7.72677E+03 0.00473 
  108    1    1    1    1    1    1    1   10    9  7.67578E+03 0.00487 
  109    1    1    1    1    1    1    1   10   10  0.00000E+00 0.00000 
