
DETassem1 = [
    1    1    1    1    1    1    1    1    1    1  0.00000E+00 0.00000 
    2    1    1    1    1    1    1    1    1    2  0.00000E+00 0.00000 
    3    1    1    1    1    1    1    1    1    3  0.00000E+00 0.00000 
    4    1    1    1    1    1    1    1    1    4  0.00000E+00 0.00000 
    5    1    1    1    1    1    1    1    1    5  0.00000E+00 0.00000 
    6    1    1    1    1    1    1    1    1    6  0.00000E+00 0.00000 
    7    1    1    1    1    1    1    1    1    7  0.00000E+00 0.00000 
    8    1    1    1    1    1    1    1    1    8  1.78924E+04 0.00350 
    9    1    1    1    1    1    1    1    1    9  1.39391E+04 0.00385 
   10    1    1    1    1    1    1    1    1   10  0.00000E+00 0.00000 
   11    1    1    1    1    1    1    1    1   11  1.03712E+04 0.00432 
   12    1    1    1    1    1    1    1    2    1  1.92896E+04 0.00336 
   13    1    1    1    1    1    1    1    2    2  0.00000E+00 0.00000 
   14    1    1    1    1    1    1    1    2    3  0.00000E+00 0.00000 
   15    1    1    1    1    1    1    1    2    4  0.00000E+00 0.00000 
   16    1    1    1    1    1    1    1    2    5  0.00000E+00 0.00000 
   17    1    1    1    1    1    1    1    2    6  1.91741E+04 0.00348 
   18    1    1    1    1    1    1    1    2    7  1.57054E+04 0.00374 
   19    1    1    1    1    1    1    1    2    8  0.00000E+00 0.00000 
   20    1    1    1    1    1    1    1    2    9  1.14321E+04 0.00417 
   21    1    1    1    1    1    1    1    2   10  1.02701E+04 0.00433 
   22    1    1    1    1    1    1    1    2   11  0.00000E+00 0.00000 
   23    1    1    1    1    1    1    1    3    1  1.57569E+04 0.00372 
   24    1    1    1    1    1    1    1    3    2  1.78802E+04 0.00357 
   25    1    1    1    1    1    1    1    3    3  0.00000E+00 0.00000 
   26    1    1    1    1    1    1    1    3    4  1.78359E+04 0.00353 
   27    1    1    1    1    1    1    1    3    5  1.57044E+04 0.00371 
   28    1    1    1    1    1    1    1    3    6  0.00000E+00 0.00000 
   29    1    1    1    1    1    1    1    3    7  1.22683E+04 0.00400 
   30    1    1    1    1    1    1    1    3    8  1.10182E+04 0.00413 
   31    1    1    1    1    1    1    1    3    9  0.00000E+00 0.00000 
   32    1    1    1    1    1    1    1    3   10  9.54483E+03 0.00429 
   33    1    1    1    1    1    1    1    3   11  9.15096E+03 0.00439 
   34    1    1    1    1    1    1    1    4    1  0.00000E+00 0.00000 
   35    1    1    1    1    1    1    1    4    2  1.40675E+04 0.00389 
   36    1    1    1    1    1    1    1    4    3  1.38964E+04 0.00386 
   37    1    1    1    1    1    1    1    4    4  0.00000E+00 0.00000 
   38    1    1    1    1    1    1    1    4    5  1.21951E+04 0.00404 
   39    1    1    1    1    1    1    1    4    6  1.13487E+04 0.00422 
   40    1    1    1    1    1    1    1    4    7  0.00000E+00 0.00000 
   41    1    1    1    1    1    1    1    4    8  9.84720E+03 0.00430 
   42    1    1    1    1    1    1    1    4    9  9.44716E+03 0.00430 
   43    1    1    1    1    1    1    1    4   10  0.00000E+00 0.00000 
   44    1    1    1    1    1    1    1    4   11  8.86976E+03 0.00444 
   45    1    1    1    1    1    1    1    5    1  1.14092E+04 0.00414 
   46    1    1    1    1    1    1    1    5    2  0.00000E+00 0.00000 
   47    1    1    1    1    1    1    1    5    3  1.13328E+04 0.00419 
   48    1    1    1    1    1    1    1    5    4  1.10821E+04 0.00410 
   49    1    1    1    1    1    1    1    5    5  0.00000E+00 0.00000 
   50    1    1    1    1    1    1    1    5    6  1.00527E+04 0.00434 
   51    1    1    1    1    1    1    1    5    7  9.63763E+03 0.00430 
   52    1    1    1    1    1    1    1    5    8  0.00000E+00 0.00000 
   53    1    1    1    1    1    1    1    5    9  8.96369E+03 0.00442 
   54    1    1    1    1    1    1    1    5   10  8.80183E+03 0.00454 
   55    1    1    1    1    1    1    1    5   11  0.00000E+00 0.00000 
   56    1    1    1    1    1    1    1    6    1  1.03266E+04 0.00419 
   57    1    1    1    1    1    1    1    6    2  1.02937E+04 0.00432 
   58    1    1    1    1    1    1    1    6    3  0.00000E+00 0.00000 
   59    1    1    1    1    1    1    1    6    4  9.89693E+03 0.00437 
   60    1    1    1    1    1    1    1    6    5  9.55197E+03 0.00427 
   61    1    1    1    1    1    1    1    6    6  0.00000E+00 0.00000 
   62    1    1    1    1    1    1    1    6    7  8.88792E+03 0.00443 
   63    1    1    1    1    1    1    1    6    8  8.74463E+03 0.00443 
   64    1    1    1    1    1    1    1    6    9  0.00000E+00 0.00000 
   65    1    1    1    1    1    1    1    6   10  8.54667E+03 0.00451 
   66    1    1    1    1    1    1    1    6   11  8.42710E+03 0.00466 
   67    1    1    1    1    1    1    1    7    1  0.00000E+00 0.00000 
   68    1    1    1    1    1    1    1    7    2  9.64730E+03 0.00420 
   69    1    1    1    1    1    1    1    7    3  9.47948E+03 0.00432 
   70    1    1    1    1    1    1    1    7    4  0.00000E+00 0.00000 
   71    1    1    1    1    1    1    1    7    5  8.97482E+03 0.00440 
   72    1    1    1    1    1    1    1    7    6  8.80903E+03 0.00446 
   73    1    1    1    1    1    1    1    7    7  0.00000E+00 0.00000 
   74    1    1    1    1    1    1    1    7    8  8.54738E+03 0.00453 
   75    1    1    1    1    1    1    1    7    9  8.41997E+03 0.00450 
   76    1    1    1    1    1    1    1    7   10  0.00000E+00 0.00000 
   77    1    1    1    1    1    1    1    7   11  8.28529E+03 0.00453 
   78    1    1    1    1    1    1    1    8    1  9.18195E+03 0.00438 
   79    1    1    1    1    1    1    1    8    2  0.00000E+00 0.00000 
   80    1    1    1    1    1    1    1    8    3  8.89469E+03 0.00449 
   81    1    1    1    1    1    1    1    8    4  8.81216E+03 0.00434 
   82    1    1    1    1    1    1    1    8    5  0.00000E+00 0.00000 
   83    1    1    1    1    1    1    1    8    6  8.57859E+03 0.00454 
   84    1    1    1    1    1    1    1    8    7  8.41589E+03 0.00452 
   85    1    1    1    1    1    1    1    8    8  0.00000E+00 0.00000 
   86    1    1    1    1    1    1    1    8    9  8.20746E+03 0.00458 
   87    1    1    1    1    1    1    1    8   10  8.15173E+03 0.00453 
   88    1    1    1    1    1    1    1    8   11  0.00000E+00 0.00000 
   89    1    1    1    1    1    1    1    9    1  8.88891E+03 0.00438 
   90    1    1    1    1    1    1    1    9    2  8.79813E+03 0.00442 
   91    1    1    1    1    1    1    1    9    3  0.00000E+00 0.00000 
   92    1    1    1    1    1    1    1    9    4  8.44983E+03 0.00453 
   93    1    1    1    1    1    1    1    9    5  8.40766E+03 0.00459 
   94    1    1    1    1    1    1    1    9    6  0.00000E+00 0.00000 
   95    1    1    1    1    1    1    1    9    7  8.28199E+03 0.00453 
   96    1    1    1    1    1    1    1    9    8  8.27974E+03 0.00457 
   97    1    1    1    1    1    1    1    9    9  0.00000E+00 0.00000 
   98    1    1    1    1    1    1    1    9   10  8.00874E+03 0.00475 
   99    1    1    1    1    1    1    1    9   11  7.87353E+03 0.00471 
  100    1    1    1    1    1    1    1   10    1  0.00000E+00 0.00000 
  101    1    1    1    1    1    1    1   10    2  8.53964E+03 0.00450 
  102    1    1    1    1    1    1    1   10    3  8.39252E+03 0.00458 
  103    1    1    1    1    1    1    1   10    4  0.00000E+00 0.00000 
  104    1    1    1    1    1    1    1   10    5  8.23209E+03 0.00454 
  105    1    1    1    1    1    1    1   10    6  8.19196E+03 0.00453 
  106    1    1    1    1    1    1    1   10    7  0.00000E+00 0.00000 
  107    1    1    1    1    1    1    1   10    8  8.01287E+03 0.00472 
  108    1    1    1    1    1    1    1   10    9  7.87446E+03 0.00457 
  109    1    1    1    1    1    1    1   10   10  0.00000E+00 0.00000 
