
DETassem1 = [
    1    1    1    1    1    1    1    1    1    1  0.00000E+00 0.00000 
    2    1    1    1    1    1    1    1    1    2  0.00000E+00 0.00000 
    3    1    1    1    1    1    1    1    1    3  0.00000E+00 0.00000 
    4    1    1    1    1    1    1    1    1    4  0.00000E+00 0.00000 
    5    1    1    1    1    1    1    1    1    5  0.00000E+00 0.00000 
    6    1    1    1    1    1    1    1    1    6  0.00000E+00 0.00000 
    7    1    1    1    1    1    1    1    1    7  0.00000E+00 0.00000 
    8    1    1    1    1    1    1    1    1    8  1.81953E+04 0.00367 
    9    1    1    1    1    1    1    1    1    9  1.39204E+04 0.00402 
   10    1    1    1    1    1    1    1    1   10  0.00000E+00 0.00000 
   11    1    1    1    1    1    1    1    1   11  1.00020E+04 0.00448 
   12    1    1    1    1    1    1    1    2    1  1.96447E+04 0.00362 
   13    1    1    1    1    1    1    1    2    2  0.00000E+00 0.00000 
   14    1    1    1    1    1    1    1    2    3  0.00000E+00 0.00000 
   15    1    1    1    1    1    1    1    2    4  0.00000E+00 0.00000 
   16    1    1    1    1    1    1    1    2    5  0.00000E+00 0.00000 
   17    1    1    1    1    1    1    1    2    6  1.95961E+04 0.00357 
   18    1    1    1    1    1    1    1    2    7  1.56605E+04 0.00381 
   19    1    1    1    1    1    1    1    2    8  0.00000E+00 0.00000 
   20    1    1    1    1    1    1    1    2    9  1.11802E+04 0.00431 
   21    1    1    1    1    1    1    1    2   10  9.93924E+03 0.00443 
   22    1    1    1    1    1    1    1    2   11  0.00000E+00 0.00000 
   23    1    1    1    1    1    1    1    3    1  1.57157E+04 0.00384 
   24    1    1    1    1    1    1    1    3    2  1.81513E+04 0.00365 
   25    1    1    1    1    1    1    1    3    3  0.00000E+00 0.00000 
   26    1    1    1    1    1    1    1    3    4  1.81944E+04 0.00374 
   27    1    1    1    1    1    1    1    3    5  1.57137E+04 0.00389 
   28    1    1    1    1    1    1    1    3    6  0.00000E+00 0.00000 
   29    1    1    1    1    1    1    1    3    7  1.20144E+04 0.00420 
   30    1    1    1    1    1    1    1    3    8  1.07721E+04 0.00425 
   31    1    1    1    1    1    1    1    3    9  0.00000E+00 0.00000 
   32    1    1    1    1    1    1    1    3   10  9.21109E+03 0.00452 
   33    1    1    1    1    1    1    1    3   11  8.79549E+03 0.00465 
   34    1    1    1    1    1    1    1    4    1  0.00000E+00 0.00000 
   35    1    1    1    1    1    1    1    4    2  1.37384E+04 0.00403 
   36    1    1    1    1    1    1    1    4    3  1.38249E+04 0.00404 
   37    1    1    1    1    1    1    1    4    4  0.00000E+00 0.00000 
   38    1    1    1    1    1    1    1    4    5  1.18742E+04 0.00423 
   39    1    1    1    1    1    1    1    4    6  1.10772E+04 0.00427 
   40    1    1    1    1    1    1    1    4    7  0.00000E+00 0.00000 
   41    1    1    1    1    1    1    1    4    8  9.53659E+03 0.00450 
   42    1    1    1    1    1    1    1    4    9  8.95345E+03 0.00433 
   43    1    1    1    1    1    1    1    4   10  0.00000E+00 0.00000 
   44    1    1    1    1    1    1    1    4   11  8.49565E+03 0.00467 
   45    1    1    1    1    1    1    1    5    1  1.11059E+04 0.00439 
   46    1    1    1    1    1    1    1    5    2  0.00000E+00 0.00000 
   47    1    1    1    1    1    1    1    5    3  1.11127E+04 0.00429 
   48    1    1    1    1    1    1    1    5    4  1.06674E+04 0.00441 
   49    1    1    1    1    1    1    1    5    5  0.00000E+00 0.00000 
   50    1    1    1    1    1    1    1    5    6  9.69158E+03 0.00444 
   51    1    1    1    1    1    1    1    5    7  9.20224E+03 0.00462 
   52    1    1    1    1    1    1    1    5    8  0.00000E+00 0.00000 
   53    1    1    1    1    1    1    1    5    9  8.59562E+03 0.00465 
   54    1    1    1    1    1    1    1    5   10  8.45806E+03 0.00463 
   55    1    1    1    1    1    1    1    5   11  0.00000E+00 0.00000 
   56    1    1    1    1    1    1    1    6    1  9.90307E+03 0.00444 
   57    1    1    1    1    1    1    1    6    2  1.00320E+04 0.00442 
   58    1    1    1    1    1    1    1    6    3  0.00000E+00 0.00000 
   59    1    1    1    1    1    1    1    6    4  9.50368E+03 0.00453 
   60    1    1    1    1    1    1    1    6    5  9.16505E+03 0.00464 
   61    1    1    1    1    1    1    1    6    6  0.00000E+00 0.00000 
   62    1    1    1    1    1    1    1    6    7  8.57832E+03 0.00462 
   63    1    1    1    1    1    1    1    6    8  8.39320E+03 0.00461 
   64    1    1    1    1    1    1    1    6    9  0.00000E+00 0.00000 
   65    1    1    1    1    1    1    1    6   10  8.26419E+03 0.00473 
   66    1    1    1    1    1    1    1    6   11  8.24016E+03 0.00471 
   67    1    1    1    1    1    1    1    7    1  0.00000E+00 0.00000 
   68    1    1    1    1    1    1    1    7    2  9.21545E+03 0.00437 
   69    1    1    1    1    1    1    1    7    3  8.90930E+03 0.00462 
   70    1    1    1    1    1    1    1    7    4  0.00000E+00 0.00000 
   71    1    1    1    1    1    1    1    7    5  8.54282E+03 0.00472 
   72    1    1    1    1    1    1    1    7    6  8.51131E+03 0.00470 
   73    1    1    1    1    1    1    1    7    7  0.00000E+00 0.00000 
   74    1    1    1    1    1    1    1    7    8  8.20780E+03 0.00470 
   75    1    1    1    1    1    1    1    7    9  8.20489E+03 0.00476 
   76    1    1    1    1    1    1    1    7   10  0.00000E+00 0.00000 
   77    1    1    1    1    1    1    1    7   11  7.87885E+03 0.00469 
   78    1    1    1    1    1    1    1    8    1  8.81862E+03 0.00459 
   79    1    1    1    1    1    1    1    8    2  0.00000E+00 0.00000 
   80    1    1    1    1    1    1    1    8    3  8.52814E+03 0.00469 
   81    1    1    1    1    1    1    1    8    4  8.35619E+03 0.00473 
   82    1    1    1    1    1    1    1    8    5  0.00000E+00 0.00000 
   83    1    1    1    1    1    1    1    8    6  8.15879E+03 0.00476 
   84    1    1    1    1    1    1    1    8    7  8.05091E+03 0.00477 
   85    1    1    1    1    1    1    1    8    8  0.00000E+00 0.00000 
   86    1    1    1    1    1    1    1    8    9  8.07389E+03 0.00475 
   87    1    1    1    1    1    1    1    8   10  7.95232E+03 0.00488 
   88    1    1    1    1    1    1    1    8   11  0.00000E+00 0.00000 
   89    1    1    1    1    1    1    1    9    1  8.51957E+03 0.00458 
   90    1    1    1    1    1    1    1    9    2  8.42178E+03 0.00459 
   91    1    1    1    1    1    1    1    9    3  0.00000E+00 0.00000 
   92    1    1    1    1    1    1    1    9    4  8.15618E+03 0.00463 
   93    1    1    1    1    1    1    1    9    5  8.17562E+03 0.00468 
   94    1    1    1    1    1    1    1    9    6  0.00000E+00 0.00000 
   95    1    1    1    1    1    1    1    9    7  7.98875E+03 0.00479 
   96    1    1    1    1    1    1    1    9    8  7.91934E+03 0.00483 
   97    1    1    1    1    1    1    1    9    9  0.00000E+00 0.00000 
   98    1    1    1    1    1    1    1    9   10  7.74494E+03 0.00490 
   99    1    1    1    1    1    1    1    9   11  7.71344E+03 0.00483 
  100    1    1    1    1    1    1    1   10    1  0.00000E+00 0.00000 
  101    1    1    1    1    1    1    1   10    2  8.18669E+03 0.00466 
  102    1    1    1    1    1    1    1   10    3  8.16286E+03 0.00476 
  103    1    1    1    1    1    1    1   10    4  0.00000E+00 0.00000 
  104    1    1    1    1    1    1    1   10    5  7.97816E+03 0.00469 
  105    1    1    1    1    1    1    1   10    6  7.95465E+03 0.00475 
  106    1    1    1    1    1    1    1   10    7  0.00000E+00 0.00000 
  107    1    1    1    1    1    1    1   10    8  7.77572E+03 0.00485 
  108    1    1    1    1    1    1    1   10    9  7.58185E+03 0.00491 
  109    1    1    1    1    1    1    1   10   10  0.00000E+00 0.00000 
