
DETassem1 = [
    1    1    1    1    1    1    1    1    1    1  0.00000E+00 0.00000 
    2    1    1    1    1    1    1    1    1    2  0.00000E+00 0.00000 
    3    1    1    1    1    1    1    1    1    3  0.00000E+00 0.00000 
    4    1    1    1    1    1    1    1    1    4  0.00000E+00 0.00000 
    5    1    1    1    1    1    1    1    1    5  0.00000E+00 0.00000 
    6    1    1    1    1    1    1    1    1    6  0.00000E+00 0.00000 
    7    1    1    1    1    1    1    1    1    7  0.00000E+00 0.00000 
    8    1    1    1    1    1    1    1    1    8  1.76623E+04 0.00358 
    9    1    1    1    1    1    1    1    1    9  1.37935E+04 0.00392 
   10    1    1    1    1    1    1    1    1   10  0.00000E+00 0.00000 
   11    1    1    1    1    1    1    1    1   11  1.03260E+04 0.00424 
   12    1    1    1    1    1    1    1    2    1  1.87077E+04 0.00352 
   13    1    1    1    1    1    1    1    2    2  0.00000E+00 0.00000 
   14    1    1    1    1    1    1    1    2    3  0.00000E+00 0.00000 
   15    1    1    1    1    1    1    1    2    4  0.00000E+00 0.00000 
   16    1    1    1    1    1    1    1    2    5  0.00000E+00 0.00000 
   17    1    1    1    1    1    1    1    2    6  1.88419E+04 0.00352 
   18    1    1    1    1    1    1    1    2    7  1.54261E+04 0.00374 
   19    1    1    1    1    1    1    1    2    8  0.00000E+00 0.00000 
   20    1    1    1    1    1    1    1    2    9  1.12842E+04 0.00406 
   21    1    1    1    1    1    1    1    2   10  1.02416E+04 0.00433 
   22    1    1    1    1    1    1    1    2   11  0.00000E+00 0.00000 
   23    1    1    1    1    1    1    1    3    1  1.55743E+04 0.00369 
   24    1    1    1    1    1    1    1    3    2  1.75516E+04 0.00364 
   25    1    1    1    1    1    1    1    3    3  0.00000E+00 0.00000 
   26    1    1    1    1    1    1    1    3    4  1.75558E+04 0.00363 
   27    1    1    1    1    1    1    1    3    5  1.54483E+04 0.00381 
   28    1    1    1    1    1    1    1    3    6  0.00000E+00 0.00000 
   29    1    1    1    1    1    1    1    3    7  1.20530E+04 0.00405 
   30    1    1    1    1    1    1    1    3    8  1.09406E+04 0.00420 
   31    1    1    1    1    1    1    1    3    9  0.00000E+00 0.00000 
   32    1    1    1    1    1    1    1    3   10  9.52764E+03 0.00430 
   33    1    1    1    1    1    1    1    3   11  9.13687E+03 0.00431 
   34    1    1    1    1    1    1    1    4    1  0.00000E+00 0.00000 
   35    1    1    1    1    1    1    1    4    2  1.37588E+04 0.00394 
   36    1    1    1    1    1    1    1    4    3  1.38216E+04 0.00396 
   37    1    1    1    1    1    1    1    4    4  0.00000E+00 0.00000 
   38    1    1    1    1    1    1    1    4    5  1.20892E+04 0.00407 
   39    1    1    1    1    1    1    1    4    6  1.11611E+04 0.00418 
   40    1    1    1    1    1    1    1    4    7  0.00000E+00 0.00000 
   41    1    1    1    1    1    1    1    4    8  9.80846E+03 0.00442 
   42    1    1    1    1    1    1    1    4    9  9.49115E+03 0.00422 
   43    1    1    1    1    1    1    1    4   10  0.00000E+00 0.00000 
   44    1    1    1    1    1    1    1    4   11  8.85088E+03 0.00438 
   45    1    1    1    1    1    1    1    5    1  1.11429E+04 0.00422 
   46    1    1    1    1    1    1    1    5    2  0.00000E+00 0.00000 
   47    1    1    1    1    1    1    1    5    3  1.12821E+04 0.00409 
   48    1    1    1    1    1    1    1    5    4  1.09634E+04 0.00420 
   49    1    1    1    1    1    1    1    5    5  0.00000E+00 0.00000 
   50    1    1    1    1    1    1    1    5    6  9.97373E+03 0.00423 
   51    1    1    1    1    1    1    1    5    7  9.44614E+03 0.00439 
   52    1    1    1    1    1    1    1    5    8  0.00000E+00 0.00000 
   53    1    1    1    1    1    1    1    5    9  8.97403E+03 0.00445 
   54    1    1    1    1    1    1    1    5   10  8.79132E+03 0.00441 
   55    1    1    1    1    1    1    1    5   11  0.00000E+00 0.00000 
   56    1    1    1    1    1    1    1    6    1  1.02915E+04 0.00423 
   57    1    1    1    1    1    1    1    6    2  1.02338E+04 0.00424 
   58    1    1    1    1    1    1    1    6    3  0.00000E+00 0.00000 
   59    1    1    1    1    1    1    1    6    4  9.77144E+03 0.00428 
   60    1    1    1    1    1    1    1    6    5  9.50205E+03 0.00432 
   61    1    1    1    1    1    1    1    6    6  0.00000E+00 0.00000 
   62    1    1    1    1    1    1    1    6    7  8.94816E+03 0.00442 
   63    1    1    1    1    1    1    1    6    8  8.76942E+03 0.00436 
   64    1    1    1    1    1    1    1    6    9  0.00000E+00 0.00000 
   65    1    1    1    1    1    1    1    6   10  8.62887E+03 0.00439 
   66    1    1    1    1    1    1    1    6   11  8.49799E+03 0.00460 
   67    1    1    1    1    1    1    1    7    1  0.00000E+00 0.00000 
   68    1    1    1    1    1    1    1    7    2  9.60639E+03 0.00430 
   69    1    1    1    1    1    1    1    7    3  9.34577E+03 0.00436 
   70    1    1    1    1    1    1    1    7    4  0.00000E+00 0.00000 
   71    1    1    1    1    1    1    1    7    5  9.01750E+03 0.00440 
   72    1    1    1    1    1    1    1    7    6  8.86356E+03 0.00440 
   73    1    1    1    1    1    1    1    7    7  0.00000E+00 0.00000 
   74    1    1    1    1    1    1    1    7    8  8.54864E+03 0.00454 
   75    1    1    1    1    1    1    1    7    9  8.46601E+03 0.00442 
   76    1    1    1    1    1    1    1    7   10  0.00000E+00 0.00000 
   77    1    1    1    1    1    1    1    7   11  8.31546E+03 0.00471 
   78    1    1    1    1    1    1    1    8    1  9.13961E+03 0.00441 
   79    1    1    1    1    1    1    1    8    2  0.00000E+00 0.00000 
   80    1    1    1    1    1    1    1    8    3  8.90846E+03 0.00442 
   81    1    1    1    1    1    1    1    8    4  8.76677E+03 0.00451 
   82    1    1    1    1    1    1    1    8    5  0.00000E+00 0.00000 
   83    1    1    1    1    1    1    1    8    6  8.60235E+03 0.00450 
   84    1    1    1    1    1    1    1    8    7  8.39541E+03 0.00445 
   85    1    1    1    1    1    1    1    8    8  0.00000E+00 0.00000 
   86    1    1    1    1    1    1    1    8    9  8.33192E+03 0.00457 
   87    1    1    1    1    1    1    1    8   10  8.22905E+03 0.00462 
   88    1    1    1    1    1    1    1    8   11  0.00000E+00 0.00000 
   89    1    1    1    1    1    1    1    9    1  8.86767E+03 0.00437 
   90    1    1    1    1    1    1    1    9    2  8.75850E+03 0.00439 
   91    1    1    1    1    1    1    1    9    3  0.00000E+00 0.00000 
   92    1    1    1    1    1    1    1    9    4  8.55797E+03 0.00445 
   93    1    1    1    1    1    1    1    9    5  8.42403E+03 0.00448 
   94    1    1    1    1    1    1    1    9    6  0.00000E+00 0.00000 
   95    1    1    1    1    1    1    1    9    7  8.34078E+03 0.00452 
   96    1    1    1    1    1    1    1    9    8  8.19516E+03 0.00459 
   97    1    1    1    1    1    1    1    9    9  0.00000E+00 0.00000 
   98    1    1    1    1    1    1    1    9   10  7.98135E+03 0.00460 
   99    1    1    1    1    1    1    1    9   11  7.99804E+03 0.00475 
  100    1    1    1    1    1    1    1   10    1  0.00000E+00 0.00000 
  101    1    1    1    1    1    1    1   10    2  8.55200E+03 0.00458 
  102    1    1    1    1    1    1    1   10    3  8.40520E+03 0.00455 
  103    1    1    1    1    1    1    1   10    4  0.00000E+00 0.00000 
  104    1    1    1    1    1    1    1   10    5  8.28908E+03 0.00455 
  105    1    1    1    1    1    1    1   10    6  8.19952E+03 0.00466 
  106    1    1    1    1    1    1    1   10    7  0.00000E+00 0.00000 
  107    1    1    1    1    1    1    1   10    8  7.96076E+03 0.00466 
  108    1    1    1    1    1    1    1   10    9  7.93313E+03 0.00463 
  109    1    1    1    1    1    1    1   10   10  0.00000E+00 0.00000 
