
DETassem1 = [
    1    1    1    1    1    1    1    1    1    1  0.00000E+00 0.00000 
    2    1    1    1    1    1    1    1    1    2  0.00000E+00 0.00000 
    3    1    1    1    1    1    1    1    1    3  0.00000E+00 0.00000 
    4    1    1    1    1    1    1    1    1    4  0.00000E+00 0.00000 
    5    1    1    1    1    1    1    1    1    5  0.00000E+00 0.00000 
    6    1    1    1    1    1    1    1    1    6  0.00000E+00 0.00000 
    7    1    1    1    1    1    1    1    1    7  0.00000E+00 0.00000 
    8    1    1    1    1    1    1    1    1    8  1.77239E+04 0.00362 
    9    1    1    1    1    1    1    1    1    9  1.38348E+04 0.00390 
   10    1    1    1    1    1    1    1    1   10  0.00000E+00 0.00000 
   11    1    1    1    1    1    1    1    1   11  1.01974E+04 0.00419 
   12    1    1    1    1    1    1    1    2    1  1.89526E+04 0.00350 
   13    1    1    1    1    1    1    1    2    2  0.00000E+00 0.00000 
   14    1    1    1    1    1    1    1    2    3  0.00000E+00 0.00000 
   15    1    1    1    1    1    1    1    2    4  0.00000E+00 0.00000 
   16    1    1    1    1    1    1    1    2    5  0.00000E+00 0.00000 
   17    1    1    1    1    1    1    1    2    6  1.91016E+04 0.00345 
   18    1    1    1    1    1    1    1    2    7  1.55574E+04 0.00372 
   19    1    1    1    1    1    1    1    2    8  0.00000E+00 0.00000 
   20    1    1    1    1    1    1    1    2    9  1.12610E+04 0.00418 
   21    1    1    1    1    1    1    1    2   10  1.02985E+04 0.00418 
   22    1    1    1    1    1    1    1    2   11  0.00000E+00 0.00000 
   23    1    1    1    1    1    1    1    3    1  1.54750E+04 0.00373 
   24    1    1    1    1    1    1    1    3    2  1.77020E+04 0.00361 
   25    1    1    1    1    1    1    1    3    3  0.00000E+00 0.00000 
   26    1    1    1    1    1    1    1    3    4  1.77120E+04 0.00353 
   27    1    1    1    1    1    1    1    3    5  1.55521E+04 0.00375 
   28    1    1    1    1    1    1    1    3    6  0.00000E+00 0.00000 
   29    1    1    1    1    1    1    1    3    7  1.21485E+04 0.00402 
   30    1    1    1    1    1    1    1    3    8  1.09779E+04 0.00423 
   31    1    1    1    1    1    1    1    3    9  0.00000E+00 0.00000 
   32    1    1    1    1    1    1    1    3   10  9.47662E+03 0.00436 
   33    1    1    1    1    1    1    1    3   11  9.16712E+03 0.00444 
   34    1    1    1    1    1    1    1    4    1  0.00000E+00 0.00000 
   35    1    1    1    1    1    1    1    4    2  1.37317E+04 0.00396 
   36    1    1    1    1    1    1    1    4    3  1.37717E+04 0.00397 
   37    1    1    1    1    1    1    1    4    4  0.00000E+00 0.00000 
   38    1    1    1    1    1    1    1    4    5  1.21378E+04 0.00412 
   39    1    1    1    1    1    1    1    4    6  1.12577E+04 0.00429 
   40    1    1    1    1    1    1    1    4    7  0.00000E+00 0.00000 
   41    1    1    1    1    1    1    1    4    8  9.78810E+03 0.00430 
   42    1    1    1    1    1    1    1    4    9  9.34599E+03 0.00436 
   43    1    1    1    1    1    1    1    4   10  0.00000E+00 0.00000 
   44    1    1    1    1    1    1    1    4   11  8.86714E+03 0.00439 
   45    1    1    1    1    1    1    1    5    1  1.12646E+04 0.00411 
   46    1    1    1    1    1    1    1    5    2  0.00000E+00 0.00000 
   47    1    1    1    1    1    1    1    5    3  1.13105E+04 0.00410 
   48    1    1    1    1    1    1    1    5    4  1.10028E+04 0.00424 
   49    1    1    1    1    1    1    1    5    5  0.00000E+00 0.00000 
   50    1    1    1    1    1    1    1    5    6  9.99078E+03 0.00424 
   51    1    1    1    1    1    1    1    5    7  9.52659E+03 0.00434 
   52    1    1    1    1    1    1    1    5    8  0.00000E+00 0.00000 
   53    1    1    1    1    1    1    1    5    9  8.78128E+03 0.00444 
   54    1    1    1    1    1    1    1    5   10  8.70361E+03 0.00432 
   55    1    1    1    1    1    1    1    5   11  0.00000E+00 0.00000 
   56    1    1    1    1    1    1    1    6    1  1.02721E+04 0.00422 
   57    1    1    1    1    1    1    1    6    2  1.02121E+04 0.00424 
   58    1    1    1    1    1    1    1    6    3  0.00000E+00 0.00000 
   59    1    1    1    1    1    1    1    6    4  9.86070E+03 0.00429 
   60    1    1    1    1    1    1    1    6    5  9.54969E+03 0.00442 
   61    1    1    1    1    1    1    1    6    6  0.00000E+00 0.00000 
   62    1    1    1    1    1    1    1    6    7  9.03881E+03 0.00454 
   63    1    1    1    1    1    1    1    6    8  8.63218E+03 0.00444 
   64    1    1    1    1    1    1    1    6    9  0.00000E+00 0.00000 
   65    1    1    1    1    1    1    1    6   10  8.55733E+03 0.00452 
   66    1    1    1    1    1    1    1    6   11  8.49236E+03 0.00452 
   67    1    1    1    1    1    1    1    7    1  0.00000E+00 0.00000 
   68    1    1    1    1    1    1    1    7    2  9.46767E+03 0.00437 
   69    1    1    1    1    1    1    1    7    3  9.27655E+03 0.00448 
   70    1    1    1    1    1    1    1    7    4  0.00000E+00 0.00000 
   71    1    1    1    1    1    1    1    7    5  8.98249E+03 0.00434 
   72    1    1    1    1    1    1    1    7    6  8.82593E+03 0.00450 
   73    1    1    1    1    1    1    1    7    7  0.00000E+00 0.00000 
   74    1    1    1    1    1    1    1    7    8  8.49628E+03 0.00443 
   75    1    1    1    1    1    1    1    7    9  8.42772E+03 0.00452 
   76    1    1    1    1    1    1    1    7   10  0.00000E+00 0.00000 
   77    1    1    1    1    1    1    1    7   11  8.22756E+03 0.00447 
   78    1    1    1    1    1    1    1    8    1  9.07561E+03 0.00432 
   79    1    1    1    1    1    1    1    8    2  0.00000E+00 0.00000 
   80    1    1    1    1    1    1    1    8    3  8.79957E+03 0.00446 
   81    1    1    1    1    1    1    1    8    4  8.71732E+03 0.00449 
   82    1    1    1    1    1    1    1    8    5  0.00000E+00 0.00000 
   83    1    1    1    1    1    1    1    8    6  8.53262E+03 0.00450 
   84    1    1    1    1    1    1    1    8    7  8.45088E+03 0.00448 
   85    1    1    1    1    1    1    1    8    8  0.00000E+00 0.00000 
   86    1    1    1    1    1    1    1    8    9  8.26954E+03 0.00454 
   87    1    1    1    1    1    1    1    8   10  8.22397E+03 0.00464 
   88    1    1    1    1    1    1    1    8   11  0.00000E+00 0.00000 
   89    1    1    1    1    1    1    1    9    1  8.85521E+03 0.00442 
   90    1    1    1    1    1    1    1    9    2  8.74554E+03 0.00449 
   91    1    1    1    1    1    1    1    9    3  0.00000E+00 0.00000 
   92    1    1    1    1    1    1    1    9    4  8.47392E+03 0.00453 
   93    1    1    1    1    1    1    1    9    5  8.50610E+03 0.00454 
   94    1    1    1    1    1    1    1    9    6  0.00000E+00 0.00000 
   95    1    1    1    1    1    1    1    9    7  8.22226E+03 0.00455 
   96    1    1    1    1    1    1    1    9    8  8.13596E+03 0.00448 
   97    1    1    1    1    1    1    1    9    9  0.00000E+00 0.00000 
   98    1    1    1    1    1    1    1    9   10  7.99184E+03 0.00468 
   99    1    1    1    1    1    1    1    9   11  7.88193E+03 0.00461 
  100    1    1    1    1    1    1    1   10    1  0.00000E+00 0.00000 
  101    1    1    1    1    1    1    1   10    2  8.53677E+03 0.00456 
  102    1    1    1    1    1    1    1   10    3  8.43626E+03 0.00455 
  103    1    1    1    1    1    1    1   10    4  0.00000E+00 0.00000 
  104    1    1    1    1    1    1    1   10    5  8.20203E+03 0.00461 
  105    1    1    1    1    1    1    1   10    6  8.16968E+03 0.00464 
  106    1    1    1    1    1    1    1   10    7  0.00000E+00 0.00000 
  107    1    1    1    1    1    1    1   10    8  8.05636E+03 0.00477 
  108    1    1    1    1    1    1    1   10    9  7.97112E+03 0.00470 
  109    1    1    1    1    1    1    1   10   10  0.00000E+00 0.00000 
