
DETassem1 = [
    1    1    1    1    1    1    1    1    1    1  0.00000E+00 0.00000 
    2    1    1    1    1    1    1    1    1    2  0.00000E+00 0.00000 
    3    1    1    1    1    1    1    1    1    3  0.00000E+00 0.00000 
    4    1    1    1    1    1    1    1    1    4  0.00000E+00 0.00000 
    5    1    1    1    1    1    1    1    1    5  0.00000E+00 0.00000 
    6    1    1    1    1    1    1    1    1    6  0.00000E+00 0.00000 
    7    1    1    1    1    1    1    1    1    7  0.00000E+00 0.00000 
    8    1    1    1    1    1    1    1    1    8  1.78087E+04 0.00371 
    9    1    1    1    1    1    1    1    1    9  1.34991E+04 0.00406 
   10    1    1    1    1    1    1    1    1   10  0.00000E+00 0.00000 
   11    1    1    1    1    1    1    1    1   11  9.85871E+03 0.00453 
   12    1    1    1    1    1    1    1    2    1  1.91182E+04 0.00366 
   13    1    1    1    1    1    1    1    2    2  0.00000E+00 0.00000 
   14    1    1    1    1    1    1    1    2    3  0.00000E+00 0.00000 
   15    1    1    1    1    1    1    1    2    4  0.00000E+00 0.00000 
   16    1    1    1    1    1    1    1    2    5  0.00000E+00 0.00000 
   17    1    1    1    1    1    1    1    2    6  1.91686E+04 0.00365 
   18    1    1    1    1    1    1    1    2    7  1.53939E+04 0.00392 
   19    1    1    1    1    1    1    1    2    8  0.00000E+00 0.00000 
   20    1    1    1    1    1    1    1    2    9  1.09230E+04 0.00429 
   21    1    1    1    1    1    1    1    2   10  9.87533E+03 0.00452 
   22    1    1    1    1    1    1    1    2   11  0.00000E+00 0.00000 
   23    1    1    1    1    1    1    1    3    1  1.53866E+04 0.00388 
   24    1    1    1    1    1    1    1    3    2  1.79167E+04 0.00372 
   25    1    1    1    1    1    1    1    3    3  0.00000E+00 0.00000 
   26    1    1    1    1    1    1    1    3    4  1.77924E+04 0.00383 
   27    1    1    1    1    1    1    1    3    5  1.53271E+04 0.00395 
   28    1    1    1    1    1    1    1    3    6  0.00000E+00 0.00000 
   29    1    1    1    1    1    1    1    3    7  1.16939E+04 0.00426 
   30    1    1    1    1    1    1    1    3    8  1.04953E+04 0.00432 
   31    1    1    1    1    1    1    1    3    9  0.00000E+00 0.00000 
   32    1    1    1    1    1    1    1    3   10  9.13009E+03 0.00455 
   33    1    1    1    1    1    1    1    3   11  8.73522E+03 0.00451 
   34    1    1    1    1    1    1    1    4    1  0.00000E+00 0.00000 
   35    1    1    1    1    1    1    1    4    2  1.34442E+04 0.00414 
   36    1    1    1    1    1    1    1    4    3  1.34955E+04 0.00406 
   37    1    1    1    1    1    1    1    4    4  0.00000E+00 0.00000 
   38    1    1    1    1    1    1    1    4    5  1.16273E+04 0.00429 
   39    1    1    1    1    1    1    1    4    6  1.08231E+04 0.00432 
   40    1    1    1    1    1    1    1    4    7  0.00000E+00 0.00000 
   41    1    1    1    1    1    1    1    4    8  9.36711E+03 0.00460 
   42    1    1    1    1    1    1    1    4    9  8.92895E+03 0.00456 
   43    1    1    1    1    1    1    1    4   10  0.00000E+00 0.00000 
   44    1    1    1    1    1    1    1    4   11  8.51279E+03 0.00466 
   45    1    1    1    1    1    1    1    5    1  1.08841E+04 0.00423 
   46    1    1    1    1    1    1    1    5    2  0.00000E+00 0.00000 
   47    1    1    1    1    1    1    1    5    3  1.09165E+04 0.00437 
   48    1    1    1    1    1    1    1    5    4  1.05180E+04 0.00433 
   49    1    1    1    1    1    1    1    5    5  0.00000E+00 0.00000 
   50    1    1    1    1    1    1    1    5    6  9.53764E+03 0.00462 
   51    1    1    1    1    1    1    1    5    7  9.12670E+03 0.00449 
   52    1    1    1    1    1    1    1    5    8  0.00000E+00 0.00000 
   53    1    1    1    1    1    1    1    5    9  8.48035E+03 0.00479 
   54    1    1    1    1    1    1    1    5   10  8.31570E+03 0.00464 
   55    1    1    1    1    1    1    1    5   11  0.00000E+00 0.00000 
   56    1    1    1    1    1    1    1    6    1  9.90131E+03 0.00452 
   57    1    1    1    1    1    1    1    6    2  9.82195E+03 0.00449 
   58    1    1    1    1    1    1    1    6    3  0.00000E+00 0.00000 
   59    1    1    1    1    1    1    1    6    4  9.31787E+03 0.00450 
   60    1    1    1    1    1    1    1    6    5  9.13269E+03 0.00441 
   61    1    1    1    1    1    1    1    6    6  0.00000E+00 0.00000 
   62    1    1    1    1    1    1    1    6    7  8.55501E+03 0.00469 
   63    1    1    1    1    1    1    1    6    8  8.43855E+03 0.00474 
   64    1    1    1    1    1    1    1    6    9  0.00000E+00 0.00000 
   65    1    1    1    1    1    1    1    6   10  8.19266E+03 0.00473 
   66    1    1    1    1    1    1    1    6   11  8.19935E+03 0.00472 
   67    1    1    1    1    1    1    1    7    1  0.00000E+00 0.00000 
   68    1    1    1    1    1    1    1    7    2  9.10529E+03 0.00462 
   69    1    1    1    1    1    1    1    7    3  8.91131E+03 0.00456 
   70    1    1    1    1    1    1    1    7    4  0.00000E+00 0.00000 
   71    1    1    1    1    1    1    1    7    5  8.67537E+03 0.00456 
   72    1    1    1    1    1    1    1    7    6  8.43997E+03 0.00462 
   73    1    1    1    1    1    1    1    7    7  0.00000E+00 0.00000 
   74    1    1    1    1    1    1    1    7    8  8.22763E+03 0.00475 
   75    1    1    1    1    1    1    1    7    9  8.13301E+03 0.00471 
   76    1    1    1    1    1    1    1    7   10  0.00000E+00 0.00000 
   77    1    1    1    1    1    1    1    7   11  7.98193E+03 0.00473 
   78    1    1    1    1    1    1    1    8    1  8.76025E+03 0.00467 
   79    1    1    1    1    1    1    1    8    2  0.00000E+00 0.00000 
   80    1    1    1    1    1    1    1    8    3  8.41943E+03 0.00473 
   81    1    1    1    1    1    1    1    8    4  8.43650E+03 0.00466 
   82    1    1    1    1    1    1    1    8    5  0.00000E+00 0.00000 
   83    1    1    1    1    1    1    1    8    6  8.18243E+03 0.00473 
   84    1    1    1    1    1    1    1    8    7  8.11256E+03 0.00476 
   85    1    1    1    1    1    1    1    8    8  0.00000E+00 0.00000 
   86    1    1    1    1    1    1    1    8    9  8.00542E+03 0.00487 
   87    1    1    1    1    1    1    1    8   10  7.91299E+03 0.00494 
   88    1    1    1    1    1    1    1    8   11  0.00000E+00 0.00000 
   89    1    1    1    1    1    1    1    9    1  8.49849E+03 0.00473 
   90    1    1    1    1    1    1    1    9    2  8.32491E+03 0.00474 
   91    1    1    1    1    1    1    1    9    3  0.00000E+00 0.00000 
   92    1    1    1    1    1    1    1    9    4  8.20651E+03 0.00467 
   93    1    1    1    1    1    1    1    9    5  8.04385E+03 0.00471 
   94    1    1    1    1    1    1    1    9    6  0.00000E+00 0.00000 
   95    1    1    1    1    1    1    1    9    7  7.86674E+03 0.00475 
   96    1    1    1    1    1    1    1    9    8  7.82948E+03 0.00479 
   97    1    1    1    1    1    1    1    9    9  0.00000E+00 0.00000 
   98    1    1    1    1    1    1    1    9   10  7.72824E+03 0.00480 
   99    1    1    1    1    1    1    1    9   11  7.65929E+03 0.00487 
  100    1    1    1    1    1    1    1   10    1  0.00000E+00 0.00000 
  101    1    1    1    1    1    1    1   10    2  8.21126E+03 0.00477 
  102    1    1    1    1    1    1    1   10    3  8.07580E+03 0.00487 
  103    1    1    1    1    1    1    1   10    4  0.00000E+00 0.00000 
  104    1    1    1    1    1    1    1   10    5  7.85964E+03 0.00486 
  105    1    1    1    1    1    1    1   10    6  7.88375E+03 0.00473 
  106    1    1    1    1    1    1    1   10    7  0.00000E+00 0.00000 
  107    1    1    1    1    1    1    1   10    8  7.64961E+03 0.00489 
  108    1    1    1    1    1    1    1   10    9  7.70468E+03 0.00481 
  109    1    1    1    1    1    1    1   10   10  0.00000E+00 0.00000 
