
DETassem1 = [
    1    1    1    1    1    1    1    1    1    1  0.00000E+00 0.00000 
    2    1    1    1    1    1    1    1    1    2  0.00000E+00 0.00000 
    3    1    1    1    1    1    1    1    1    3  0.00000E+00 0.00000 
    4    1    1    1    1    1    1    1    1    4  0.00000E+00 0.00000 
    5    1    1    1    1    1    1    1    1    5  0.00000E+00 0.00000 
    6    1    1    1    1    1    1    1    1    6  0.00000E+00 0.00000 
    7    1    1    1    1    1    1    1    1    7  0.00000E+00 0.00000 
    8    1    1    1    1    1    1    1    1    8  1.81780E+04 0.00365 
    9    1    1    1    1    1    1    1    1    9  1.38668E+04 0.00406 
   10    1    1    1    1    1    1    1    1   10  0.00000E+00 0.00000 
   11    1    1    1    1    1    1    1    1   11  1.00014E+04 0.00436 
   12    1    1    1    1    1    1    1    2    1  1.96505E+04 0.00354 
   13    1    1    1    1    1    1    1    2    2  0.00000E+00 0.00000 
   14    1    1    1    1    1    1    1    2    3  0.00000E+00 0.00000 
   15    1    1    1    1    1    1    1    2    4  0.00000E+00 0.00000 
   16    1    1    1    1    1    1    1    2    5  0.00000E+00 0.00000 
   17    1    1    1    1    1    1    1    2    6  1.97842E+04 0.00359 
   18    1    1    1    1    1    1    1    2    7  1.58414E+04 0.00390 
   19    1    1    1    1    1    1    1    2    8  0.00000E+00 0.00000 
   20    1    1    1    1    1    1    1    2    9  1.11946E+04 0.00431 
   21    1    1    1    1    1    1    1    2   10  1.01075E+04 0.00440 
   22    1    1    1    1    1    1    1    2   11  0.00000E+00 0.00000 
   23    1    1    1    1    1    1    1    3    1  1.57872E+04 0.00380 
   24    1    1    1    1    1    1    1    3    2  1.83017E+04 0.00367 
   25    1    1    1    1    1    1    1    3    3  0.00000E+00 0.00000 
   26    1    1    1    1    1    1    1    3    4  1.82819E+04 0.00365 
   27    1    1    1    1    1    1    1    3    5  1.56105E+04 0.00391 
   28    1    1    1    1    1    1    1    3    6  0.00000E+00 0.00000 
   29    1    1    1    1    1    1    1    3    7  1.19101E+04 0.00417 
   30    1    1    1    1    1    1    1    3    8  1.06867E+04 0.00445 
   31    1    1    1    1    1    1    1    3    9  0.00000E+00 0.00000 
   32    1    1    1    1    1    1    1    3   10  9.25271E+03 0.00448 
   33    1    1    1    1    1    1    1    3   11  8.95980E+03 0.00449 
   34    1    1    1    1    1    1    1    4    1  0.00000E+00 0.00000 
   35    1    1    1    1    1    1    1    4    2  1.39049E+04 0.00400 
   36    1    1    1    1    1    1    1    4    3  1.38729E+04 0.00400 
   37    1    1    1    1    1    1    1    4    4  0.00000E+00 0.00000 
   38    1    1    1    1    1    1    1    4    5  1.19139E+04 0.00424 
   39    1    1    1    1    1    1    1    4    6  1.11106E+04 0.00429 
   40    1    1    1    1    1    1    1    4    7  0.00000E+00 0.00000 
   41    1    1    1    1    1    1    1    4    8  9.59384E+03 0.00438 
   42    1    1    1    1    1    1    1    4    9  9.08878E+03 0.00451 
   43    1    1    1    1    1    1    1    4   10  0.00000E+00 0.00000 
   44    1    1    1    1    1    1    1    4   11  8.64986E+03 0.00456 
   45    1    1    1    1    1    1    1    5    1  1.12121E+04 0.00427 
   46    1    1    1    1    1    1    1    5    2  0.00000E+00 0.00000 
   47    1    1    1    1    1    1    1    5    3  1.12464E+04 0.00432 
   48    1    1    1    1    1    1    1    5    4  1.07088E+04 0.00432 
   49    1    1    1    1    1    1    1    5    5  0.00000E+00 0.00000 
   50    1    1    1    1    1    1    1    5    6  9.70805E+03 0.00443 
   51    1    1    1    1    1    1    1    5    7  9.20200E+03 0.00455 
   52    1    1    1    1    1    1    1    5    8  0.00000E+00 0.00000 
   53    1    1    1    1    1    1    1    5    9  8.71853E+03 0.00459 
   54    1    1    1    1    1    1    1    5   10  8.55813E+03 0.00475 
   55    1    1    1    1    1    1    1    5   11  0.00000E+00 0.00000 
   56    1    1    1    1    1    1    1    6    1  1.00718E+04 0.00451 
   57    1    1    1    1    1    1    1    6    2  1.00889E+04 0.00442 
   58    1    1    1    1    1    1    1    6    3  0.00000E+00 0.00000 
   59    1    1    1    1    1    1    1    6    4  9.47145E+03 0.00439 
   60    1    1    1    1    1    1    1    6    5  9.11350E+03 0.00452 
   61    1    1    1    1    1    1    1    6    6  0.00000E+00 0.00000 
   62    1    1    1    1    1    1    1    6    7  8.71714E+03 0.00466 
   63    1    1    1    1    1    1    1    6    8  8.44109E+03 0.00466 
   64    1    1    1    1    1    1    1    6    9  0.00000E+00 0.00000 
   65    1    1    1    1    1    1    1    6   10  8.26566E+03 0.00461 
   66    1    1    1    1    1    1    1    6   11  8.18054E+03 0.00469 
   67    1    1    1    1    1    1    1    7    1  0.00000E+00 0.00000 
   68    1    1    1    1    1    1    1    7    2  9.27027E+03 0.00444 
   69    1    1    1    1    1    1    1    7    3  9.06920E+03 0.00471 
   70    1    1    1    1    1    1    1    7    4  0.00000E+00 0.00000 
   71    1    1    1    1    1    1    1    7    5  8.68495E+03 0.00463 
   72    1    1    1    1    1    1    1    7    6  8.51197E+03 0.00467 
   73    1    1    1    1    1    1    1    7    7  0.00000E+00 0.00000 
   74    1    1    1    1    1    1    1    7    8  8.22414E+03 0.00467 
   75    1    1    1    1    1    1    1    7    9  8.16972E+03 0.00475 
   76    1    1    1    1    1    1    1    7   10  0.00000E+00 0.00000 
   77    1    1    1    1    1    1    1    7   11  8.11824E+03 0.00485 
   78    1    1    1    1    1    1    1    8    1  8.90719E+03 0.00460 
   79    1    1    1    1    1    1    1    8    2  0.00000E+00 0.00000 
   80    1    1    1    1    1    1    1    8    3  8.60629E+03 0.00449 
   81    1    1    1    1    1    1    1    8    4  8.40718E+03 0.00473 
   82    1    1    1    1    1    1    1    8    5  0.00000E+00 0.00000 
   83    1    1    1    1    1    1    1    8    6  8.28164E+03 0.00460 
   84    1    1    1    1    1    1    1    8    7  8.06539E+03 0.00467 
   85    1    1    1    1    1    1    1    8    8  0.00000E+00 0.00000 
   86    1    1    1    1    1    1    1    8    9  8.04372E+03 0.00473 
   87    1    1    1    1    1    1    1    8   10  8.05875E+03 0.00482 
   88    1    1    1    1    1    1    1    8   11  0.00000E+00 0.00000 
   89    1    1    1    1    1    1    1    9    1  8.62924E+03 0.00467 
   90    1    1    1    1    1    1    1    9    2  8.46421E+03 0.00460 
   91    1    1    1    1    1    1    1    9    3  0.00000E+00 0.00000 
   92    1    1    1    1    1    1    1    9    4  8.24846E+03 0.00467 
   93    1    1    1    1    1    1    1    9    5  8.13407E+03 0.00467 
   94    1    1    1    1    1    1    1    9    6  0.00000E+00 0.00000 
   95    1    1    1    1    1    1    1    9    7  7.86410E+03 0.00480 
   96    1    1    1    1    1    1    1    9    8  7.84392E+03 0.00483 
   97    1    1    1    1    1    1    1    9    9  0.00000E+00 0.00000 
   98    1    1    1    1    1    1    1    9   10  7.78325E+03 0.00496 
   99    1    1    1    1    1    1    1    9   11  7.80160E+03 0.00494 
  100    1    1    1    1    1    1    1   10    1  0.00000E+00 0.00000 
  101    1    1    1    1    1    1    1   10    2  8.31063E+03 0.00465 
  102    1    1    1    1    1    1    1   10    3  8.18995E+03 0.00462 
  103    1    1    1    1    1    1    1   10    4  0.00000E+00 0.00000 
  104    1    1    1    1    1    1    1   10    5  7.98323E+03 0.00473 
  105    1    1    1    1    1    1    1   10    6  7.92792E+03 0.00477 
  106    1    1    1    1    1    1    1   10    7  0.00000E+00 0.00000 
  107    1    1    1    1    1    1    1   10    8  7.64142E+03 0.00480 
  108    1    1    1    1    1    1    1   10    9  7.66842E+03 0.00492 
  109    1    1    1    1    1    1    1   10   10  0.00000E+00 0.00000 
