
DETassem1 = [
    1    1    1    1    1    1    1    1    1    1  0.00000E+00 0.00000 
    2    1    1    1    1    1    1    1    1    2  0.00000E+00 0.00000 
    3    1    1    1    1    1    1    1    1    3  0.00000E+00 0.00000 
    4    1    1    1    1    1    1    1    1    4  0.00000E+00 0.00000 
    5    1    1    1    1    1    1    1    1    5  0.00000E+00 0.00000 
    6    1    1    1    1    1    1    1    1    6  0.00000E+00 0.00000 
    7    1    1    1    1    1    1    1    1    7  0.00000E+00 0.00000 
    8    1    1    1    1    1    1    1    1    8  1.80724E+04 0.00371 
    9    1    1    1    1    1    1    1    1    9  1.37407E+04 0.00410 
   10    1    1    1    1    1    1    1    1   10  0.00000E+00 0.00000 
   11    1    1    1    1    1    1    1    1   11  9.86366E+03 0.00434 
   12    1    1    1    1    1    1    1    2    1  1.95440E+04 0.00361 
   13    1    1    1    1    1    1    1    2    2  0.00000E+00 0.00000 
   14    1    1    1    1    1    1    1    2    3  0.00000E+00 0.00000 
   15    1    1    1    1    1    1    1    2    4  0.00000E+00 0.00000 
   16    1    1    1    1    1    1    1    2    5  0.00000E+00 0.00000 
   17    1    1    1    1    1    1    1    2    6  1.94883E+04 0.00368 
   18    1    1    1    1    1    1    1    2    7  1.55614E+04 0.00394 
   19    1    1    1    1    1    1    1    2    8  0.00000E+00 0.00000 
   20    1    1    1    1    1    1    1    2    9  1.10293E+04 0.00431 
   21    1    1    1    1    1    1    1    2   10  9.79140E+03 0.00451 
   22    1    1    1    1    1    1    1    2   11  0.00000E+00 0.00000 
   23    1    1    1    1    1    1    1    3    1  1.56112E+04 0.00397 
   24    1    1    1    1    1    1    1    3    2  1.81365E+04 0.00363 
   25    1    1    1    1    1    1    1    3    3  0.00000E+00 0.00000 
   26    1    1    1    1    1    1    1    3    4  1.81187E+04 0.00366 
   27    1    1    1    1    1    1    1    3    5  1.56209E+04 0.00388 
   28    1    1    1    1    1    1    1    3    6  0.00000E+00 0.00000 
   29    1    1    1    1    1    1    1    3    7  1.19043E+04 0.00422 
   30    1    1    1    1    1    1    1    3    8  1.05827E+04 0.00441 
   31    1    1    1    1    1    1    1    3    9  0.00000E+00 0.00000 
   32    1    1    1    1    1    1    1    3   10  9.14131E+03 0.00455 
   33    1    1    1    1    1    1    1    3   11  8.79605E+03 0.00458 
   34    1    1    1    1    1    1    1    4    1  0.00000E+00 0.00000 
   35    1    1    1    1    1    1    1    4    2  1.38204E+04 0.00399 
   36    1    1    1    1    1    1    1    4    3  1.37520E+04 0.00401 
   37    1    1    1    1    1    1    1    4    4  0.00000E+00 0.00000 
   38    1    1    1    1    1    1    1    4    5  1.18035E+04 0.00426 
   39    1    1    1    1    1    1    1    4    6  1.09710E+04 0.00436 
   40    1    1    1    1    1    1    1    4    7  0.00000E+00 0.00000 
   41    1    1    1    1    1    1    1    4    8  9.40815E+03 0.00459 
   42    1    1    1    1    1    1    1    4    9  8.97924E+03 0.00456 
   43    1    1    1    1    1    1    1    4   10  0.00000E+00 0.00000 
   44    1    1    1    1    1    1    1    4   11  8.52947E+03 0.00462 
   45    1    1    1    1    1    1    1    5    1  1.10667E+04 0.00443 
   46    1    1    1    1    1    1    1    5    2  0.00000E+00 0.00000 
   47    1    1    1    1    1    1    1    5    3  1.11179E+04 0.00431 
   48    1    1    1    1    1    1    1    5    4  1.06688E+04 0.00437 
   49    1    1    1    1    1    1    1    5    5  0.00000E+00 0.00000 
   50    1    1    1    1    1    1    1    5    6  9.57344E+03 0.00443 
   51    1    1    1    1    1    1    1    5    7  9.19543E+03 0.00461 
   52    1    1    1    1    1    1    1    5    8  0.00000E+00 0.00000 
   53    1    1    1    1    1    1    1    5    9  8.44324E+03 0.00459 
   54    1    1    1    1    1    1    1    5   10  8.38312E+03 0.00473 
   55    1    1    1    1    1    1    1    5   11  0.00000E+00 0.00000 
   56    1    1    1    1    1    1    1    6    1  9.81189E+03 0.00452 
   57    1    1    1    1    1    1    1    6    2  9.86640E+03 0.00450 
   58    1    1    1    1    1    1    1    6    3  0.00000E+00 0.00000 
   59    1    1    1    1    1    1    1    6    4  9.48197E+03 0.00453 
   60    1    1    1    1    1    1    1    6    5  9.16624E+03 0.00452 
   61    1    1    1    1    1    1    1    6    6  0.00000E+00 0.00000 
   62    1    1    1    1    1    1    1    6    7  8.57868E+03 0.00471 
   63    1    1    1    1    1    1    1    6    8  8.41830E+03 0.00466 
   64    1    1    1    1    1    1    1    6    9  0.00000E+00 0.00000 
   65    1    1    1    1    1    1    1    6   10  8.23674E+03 0.00466 
   66    1    1    1    1    1    1    1    6   11  8.15402E+03 0.00471 
   67    1    1    1    1    1    1    1    7    1  0.00000E+00 0.00000 
   68    1    1    1    1    1    1    1    7    2  9.07150E+03 0.00451 
   69    1    1    1    1    1    1    1    7    3  8.98644E+03 0.00454 
   70    1    1    1    1    1    1    1    7    4  0.00000E+00 0.00000 
   71    1    1    1    1    1    1    1    7    5  8.57084E+03 0.00467 
   72    1    1    1    1    1    1    1    7    6  8.42516E+03 0.00471 
   73    1    1    1    1    1    1    1    7    7  0.00000E+00 0.00000 
   74    1    1    1    1    1    1    1    7    8  8.13310E+03 0.00472 
   75    1    1    1    1    1    1    1    7    9  8.22286E+03 0.00485 
   76    1    1    1    1    1    1    1    7   10  0.00000E+00 0.00000 
   77    1    1    1    1    1    1    1    7   11  7.97742E+03 0.00475 
   78    1    1    1    1    1    1    1    8    1  8.83455E+03 0.00457 
   79    1    1    1    1    1    1    1    8    2  0.00000E+00 0.00000 
   80    1    1    1    1    1    1    1    8    3  8.48457E+03 0.00482 
   81    1    1    1    1    1    1    1    8    4  8.48129E+03 0.00479 
   82    1    1    1    1    1    1    1    8    5  0.00000E+00 0.00000 
   83    1    1    1    1    1    1    1    8    6  8.15843E+03 0.00473 
   84    1    1    1    1    1    1    1    8    7  8.06119E+03 0.00466 
   85    1    1    1    1    1    1    1    8    8  0.00000E+00 0.00000 
   86    1    1    1    1    1    1    1    8    9  8.01106E+03 0.00473 
   87    1    1    1    1    1    1    1    8   10  7.95990E+03 0.00474 
   88    1    1    1    1    1    1    1    8   11  0.00000E+00 0.00000 
   89    1    1    1    1    1    1    1    9    1  8.49868E+03 0.00463 
   90    1    1    1    1    1    1    1    9    2  8.44595E+03 0.00457 
   91    1    1    1    1    1    1    1    9    3  0.00000E+00 0.00000 
   92    1    1    1    1    1    1    1    9    4  8.16857E+03 0.00477 
   93    1    1    1    1    1    1    1    9    5  8.07423E+03 0.00480 
   94    1    1    1    1    1    1    1    9    6  0.00000E+00 0.00000 
   95    1    1    1    1    1    1    1    9    7  7.88304E+03 0.00465 
   96    1    1    1    1    1    1    1    9    8  7.95691E+03 0.00472 
   97    1    1    1    1    1    1    1    9    9  0.00000E+00 0.00000 
   98    1    1    1    1    1    1    1    9   10  7.81494E+03 0.00489 
   99    1    1    1    1    1    1    1    9   11  7.78276E+03 0.00473 
  100    1    1    1    1    1    1    1   10    1  0.00000E+00 0.00000 
  101    1    1    1    1    1    1    1   10    2  8.27344E+03 0.00468 
  102    1    1    1    1    1    1    1   10    3  8.12949E+03 0.00473 
  103    1    1    1    1    1    1    1   10    4  0.00000E+00 0.00000 
  104    1    1    1    1    1    1    1   10    5  7.92824E+03 0.00479 
  105    1    1    1    1    1    1    1   10    6  7.84865E+03 0.00480 
  106    1    1    1    1    1    1    1   10    7  0.00000E+00 0.00000 
  107    1    1    1    1    1    1    1   10    8  7.68345E+03 0.00484 
  108    1    1    1    1    1    1    1   10    9  7.59989E+03 0.00490 
  109    1    1    1    1    1    1    1   10   10  0.00000E+00 0.00000 
