
DETassem1 = [
    1    1    1    1    1    1    1    1    1    1  0.00000E+00 0.00000 
    2    1    1    1    1    1    1    1    1    2  0.00000E+00 0.00000 
    3    1    1    1    1    1    1    1    1    3  0.00000E+00 0.00000 
    4    1    1    1    1    1    1    1    1    4  0.00000E+00 0.00000 
    5    1    1    1    1    1    1    1    1    5  0.00000E+00 0.00000 
    6    1    1    1    1    1    1    1    1    6  0.00000E+00 0.00000 
    7    1    1    1    1    1    1    1    1    7  0.00000E+00 0.00000 
    8    1    1    1    1    1    1    1    1    8  1.79530E+04 0.00359 
    9    1    1    1    1    1    1    1    1    9  1.39079E+04 0.00393 
   10    1    1    1    1    1    1    1    1   10  0.00000E+00 0.00000 
   11    1    1    1    1    1    1    1    1   11  1.03235E+04 0.00426 
   12    1    1    1    1    1    1    1    2    1  1.89429E+04 0.00346 
   13    1    1    1    1    1    1    1    2    2  0.00000E+00 0.00000 
   14    1    1    1    1    1    1    1    2    3  0.00000E+00 0.00000 
   15    1    1    1    1    1    1    1    2    4  0.00000E+00 0.00000 
   16    1    1    1    1    1    1    1    2    5  0.00000E+00 0.00000 
   17    1    1    1    1    1    1    1    2    6  1.91814E+04 0.00340 
   18    1    1    1    1    1    1    1    2    7  1.57148E+04 0.00374 
   19    1    1    1    1    1    1    1    2    8  0.00000E+00 0.00000 
   20    1    1    1    1    1    1    1    2    9  1.14252E+04 0.00404 
   21    1    1    1    1    1    1    1    2   10  1.03552E+04 0.00429 
   22    1    1    1    1    1    1    1    2   11  0.00000E+00 0.00000 
   23    1    1    1    1    1    1    1    3    1  1.55274E+04 0.00373 
   24    1    1    1    1    1    1    1    3    2  1.78854E+04 0.00350 
   25    1    1    1    1    1    1    1    3    3  0.00000E+00 0.00000 
   26    1    1    1    1    1    1    1    3    4  1.77861E+04 0.00355 
   27    1    1    1    1    1    1    1    3    5  1.56078E+04 0.00370 
   28    1    1    1    1    1    1    1    3    6  0.00000E+00 0.00000 
   29    1    1    1    1    1    1    1    3    7  1.21380E+04 0.00406 
   30    1    1    1    1    1    1    1    3    8  1.10378E+04 0.00421 
   31    1    1    1    1    1    1    1    3    9  0.00000E+00 0.00000 
   32    1    1    1    1    1    1    1    3   10  9.59177E+03 0.00430 
   33    1    1    1    1    1    1    1    3   11  9.20205E+03 0.00436 
   34    1    1    1    1    1    1    1    4    1  0.00000E+00 0.00000 
   35    1    1    1    1    1    1    1    4    2  1.37633E+04 0.00393 
   36    1    1    1    1    1    1    1    4    3  1.37594E+04 0.00391 
   37    1    1    1    1    1    1    1    4    4  0.00000E+00 0.00000 
   38    1    1    1    1    1    1    1    4    5  1.22364E+04 0.00396 
   39    1    1    1    1    1    1    1    4    6  1.13645E+04 0.00408 
   40    1    1    1    1    1    1    1    4    7  0.00000E+00 0.00000 
   41    1    1    1    1    1    1    1    4    8  9.93542E+03 0.00429 
   42    1    1    1    1    1    1    1    4    9  9.44131E+03 0.00439 
   43    1    1    1    1    1    1    1    4   10  0.00000E+00 0.00000 
   44    1    1    1    1    1    1    1    4   11  8.84262E+03 0.00440 
   45    1    1    1    1    1    1    1    5    1  1.13732E+04 0.00406 
   46    1    1    1    1    1    1    1    5    2  0.00000E+00 0.00000 
   47    1    1    1    1    1    1    1    5    3  1.13871E+04 0.00411 
   48    1    1    1    1    1    1    1    5    4  1.10472E+04 0.00412 
   49    1    1    1    1    1    1    1    5    5  0.00000E+00 0.00000 
   50    1    1    1    1    1    1    1    5    6  1.00325E+04 0.00428 
   51    1    1    1    1    1    1    1    5    7  9.72071E+03 0.00430 
   52    1    1    1    1    1    1    1    5    8  0.00000E+00 0.00000 
   53    1    1    1    1    1    1    1    5    9  8.95176E+03 0.00443 
   54    1    1    1    1    1    1    1    5   10  8.80578E+03 0.00432 
   55    1    1    1    1    1    1    1    5   11  0.00000E+00 0.00000 
   56    1    1    1    1    1    1    1    6    1  1.03145E+04 0.00433 
   57    1    1    1    1    1    1    1    6    2  1.01931E+04 0.00427 
   58    1    1    1    1    1    1    1    6    3  0.00000E+00 0.00000 
   59    1    1    1    1    1    1    1    6    4  9.99813E+03 0.00428 
   60    1    1    1    1    1    1    1    6    5  9.59867E+03 0.00423 
   61    1    1    1    1    1    1    1    6    6  0.00000E+00 0.00000 
   62    1    1    1    1    1    1    1    6    7  9.11186E+03 0.00437 
   63    1    1    1    1    1    1    1    6    8  8.81598E+03 0.00439 
   64    1    1    1    1    1    1    1    6    9  0.00000E+00 0.00000 
   65    1    1    1    1    1    1    1    6   10  8.58286E+03 0.00455 
   66    1    1    1    1    1    1    1    6   11  8.46630E+03 0.00449 
   67    1    1    1    1    1    1    1    7    1  0.00000E+00 0.00000 
   68    1    1    1    1    1    1    1    7    2  9.53317E+03 0.00432 
   69    1    1    1    1    1    1    1    7    3  9.42111E+03 0.00434 
   70    1    1    1    1    1    1    1    7    4  0.00000E+00 0.00000 
   71    1    1    1    1    1    1    1    7    5  9.01068E+03 0.00436 
   72    1    1    1    1    1    1    1    7    6  8.85470E+03 0.00440 
   73    1    1    1    1    1    1    1    7    7  0.00000E+00 0.00000 
   74    1    1    1    1    1    1    1    7    8  8.57408E+03 0.00448 
   75    1    1    1    1    1    1    1    7    9  8.51259E+03 0.00456 
   76    1    1    1    1    1    1    1    7   10  0.00000E+00 0.00000 
   77    1    1    1    1    1    1    1    7   11  8.23484E+03 0.00464 
   78    1    1    1    1    1    1    1    8    1  9.20742E+03 0.00435 
   79    1    1    1    1    1    1    1    8    2  0.00000E+00 0.00000 
   80    1    1    1    1    1    1    1    8    3  9.02609E+03 0.00448 
   81    1    1    1    1    1    1    1    8    4  8.87651E+03 0.00441 
   82    1    1    1    1    1    1    1    8    5  0.00000E+00 0.00000 
   83    1    1    1    1    1    1    1    8    6  8.63359E+03 0.00450 
   84    1    1    1    1    1    1    1    8    7  8.53210E+03 0.00446 
   85    1    1    1    1    1    1    1    8    8  0.00000E+00 0.00000 
   86    1    1    1    1    1    1    1    8    9  8.32480E+03 0.00455 
   87    1    1    1    1    1    1    1    8   10  8.25252E+03 0.00466 
   88    1    1    1    1    1    1    1    8   11  0.00000E+00 0.00000 
   89    1    1    1    1    1    1    1    9    1  8.86675E+03 0.00447 
   90    1    1    1    1    1    1    1    9    2  8.87512E+03 0.00442 
   91    1    1    1    1    1    1    1    9    3  0.00000E+00 0.00000 
   92    1    1    1    1    1    1    1    9    4  8.59550E+03 0.00447 
   93    1    1    1    1    1    1    1    9    5  8.47901E+03 0.00448 
   94    1    1    1    1    1    1    1    9    6  0.00000E+00 0.00000 
   95    1    1    1    1    1    1    1    9    7  8.31032E+03 0.00450 
   96    1    1    1    1    1    1    1    9    8  8.25251E+03 0.00455 
   97    1    1    1    1    1    1    1    9    9  0.00000E+00 0.00000 
   98    1    1    1    1    1    1    1    9   10  8.09383E+03 0.00455 
   99    1    1    1    1    1    1    1    9   11  7.96274E+03 0.00460 
  100    1    1    1    1    1    1    1   10    1  0.00000E+00 0.00000 
  101    1    1    1    1    1    1    1   10    2  8.60397E+03 0.00443 
  102    1    1    1    1    1    1    1   10    3  8.49649E+03 0.00443 
  103    1    1    1    1    1    1    1   10    4  0.00000E+00 0.00000 
  104    1    1    1    1    1    1    1   10    5  8.26783E+03 0.00457 
  105    1    1    1    1    1    1    1   10    6  8.19674E+03 0.00460 
  106    1    1    1    1    1    1    1   10    7  0.00000E+00 0.00000 
  107    1    1    1    1    1    1    1   10    8  8.00041E+03 0.00470 
  108    1    1    1    1    1    1    1   10    9  7.95872E+03 0.00471 
  109    1    1    1    1    1    1    1   10   10  0.00000E+00 0.00000 
