
DETassem1 = [
    1    1    1    1    1    1    1    1    1    1  0.00000E+00 0.00000 
    2    1    1    1    1    1    1    1    1    2  0.00000E+00 0.00000 
    3    1    1    1    1    1    1    1    1    3  0.00000E+00 0.00000 
    4    1    1    1    1    1    1    1    1    4  0.00000E+00 0.00000 
    5    1    1    1    1    1    1    1    1    5  0.00000E+00 0.00000 
    6    1    1    1    1    1    1    1    1    6  0.00000E+00 0.00000 
    7    1    1    1    1    1    1    1    1    7  0.00000E+00 0.00000 
    8    1    1    1    1    1    1    1    1    8  1.82327E+04 0.00364 
    9    1    1    1    1    1    1    1    1    9  1.38787E+04 0.00405 
   10    1    1    1    1    1    1    1    1   10  0.00000E+00 0.00000 
   11    1    1    1    1    1    1    1    1   11  1.00068E+04 0.00433 
   12    1    1    1    1    1    1    1    2    1  1.96690E+04 0.00366 
   13    1    1    1    1    1    1    1    2    2  0.00000E+00 0.00000 
   14    1    1    1    1    1    1    1    2    3  0.00000E+00 0.00000 
   15    1    1    1    1    1    1    1    2    4  0.00000E+00 0.00000 
   16    1    1    1    1    1    1    1    2    5  0.00000E+00 0.00000 
   17    1    1    1    1    1    1    1    2    6  1.96680E+04 0.00353 
   18    1    1    1    1    1    1    1    2    7  1.56387E+04 0.00389 
   19    1    1    1    1    1    1    1    2    8  0.00000E+00 0.00000 
   20    1    1    1    1    1    1    1    2    9  1.10840E+04 0.00426 
   21    1    1    1    1    1    1    1    2   10  9.92720E+03 0.00446 
   22    1    1    1    1    1    1    1    2   11  0.00000E+00 0.00000 
   23    1    1    1    1    1    1    1    3    1  1.56289E+04 0.00377 
   24    1    1    1    1    1    1    1    3    2  1.81712E+04 0.00369 
   25    1    1    1    1    1    1    1    3    3  0.00000E+00 0.00000 
   26    1    1    1    1    1    1    1    3    4  1.81661E+04 0.00369 
   27    1    1    1    1    1    1    1    3    5  1.56867E+04 0.00383 
   28    1    1    1    1    1    1    1    3    6  0.00000E+00 0.00000 
   29    1    1    1    1    1    1    1    3    7  1.19577E+04 0.00416 
   30    1    1    1    1    1    1    1    3    8  1.07756E+04 0.00442 
   31    1    1    1    1    1    1    1    3    9  0.00000E+00 0.00000 
   32    1    1    1    1    1    1    1    3   10  9.18491E+03 0.00459 
   33    1    1    1    1    1    1    1    3   11  8.88193E+03 0.00457 
   34    1    1    1    1    1    1    1    4    1  0.00000E+00 0.00000 
   35    1    1    1    1    1    1    1    4    2  1.39012E+04 0.00405 
   36    1    1    1    1    1    1    1    4    3  1.38228E+04 0.00397 
   37    1    1    1    1    1    1    1    4    4  0.00000E+00 0.00000 
   38    1    1    1    1    1    1    1    4    5  1.20041E+04 0.00416 
   39    1    1    1    1    1    1    1    4    6  1.09904E+04 0.00428 
   40    1    1    1    1    1    1    1    4    7  0.00000E+00 0.00000 
   41    1    1    1    1    1    1    1    4    8  9.57088E+03 0.00441 
   42    1    1    1    1    1    1    1    4    9  9.19682E+03 0.00455 
   43    1    1    1    1    1    1    1    4   10  0.00000E+00 0.00000 
   44    1    1    1    1    1    1    1    4   11  8.54502E+03 0.00448 
   45    1    1    1    1    1    1    1    5    1  1.11260E+04 0.00434 
   46    1    1    1    1    1    1    1    5    2  0.00000E+00 0.00000 
   47    1    1    1    1    1    1    1    5    3  1.10418E+04 0.00424 
   48    1    1    1    1    1    1    1    5    4  1.06647E+04 0.00432 
   49    1    1    1    1    1    1    1    5    5  0.00000E+00 0.00000 
   50    1    1    1    1    1    1    1    5    6  9.69979E+03 0.00453 
   51    1    1    1    1    1    1    1    5    7  9.25004E+03 0.00453 
   52    1    1    1    1    1    1    1    5    8  0.00000E+00 0.00000 
   53    1    1    1    1    1    1    1    5    9  8.64128E+03 0.00460 
   54    1    1    1    1    1    1    1    5   10  8.48413E+03 0.00463 
   55    1    1    1    1    1    1    1    5   11  0.00000E+00 0.00000 
   56    1    1    1    1    1    1    1    6    1  1.00561E+04 0.00450 
   57    1    1    1    1    1    1    1    6    2  1.00094E+04 0.00433 
   58    1    1    1    1    1    1    1    6    3  0.00000E+00 0.00000 
   59    1    1    1    1    1    1    1    6    4  9.52155E+03 0.00451 
   60    1    1    1    1    1    1    1    6    5  9.20393E+03 0.00453 
   61    1    1    1    1    1    1    1    6    6  0.00000E+00 0.00000 
   62    1    1    1    1    1    1    1    6    7  8.66720E+03 0.00451 
   63    1    1    1    1    1    1    1    6    8  8.49651E+03 0.00471 
   64    1    1    1    1    1    1    1    6    9  0.00000E+00 0.00000 
   65    1    1    1    1    1    1    1    6   10  8.29709E+03 0.00470 
   66    1    1    1    1    1    1    1    6   11  8.22796E+03 0.00468 
   67    1    1    1    1    1    1    1    7    1  0.00000E+00 0.00000 
   68    1    1    1    1    1    1    1    7    2  9.16406E+03 0.00460 
   69    1    1    1    1    1    1    1    7    3  9.07048E+03 0.00458 
   70    1    1    1    1    1    1    1    7    4  0.00000E+00 0.00000 
   71    1    1    1    1    1    1    1    7    5  8.57463E+03 0.00469 
   72    1    1    1    1    1    1    1    7    6  8.50189E+03 0.00465 
   73    1    1    1    1    1    1    1    7    7  0.00000E+00 0.00000 
   74    1    1    1    1    1    1    1    7    8  8.26689E+03 0.00466 
   75    1    1    1    1    1    1    1    7    9  8.12076E+03 0.00470 
   76    1    1    1    1    1    1    1    7   10  0.00000E+00 0.00000 
   77    1    1    1    1    1    1    1    7   11  8.04244E+03 0.00468 
   78    1    1    1    1    1    1    1    8    1  8.81901E+03 0.00467 
   79    1    1    1    1    1    1    1    8    2  0.00000E+00 0.00000 
   80    1    1    1    1    1    1    1    8    3  8.64926E+03 0.00460 
   81    1    1    1    1    1    1    1    8    4  8.43946E+03 0.00451 
   82    1    1    1    1    1    1    1    8    5  0.00000E+00 0.00000 
   83    1    1    1    1    1    1    1    8    6  8.14950E+03 0.00477 
   84    1    1    1    1    1    1    1    8    7  8.12098E+03 0.00470 
   85    1    1    1    1    1    1    1    8    8  0.00000E+00 0.00000 
   86    1    1    1    1    1    1    1    8    9  7.96173E+03 0.00474 
   87    1    1    1    1    1    1    1    8   10  7.90317E+03 0.00476 
   88    1    1    1    1    1    1    1    8   11  0.00000E+00 0.00000 
   89    1    1    1    1    1    1    1    9    1  8.46583E+03 0.00467 
   90    1    1    1    1    1    1    1    9    2  8.47546E+03 0.00459 
   91    1    1    1    1    1    1    1    9    3  0.00000E+00 0.00000 
   92    1    1    1    1    1    1    1    9    4  8.21006E+03 0.00467 
   93    1    1    1    1    1    1    1    9    5  8.13207E+03 0.00461 
   94    1    1    1    1    1    1    1    9    6  0.00000E+00 0.00000 
   95    1    1    1    1    1    1    1    9    7  7.98739E+03 0.00484 
   96    1    1    1    1    1    1    1    9    8  7.89749E+03 0.00465 
   97    1    1    1    1    1    1    1    9    9  0.00000E+00 0.00000 
   98    1    1    1    1    1    1    1    9   10  7.70307E+03 0.00494 
   99    1    1    1    1    1    1    1    9   11  7.64075E+03 0.00477 
  100    1    1    1    1    1    1    1   10    1  0.00000E+00 0.00000 
  101    1    1    1    1    1    1    1   10    2  8.29055E+03 0.00472 
  102    1    1    1    1    1    1    1   10    3  8.06352E+03 0.00473 
  103    1    1    1    1    1    1    1   10    4  0.00000E+00 0.00000 
  104    1    1    1    1    1    1    1   10    5  8.02582E+03 0.00470 
  105    1    1    1    1    1    1    1   10    6  7.96730E+03 0.00468 
  106    1    1    1    1    1    1    1   10    7  0.00000E+00 0.00000 
  107    1    1    1    1    1    1    1   10    8  7.75727E+03 0.00482 
  108    1    1    1    1    1    1    1   10    9  7.63357E+03 0.00493 
  109    1    1    1    1    1    1    1   10   10  0.00000E+00 0.00000 
