
DETassem1 = [
    1    1    1    1    1    1    1    1    1    1  0.00000E+00 0.00000 
    2    1    1    1    1    1    1    1    1    2  0.00000E+00 0.00000 
    3    1    1    1    1    1    1    1    1    3  0.00000E+00 0.00000 
    4    1    1    1    1    1    1    1    1    4  0.00000E+00 0.00000 
    5    1    1    1    1    1    1    1    1    5  0.00000E+00 0.00000 
    6    1    1    1    1    1    1    1    1    6  0.00000E+00 0.00000 
    7    1    1    1    1    1    1    1    1    7  0.00000E+00 0.00000 
    8    1    1    1    1    1    1    1    1    8  1.81693E+04 0.00363 
    9    1    1    1    1    1    1    1    1    9  1.38058E+04 0.00400 
   10    1    1    1    1    1    1    1    1   10  0.00000E+00 0.00000 
   11    1    1    1    1    1    1    1    1   11  9.94273E+03 0.00443 
   12    1    1    1    1    1    1    1    2    1  1.93517E+04 0.00352 
   13    1    1    1    1    1    1    1    2    2  0.00000E+00 0.00000 
   14    1    1    1    1    1    1    1    2    3  0.00000E+00 0.00000 
   15    1    1    1    1    1    1    1    2    4  0.00000E+00 0.00000 
   16    1    1    1    1    1    1    1    2    5  0.00000E+00 0.00000 
   17    1    1    1    1    1    1    1    2    6  1.93184E+04 0.00361 
   18    1    1    1    1    1    1    1    2    7  1.56730E+04 0.00384 
   19    1    1    1    1    1    1    1    2    8  0.00000E+00 0.00000 
   20    1    1    1    1    1    1    1    2    9  1.12065E+04 0.00427 
   21    1    1    1    1    1    1    1    2   10  9.98064E+03 0.00449 
   22    1    1    1    1    1    1    1    2   11  0.00000E+00 0.00000 
   23    1    1    1    1    1    1    1    3    1  1.56265E+04 0.00383 
   24    1    1    1    1    1    1    1    3    2  1.81196E+04 0.00370 
   25    1    1    1    1    1    1    1    3    3  0.00000E+00 0.00000 
   26    1    1    1    1    1    1    1    3    4  1.81704E+04 0.00373 
   27    1    1    1    1    1    1    1    3    5  1.55633E+04 0.00388 
   28    1    1    1    1    1    1    1    3    6  0.00000E+00 0.00000 
   29    1    1    1    1    1    1    1    3    7  1.18349E+04 0.00428 
   30    1    1    1    1    1    1    1    3    8  1.06958E+04 0.00429 
   31    1    1    1    1    1    1    1    3    9  0.00000E+00 0.00000 
   32    1    1    1    1    1    1    1    3   10  9.31406E+03 0.00441 
   33    1    1    1    1    1    1    1    3   11  8.84329E+03 0.00457 
   34    1    1    1    1    1    1    1    4    1  0.00000E+00 0.00000 
   35    1    1    1    1    1    1    1    4    2  1.39028E+04 0.00395 
   36    1    1    1    1    1    1    1    4    3  1.38797E+04 0.00402 
   37    1    1    1    1    1    1    1    4    4  0.00000E+00 0.00000 
   38    1    1    1    1    1    1    1    4    5  1.19755E+04 0.00428 
   39    1    1    1    1    1    1    1    4    6  1.09887E+04 0.00437 
   40    1    1    1    1    1    1    1    4    7  0.00000E+00 0.00000 
   41    1    1    1    1    1    1    1    4    8  9.47082E+03 0.00446 
   42    1    1    1    1    1    1    1    4    9  9.01646E+03 0.00451 
   43    1    1    1    1    1    1    1    4   10  0.00000E+00 0.00000 
   44    1    1    1    1    1    1    1    4   11  8.61926E+03 0.00457 
   45    1    1    1    1    1    1    1    5    1  1.12413E+04 0.00425 
   46    1    1    1    1    1    1    1    5    2  0.00000E+00 0.00000 
   47    1    1    1    1    1    1    1    5    3  1.11651E+04 0.00426 
   48    1    1    1    1    1    1    1    5    4  1.06615E+04 0.00430 
   49    1    1    1    1    1    1    1    5    5  0.00000E+00 0.00000 
   50    1    1    1    1    1    1    1    5    6  9.63480E+03 0.00448 
   51    1    1    1    1    1    1    1    5    7  9.20131E+03 0.00452 
   52    1    1    1    1    1    1    1    5    8  0.00000E+00 0.00000 
   53    1    1    1    1    1    1    1    5    9  8.57167E+03 0.00459 
   54    1    1    1    1    1    1    1    5   10  8.44342E+03 0.00463 
   55    1    1    1    1    1    1    1    5   11  0.00000E+00 0.00000 
   56    1    1    1    1    1    1    1    6    1  1.00205E+04 0.00452 
   57    1    1    1    1    1    1    1    6    2  9.99656E+03 0.00445 
   58    1    1    1    1    1    1    1    6    3  0.00000E+00 0.00000 
   59    1    1    1    1    1    1    1    6    4  9.47791E+03 0.00449 
   60    1    1    1    1    1    1    1    6    5  9.22740E+03 0.00464 
   61    1    1    1    1    1    1    1    6    6  0.00000E+00 0.00000 
   62    1    1    1    1    1    1    1    6    7  8.64044E+03 0.00456 
   63    1    1    1    1    1    1    1    6    8  8.51528E+03 0.00453 
   64    1    1    1    1    1    1    1    6    9  0.00000E+00 0.00000 
   65    1    1    1    1    1    1    1    6   10  8.23166E+03 0.00470 
   66    1    1    1    1    1    1    1    6   11  8.29119E+03 0.00479 
   67    1    1    1    1    1    1    1    7    1  0.00000E+00 0.00000 
   68    1    1    1    1    1    1    1    7    2  9.23783E+03 0.00455 
   69    1    1    1    1    1    1    1    7    3  9.07218E+03 0.00456 
   70    1    1    1    1    1    1    1    7    4  0.00000E+00 0.00000 
   71    1    1    1    1    1    1    1    7    5  8.68752E+03 0.00460 
   72    1    1    1    1    1    1    1    7    6  8.58045E+03 0.00461 
   73    1    1    1    1    1    1    1    7    7  0.00000E+00 0.00000 
   74    1    1    1    1    1    1    1    7    8  8.27684E+03 0.00461 
   75    1    1    1    1    1    1    1    7    9  8.17520E+03 0.00472 
   76    1    1    1    1    1    1    1    7   10  0.00000E+00 0.00000 
   77    1    1    1    1    1    1    1    7   11  8.15045E+03 0.00473 
   78    1    1    1    1    1    1    1    8    1  8.89869E+03 0.00457 
   79    1    1    1    1    1    1    1    8    2  0.00000E+00 0.00000 
   80    1    1    1    1    1    1    1    8    3  8.56179E+03 0.00458 
   81    1    1    1    1    1    1    1    8    4  8.54103E+03 0.00457 
   82    1    1    1    1    1    1    1    8    5  0.00000E+00 0.00000 
   83    1    1    1    1    1    1    1    8    6  8.30363E+03 0.00470 
   84    1    1    1    1    1    1    1    8    7  8.15222E+03 0.00471 
   85    1    1    1    1    1    1    1    8    8  0.00000E+00 0.00000 
   86    1    1    1    1    1    1    1    8    9  7.99533E+03 0.00462 
   87    1    1    1    1    1    1    1    8   10  7.95118E+03 0.00472 
   88    1    1    1    1    1    1    1    8   11  0.00000E+00 0.00000 
   89    1    1    1    1    1    1    1    9    1  8.55760E+03 0.00463 
   90    1    1    1    1    1    1    1    9    2  8.46649E+03 0.00462 
   91    1    1    1    1    1    1    1    9    3  0.00000E+00 0.00000 
   92    1    1    1    1    1    1    1    9    4  8.29872E+03 0.00473 
   93    1    1    1    1    1    1    1    9    5  8.14967E+03 0.00467 
   94    1    1    1    1    1    1    1    9    6  0.00000E+00 0.00000 
   95    1    1    1    1    1    1    1    9    7  8.05330E+03 0.00472 
   96    1    1    1    1    1    1    1    9    8  7.95200E+03 0.00480 
   97    1    1    1    1    1    1    1    9    9  0.00000E+00 0.00000 
   98    1    1    1    1    1    1    1    9   10  7.79880E+03 0.00488 
   99    1    1    1    1    1    1    1    9   11  7.71203E+03 0.00494 
  100    1    1    1    1    1    1    1   10    1  0.00000E+00 0.00000 
  101    1    1    1    1    1    1    1   10    2  8.31773E+03 0.00468 
  102    1    1    1    1    1    1    1   10    3  8.18024E+03 0.00464 
  103    1    1    1    1    1    1    1   10    4  0.00000E+00 0.00000 
  104    1    1    1    1    1    1    1   10    5  7.95208E+03 0.00470 
  105    1    1    1    1    1    1    1   10    6  7.91846E+03 0.00475 
  106    1    1    1    1    1    1    1   10    7  0.00000E+00 0.00000 
  107    1    1    1    1    1    1    1   10    8  7.79781E+03 0.00485 
  108    1    1    1    1    1    1    1   10    9  7.67587E+03 0.00479 
  109    1    1    1    1    1    1    1   10   10  0.00000E+00 0.00000 
