
DETassem1 = [
    1    1    1    1    1    1    1    1    1    1  0.00000E+00 0.00000 
    2    1    1    1    1    1    1    1    1    2  0.00000E+00 0.00000 
    3    1    1    1    1    1    1    1    1    3  0.00000E+00 0.00000 
    4    1    1    1    1    1    1    1    1    4  0.00000E+00 0.00000 
    5    1    1    1    1    1    1    1    1    5  0.00000E+00 0.00000 
    6    1    1    1    1    1    1    1    1    6  0.00000E+00 0.00000 
    7    1    1    1    1    1    1    1    1    7  0.00000E+00 0.00000 
    8    1    1    1    1    1    1    1    1    8  1.80778E+04 0.00369 
    9    1    1    1    1    1    1    1    1    9  1.37676E+04 0.00409 
   10    1    1    1    1    1    1    1    1   10  0.00000E+00 0.00000 
   11    1    1    1    1    1    1    1    1   11  9.95535E+03 0.00435 
   12    1    1    1    1    1    1    1    2    1  1.96313E+04 0.00358 
   13    1    1    1    1    1    1    1    2    2  0.00000E+00 0.00000 
   14    1    1    1    1    1    1    1    2    3  0.00000E+00 0.00000 
   15    1    1    1    1    1    1    1    2    4  0.00000E+00 0.00000 
   16    1    1    1    1    1    1    1    2    5  0.00000E+00 0.00000 
   17    1    1    1    1    1    1    1    2    6  1.93589E+04 0.00362 
   18    1    1    1    1    1    1    1    2    7  1.56343E+04 0.00386 
   19    1    1    1    1    1    1    1    2    8  0.00000E+00 0.00000 
   20    1    1    1    1    1    1    1    2    9  1.09892E+04 0.00433 
   21    1    1    1    1    1    1    1    2   10  9.94799E+03 0.00443 
   22    1    1    1    1    1    1    1    2   11  0.00000E+00 0.00000 
   23    1    1    1    1    1    1    1    3    1  1.56113E+04 0.00391 
   24    1    1    1    1    1    1    1    3    2  1.80739E+04 0.00373 
   25    1    1    1    1    1    1    1    3    3  0.00000E+00 0.00000 
   26    1    1    1    1    1    1    1    3    4  1.80828E+04 0.00365 
   27    1    1    1    1    1    1    1    3    5  1.56134E+04 0.00376 
   28    1    1    1    1    1    1    1    3    6  0.00000E+00 0.00000 
   29    1    1    1    1    1    1    1    3    7  1.18445E+04 0.00427 
   30    1    1    1    1    1    1    1    3    8  1.06114E+04 0.00445 
   31    1    1    1    1    1    1    1    3    9  0.00000E+00 0.00000 
   32    1    1    1    1    1    1    1    3   10  9.16524E+03 0.00444 
   33    1    1    1    1    1    1    1    3   11  8.80749E+03 0.00464 
   34    1    1    1    1    1    1    1    4    1  0.00000E+00 0.00000 
   35    1    1    1    1    1    1    1    4    2  1.37859E+04 0.00401 
   36    1    1    1    1    1    1    1    4    3  1.38202E+04 0.00415 
   37    1    1    1    1    1    1    1    4    4  0.00000E+00 0.00000 
   38    1    1    1    1    1    1    1    4    5  1.18735E+04 0.00419 
   39    1    1    1    1    1    1    1    4    6  1.09462E+04 0.00437 
   40    1    1    1    1    1    1    1    4    7  0.00000E+00 0.00000 
   41    1    1    1    1    1    1    1    4    8  9.49174E+03 0.00443 
   42    1    1    1    1    1    1    1    4    9  9.02490E+03 0.00459 
   43    1    1    1    1    1    1    1    4   10  0.00000E+00 0.00000 
   44    1    1    1    1    1    1    1    4   11  8.57849E+03 0.00461 
   45    1    1    1    1    1    1    1    5    1  1.09851E+04 0.00425 
   46    1    1    1    1    1    1    1    5    2  0.00000E+00 0.00000 
   47    1    1    1    1    1    1    1    5    3  1.09567E+04 0.00442 
   48    1    1    1    1    1    1    1    5    4  1.06519E+04 0.00446 
   49    1    1    1    1    1    1    1    5    5  0.00000E+00 0.00000 
   50    1    1    1    1    1    1    1    5    6  9.65492E+03 0.00448 
   51    1    1    1    1    1    1    1    5    7  9.15962E+03 0.00447 
   52    1    1    1    1    1    1    1    5    8  0.00000E+00 0.00000 
   53    1    1    1    1    1    1    1    5    9  8.47399E+03 0.00456 
   54    1    1    1    1    1    1    1    5   10  8.41097E+03 0.00453 
   55    1    1    1    1    1    1    1    5   11  0.00000E+00 0.00000 
   56    1    1    1    1    1    1    1    6    1  9.90242E+03 0.00440 
   57    1    1    1    1    1    1    1    6    2  9.94202E+03 0.00455 
   58    1    1    1    1    1    1    1    6    3  0.00000E+00 0.00000 
   59    1    1    1    1    1    1    1    6    4  9.41019E+03 0.00446 
   60    1    1    1    1    1    1    1    6    5  9.22813E+03 0.00455 
   61    1    1    1    1    1    1    1    6    6  0.00000E+00 0.00000 
   62    1    1    1    1    1    1    1    6    7  8.61793E+03 0.00464 
   63    1    1    1    1    1    1    1    6    8  8.45877E+03 0.00468 
   64    1    1    1    1    1    1    1    6    9  0.00000E+00 0.00000 
   65    1    1    1    1    1    1    1    6   10  8.26969E+03 0.00468 
   66    1    1    1    1    1    1    1    6   11  8.25413E+03 0.00465 
   67    1    1    1    1    1    1    1    7    1  0.00000E+00 0.00000 
   68    1    1    1    1    1    1    1    7    2  9.24810E+03 0.00456 
   69    1    1    1    1    1    1    1    7    3  8.95275E+03 0.00469 
   70    1    1    1    1    1    1    1    7    4  0.00000E+00 0.00000 
   71    1    1    1    1    1    1    1    7    5  8.63909E+03 0.00463 
   72    1    1    1    1    1    1    1    7    6  8.49579E+03 0.00468 
   73    1    1    1    1    1    1    1    7    7  0.00000E+00 0.00000 
   74    1    1    1    1    1    1    1    7    8  8.25638E+03 0.00461 
   75    1    1    1    1    1    1    1    7    9  8.15065E+03 0.00464 
   76    1    1    1    1    1    1    1    7   10  0.00000E+00 0.00000 
   77    1    1    1    1    1    1    1    7   11  8.08793E+03 0.00475 
   78    1    1    1    1    1    1    1    8    1  8.80456E+03 0.00463 
   79    1    1    1    1    1    1    1    8    2  0.00000E+00 0.00000 
   80    1    1    1    1    1    1    1    8    3  8.51433E+03 0.00454 
   81    1    1    1    1    1    1    1    8    4  8.38687E+03 0.00470 
   82    1    1    1    1    1    1    1    8    5  0.00000E+00 0.00000 
   83    1    1    1    1    1    1    1    8    6  8.30595E+03 0.00473 
   84    1    1    1    1    1    1    1    8    7  8.11507E+03 0.00468 
   85    1    1    1    1    1    1    1    8    8  0.00000E+00 0.00000 
   86    1    1    1    1    1    1    1    8    9  7.98690E+03 0.00478 
   87    1    1    1    1    1    1    1    8   10  7.95475E+03 0.00474 
   88    1    1    1    1    1    1    1    8   11  0.00000E+00 0.00000 
   89    1    1    1    1    1    1    1    9    1  8.57916E+03 0.00459 
   90    1    1    1    1    1    1    1    9    2  8.43922E+03 0.00464 
   91    1    1    1    1    1    1    1    9    3  0.00000E+00 0.00000 
   92    1    1    1    1    1    1    1    9    4  8.20313E+03 0.00470 
   93    1    1    1    1    1    1    1    9    5  8.11232E+03 0.00470 
   94    1    1    1    1    1    1    1    9    6  0.00000E+00 0.00000 
   95    1    1    1    1    1    1    1    9    7  8.03223E+03 0.00481 
   96    1    1    1    1    1    1    1    9    8  7.89547E+03 0.00479 
   97    1    1    1    1    1    1    1    9    9  0.00000E+00 0.00000 
   98    1    1    1    1    1    1    1    9   10  7.78221E+03 0.00476 
   99    1    1    1    1    1    1    1    9   11  7.68152E+03 0.00490 
  100    1    1    1    1    1    1    1   10    1  0.00000E+00 0.00000 
  101    1    1    1    1    1    1    1   10    2  8.30512E+03 0.00472 
  102    1    1    1    1    1    1    1   10    3  8.15589E+03 0.00467 
  103    1    1    1    1    1    1    1   10    4  0.00000E+00 0.00000 
  104    1    1    1    1    1    1    1   10    5  7.97881E+03 0.00487 
  105    1    1    1    1    1    1    1   10    6  7.96140E+03 0.00481 
  106    1    1    1    1    1    1    1   10    7  0.00000E+00 0.00000 
  107    1    1    1    1    1    1    1   10    8  7.76501E+03 0.00480 
  108    1    1    1    1    1    1    1   10    9  7.66329E+03 0.00493 
  109    1    1    1    1    1    1    1   10   10  0.00000E+00 0.00000 
