
ZAI = [
922350
922380
666
0
];

NAMES = [
'U235            '
'U238            '
'lost            '
'total           '
];

i922350 = 1; iU235             = 1;
i922380 = 2; iU238             = 2;
iLOST    = 3;
iTOT     = 4;

MAT_un_VOLUME = [ 2.67312E+05 2.67312E+05 ];

MAT_un_BURNUP = [ 0.00000E+00 4.28815E+01 ];

MAT_un_ADENS = [
4.83387E-03 3.50946E-03 % U235
1.93936E-02 1.88541E-02 % U238
0.00000E+00 3.68149E-30 % lost data
7.26897E-02 7.38008E-02 % total
];

MAT_un_MDENS = [
1.88669E+00 1.36977E+00 % U235
7.66628E+00 7.45302E+00 % U238
0.00000E+00 0.00000E+00 % lost data
1.08000E+01 1.07986E+01 % total
];

MAT_un_A = [
4.03261E+10 2.92774E+10 % U235
2.54857E+10 2.47767E+10 % U238
0.00000E+00 0.00000E+00 % lost data
6.58118E+10 3.28309E+18 % total
];

MAT_un_H = [
3.02301E-02 2.19475E-02 % U235
1.74358E-02 1.69508E-02 % U238
0.00000E+00 0.00000E+00 % lost data
4.76659E-02 9.64631E+05 % total
];

MAT_un_SF = [
2.90348E+00 2.10797E+00 % U235
1.39152E+04 1.35281E+04 % U238
0.00000E+00 0.00000E+00 % lost data
1.39181E+04 1.03768E+08 % total
];

MAT_un_GSRC = [
5.09524E+10 3.69922E+10 % U235
2.25685E+09 2.19407E+09 % U238
0.00000E+00 0.00000E+00 % lost data
5.32092E+10 3.52939E+18 % total
];

MAT_un_ING_TOX = [
1.89533E+03 1.37604E+03 % U235
1.14686E+03 1.11495E+03 % U238
0.00000E+00 0.00000E+00 % lost data
3.04219E+03 2.23538E+09 % total
];

MAT_un_INH_TOX = [
3.42772E+05 2.48858E+05 % U235
2.03886E+05 1.98214E+05 % U238
0.00000E+00 0.00000E+00 % lost data
5.46658E+05 8.02521E+10 % total
];

TOT_VOLUME = [ 2.67312E+05 2.67312E+05 ];

TOT_BURNUP = [ 0.00000E+00 4.28815E+01 ];

TOT_ADENS = [
4.83387E-03 3.50946E-03 % U235
1.93936E-02 1.88541E-02 % U238
0.00000E+00 3.68149E-30 % lost data
7.26897E-02 7.38008E-02 % total
];

TOT_MASS = [
5.04335E+05 3.66155E+05 % U235
2.04929E+06 1.99228E+06 % U238
0.00000E+00 0.00000E+00 % lost data
2.88697E+06 2.88660E+06 % total
];

TOT_A = [
4.03261E+10 2.92774E+10 % U235
2.54857E+10 2.47767E+10 % U238
0.00000E+00 0.00000E+00 % lost data
6.58118E+10 3.28309E+18 % total
];

TOT_H = [
3.02301E-02 2.19475E-02 % U235
1.74358E-02 1.69508E-02 % U238
0.00000E+00 0.00000E+00 % lost data
4.76659E-02 9.64631E+05 % total
];

TOT_SF = [
2.90348E+00 2.10797E+00 % U235
1.39152E+04 1.35281E+04 % U238
0.00000E+00 0.00000E+00 % lost data
1.39181E+04 1.03768E+08 % total
];

TOT_GSRC = [
5.09524E+10 3.69922E+10 % U235
2.25685E+09 2.19407E+09 % U238
0.00000E+00 0.00000E+00 % lost data
5.32092E+10 3.52939E+18 % total
];

TOT_ING_TOX = [
1.89533E+03 1.37604E+03 % U235
1.14686E+03 1.11495E+03 % U238
0.00000E+00 0.00000E+00 % lost data
3.04219E+03 2.23538E+09 % total
];

TOT_INH_TOX = [
3.42772E+05 2.48858E+05 % U235
2.03886E+05 1.98214E+05 % U238
0.00000E+00 0.00000E+00 % lost data
5.46658E+05 8.02521E+10 % total
];

BU = [ 0.00000E+00 4.28802E+01 ];

DAYS = [ 0.00000E+00 7.30000E+03 ];
