
DETassem1 = [
    1    1    1    1    1    1    1    1    1    1  0.00000E+00 0.00000 
    2    1    1    1    1    1    1    1    1    2  0.00000E+00 0.00000 
    3    1    1    1    1    1    1    1    1    3  0.00000E+00 0.00000 
    4    1    1    1    1    1    1    1    1    4  0.00000E+00 0.00000 
    5    1    1    1    1    1    1    1    1    5  0.00000E+00 0.00000 
    6    1    1    1    1    1    1    1    1    6  0.00000E+00 0.00000 
    7    1    1    1    1    1    1    1    1    7  0.00000E+00 0.00000 
    8    1    1    1    1    1    1    1    1    8  1.77414E+04 0.00363 
    9    1    1    1    1    1    1    1    1    9  1.36391E+04 0.00401 
   10    1    1    1    1    1    1    1    1   10  0.00000E+00 0.00000 
   11    1    1    1    1    1    1    1    1   11  9.95332E+03 0.00440 
   12    1    1    1    1    1    1    1    2    1  1.91021E+04 0.00371 
   13    1    1    1    1    1    1    1    2    2  0.00000E+00 0.00000 
   14    1    1    1    1    1    1    1    2    3  0.00000E+00 0.00000 
   15    1    1    1    1    1    1    1    2    4  0.00000E+00 0.00000 
   16    1    1    1    1    1    1    1    2    5  0.00000E+00 0.00000 
   17    1    1    1    1    1    1    1    2    6  1.90743E+04 0.00362 
   18    1    1    1    1    1    1    1    2    7  1.53520E+04 0.00390 
   19    1    1    1    1    1    1    1    2    8  0.00000E+00 0.00000 
   20    1    1    1    1    1    1    1    2    9  1.09815E+04 0.00436 
   21    1    1    1    1    1    1    1    2   10  9.96540E+03 0.00442 
   22    1    1    1    1    1    1    1    2   11  0.00000E+00 0.00000 
   23    1    1    1    1    1    1    1    3    1  1.54736E+04 0.00389 
   24    1    1    1    1    1    1    1    3    2  1.76703E+04 0.00378 
   25    1    1    1    1    1    1    1    3    3  0.00000E+00 0.00000 
   26    1    1    1    1    1    1    1    3    4  1.77070E+04 0.00368 
   27    1    1    1    1    1    1    1    3    5  1.54361E+04 0.00389 
   28    1    1    1    1    1    1    1    3    6  0.00000E+00 0.00000 
   29    1    1    1    1    1    1    1    3    7  1.17701E+04 0.00428 
   30    1    1    1    1    1    1    1    3    8  1.05540E+04 0.00440 
   31    1    1    1    1    1    1    1    3    9  0.00000E+00 0.00000 
   32    1    1    1    1    1    1    1    3   10  9.27249E+03 0.00457 
   33    1    1    1    1    1    1    1    3   11  8.82911E+03 0.00456 
   34    1    1    1    1    1    1    1    4    1  0.00000E+00 0.00000 
   35    1    1    1    1    1    1    1    4    2  1.35969E+04 0.00404 
   36    1    1    1    1    1    1    1    4    3  1.36737E+04 0.00407 
   37    1    1    1    1    1    1    1    4    4  0.00000E+00 0.00000 
   38    1    1    1    1    1    1    1    4    5  1.17911E+04 0.00423 
   39    1    1    1    1    1    1    1    4    6  1.09361E+04 0.00431 
   40    1    1    1    1    1    1    1    4    7  0.00000E+00 0.00000 
   41    1    1    1    1    1    1    1    4    8  9.48286E+03 0.00455 
   42    1    1    1    1    1    1    1    4    9  9.01845E+03 0.00454 
   43    1    1    1    1    1    1    1    4   10  0.00000E+00 0.00000 
   44    1    1    1    1    1    1    1    4   11  8.57998E+03 0.00451 
   45    1    1    1    1    1    1    1    5    1  1.10262E+04 0.00435 
   46    1    1    1    1    1    1    1    5    2  0.00000E+00 0.00000 
   47    1    1    1    1    1    1    1    5    3  1.10400E+04 0.00427 
   48    1    1    1    1    1    1    1    5    4  1.06083E+04 0.00436 
   49    1    1    1    1    1    1    1    5    5  0.00000E+00 0.00000 
   50    1    1    1    1    1    1    1    5    6  9.62509E+03 0.00442 
   51    1    1    1    1    1    1    1    5    7  9.21634E+03 0.00452 
   52    1    1    1    1    1    1    1    5    8  0.00000E+00 0.00000 
   53    1    1    1    1    1    1    1    5    9  8.57541E+03 0.00464 
   54    1    1    1    1    1    1    1    5   10  8.44478E+03 0.00467 
   55    1    1    1    1    1    1    1    5   11  0.00000E+00 0.00000 
   56    1    1    1    1    1    1    1    6    1  9.89272E+03 0.00441 
   57    1    1    1    1    1    1    1    6    2  9.91295E+03 0.00440 
   58    1    1    1    1    1    1    1    6    3  0.00000E+00 0.00000 
   59    1    1    1    1    1    1    1    6    4  9.40852E+03 0.00451 
   60    1    1    1    1    1    1    1    6    5  9.20032E+03 0.00452 
   61    1    1    1    1    1    1    1    6    6  0.00000E+00 0.00000 
   62    1    1    1    1    1    1    1    6    7  8.66181E+03 0.00456 
   63    1    1    1    1    1    1    1    6    8  8.43663E+03 0.00449 
   64    1    1    1    1    1    1    1    6    9  0.00000E+00 0.00000 
   65    1    1    1    1    1    1    1    6   10  8.28732E+03 0.00470 
   66    1    1    1    1    1    1    1    6   11  8.17782E+03 0.00478 
   67    1    1    1    1    1    1    1    7    1  0.00000E+00 0.00000 
   68    1    1    1    1    1    1    1    7    2  9.17046E+03 0.00450 
   69    1    1    1    1    1    1    1    7    3  9.07738E+03 0.00462 
   70    1    1    1    1    1    1    1    7    4  0.00000E+00 0.00000 
   71    1    1    1    1    1    1    1    7    5  8.60559E+03 0.00469 
   72    1    1    1    1    1    1    1    7    6  8.50559E+03 0.00460 
   73    1    1    1    1    1    1    1    7    7  0.00000E+00 0.00000 
   74    1    1    1    1    1    1    1    7    8  8.24101E+03 0.00469 
   75    1    1    1    1    1    1    1    7    9  8.14642E+03 0.00476 
   76    1    1    1    1    1    1    1    7   10  0.00000E+00 0.00000 
   77    1    1    1    1    1    1    1    7   11  8.06180E+03 0.00478 
   78    1    1    1    1    1    1    1    8    1  8.81900E+03 0.00456 
   79    1    1    1    1    1    1    1    8    2  0.00000E+00 0.00000 
   80    1    1    1    1    1    1    1    8    3  8.50714E+03 0.00468 
   81    1    1    1    1    1    1    1    8    4  8.45425E+03 0.00462 
   82    1    1    1    1    1    1    1    8    5  0.00000E+00 0.00000 
   83    1    1    1    1    1    1    1    8    6  8.19093E+03 0.00468 
   84    1    1    1    1    1    1    1    8    7  8.10838E+03 0.00473 
   85    1    1    1    1    1    1    1    8    8  0.00000E+00 0.00000 
   86    1    1    1    1    1    1    1    8    9  7.99273E+03 0.00474 
   87    1    1    1    1    1    1    1    8   10  7.97773E+03 0.00469 
   88    1    1    1    1    1    1    1    8   11  0.00000E+00 0.00000 
   89    1    1    1    1    1    1    1    9    1  8.58835E+03 0.00457 
   90    1    1    1    1    1    1    1    9    2  8.52201E+03 0.00459 
   91    1    1    1    1    1    1    1    9    3  0.00000E+00 0.00000 
   92    1    1    1    1    1    1    1    9    4  8.19159E+03 0.00463 
   93    1    1    1    1    1    1    1    9    5  8.14851E+03 0.00466 
   94    1    1    1    1    1    1    1    9    6  0.00000E+00 0.00000 
   95    1    1    1    1    1    1    1    9    7  8.00288E+03 0.00471 
   96    1    1    1    1    1    1    1    9    8  7.97126E+03 0.00484 
   97    1    1    1    1    1    1    1    9    9  0.00000E+00 0.00000 
   98    1    1    1    1    1    1    1    9   10  7.72776E+03 0.00481 
   99    1    1    1    1    1    1    1    9   11  7.71290E+03 0.00484 
  100    1    1    1    1    1    1    1   10    1  0.00000E+00 0.00000 
  101    1    1    1    1    1    1    1   10    2  8.31144E+03 0.00458 
  102    1    1    1    1    1    1    1   10    3  8.08135E+03 0.00478 
  103    1    1    1    1    1    1    1   10    4  0.00000E+00 0.00000 
  104    1    1    1    1    1    1    1   10    5  7.99635E+03 0.00461 
  105    1    1    1    1    1    1    1   10    6  7.79749E+03 0.00475 
  106    1    1    1    1    1    1    1   10    7  0.00000E+00 0.00000 
  107    1    1    1    1    1    1    1   10    8  7.74083E+03 0.00483 
  108    1    1    1    1    1    1    1   10    9  7.62236E+03 0.00474 
  109    1    1    1    1    1    1    1   10   10  0.00000E+00 0.00000 
