
ZAI = [
922350
922380
666
0
];

NAMES = [
'U235            '
'U238            '
'lost            '
'total           '
];

i922350 = 1; iU235             = 1;
i922380 = 2; iU238             = 2;
iLOST    = 3;
iTOT     = 4;

MAT_un_VOLUME = [ 2.67631E+05 2.67631E+05 ];

MAT_un_BURNUP = [ 0.00000E+00 4.28304E+01 ];

MAT_un_ADENS = [
4.83387E-03 3.51117E-03 % U235
1.93936E-02 1.88560E-02 % U238
0.00000E+00 3.55160E-30 % lost data
7.26897E-02 7.37995E-02 % total
];

MAT_un_MDENS = [
1.88669E+00 1.37043E+00 % U235
7.66628E+00 7.45376E+00 % U238
0.00000E+00 0.00000E+00 % lost data
1.08000E+01 1.07986E+01 % total
];

MAT_un_A = [
4.03742E+10 2.93266E+10 % U235
2.55161E+10 2.48088E+10 % U238
0.00000E+00 0.00000E+00 % lost data
6.58903E+10 3.28184E+18 % total
];

MAT_un_H = [
3.02662E-02 2.19844E-02 % U235
1.74566E-02 1.69727E-02 % U238
0.00000E+00 0.00000E+00 % lost data
4.77228E-02 9.64561E+05 % total
];

MAT_un_SF = [
2.90695E+00 2.11151E+00 % U235
1.39318E+04 1.35456E+04 % U238
0.00000E+00 0.00000E+00 % lost data
1.39347E+04 1.03499E+08 % total
];

MAT_un_GSRC = [
5.10131E+10 3.70543E+10 % U235
2.25954E+09 2.19690E+09 % U238
0.00000E+00 0.00000E+00 % lost data
5.32727E+10 3.52789E+18 % total
];

MAT_un_ING_TOX = [
1.89759E+03 1.37835E+03 % U235
1.14822E+03 1.11639E+03 % U238
0.00000E+00 0.00000E+00 % lost data
3.04581E+03 2.23420E+09 % total
];

MAT_un_INH_TOX = [
3.43181E+05 2.49276E+05 % U235
2.04129E+05 1.98470E+05 % U238
0.00000E+00 0.00000E+00 % lost data
5.47310E+05 8.00044E+10 % total
];

TOT_VOLUME = [ 2.67631E+05 2.67631E+05 ];

TOT_BURNUP = [ 0.00000E+00 4.28304E+01 ];

TOT_ADENS = [
4.83387E-03 3.51117E-03 % U235
1.93936E-02 1.88560E-02 % U238
0.00000E+00 3.55160E-30 % lost data
7.26897E-02 7.37995E-02 % total
];

TOT_MASS = [
5.04937E+05 3.66770E+05 % U235
2.05174E+06 1.99486E+06 % U238
0.00000E+00 0.00000E+00 % lost data
2.89042E+06 2.89004E+06 % total
];

TOT_A = [
4.03742E+10 2.93266E+10 % U235
2.55161E+10 2.48088E+10 % U238
0.00000E+00 0.00000E+00 % lost data
6.58903E+10 3.28184E+18 % total
];

TOT_H = [
3.02662E-02 2.19844E-02 % U235
1.74566E-02 1.69727E-02 % U238
0.00000E+00 0.00000E+00 % lost data
4.77228E-02 9.64561E+05 % total
];

TOT_SF = [
2.90695E+00 2.11151E+00 % U235
1.39318E+04 1.35456E+04 % U238
0.00000E+00 0.00000E+00 % lost data
1.39347E+04 1.03499E+08 % total
];

TOT_GSRC = [
5.10131E+10 3.70543E+10 % U235
2.25954E+09 2.19690E+09 % U238
0.00000E+00 0.00000E+00 % lost data
5.32727E+10 3.52789E+18 % total
];

TOT_ING_TOX = [
1.89759E+03 1.37835E+03 % U235
1.14822E+03 1.11639E+03 % U238
0.00000E+00 0.00000E+00 % lost data
3.04581E+03 2.23420E+09 % total
];

TOT_INH_TOX = [
3.43181E+05 2.49276E+05 % U235
2.04129E+05 1.98470E+05 % U238
0.00000E+00 0.00000E+00 % lost data
5.47310E+05 8.00044E+10 % total
];

BU = [ 0.00000E+00 4.28291E+01 ];

DAYS = [ 0.00000E+00 7.30000E+03 ];
