
DETassem1 = [
    1    1    1    1    1    1    1    1    1    1  0.00000E+00 0.00000 
    2    1    1    1    1    1    1    1    1    2  0.00000E+00 0.00000 
    3    1    1    1    1    1    1    1    1    3  0.00000E+00 0.00000 
    4    1    1    1    1    1    1    1    1    4  0.00000E+00 0.00000 
    5    1    1    1    1    1    1    1    1    5  0.00000E+00 0.00000 
    6    1    1    1    1    1    1    1    1    6  0.00000E+00 0.00000 
    7    1    1    1    1    1    1    1    1    7  0.00000E+00 0.00000 
    8    1    1    1    1    1    1    1    1    8  1.75001E+04 0.00362 
    9    1    1    1    1    1    1    1    1    9  1.37191E+04 0.00392 
   10    1    1    1    1    1    1    1    1   10  0.00000E+00 0.00000 
   11    1    1    1    1    1    1    1    1   11  1.02934E+04 0.00423 
   12    1    1    1    1    1    1    1    2    1  1.85563E+04 0.00346 
   13    1    1    1    1    1    1    1    2    2  0.00000E+00 0.00000 
   14    1    1    1    1    1    1    1    2    3  0.00000E+00 0.00000 
   15    1    1    1    1    1    1    1    2    4  0.00000E+00 0.00000 
   16    1    1    1    1    1    1    1    2    5  0.00000E+00 0.00000 
   17    1    1    1    1    1    1    1    2    6  1.87130E+04 0.00351 
   18    1    1    1    1    1    1    1    2    7  1.53529E+04 0.00377 
   19    1    1    1    1    1    1    1    2    8  0.00000E+00 0.00000 
   20    1    1    1    1    1    1    1    2    9  1.14120E+04 0.00409 
   21    1    1    1    1    1    1    1    2   10  1.02161E+04 0.00427 
   22    1    1    1    1    1    1    1    2   11  0.00000E+00 0.00000 
   23    1    1    1    1    1    1    1    3    1  1.52645E+04 0.00378 
   24    1    1    1    1    1    1    1    3    2  1.72767E+04 0.00364 
   25    1    1    1    1    1    1    1    3    3  0.00000E+00 0.00000 
   26    1    1    1    1    1    1    1    3    4  1.74206E+04 0.00361 
   27    1    1    1    1    1    1    1    3    5  1.53469E+04 0.00368 
   28    1    1    1    1    1    1    1    3    6  0.00000E+00 0.00000 
   29    1    1    1    1    1    1    1    3    7  1.19334E+04 0.00404 
   30    1    1    1    1    1    1    1    3    8  1.09016E+04 0.00423 
   31    1    1    1    1    1    1    1    3    9  0.00000E+00 0.00000 
   32    1    1    1    1    1    1    1    3   10  9.56457E+03 0.00432 
   33    1    1    1    1    1    1    1    3   11  9.15691E+03 0.00441 
   34    1    1    1    1    1    1    1    4    1  0.00000E+00 0.00000 
   35    1    1    1    1    1    1    1    4    2  1.36986E+04 0.00388 
   36    1    1    1    1    1    1    1    4    3  1.37041E+04 0.00389 
   37    1    1    1    1    1    1    1    4    4  0.00000E+00 0.00000 
   38    1    1    1    1    1    1    1    4    5  1.20744E+04 0.00409 
   39    1    1    1    1    1    1    1    4    6  1.12055E+04 0.00415 
   40    1    1    1    1    1    1    1    4    7  0.00000E+00 0.00000 
   41    1    1    1    1    1    1    1    4    8  9.82846E+03 0.00431 
   42    1    1    1    1    1    1    1    4    9  9.34298E+03 0.00438 
   43    1    1    1    1    1    1    1    4   10  0.00000E+00 0.00000 
   44    1    1    1    1    1    1    1    4   11  8.90880E+03 0.00445 
   45    1    1    1    1    1    1    1    5    1  1.13323E+04 0.00418 
   46    1    1    1    1    1    1    1    5    2  0.00000E+00 0.00000 
   47    1    1    1    1    1    1    1    5    3  1.13254E+04 0.00419 
   48    1    1    1    1    1    1    1    5    4  1.09110E+04 0.00419 
   49    1    1    1    1    1    1    1    5    5  0.00000E+00 0.00000 
   50    1    1    1    1    1    1    1    5    6  9.90790E+03 0.00434 
   51    1    1    1    1    1    1    1    5    7  9.52727E+03 0.00425 
   52    1    1    1    1    1    1    1    5    8  0.00000E+00 0.00000 
   53    1    1    1    1    1    1    1    5    9  8.98196E+03 0.00440 
   54    1    1    1    1    1    1    1    5   10  8.84219E+03 0.00442 
   55    1    1    1    1    1    1    1    5   11  0.00000E+00 0.00000 
   56    1    1    1    1    1    1    1    6    1  1.02649E+04 0.00430 
   57    1    1    1    1    1    1    1    6    2  1.02181E+04 0.00433 
   58    1    1    1    1    1    1    1    6    3  0.00000E+00 0.00000 
   59    1    1    1    1    1    1    1    6    4  9.79303E+03 0.00436 
   60    1    1    1    1    1    1    1    6    5  9.55883E+03 0.00436 
   61    1    1    1    1    1    1    1    6    6  0.00000E+00 0.00000 
   62    1    1    1    1    1    1    1    6    7  9.06167E+03 0.00426 
   63    1    1    1    1    1    1    1    6    8  8.82871E+03 0.00432 
   64    1    1    1    1    1    1    1    6    9  0.00000E+00 0.00000 
   65    1    1    1    1    1    1    1    6   10  8.69853E+03 0.00450 
   66    1    1    1    1    1    1    1    6   11  8.49981E+03 0.00448 
   67    1    1    1    1    1    1    1    7    1  0.00000E+00 0.00000 
   68    1    1    1    1    1    1    1    7    2  9.45484E+03 0.00430 
   69    1    1    1    1    1    1    1    7    3  9.34813E+03 0.00433 
   70    1    1    1    1    1    1    1    7    4  0.00000E+00 0.00000 
   71    1    1    1    1    1    1    1    7    5  8.97034E+03 0.00441 
   72    1    1    1    1    1    1    1    7    6  8.83953E+03 0.00442 
   73    1    1    1    1    1    1    1    7    7  0.00000E+00 0.00000 
   74    1    1    1    1    1    1    1    7    8  8.53606E+03 0.00458 
   75    1    1    1    1    1    1    1    7    9  8.46274E+03 0.00455 
   76    1    1    1    1    1    1    1    7   10  0.00000E+00 0.00000 
   77    1    1    1    1    1    1    1    7   11  8.31788E+03 0.00458 
   78    1    1    1    1    1    1    1    8    1  9.15026E+03 0.00432 
   79    1    1    1    1    1    1    1    8    2  0.00000E+00 0.00000 
   80    1    1    1    1    1    1    1    8    3  8.93187E+03 0.00440 
   81    1    1    1    1    1    1    1    8    4  8.79317E+03 0.00439 
   82    1    1    1    1    1    1    1    8    5  0.00000E+00 0.00000 
   83    1    1    1    1    1    1    1    8    6  8.56308E+03 0.00443 
   84    1    1    1    1    1    1    1    8    7  8.42275E+03 0.00458 
   85    1    1    1    1    1    1    1    8    8  0.00000E+00 0.00000 
   86    1    1    1    1    1    1    1    8    9  8.20654E+03 0.00452 
   87    1    1    1    1    1    1    1    8   10  8.24216E+03 0.00457 
   88    1    1    1    1    1    1    1    8   11  0.00000E+00 0.00000 
   89    1    1    1    1    1    1    1    9    1  8.94065E+03 0.00450 
   90    1    1    1    1    1    1    1    9    2  8.77512E+03 0.00453 
   91    1    1    1    1    1    1    1    9    3  0.00000E+00 0.00000 
   92    1    1    1    1    1    1    1    9    4  8.56357E+03 0.00454 
   93    1    1    1    1    1    1    1    9    5  8.39683E+03 0.00460 
   94    1    1    1    1    1    1    1    9    6  0.00000E+00 0.00000 
   95    1    1    1    1    1    1    1    9    7  8.21011E+03 0.00457 
   96    1    1    1    1    1    1    1    9    8  8.17302E+03 0.00468 
   97    1    1    1    1    1    1    1    9    9  0.00000E+00 0.00000 
   98    1    1    1    1    1    1    1    9   10  8.05223E+03 0.00462 
   99    1    1    1    1    1    1    1    9   11  8.00751E+03 0.00468 
  100    1    1    1    1    1    1    1   10    1  0.00000E+00 0.00000 
  101    1    1    1    1    1    1    1   10    2  8.66469E+03 0.00450 
  102    1    1    1    1    1    1    1   10    3  8.44662E+03 0.00445 
  103    1    1    1    1    1    1    1   10    4  0.00000E+00 0.00000 
  104    1    1    1    1    1    1    1   10    5  8.27867E+03 0.00453 
  105    1    1    1    1    1    1    1   10    6  8.17513E+03 0.00464 
  106    1    1    1    1    1    1    1   10    7  0.00000E+00 0.00000 
  107    1    1    1    1    1    1    1   10    8  8.01023E+03 0.00454 
  108    1    1    1    1    1    1    1   10    9  7.89929E+03 0.00470 
  109    1    1    1    1    1    1    1   10   10  0.00000E+00 0.00000 
