
DETassem1 = [
    1    1    1    1    1    1    1    1    1    1  0.00000E+00 0.00000 
    2    1    1    1    1    1    1    1    1    2  0.00000E+00 0.00000 
    3    1    1    1    1    1    1    1    1    3  0.00000E+00 0.00000 
    4    1    1    1    1    1    1    1    1    4  0.00000E+00 0.00000 
    5    1    1    1    1    1    1    1    1    5  0.00000E+00 0.00000 
    6    1    1    1    1    1    1    1    1    6  0.00000E+00 0.00000 
    7    1    1    1    1    1    1    1    1    7  0.00000E+00 0.00000 
    8    1    1    1    1    1    1    1    1    8  1.78709E+04 0.00350 
    9    1    1    1    1    1    1    1    1    9  1.37902E+04 0.00385 
   10    1    1    1    1    1    1    1    1   10  0.00000E+00 0.00000 
   11    1    1    1    1    1    1    1    1   11  1.04025E+04 0.00417 
   12    1    1    1    1    1    1    1    2    1  1.92569E+04 0.00344 
   13    1    1    1    1    1    1    1    2    2  0.00000E+00 0.00000 
   14    1    1    1    1    1    1    1    2    3  0.00000E+00 0.00000 
   15    1    1    1    1    1    1    1    2    4  0.00000E+00 0.00000 
   16    1    1    1    1    1    1    1    2    5  0.00000E+00 0.00000 
   17    1    1    1    1    1    1    1    2    6  1.91119E+04 0.00341 
   18    1    1    1    1    1    1    1    2    7  1.57121E+04 0.00368 
   19    1    1    1    1    1    1    1    2    8  0.00000E+00 0.00000 
   20    1    1    1    1    1    1    1    2    9  1.14743E+04 0.00402 
   21    1    1    1    1    1    1    1    2   10  1.03237E+04 0.00423 
   22    1    1    1    1    1    1    1    2   11  0.00000E+00 0.00000 
   23    1    1    1    1    1    1    1    3    1  1.56132E+04 0.00375 
   24    1    1    1    1    1    1    1    3    2  1.78790E+04 0.00361 
   25    1    1    1    1    1    1    1    3    3  0.00000E+00 0.00000 
   26    1    1    1    1    1    1    1    3    4  1.77600E+04 0.00359 
   27    1    1    1    1    1    1    1    3    5  1.57218E+04 0.00364 
   28    1    1    1    1    1    1    1    3    6  0.00000E+00 0.00000 
   29    1    1    1    1    1    1    1    3    7  1.20292E+04 0.00410 
   30    1    1    1    1    1    1    1    3    8  1.10722E+04 0.00420 
   31    1    1    1    1    1    1    1    3    9  0.00000E+00 0.00000 
   32    1    1    1    1    1    1    1    3   10  9.63090E+03 0.00433 
   33    1    1    1    1    1    1    1    3   11  9.21020E+03 0.00447 
   34    1    1    1    1    1    1    1    4    1  0.00000E+00 0.00000 
   35    1    1    1    1    1    1    1    4    2  1.39440E+04 0.00386 
   36    1    1    1    1    1    1    1    4    3  1.39071E+04 0.00384 
   37    1    1    1    1    1    1    1    4    4  0.00000E+00 0.00000 
   38    1    1    1    1    1    1    1    4    5  1.20930E+04 0.00409 
   39    1    1    1    1    1    1    1    4    6  1.12362E+04 0.00413 
   40    1    1    1    1    1    1    1    4    7  0.00000E+00 0.00000 
   41    1    1    1    1    1    1    1    4    8  9.88777E+03 0.00427 
   42    1    1    1    1    1    1    1    4    9  9.45090E+03 0.00429 
   43    1    1    1    1    1    1    1    4   10  0.00000E+00 0.00000 
   44    1    1    1    1    1    1    1    4   11  8.91251E+03 0.00444 
   45    1    1    1    1    1    1    1    5    1  1.15204E+04 0.00410 
   46    1    1    1    1    1    1    1    5    2  0.00000E+00 0.00000 
   47    1    1    1    1    1    1    1    5    3  1.14544E+04 0.00410 
   48    1    1    1    1    1    1    1    5    4  1.11240E+04 0.00413 
   49    1    1    1    1    1    1    1    5    5  0.00000E+00 0.00000 
   50    1    1    1    1    1    1    1    5    6  9.94813E+03 0.00414 
   51    1    1    1    1    1    1    1    5    7  9.47358E+03 0.00432 
   52    1    1    1    1    1    1    1    5    8  0.00000E+00 0.00000 
   53    1    1    1    1    1    1    1    5    9  8.96477E+03 0.00434 
   54    1    1    1    1    1    1    1    5   10  8.86275E+03 0.00442 
   55    1    1    1    1    1    1    1    5   11  0.00000E+00 0.00000 
   56    1    1    1    1    1    1    1    6    1  1.03512E+04 0.00433 
   57    1    1    1    1    1    1    1    6    2  1.02618E+04 0.00423 
   58    1    1    1    1    1    1    1    6    3  0.00000E+00 0.00000 
   59    1    1    1    1    1    1    1    6    4  9.82160E+03 0.00430 
   60    1    1    1    1    1    1    1    6    5  9.60854E+03 0.00444 
   61    1    1    1    1    1    1    1    6    6  0.00000E+00 0.00000 
   62    1    1    1    1    1    1    1    6    7  8.90905E+03 0.00442 
   63    1    1    1    1    1    1    1    6    8  8.77789E+03 0.00442 
   64    1    1    1    1    1    1    1    6    9  0.00000E+00 0.00000 
   65    1    1    1    1    1    1    1    6   10  8.62891E+03 0.00444 
   66    1    1    1    1    1    1    1    6   11  8.46475E+03 0.00450 
   67    1    1    1    1    1    1    1    7    1  0.00000E+00 0.00000 
   68    1    1    1    1    1    1    1    7    2  9.53532E+03 0.00428 
   69    1    1    1    1    1    1    1    7    3  9.37671E+03 0.00440 
   70    1    1    1    1    1    1    1    7    4  0.00000E+00 0.00000 
   71    1    1    1    1    1    1    1    7    5  8.88574E+03 0.00434 
   72    1    1    1    1    1    1    1    7    6  8.79446E+03 0.00446 
   73    1    1    1    1    1    1    1    7    7  0.00000E+00 0.00000 
   74    1    1    1    1    1    1    1    7    8  8.59507E+03 0.00449 
   75    1    1    1    1    1    1    1    7    9  8.35313E+03 0.00457 
   76    1    1    1    1    1    1    1    7   10  0.00000E+00 0.00000 
   77    1    1    1    1    1    1    1    7   11  8.25651E+03 0.00451 
   78    1    1    1    1    1    1    1    8    1  9.18245E+03 0.00441 
   79    1    1    1    1    1    1    1    8    2  0.00000E+00 0.00000 
   80    1    1    1    1    1    1    1    8    3  8.99892E+03 0.00447 
   81    1    1    1    1    1    1    1    8    4  8.83162E+03 0.00442 
   82    1    1    1    1    1    1    1    8    5  0.00000E+00 0.00000 
   83    1    1    1    1    1    1    1    8    6  8.54734E+03 0.00454 
   84    1    1    1    1    1    1    1    8    7  8.45367E+03 0.00451 
   85    1    1    1    1    1    1    1    8    8  0.00000E+00 0.00000 
   86    1    1    1    1    1    1    1    8    9  8.26480E+03 0.00458 
   87    1    1    1    1    1    1    1    8   10  8.16916E+03 0.00460 
   88    1    1    1    1    1    1    1    8   11  0.00000E+00 0.00000 
   89    1    1    1    1    1    1    1    9    1  8.86978E+03 0.00442 
   90    1    1    1    1    1    1    1    9    2  8.71540E+03 0.00442 
   91    1    1    1    1    1    1    1    9    3  0.00000E+00 0.00000 
   92    1    1    1    1    1    1    1    9    4  8.56270E+03 0.00441 
   93    1    1    1    1    1    1    1    9    5  8.43983E+03 0.00453 
   94    1    1    1    1    1    1    1    9    6  0.00000E+00 0.00000 
   95    1    1    1    1    1    1    1    9    7  8.27251E+03 0.00453 
   96    1    1    1    1    1    1    1    9    8  8.19886E+03 0.00457 
   97    1    1    1    1    1    1    1    9    9  0.00000E+00 0.00000 
   98    1    1    1    1    1    1    1    9   10  8.03410E+03 0.00474 
   99    1    1    1    1    1    1    1    9   11  7.93662E+03 0.00468 
  100    1    1    1    1    1    1    1   10    1  0.00000E+00 0.00000 
  101    1    1    1    1    1    1    1   10    2  8.56002E+03 0.00444 
  102    1    1    1    1    1    1    1   10    3  8.42193E+03 0.00465 
  103    1    1    1    1    1    1    1   10    4  0.00000E+00 0.00000 
  104    1    1    1    1    1    1    1   10    5  8.27229E+03 0.00452 
  105    1    1    1    1    1    1    1   10    6  8.21977E+03 0.00457 
  106    1    1    1    1    1    1    1   10    7  0.00000E+00 0.00000 
  107    1    1    1    1    1    1    1   10    8  7.98048E+03 0.00463 
  108    1    1    1    1    1    1    1   10    9  7.98761E+03 0.00477 
  109    1    1    1    1    1    1    1   10   10  0.00000E+00 0.00000 
