
DETassem1 = [
    1    1    1    1    1    1    1    1    1    1  0.00000E+00 0.00000 
    2    1    1    1    1    1    1    1    1    2  0.00000E+00 0.00000 
    3    1    1    1    1    1    1    1    1    3  0.00000E+00 0.00000 
    4    1    1    1    1    1    1    1    1    4  0.00000E+00 0.00000 
    5    1    1    1    1    1    1    1    1    5  0.00000E+00 0.00000 
    6    1    1    1    1    1    1    1    1    6  0.00000E+00 0.00000 
    7    1    1    1    1    1    1    1    1    7  0.00000E+00 0.00000 
    8    1    1    1    1    1    1    1    1    8  1.80025E+04 0.00356 
    9    1    1    1    1    1    1    1    1    9  1.39907E+04 0.00385 
   10    1    1    1    1    1    1    1    1   10  0.00000E+00 0.00000 
   11    1    1    1    1    1    1    1    1   11  1.03493E+04 0.00428 
   12    1    1    1    1    1    1    1    2    1  1.91446E+04 0.00347 
   13    1    1    1    1    1    1    1    2    2  0.00000E+00 0.00000 
   14    1    1    1    1    1    1    1    2    3  0.00000E+00 0.00000 
   15    1    1    1    1    1    1    1    2    4  0.00000E+00 0.00000 
   16    1    1    1    1    1    1    1    2    5  0.00000E+00 0.00000 
   17    1    1    1    1    1    1    1    2    6  1.92810E+04 0.00345 
   18    1    1    1    1    1    1    1    2    7  1.57136E+04 0.00367 
   19    1    1    1    1    1    1    1    2    8  0.00000E+00 0.00000 
   20    1    1    1    1    1    1    1    2    9  1.13390E+04 0.00410 
   21    1    1    1    1    1    1    1    2   10  1.03527E+04 0.00422 
   22    1    1    1    1    1    1    1    2   11  0.00000E+00 0.00000 
   23    1    1    1    1    1    1    1    3    1  1.56026E+04 0.00369 
   24    1    1    1    1    1    1    1    3    2  1.78308E+04 0.00346 
   25    1    1    1    1    1    1    1    3    3  0.00000E+00 0.00000 
   26    1    1    1    1    1    1    1    3    4  1.77861E+04 0.00361 
   27    1    1    1    1    1    1    1    3    5  1.56797E+04 0.00377 
   28    1    1    1    1    1    1    1    3    6  0.00000E+00 0.00000 
   29    1    1    1    1    1    1    1    3    7  1.23121E+04 0.00403 
   30    1    1    1    1    1    1    1    3    8  1.10987E+04 0.00409 
   31    1    1    1    1    1    1    1    3    9  0.00000E+00 0.00000 
   32    1    1    1    1    1    1    1    3   10  9.62036E+03 0.00434 
   33    1    1    1    1    1    1    1    3   11  9.19294E+03 0.00432 
   34    1    1    1    1    1    1    1    4    1  0.00000E+00 0.00000 
   35    1    1    1    1    1    1    1    4    2  1.39959E+04 0.00378 
   36    1    1    1    1    1    1    1    4    3  1.39443E+04 0.00379 
   37    1    1    1    1    1    1    1    4    4  0.00000E+00 0.00000 
   38    1    1    1    1    1    1    1    4    5  1.23207E+04 0.00409 
   39    1    1    1    1    1    1    1    4    6  1.13882E+04 0.00417 
   40    1    1    1    1    1    1    1    4    7  0.00000E+00 0.00000 
   41    1    1    1    1    1    1    1    4    8  9.96627E+03 0.00413 
   42    1    1    1    1    1    1    1    4    9  9.40098E+03 0.00435 
   43    1    1    1    1    1    1    1    4   10  0.00000E+00 0.00000 
   44    1    1    1    1    1    1    1    4   11  8.94691E+03 0.00449 
   45    1    1    1    1    1    1    1    5    1  1.14079E+04 0.00412 
   46    1    1    1    1    1    1    1    5    2  0.00000E+00 0.00000 
   47    1    1    1    1    1    1    1    5    3  1.14093E+04 0.00399 
   48    1    1    1    1    1    1    1    5    4  1.10761E+04 0.00421 
   49    1    1    1    1    1    1    1    5    5  0.00000E+00 0.00000 
   50    1    1    1    1    1    1    1    5    6  1.00455E+04 0.00429 
   51    1    1    1    1    1    1    1    5    7  9.70087E+03 0.00422 
   52    1    1    1    1    1    1    1    5    8  0.00000E+00 0.00000 
   53    1    1    1    1    1    1    1    5    9  9.00666E+03 0.00454 
   54    1    1    1    1    1    1    1    5   10  8.82686E+03 0.00452 
   55    1    1    1    1    1    1    1    5   11  0.00000E+00 0.00000 
   56    1    1    1    1    1    1    1    6    1  1.03904E+04 0.00436 
   57    1    1    1    1    1    1    1    6    2  1.03702E+04 0.00416 
   58    1    1    1    1    1    1    1    6    3  0.00000E+00 0.00000 
   59    1    1    1    1    1    1    1    6    4  9.87040E+03 0.00440 
   60    1    1    1    1    1    1    1    6    5  9.66488E+03 0.00438 
   61    1    1    1    1    1    1    1    6    6  0.00000E+00 0.00000 
   62    1    1    1    1    1    1    1    6    7  9.08721E+03 0.00440 
   63    1    1    1    1    1    1    1    6    8  8.90457E+03 0.00454 
   64    1    1    1    1    1    1    1    6    9  0.00000E+00 0.00000 
   65    1    1    1    1    1    1    1    6   10  8.57495E+03 0.00449 
   66    1    1    1    1    1    1    1    6   11  8.53584E+03 0.00456 
   67    1    1    1    1    1    1    1    7    1  0.00000E+00 0.00000 
   68    1    1    1    1    1    1    1    7    2  9.62097E+03 0.00434 
   69    1    1    1    1    1    1    1    7    3  9.55951E+03 0.00427 
   70    1    1    1    1    1    1    1    7    4  0.00000E+00 0.00000 
   71    1    1    1    1    1    1    1    7    5  9.06650E+03 0.00441 
   72    1    1    1    1    1    1    1    7    6  8.94341E+03 0.00438 
   73    1    1    1    1    1    1    1    7    7  0.00000E+00 0.00000 
   74    1    1    1    1    1    1    1    7    8  8.58728E+03 0.00449 
   75    1    1    1    1    1    1    1    7    9  8.52111E+03 0.00437 
   76    1    1    1    1    1    1    1    7   10  0.00000E+00 0.00000 
   77    1    1    1    1    1    1    1    7   11  8.32794E+03 0.00454 
   78    1    1    1    1    1    1    1    8    1  9.22629E+03 0.00446 
   79    1    1    1    1    1    1    1    8    2  0.00000E+00 0.00000 
   80    1    1    1    1    1    1    1    8    3  8.99063E+03 0.00445 
   81    1    1    1    1    1    1    1    8    4  8.92854E+03 0.00442 
   82    1    1    1    1    1    1    1    8    5  0.00000E+00 0.00000 
   83    1    1    1    1    1    1    1    8    6  8.64621E+03 0.00449 
   84    1    1    1    1    1    1    1    8    7  8.48824E+03 0.00451 
   85    1    1    1    1    1    1    1    8    8  0.00000E+00 0.00000 
   86    1    1    1    1    1    1    1    8    9  8.27797E+03 0.00457 
   87    1    1    1    1    1    1    1    8   10  8.23927E+03 0.00451 
   88    1    1    1    1    1    1    1    8   11  0.00000E+00 0.00000 
   89    1    1    1    1    1    1    1    9    1  8.92584E+03 0.00441 
   90    1    1    1    1    1    1    1    9    2  8.90847E+03 0.00444 
   91    1    1    1    1    1    1    1    9    3  0.00000E+00 0.00000 
   92    1    1    1    1    1    1    1    9    4  8.62254E+03 0.00458 
   93    1    1    1    1    1    1    1    9    5  8.48429E+03 0.00444 
   94    1    1    1    1    1    1    1    9    6  0.00000E+00 0.00000 
   95    1    1    1    1    1    1    1    9    7  8.35236E+03 0.00457 
   96    1    1    1    1    1    1    1    9    8  8.24118E+03 0.00458 
   97    1    1    1    1    1    1    1    9    9  0.00000E+00 0.00000 
   98    1    1    1    1    1    1    1    9   10  8.06485E+03 0.00454 
   99    1    1    1    1    1    1    1    9   11  7.87783E+03 0.00467 
  100    1    1    1    1    1    1    1   10    1  0.00000E+00 0.00000 
  101    1    1    1    1    1    1    1   10    2  8.66120E+03 0.00444 
  102    1    1    1    1    1    1    1   10    3  8.52767E+03 0.00447 
  103    1    1    1    1    1    1    1   10    4  0.00000E+00 0.00000 
  104    1    1    1    1    1    1    1   10    5  8.35122E+03 0.00454 
  105    1    1    1    1    1    1    1   10    6  8.26448E+03 0.00463 
  106    1    1    1    1    1    1    1   10    7  0.00000E+00 0.00000 
  107    1    1    1    1    1    1    1   10    8  7.99658E+03 0.00465 
  108    1    1    1    1    1    1    1   10    9  7.91317E+03 0.00462 
  109    1    1    1    1    1    1    1   10   10  0.00000E+00 0.00000 
