
ZAI = [
922350
922380
666
0
];

NAMES = [
'U235            '
'U238            '
'lost            '
'total           '
];

i922350 = 1; iU235             = 1;
i922380 = 2; iU238             = 2;
iLOST    = 3;
iTOT     = 4;

MAT_un_VOLUME = [ 2.67435E+05 2.67435E+05 ];

MAT_un_BURNUP = [ 0.00000E+00 4.28618E+01 ];

MAT_un_ADENS = [
4.83387E-03 3.51006E-03 % U235
1.93936E-02 1.88544E-02 % U238
0.00000E+00 4.14932E-30 % lost data
7.26897E-02 7.38003E-02 % total
];

MAT_un_MDENS = [
1.88669E+00 1.37000E+00 % U235
7.66628E+00 7.45313E+00 % U238
0.00000E+00 0.00000E+00 % lost data
1.08000E+01 1.07986E+01 % total
];

MAT_un_A = [
4.03447E+10 2.92958E+10 % U235
2.54974E+10 2.47885E+10 % U238
0.00000E+00 0.00000E+00 % lost data
6.58421E+10 3.28334E+18 % total
];

MAT_un_H = [
3.02440E-02 2.19613E-02 % U235
1.74439E-02 1.69589E-02 % U238
0.00000E+00 0.00000E+00 % lost data
4.76879E-02 9.64701E+05 % total
];

MAT_un_SF = [
2.90482E+00 2.10930E+00 % U235
1.39216E+04 1.35345E+04 % U238
0.00000E+00 0.00000E+00 % lost data
1.39245E+04 1.03885E+08 % total
];

MAT_un_GSRC = [
5.09758E+10 3.70155E+10 % U235
2.25789E+09 2.19511E+09 % U238
0.00000E+00 0.00000E+00 % lost data
5.32337E+10 3.52965E+18 % total
];

MAT_un_ING_TOX = [
1.89620E+03 1.37690E+03 % U235
1.14738E+03 1.11548E+03 % U238
0.00000E+00 0.00000E+00 % lost data
3.04359E+03 2.23568E+09 % total
];

MAT_un_INH_TOX = [
3.42930E+05 2.49015E+05 % U235
2.03979E+05 1.98308E+05 % U238
0.00000E+00 0.00000E+00 % lost data
5.46909E+05 8.02789E+10 % total
];

TOT_VOLUME = [ 2.67435E+05 2.67435E+05 ];

TOT_BURNUP = [ 0.00000E+00 4.28618E+01 ];

TOT_ADENS = [
4.83387E-03 3.51006E-03 % U235
1.93936E-02 1.88544E-02 % U238
0.00000E+00 4.14932E-30 % lost data
7.26897E-02 7.38003E-02 % total
];

TOT_MASS = [
5.04567E+05 3.66386E+05 % U235
2.05023E+06 1.99323E+06 % U238
0.00000E+00 0.00000E+00 % lost data
2.88830E+06 2.88793E+06 % total
];

TOT_A = [
4.03447E+10 2.92958E+10 % U235
2.54974E+10 2.47885E+10 % U238
0.00000E+00 0.00000E+00 % lost data
6.58421E+10 3.28334E+18 % total
];

TOT_H = [
3.02440E-02 2.19613E-02 % U235
1.74439E-02 1.69589E-02 % U238
0.00000E+00 0.00000E+00 % lost data
4.76879E-02 9.64701E+05 % total
];

TOT_SF = [
2.90482E+00 2.10930E+00 % U235
1.39216E+04 1.35345E+04 % U238
0.00000E+00 0.00000E+00 % lost data
1.39245E+04 1.03885E+08 % total
];

TOT_GSRC = [
5.09758E+10 3.70155E+10 % U235
2.25789E+09 2.19511E+09 % U238
0.00000E+00 0.00000E+00 % lost data
5.32337E+10 3.52965E+18 % total
];

TOT_ING_TOX = [
1.89620E+03 1.37690E+03 % U235
1.14738E+03 1.11548E+03 % U238
0.00000E+00 0.00000E+00 % lost data
3.04359E+03 2.23568E+09 % total
];

TOT_INH_TOX = [
3.42930E+05 2.49015E+05 % U235
2.03979E+05 1.98308E+05 % U238
0.00000E+00 0.00000E+00 % lost data
5.46909E+05 8.02789E+10 % total
];

BU = [ 0.00000E+00 4.28605E+01 ];

DAYS = [ 0.00000E+00 7.30000E+03 ];
