
DETassem1 = [
    1    1    1    1    1    1    1    1    1    1  0.00000E+00 0.00000 
    2    1    1    1    1    1    1    1    1    2  0.00000E+00 0.00000 
    3    1    1    1    1    1    1    1    1    3  0.00000E+00 0.00000 
    4    1    1    1    1    1    1    1    1    4  0.00000E+00 0.00000 
    5    1    1    1    1    1    1    1    1    5  0.00000E+00 0.00000 
    6    1    1    1    1    1    1    1    1    6  0.00000E+00 0.00000 
    7    1    1    1    1    1    1    1    1    7  0.00000E+00 0.00000 
    8    1    1    1    1    1    1    1    1    8  1.76625E+04 0.00354 
    9    1    1    1    1    1    1    1    1    9  1.38771E+04 0.00385 
   10    1    1    1    1    1    1    1    1   10  0.00000E+00 0.00000 
   11    1    1    1    1    1    1    1    1   11  1.02710E+04 0.00425 
   12    1    1    1    1    1    1    1    2    1  1.90158E+04 0.00345 
   13    1    1    1    1    1    1    1    2    2  0.00000E+00 0.00000 
   14    1    1    1    1    1    1    1    2    3  0.00000E+00 0.00000 
   15    1    1    1    1    1    1    1    2    4  0.00000E+00 0.00000 
   16    1    1    1    1    1    1    1    2    5  0.00000E+00 0.00000 
   17    1    1    1    1    1    1    1    2    6  1.88470E+04 0.00351 
   18    1    1    1    1    1    1    1    2    7  1.53147E+04 0.00374 
   19    1    1    1    1    1    1    1    2    8  0.00000E+00 0.00000 
   20    1    1    1    1    1    1    1    2    9  1.13455E+04 0.00408 
   21    1    1    1    1    1    1    1    2   10  1.02646E+04 0.00422 
   22    1    1    1    1    1    1    1    2   11  0.00000E+00 0.00000 
   23    1    1    1    1    1    1    1    3    1  1.54845E+04 0.00374 
   24    1    1    1    1    1    1    1    3    2  1.77852E+04 0.00365 
   25    1    1    1    1    1    1    1    3    3  0.00000E+00 0.00000 
   26    1    1    1    1    1    1    1    3    4  1.77273E+04 0.00357 
   27    1    1    1    1    1    1    1    3    5  1.53806E+04 0.00375 
   28    1    1    1    1    1    1    1    3    6  0.00000E+00 0.00000 
   29    1    1    1    1    1    1    1    3    7  1.20014E+04 0.00405 
   30    1    1    1    1    1    1    1    3    8  1.10649E+04 0.00415 
   31    1    1    1    1    1    1    1    3    9  0.00000E+00 0.00000 
   32    1    1    1    1    1    1    1    3   10  9.49025E+03 0.00438 
   33    1    1    1    1    1    1    1    3   11  9.03285E+03 0.00438 
   34    1    1    1    1    1    1    1    4    1  0.00000E+00 0.00000 
   35    1    1    1    1    1    1    1    4    2  1.39181E+04 0.00394 
   36    1    1    1    1    1    1    1    4    3  1.38527E+04 0.00392 
   37    1    1    1    1    1    1    1    4    4  0.00000E+00 0.00000 
   38    1    1    1    1    1    1    1    4    5  1.19761E+04 0.00404 
   39    1    1    1    1    1    1    1    4    6  1.12211E+04 0.00413 
   40    1    1    1    1    1    1    1    4    7  0.00000E+00 0.00000 
   41    1    1    1    1    1    1    1    4    8  9.66717E+03 0.00435 
   42    1    1    1    1    1    1    1    4    9  9.31966E+03 0.00445 
   43    1    1    1    1    1    1    1    4   10  0.00000E+00 0.00000 
   44    1    1    1    1    1    1    1    4   11  8.84862E+03 0.00445 
   45    1    1    1    1    1    1    1    5    1  1.13668E+04 0.00409 
   46    1    1    1    1    1    1    1    5    2  0.00000E+00 0.00000 
   47    1    1    1    1    1    1    1    5    3  1.14443E+04 0.00410 
   48    1    1    1    1    1    1    1    5    4  1.10442E+04 0.00419 
   49    1    1    1    1    1    1    1    5    5  0.00000E+00 0.00000 
   50    1    1    1    1    1    1    1    5    6  9.93170E+03 0.00433 
   51    1    1    1    1    1    1    1    5    7  9.59664E+03 0.00428 
   52    1    1    1    1    1    1    1    5    8  0.00000E+00 0.00000 
   53    1    1    1    1    1    1    1    5    9  8.99781E+03 0.00437 
   54    1    1    1    1    1    1    1    5   10  8.75083E+03 0.00442 
   55    1    1    1    1    1    1    1    5   11  0.00000E+00 0.00000 
   56    1    1    1    1    1    1    1    6    1  1.02887E+04 0.00432 
   57    1    1    1    1    1    1    1    6    2  1.03483E+04 0.00427 
   58    1    1    1    1    1    1    1    6    3  0.00000E+00 0.00000 
   59    1    1    1    1    1    1    1    6    4  9.75796E+03 0.00432 
   60    1    1    1    1    1    1    1    6    5  9.49584E+03 0.00434 
   61    1    1    1    1    1    1    1    6    6  0.00000E+00 0.00000 
   62    1    1    1    1    1    1    1    6    7  8.97645E+03 0.00443 
   63    1    1    1    1    1    1    1    6    8  8.75542E+03 0.00447 
   64    1    1    1    1    1    1    1    6    9  0.00000E+00 0.00000 
   65    1    1    1    1    1    1    1    6   10  8.62666E+03 0.00452 
   66    1    1    1    1    1    1    1    6   11  8.44538E+03 0.00452 
   67    1    1    1    1    1    1    1    7    1  0.00000E+00 0.00000 
   68    1    1    1    1    1    1    1    7    2  9.48853E+03 0.00439 
   69    1    1    1    1    1    1    1    7    3  9.40344E+03 0.00427 
   70    1    1    1    1    1    1    1    7    4  0.00000E+00 0.00000 
   71    1    1    1    1    1    1    1    7    5  9.07999E+03 0.00448 
   72    1    1    1    1    1    1    1    7    6  8.82160E+03 0.00457 
   73    1    1    1    1    1    1    1    7    7  0.00000E+00 0.00000 
   74    1    1    1    1    1    1    1    7    8  8.53897E+03 0.00450 
   75    1    1    1    1    1    1    1    7    9  8.50726E+03 0.00446 
   76    1    1    1    1    1    1    1    7   10  0.00000E+00 0.00000 
   77    1    1    1    1    1    1    1    7   11  8.23954E+03 0.00475 
   78    1    1    1    1    1    1    1    8    1  9.03828E+03 0.00442 
   79    1    1    1    1    1    1    1    8    2  0.00000E+00 0.00000 
   80    1    1    1    1    1    1    1    8    3  8.89926E+03 0.00439 
   81    1    1    1    1    1    1    1    8    4  8.84472E+03 0.00443 
   82    1    1    1    1    1    1    1    8    5  0.00000E+00 0.00000 
   83    1    1    1    1    1    1    1    8    6  8.64491E+03 0.00438 
   84    1    1    1    1    1    1    1    8    7  8.42310E+03 0.00445 
   85    1    1    1    1    1    1    1    8    8  0.00000E+00 0.00000 
   86    1    1    1    1    1    1    1    8    9  8.25494E+03 0.00459 
   87    1    1    1    1    1    1    1    8   10  8.14136E+03 0.00471 
   88    1    1    1    1    1    1    1    8   11  0.00000E+00 0.00000 
   89    1    1    1    1    1    1    1    9    1  8.81558E+03 0.00446 
   90    1    1    1    1    1    1    1    9    2  8.77441E+03 0.00443 
   91    1    1    1    1    1    1    1    9    3  0.00000E+00 0.00000 
   92    1    1    1    1    1    1    1    9    4  8.48402E+03 0.00442 
   93    1    1    1    1    1    1    1    9    5  8.45933E+03 0.00453 
   94    1    1    1    1    1    1    1    9    6  0.00000E+00 0.00000 
   95    1    1    1    1    1    1    1    9    7  8.32219E+03 0.00462 
   96    1    1    1    1    1    1    1    9    8  8.19448E+03 0.00459 
   97    1    1    1    1    1    1    1    9    9  0.00000E+00 0.00000 
   98    1    1    1    1    1    1    1    9   10  8.06932E+03 0.00457 
   99    1    1    1    1    1    1    1    9   11  7.92163E+03 0.00473 
  100    1    1    1    1    1    1    1   10    1  0.00000E+00 0.00000 
  101    1    1    1    1    1    1    1   10    2  8.56817E+03 0.00448 
  102    1    1    1    1    1    1    1   10    3  8.45289E+03 0.00440 
  103    1    1    1    1    1    1    1   10    4  0.00000E+00 0.00000 
  104    1    1    1    1    1    1    1   10    5  8.24110E+03 0.00461 
  105    1    1    1    1    1    1    1   10    6  8.14092E+03 0.00445 
  106    1    1    1    1    1    1    1   10    7  0.00000E+00 0.00000 
  107    1    1    1    1    1    1    1   10    8  8.02869E+03 0.00458 
  108    1    1    1    1    1    1    1   10    9  7.87762E+03 0.00467 
  109    1    1    1    1    1    1    1   10   10  0.00000E+00 0.00000 
