
ZAI = [
922350
922380
666
0
];

NAMES = [
'U235            '
'U238            '
'lost            '
'total           '
];

i922350 = 1; iU235             = 1;
i922380 = 2; iU238             = 2;
iLOST    = 3;
iTOT     = 4;

MAT_un_VOLUME = [ 2.67418E+05 2.67418E+05 ];

MAT_un_BURNUP = [ 0.00000E+00 4.28645E+01 ];

MAT_un_ADENS = [
4.83387E-03 3.51021E-03 % U235
1.93936E-02 1.88554E-02 % U238
0.00000E+00 3.69553E-30 % lost data
7.26897E-02 7.38004E-02 % total
];

MAT_un_MDENS = [
1.88669E+00 1.37006E+00 % U235
7.66628E+00 7.45352E+00 % U238
0.00000E+00 0.00000E+00 % lost data
1.08000E+01 1.07986E+01 % total
];

MAT_un_A = [
4.03421E+10 2.92952E+10 % U235
2.54958E+10 2.47882E+10 % U238
0.00000E+00 0.00000E+00 % lost data
6.58380E+10 3.28198E+18 % total
];

MAT_un_H = [
3.02421E-02 2.19609E-02 % U235
1.74428E-02 1.69587E-02 % U238
0.00000E+00 0.00000E+00 % lost data
4.76849E-02 9.64548E+05 % total
];

MAT_un_SF = [
2.90463E+00 2.10926E+00 % U235
1.39207E+04 1.35344E+04 % U238
0.00000E+00 0.00000E+00 % lost data
1.39236E+04 1.03739E+08 % total
];

MAT_un_GSRC = [
5.09726E+10 3.70147E+10 % U235
2.25775E+09 2.19509E+09 % U238
0.00000E+00 0.00000E+00 % lost data
5.32303E+10 3.52805E+18 % total
];

MAT_un_ING_TOX = [
1.89608E+03 1.37688E+03 % U235
1.14731E+03 1.11547E+03 % U238
0.00000E+00 0.00000E+00 % lost data
3.04339E+03 2.23471E+09 % total
];

MAT_un_INH_TOX = [
3.42908E+05 2.49009E+05 % U235
2.03966E+05 1.98306E+05 % U238
0.00000E+00 0.00000E+00 % lost data
5.46875E+05 8.01204E+10 % total
];

TOT_VOLUME = [ 2.67418E+05 2.67418E+05 ];

TOT_BURNUP = [ 0.00000E+00 4.28645E+01 ];

TOT_ADENS = [
4.83387E-03 3.51021E-03 % U235
1.93936E-02 1.88554E-02 % U238
0.00000E+00 3.69553E-30 % lost data
7.26897E-02 7.38004E-02 % total
];

TOT_MASS = [
5.04535E+05 3.66378E+05 % U235
2.05010E+06 1.99321E+06 % U238
0.00000E+00 0.00000E+00 % lost data
2.88812E+06 2.88774E+06 % total
];

TOT_A = [
4.03421E+10 2.92952E+10 % U235
2.54958E+10 2.47882E+10 % U238
0.00000E+00 0.00000E+00 % lost data
6.58380E+10 3.28198E+18 % total
];

TOT_H = [
3.02421E-02 2.19609E-02 % U235
1.74428E-02 1.69587E-02 % U238
0.00000E+00 0.00000E+00 % lost data
4.76849E-02 9.64548E+05 % total
];

TOT_SF = [
2.90463E+00 2.10926E+00 % U235
1.39207E+04 1.35344E+04 % U238
0.00000E+00 0.00000E+00 % lost data
1.39236E+04 1.03739E+08 % total
];

TOT_GSRC = [
5.09726E+10 3.70147E+10 % U235
2.25775E+09 2.19509E+09 % U238
0.00000E+00 0.00000E+00 % lost data
5.32303E+10 3.52805E+18 % total
];

TOT_ING_TOX = [
1.89608E+03 1.37688E+03 % U235
1.14731E+03 1.11547E+03 % U238
0.00000E+00 0.00000E+00 % lost data
3.04339E+03 2.23471E+09 % total
];

TOT_INH_TOX = [
3.42908E+05 2.49009E+05 % U235
2.03966E+05 1.98306E+05 % U238
0.00000E+00 0.00000E+00 % lost data
5.46875E+05 8.01204E+10 % total
];

BU = [ 0.00000E+00 4.28632E+01 ];

DAYS = [ 0.00000E+00 7.30000E+03 ];
