
DETassem1 = [
    1    1    1    1    1    1    1    1    1    1  0.00000E+00 0.00000 
    2    1    1    1    1    1    1    1    1    2  0.00000E+00 0.00000 
    3    1    1    1    1    1    1    1    1    3  0.00000E+00 0.00000 
    4    1    1    1    1    1    1    1    1    4  0.00000E+00 0.00000 
    5    1    1    1    1    1    1    1    1    5  0.00000E+00 0.00000 
    6    1    1    1    1    1    1    1    1    6  0.00000E+00 0.00000 
    7    1    1    1    1    1    1    1    1    7  0.00000E+00 0.00000 
    8    1    1    1    1    1    1    1    1    8  1.85204E+04 0.00366 
    9    1    1    1    1    1    1    1    1    9  1.39263E+04 0.00402 
   10    1    1    1    1    1    1    1    1   10  0.00000E+00 0.00000 
   11    1    1    1    1    1    1    1    1   11  1.01624E+04 0.00435 
   12    1    1    1    1    1    1    1    2    1  1.99048E+04 0.00362 
   13    1    1    1    1    1    1    1    2    2  0.00000E+00 0.00000 
   14    1    1    1    1    1    1    1    2    3  0.00000E+00 0.00000 
   15    1    1    1    1    1    1    1    2    4  0.00000E+00 0.00000 
   16    1    1    1    1    1    1    1    2    5  0.00000E+00 0.00000 
   17    1    1    1    1    1    1    1    2    6  1.99078E+04 0.00356 
   18    1    1    1    1    1    1    1    2    7  1.59020E+04 0.00383 
   19    1    1    1    1    1    1    1    2    8  0.00000E+00 0.00000 
   20    1    1    1    1    1    1    1    2    9  1.12576E+04 0.00429 
   21    1    1    1    1    1    1    1    2   10  1.00719E+04 0.00431 
   22    1    1    1    1    1    1    1    2   11  0.00000E+00 0.00000 
   23    1    1    1    1    1    1    1    3    1  1.58720E+04 0.00371 
   24    1    1    1    1    1    1    1    3    2  1.84138E+04 0.00364 
   25    1    1    1    1    1    1    1    3    3  0.00000E+00 0.00000 
   26    1    1    1    1    1    1    1    3    4  1.83779E+04 0.00375 
   27    1    1    1    1    1    1    1    3    5  1.59513E+04 0.00385 
   28    1    1    1    1    1    1    1    3    6  0.00000E+00 0.00000 
   29    1    1    1    1    1    1    1    3    7  1.20670E+04 0.00423 
   30    1    1    1    1    1    1    1    3    8  1.08716E+04 0.00437 
   31    1    1    1    1    1    1    1    3    9  0.00000E+00 0.00000 
   32    1    1    1    1    1    1    1    3   10  9.26337E+03 0.00461 
   33    1    1    1    1    1    1    1    3   11  8.91790E+03 0.00463 
   34    1    1    1    1    1    1    1    4    1  0.00000E+00 0.00000 
   35    1    1    1    1    1    1    1    4    2  1.40450E+04 0.00404 
   36    1    1    1    1    1    1    1    4    3  1.39435E+04 0.00415 
   37    1    1    1    1    1    1    1    4    4  0.00000E+00 0.00000 
   38    1    1    1    1    1    1    1    4    5  1.21489E+04 0.00424 
   39    1    1    1    1    1    1    1    4    6  1.10873E+04 0.00425 
   40    1    1    1    1    1    1    1    4    7  0.00000E+00 0.00000 
   41    1    1    1    1    1    1    1    4    8  9.62433E+03 0.00446 
   42    1    1    1    1    1    1    1    4    9  9.16174E+03 0.00451 
   43    1    1    1    1    1    1    1    4   10  0.00000E+00 0.00000 
   44    1    1    1    1    1    1    1    4   11  8.65627E+03 0.00463 
   45    1    1    1    1    1    1    1    5    1  1.13400E+04 0.00430 
   46    1    1    1    1    1    1    1    5    2  0.00000E+00 0.00000 
   47    1    1    1    1    1    1    1    5    3  1.12376E+04 0.00432 
   48    1    1    1    1    1    1    1    5    4  1.08700E+04 0.00436 
   49    1    1    1    1    1    1    1    5    5  0.00000E+00 0.00000 
   50    1    1    1    1    1    1    1    5    6  9.77845E+03 0.00454 
   51    1    1    1    1    1    1    1    5    7  9.35371E+03 0.00442 
   52    1    1    1    1    1    1    1    5    8  0.00000E+00 0.00000 
   53    1    1    1    1    1    1    1    5    9  8.68989E+03 0.00457 
   54    1    1    1    1    1    1    1    5   10  8.50778E+03 0.00457 
   55    1    1    1    1    1    1    1    5   11  0.00000E+00 0.00000 
   56    1    1    1    1    1    1    1    6    1  1.01305E+04 0.00440 
   57    1    1    1    1    1    1    1    6    2  1.00630E+04 0.00445 
   58    1    1    1    1    1    1    1    6    3  0.00000E+00 0.00000 
   59    1    1    1    1    1    1    1    6    4  9.60322E+03 0.00460 
   60    1    1    1    1    1    1    1    6    5  9.36171E+03 0.00449 
   61    1    1    1    1    1    1    1    6    6  0.00000E+00 0.00000 
   62    1    1    1    1    1    1    1    6    7  8.76237E+03 0.00453 
   63    1    1    1    1    1    1    1    6    8  8.56335E+03 0.00463 
   64    1    1    1    1    1    1    1    6    9  0.00000E+00 0.00000 
   65    1    1    1    1    1    1    1    6   10  8.27120E+03 0.00470 
   66    1    1    1    1    1    1    1    6   11  8.25088E+03 0.00471 
   67    1    1    1    1    1    1    1    7    1  0.00000E+00 0.00000 
   68    1    1    1    1    1    1    1    7    2  9.38188E+03 0.00444 
   69    1    1    1    1    1    1    1    7    3  9.12904E+03 0.00455 
   70    1    1    1    1    1    1    1    7    4  0.00000E+00 0.00000 
   71    1    1    1    1    1    1    1    7    5  8.75236E+03 0.00457 
   72    1    1    1    1    1    1    1    7    6  8.59151E+03 0.00457 
   73    1    1    1    1    1    1    1    7    7  0.00000E+00 0.00000 
   74    1    1    1    1    1    1    1    7    8  8.25202E+03 0.00460 
   75    1    1    1    1    1    1    1    7    9  8.15527E+03 0.00465 
   76    1    1    1    1    1    1    1    7   10  0.00000E+00 0.00000 
   77    1    1    1    1    1    1    1    7   11  8.00917E+03 0.00476 
   78    1    1    1    1    1    1    1    8    1  8.89106E+03 0.00458 
   79    1    1    1    1    1    1    1    8    2  0.00000E+00 0.00000 
   80    1    1    1    1    1    1    1    8    3  8.65407E+03 0.00465 
   81    1    1    1    1    1    1    1    8    4  8.51510E+03 0.00460 
   82    1    1    1    1    1    1    1    8    5  0.00000E+00 0.00000 
   83    1    1    1    1    1    1    1    8    6  8.33221E+03 0.00470 
   84    1    1    1    1    1    1    1    8    7  8.19071E+03 0.00470 
   85    1    1    1    1    1    1    1    8    8  0.00000E+00 0.00000 
   86    1    1    1    1    1    1    1    8    9  7.98642E+03 0.00467 
   87    1    1    1    1    1    1    1    8   10  7.96482E+03 0.00474 
   88    1    1    1    1    1    1    1    8   11  0.00000E+00 0.00000 
   89    1    1    1    1    1    1    1    9    1  8.50950E+03 0.00461 
   90    1    1    1    1    1    1    1    9    2  8.57369E+03 0.00460 
   91    1    1    1    1    1    1    1    9    3  0.00000E+00 0.00000 
   92    1    1    1    1    1    1    1    9    4  8.26257E+03 0.00456 
   93    1    1    1    1    1    1    1    9    5  8.21376E+03 0.00470 
   94    1    1    1    1    1    1    1    9    6  0.00000E+00 0.00000 
   95    1    1    1    1    1    1    1    9    7  8.04029E+03 0.00477 
   96    1    1    1    1    1    1    1    9    8  7.97207E+03 0.00472 
   97    1    1    1    1    1    1    1    9    9  0.00000E+00 0.00000 
   98    1    1    1    1    1    1    1    9   10  7.71715E+03 0.00473 
   99    1    1    1    1    1    1    1    9   11  7.66168E+03 0.00489 
  100    1    1    1    1    1    1    1   10    1  0.00000E+00 0.00000 
  101    1    1    1    1    1    1    1   10    2  8.30122E+03 0.00472 
  102    1    1    1    1    1    1    1   10    3  8.11610E+03 0.00471 
  103    1    1    1    1    1    1    1   10    4  0.00000E+00 0.00000 
  104    1    1    1    1    1    1    1   10    5  8.05313E+03 0.00478 
  105    1    1    1    1    1    1    1   10    6  8.01017E+03 0.00474 
  106    1    1    1    1    1    1    1   10    7  0.00000E+00 0.00000 
  107    1    1    1    1    1    1    1   10    8  7.69545E+03 0.00483 
  108    1    1    1    1    1    1    1   10    9  7.55039E+03 0.00489 
  109    1    1    1    1    1    1    1   10   10  0.00000E+00 0.00000 
