
ZAI = [
922350
922380
666
0
];

NAMES = [
'U235            '
'U238            '
'lost            '
'total           '
];

i922350 = 1; iU235             = 1;
i922380 = 2; iU238             = 2;
iLOST    = 3;
iTOT     = 4;

MAT_un_VOLUME = [ 2.66605E+05 2.66605E+05 ];

MAT_un_BURNUP = [ 0.00000E+00 4.29952E+01 ];

MAT_un_ADENS = [
4.83387E-03 3.50630E-03 % U235
1.93936E-02 1.88525E-02 % U238
0.00000E+00 3.65011E-30 % lost data
7.26897E-02 7.38037E-02 % total
];

MAT_un_MDENS = [
1.88669E+00 1.36853E+00 % U235
7.66628E+00 7.45239E+00 % U238
0.00000E+00 0.00000E+00 % lost data
1.08000E+01 1.07986E+01 % total
];

MAT_un_A = [
4.02195E+10 2.91737E+10 % U235
2.54183E+10 2.47091E+10 % U238
0.00000E+00 0.00000E+00 % lost data
6.56378E+10 3.28309E+18 % total
];

MAT_un_H = [
3.01502E-02 2.18698E-02 % U235
1.73897E-02 1.69046E-02 % U238
0.00000E+00 0.00000E+00 % lost data
4.75399E-02 9.64550E+05 % total
];

MAT_un_SF = [
2.89580E+00 2.10050E+00 % U235
1.38784E+04 1.34912E+04 % U238
0.00000E+00 0.00000E+00 % lost data
1.38813E+04 1.04181E+08 % total
];

MAT_un_GSRC = [
5.08176E+10 3.68611E+10 % U235
2.25088E+09 2.18808E+09 % U238
0.00000E+00 0.00000E+00 % lost data
5.30685E+10 3.52939E+18 % total
];

MAT_un_ING_TOX = [
1.89032E+03 1.37116E+03 % U235
1.14382E+03 1.11191E+03 % U238
0.00000E+00 0.00000E+00 % lost data
3.03414E+03 2.23596E+09 % total
];

MAT_un_INH_TOX = [
3.41866E+05 2.47976E+05 % U235
2.03346E+05 1.97673E+05 % U238
0.00000E+00 0.00000E+00 % lost data
5.45212E+05 8.04199E+10 % total
];

TOT_VOLUME = [ 2.66605E+05 2.66605E+05 ];

TOT_BURNUP = [ 0.00000E+00 4.29952E+01 ];

TOT_ADENS = [
4.83387E-03 3.50630E-03 % U235
1.93936E-02 1.88525E-02 % U238
0.00000E+00 3.65011E-30 % lost data
7.26897E-02 7.38037E-02 % total
];

TOT_MASS = [
5.03002E+05 3.64858E+05 % U235
2.04387E+06 1.98685E+06 % U238
0.00000E+00 0.00000E+00 % lost data
2.87934E+06 2.87897E+06 % total
];

TOT_A = [
4.02195E+10 2.91737E+10 % U235
2.54183E+10 2.47091E+10 % U238
0.00000E+00 0.00000E+00 % lost data
6.56378E+10 3.28309E+18 % total
];

TOT_H = [
3.01502E-02 2.18698E-02 % U235
1.73897E-02 1.69046E-02 % U238
0.00000E+00 0.00000E+00 % lost data
4.75399E-02 9.64550E+05 % total
];

TOT_SF = [
2.89580E+00 2.10050E+00 % U235
1.38784E+04 1.34912E+04 % U238
0.00000E+00 0.00000E+00 % lost data
1.38813E+04 1.04181E+08 % total
];

TOT_GSRC = [
5.08176E+10 3.68611E+10 % U235
2.25088E+09 2.18808E+09 % U238
0.00000E+00 0.00000E+00 % lost data
5.30685E+10 3.52939E+18 % total
];

TOT_ING_TOX = [
1.89032E+03 1.37116E+03 % U235
1.14382E+03 1.11191E+03 % U238
0.00000E+00 0.00000E+00 % lost data
3.03414E+03 2.23596E+09 % total
];

TOT_INH_TOX = [
3.41866E+05 2.47976E+05 % U235
2.03346E+05 1.97673E+05 % U238
0.00000E+00 0.00000E+00 % lost data
5.45212E+05 8.04199E+10 % total
];

BU = [ 0.00000E+00 4.29939E+01 ];

DAYS = [ 0.00000E+00 7.30000E+03 ];
