
DETassem1 = [
    1    1    1    1    1    1    1    1    1    1  0.00000E+00 0.00000 
    2    1    1    1    1    1    1    1    1    2  0.00000E+00 0.00000 
    3    1    1    1    1    1    1    1    1    3  0.00000E+00 0.00000 
    4    1    1    1    1    1    1    1    1    4  0.00000E+00 0.00000 
    5    1    1    1    1    1    1    1    1    5  0.00000E+00 0.00000 
    6    1    1    1    1    1    1    1    1    6  0.00000E+00 0.00000 
    7    1    1    1    1    1    1    1    1    7  0.00000E+00 0.00000 
    8    1    1    1    1    1    1    1    1    8  1.79802E+04 0.00371 
    9    1    1    1    1    1    1    1    1    9  1.38419E+04 0.00403 
   10    1    1    1    1    1    1    1    1   10  0.00000E+00 0.00000 
   11    1    1    1    1    1    1    1    1   11  9.90698E+03 0.00443 
   12    1    1    1    1    1    1    1    2    1  1.95730E+04 0.00363 
   13    1    1    1    1    1    1    1    2    2  0.00000E+00 0.00000 
   14    1    1    1    1    1    1    1    2    3  0.00000E+00 0.00000 
   15    1    1    1    1    1    1    1    2    4  0.00000E+00 0.00000 
   16    1    1    1    1    1    1    1    2    5  0.00000E+00 0.00000 
   17    1    1    1    1    1    1    1    2    6  1.95829E+04 0.00361 
   18    1    1    1    1    1    1    1    2    7  1.54147E+04 0.00384 
   19    1    1    1    1    1    1    1    2    8  0.00000E+00 0.00000 
   20    1    1    1    1    1    1    1    2    9  1.10606E+04 0.00435 
   21    1    1    1    1    1    1    1    2   10  9.96256E+03 0.00437 
   22    1    1    1    1    1    1    1    2   11  0.00000E+00 0.00000 
   23    1    1    1    1    1    1    1    3    1  1.53507E+04 0.00391 
   24    1    1    1    1    1    1    1    3    2  1.80435E+04 0.00372 
   25    1    1    1    1    1    1    1    3    3  0.00000E+00 0.00000 
   26    1    1    1    1    1    1    1    3    4  1.79862E+04 0.00372 
   27    1    1    1    1    1    1    1    3    5  1.54546E+04 0.00388 
   28    1    1    1    1    1    1    1    3    6  0.00000E+00 0.00000 
   29    1    1    1    1    1    1    1    3    7  1.18129E+04 0.00419 
   30    1    1    1    1    1    1    1    3    8  1.06709E+04 0.00438 
   31    1    1    1    1    1    1    1    3    9  0.00000E+00 0.00000 
   32    1    1    1    1    1    1    1    3   10  9.16232E+03 0.00450 
   33    1    1    1    1    1    1    1    3   11  8.73351E+03 0.00466 
   34    1    1    1    1    1    1    1    4    1  0.00000E+00 0.00000 
   35    1    1    1    1    1    1    1    4    2  1.37405E+04 0.00413 
   36    1    1    1    1    1    1    1    4    3  1.37095E+04 0.00399 
   37    1    1    1    1    1    1    1    4    4  0.00000E+00 0.00000 
   38    1    1    1    1    1    1    1    4    5  1.18196E+04 0.00420 
   39    1    1    1    1    1    1    1    4    6  1.08881E+04 0.00437 
   40    1    1    1    1    1    1    1    4    7  0.00000E+00 0.00000 
   41    1    1    1    1    1    1    1    4    8  9.36158E+03 0.00450 
   42    1    1    1    1    1    1    1    4    9  9.05429E+03 0.00456 
   43    1    1    1    1    1    1    1    4   10  0.00000E+00 0.00000 
   44    1    1    1    1    1    1    1    4   11  8.48069E+03 0.00465 
   45    1    1    1    1    1    1    1    5    1  1.11527E+04 0.00428 
   46    1    1    1    1    1    1    1    5    2  0.00000E+00 0.00000 
   47    1    1    1    1    1    1    1    5    3  1.11012E+04 0.00426 
   48    1    1    1    1    1    1    1    5    4  1.06016E+04 0.00437 
   49    1    1    1    1    1    1    1    5    5  0.00000E+00 0.00000 
   50    1    1    1    1    1    1    1    5    6  9.60751E+03 0.00450 
   51    1    1    1    1    1    1    1    5    7  9.13324E+03 0.00466 
   52    1    1    1    1    1    1    1    5    8  0.00000E+00 0.00000 
   53    1    1    1    1    1    1    1    5    9  8.62306E+03 0.00460 
   54    1    1    1    1    1    1    1    5   10  8.41764E+03 0.00468 
   55    1    1    1    1    1    1    1    5   11  0.00000E+00 0.00000 
   56    1    1    1    1    1    1    1    6    1  9.86896E+03 0.00440 
   57    1    1    1    1    1    1    1    6    2  9.96378E+03 0.00451 
   58    1    1    1    1    1    1    1    6    3  0.00000E+00 0.00000 
   59    1    1    1    1    1    1    1    6    4  9.31011E+03 0.00456 
   60    1    1    1    1    1    1    1    6    5  9.17807E+03 0.00459 
   61    1    1    1    1    1    1    1    6    6  0.00000E+00 0.00000 
   62    1    1    1    1    1    1    1    6    7  8.66931E+03 0.00468 
   63    1    1    1    1    1    1    1    6    8  8.47339E+03 0.00465 
   64    1    1    1    1    1    1    1    6    9  0.00000E+00 0.00000 
   65    1    1    1    1    1    1    1    6   10  8.25218E+03 0.00464 
   66    1    1    1    1    1    1    1    6   11  8.17746E+03 0.00468 
   67    1    1    1    1    1    1    1    7    1  0.00000E+00 0.00000 
   68    1    1    1    1    1    1    1    7    2  9.14458E+03 0.00460 
   69    1    1    1    1    1    1    1    7    3  9.07726E+03 0.00455 
   70    1    1    1    1    1    1    1    7    4  0.00000E+00 0.00000 
   71    1    1    1    1    1    1    1    7    5  8.63457E+03 0.00457 
   72    1    1    1    1    1    1    1    7    6  8.45585E+03 0.00463 
   73    1    1    1    1    1    1    1    7    7  0.00000E+00 0.00000 
   74    1    1    1    1    1    1    1    7    8  8.19711E+03 0.00474 
   75    1    1    1    1    1    1    1    7    9  8.14109E+03 0.00474 
   76    1    1    1    1    1    1    1    7   10  0.00000E+00 0.00000 
   77    1    1    1    1    1    1    1    7   11  7.96675E+03 0.00479 
   78    1    1    1    1    1    1    1    8    1  8.75617E+03 0.00466 
   79    1    1    1    1    1    1    1    8    2  0.00000E+00 0.00000 
   80    1    1    1    1    1    1    1    8    3  8.56890E+03 0.00476 
   81    1    1    1    1    1    1    1    8    4  8.49355E+03 0.00459 
   82    1    1    1    1    1    1    1    8    5  0.00000E+00 0.00000 
   83    1    1    1    1    1    1    1    8    6  8.21494E+03 0.00476 
   84    1    1    1    1    1    1    1    8    7  8.09014E+03 0.00471 
   85    1    1    1    1    1    1    1    8    8  0.00000E+00 0.00000 
   86    1    1    1    1    1    1    1    8    9  7.99379E+03 0.00470 
   87    1    1    1    1    1    1    1    8   10  7.93477E+03 0.00481 
   88    1    1    1    1    1    1    1    8   11  0.00000E+00 0.00000 
   89    1    1    1    1    1    1    1    9    1  8.57162E+03 0.00459 
   90    1    1    1    1    1    1    1    9    2  8.48334E+03 0.00468 
   91    1    1    1    1    1    1    1    9    3  0.00000E+00 0.00000 
   92    1    1    1    1    1    1    1    9    4  8.25842E+03 0.00471 
   93    1    1    1    1    1    1    1    9    5  8.19692E+03 0.00470 
   94    1    1    1    1    1    1    1    9    6  0.00000E+00 0.00000 
   95    1    1    1    1    1    1    1    9    7  7.98484E+03 0.00488 
   96    1    1    1    1    1    1    1    9    8  7.98414E+03 0.00472 
   97    1    1    1    1    1    1    1    9    9  0.00000E+00 0.00000 
   98    1    1    1    1    1    1    1    9   10  7.86669E+03 0.00490 
   99    1    1    1    1    1    1    1    9   11  7.77267E+03 0.00490 
  100    1    1    1    1    1    1    1   10    1  0.00000E+00 0.00000 
  101    1    1    1    1    1    1    1   10    2  8.25691E+03 0.00475 
  102    1    1    1    1    1    1    1   10    3  8.18087E+03 0.00478 
  103    1    1    1    1    1    1    1   10    4  0.00000E+00 0.00000 
  104    1    1    1    1    1    1    1   10    5  7.94947E+03 0.00463 
  105    1    1    1    1    1    1    1   10    6  7.92726E+03 0.00476 
  106    1    1    1    1    1    1    1   10    7  0.00000E+00 0.00000 
  107    1    1    1    1    1    1    1   10    8  7.79421E+03 0.00482 
  108    1    1    1    1    1    1    1   10    9  7.67975E+03 0.00484 
  109    1    1    1    1    1    1    1   10   10  0.00000E+00 0.00000 
