
DETassem1 = [
    1    1    1    1    1    1    1    1    1    1  0.00000E+00 0.00000 
    2    1    1    1    1    1    1    1    1    2  0.00000E+00 0.00000 
    3    1    1    1    1    1    1    1    1    3  0.00000E+00 0.00000 
    4    1    1    1    1    1    1    1    1    4  0.00000E+00 0.00000 
    5    1    1    1    1    1    1    1    1    5  0.00000E+00 0.00000 
    6    1    1    1    1    1    1    1    1    6  0.00000E+00 0.00000 
    7    1    1    1    1    1    1    1    1    7  0.00000E+00 0.00000 
    8    1    1    1    1    1    1    1    1    8  1.76750E+04 0.00363 
    9    1    1    1    1    1    1    1    1    9  1.39883E+04 0.00377 
   10    1    1    1    1    1    1    1    1   10  0.00000E+00 0.00000 
   11    1    1    1    1    1    1    1    1   11  1.04169E+04 0.00419 
   12    1    1    1    1    1    1    1    2    1  1.91802E+04 0.00342 
   13    1    1    1    1    1    1    1    2    2  0.00000E+00 0.00000 
   14    1    1    1    1    1    1    1    2    3  0.00000E+00 0.00000 
   15    1    1    1    1    1    1    1    2    4  0.00000E+00 0.00000 
   16    1    1    1    1    1    1    1    2    5  0.00000E+00 0.00000 
   17    1    1    1    1    1    1    1    2    6  1.90368E+04 0.00349 
   18    1    1    1    1    1    1    1    2    7  1.56323E+04 0.00372 
   19    1    1    1    1    1    1    1    2    8  0.00000E+00 0.00000 
   20    1    1    1    1    1    1    1    2    9  1.13819E+04 0.00415 
   21    1    1    1    1    1    1    1    2   10  1.02942E+04 0.00429 
   22    1    1    1    1    1    1    1    2   11  0.00000E+00 0.00000 
   23    1    1    1    1    1    1    1    3    1  1.56019E+04 0.00376 
   24    1    1    1    1    1    1    1    3    2  1.77878E+04 0.00362 
   25    1    1    1    1    1    1    1    3    3  0.00000E+00 0.00000 
   26    1    1    1    1    1    1    1    3    4  1.77394E+04 0.00360 
   27    1    1    1    1    1    1    1    3    5  1.55350E+04 0.00374 
   28    1    1    1    1    1    1    1    3    6  0.00000E+00 0.00000 
   29    1    1    1    1    1    1    1    3    7  1.21414E+04 0.00400 
   30    1    1    1    1    1    1    1    3    8  1.10201E+04 0.00429 
   31    1    1    1    1    1    1    1    3    9  0.00000E+00 0.00000 
   32    1    1    1    1    1    1    1    3   10  9.55253E+03 0.00443 
   33    1    1    1    1    1    1    1    3   11  9.13811E+03 0.00443 
   34    1    1    1    1    1    1    1    4    1  0.00000E+00 0.00000 
   35    1    1    1    1    1    1    1    4    2  1.40296E+04 0.00387 
   36    1    1    1    1    1    1    1    4    3  1.39018E+04 0.00384 
   37    1    1    1    1    1    1    1    4    4  0.00000E+00 0.00000 
   38    1    1    1    1    1    1    1    4    5  1.21484E+04 0.00408 
   39    1    1    1    1    1    1    1    4    6  1.12469E+04 0.00414 
   40    1    1    1    1    1    1    1    4    7  0.00000E+00 0.00000 
   41    1    1    1    1    1    1    1    4    8  9.82472E+03 0.00432 
   42    1    1    1    1    1    1    1    4    9  9.31430E+03 0.00434 
   43    1    1    1    1    1    1    1    4   10  0.00000E+00 0.00000 
   44    1    1    1    1    1    1    1    4   11  8.83699E+03 0.00440 
   45    1    1    1    1    1    1    1    5    1  1.14081E+04 0.00415 
   46    1    1    1    1    1    1    1    5    2  0.00000E+00 0.00000 
   47    1    1    1    1    1    1    1    5    3  1.14775E+04 0.00411 
   48    1    1    1    1    1    1    1    5    4  1.10075E+04 0.00414 
   49    1    1    1    1    1    1    1    5    5  0.00000E+00 0.00000 
   50    1    1    1    1    1    1    1    5    6  9.84840E+03 0.00433 
   51    1    1    1    1    1    1    1    5    7  9.50058E+03 0.00431 
   52    1    1    1    1    1    1    1    5    8  0.00000E+00 0.00000 
   53    1    1    1    1    1    1    1    5    9  8.87549E+03 0.00441 
   54    1    1    1    1    1    1    1    5   10  8.78626E+03 0.00446 
   55    1    1    1    1    1    1    1    5   11  0.00000E+00 0.00000 
   56    1    1    1    1    1    1    1    6    1  1.02716E+04 0.00425 
   57    1    1    1    1    1    1    1    6    2  1.03098E+04 0.00426 
   58    1    1    1    1    1    1    1    6    3  0.00000E+00 0.00000 
   59    1    1    1    1    1    1    1    6    4  9.85567E+03 0.00424 
   60    1    1    1    1    1    1    1    6    5  9.48820E+03 0.00430 
   61    1    1    1    1    1    1    1    6    6  0.00000E+00 0.00000 
   62    1    1    1    1    1    1    1    6    7  8.89930E+03 0.00438 
   63    1    1    1    1    1    1    1    6    8  8.63472E+03 0.00445 
   64    1    1    1    1    1    1    1    6    9  0.00000E+00 0.00000 
   65    1    1    1    1    1    1    1    6   10  8.41249E+03 0.00451 
   66    1    1    1    1    1    1    1    6   11  8.36741E+03 0.00451 
   67    1    1    1    1    1    1    1    7    1  0.00000E+00 0.00000 
   68    1    1    1    1    1    1    1    7    2  9.57232E+03 0.00432 
   69    1    1    1    1    1    1    1    7    3  9.41065E+03 0.00440 
   70    1    1    1    1    1    1    1    7    4  0.00000E+00 0.00000 
   71    1    1    1    1    1    1    1    7    5  8.88690E+03 0.00444 
   72    1    1    1    1    1    1    1    7    6  8.75171E+03 0.00442 
   73    1    1    1    1    1    1    1    7    7  0.00000E+00 0.00000 
   74    1    1    1    1    1    1    1    7    8  8.47163E+03 0.00450 
   75    1    1    1    1    1    1    1    7    9  8.31080E+03 0.00458 
   76    1    1    1    1    1    1    1    7   10  0.00000E+00 0.00000 
   77    1    1    1    1    1    1    1    7   11  8.36015E+03 0.00455 
   78    1    1    1    1    1    1    1    8    1  9.14759E+03 0.00442 
   79    1    1    1    1    1    1    1    8    2  0.00000E+00 0.00000 
   80    1    1    1    1    1    1    1    8    3  8.88228E+03 0.00442 
   81    1    1    1    1    1    1    1    8    4  8.76529E+03 0.00442 
   82    1    1    1    1    1    1    1    8    5  0.00000E+00 0.00000 
   83    1    1    1    1    1    1    1    8    6  8.49965E+03 0.00438 
   84    1    1    1    1    1    1    1    8    7  8.39358E+03 0.00441 
   85    1    1    1    1    1    1    1    8    8  0.00000E+00 0.00000 
   86    1    1    1    1    1    1    1    8    9  8.24114E+03 0.00443 
   87    1    1    1    1    1    1    1    8   10  8.19805E+03 0.00455 
   88    1    1    1    1    1    1    1    8   11  0.00000E+00 0.00000 
   89    1    1    1    1    1    1    1    9    1  8.87568E+03 0.00444 
   90    1    1    1    1    1    1    1    9    2  8.70002E+03 0.00437 
   91    1    1    1    1    1    1    1    9    3  0.00000E+00 0.00000 
   92    1    1    1    1    1    1    1    9    4  8.46151E+03 0.00452 
   93    1    1    1    1    1    1    1    9    5  8.31383E+03 0.00455 
   94    1    1    1    1    1    1    1    9    6  0.00000E+00 0.00000 
   95    1    1    1    1    1    1    1    9    7  8.21062E+03 0.00447 
   96    1    1    1    1    1    1    1    9    8  8.19732E+03 0.00457 
   97    1    1    1    1    1    1    1    9    9  0.00000E+00 0.00000 
   98    1    1    1    1    1    1    1    9   10  8.00606E+03 0.00464 
   99    1    1    1    1    1    1    1    9   11  7.91318E+03 0.00466 
  100    1    1    1    1    1    1    1   10    1  0.00000E+00 0.00000 
  101    1    1    1    1    1    1    1   10    2  8.50474E+03 0.00444 
  102    1    1    1    1    1    1    1   10    3  8.38518E+03 0.00458 
  103    1    1    1    1    1    1    1   10    4  0.00000E+00 0.00000 
  104    1    1    1    1    1    1    1   10    5  8.14606E+03 0.00459 
  105    1    1    1    1    1    1    1   10    6  8.16895E+03 0.00463 
  106    1    1    1    1    1    1    1   10    7  0.00000E+00 0.00000 
  107    1    1    1    1    1    1    1   10    8  8.08510E+03 0.00459 
  108    1    1    1    1    1    1    1   10    9  7.90134E+03 0.00469 
  109    1    1    1    1    1    1    1   10   10  0.00000E+00 0.00000 
