
DETassem1 = [
    1    1    1    1    1    1    1    1    1    1  0.00000E+00 0.00000 
    2    1    1    1    1    1    1    1    1    2  0.00000E+00 0.00000 
    3    1    1    1    1    1    1    1    1    3  0.00000E+00 0.00000 
    4    1    1    1    1    1    1    1    1    4  0.00000E+00 0.00000 
    5    1    1    1    1    1    1    1    1    5  0.00000E+00 0.00000 
    6    1    1    1    1    1    1    1    1    6  0.00000E+00 0.00000 
    7    1    1    1    1    1    1    1    1    7  0.00000E+00 0.00000 
    8    1    1    1    1    1    1    1    1    8  1.72392E+04 0.00355 
    9    1    1    1    1    1    1    1    1    9  1.36116E+04 0.00393 
   10    1    1    1    1    1    1    1    1   10  0.00000E+00 0.00000 
   11    1    1    1    1    1    1    1    1   11  1.02825E+04 0.00430 
   12    1    1    1    1    1    1    1    2    1  1.84820E+04 0.00351 
   13    1    1    1    1    1    1    1    2    2  0.00000E+00 0.00000 
   14    1    1    1    1    1    1    1    2    3  0.00000E+00 0.00000 
   15    1    1    1    1    1    1    1    2    4  0.00000E+00 0.00000 
   16    1    1    1    1    1    1    1    2    5  0.00000E+00 0.00000 
   17    1    1    1    1    1    1    1    2    6  1.85494E+04 0.00358 
   18    1    1    1    1    1    1    1    2    7  1.52095E+04 0.00379 
   19    1    1    1    1    1    1    1    2    8  0.00000E+00 0.00000 
   20    1    1    1    1    1    1    1    2    9  1.12318E+04 0.00416 
   21    1    1    1    1    1    1    1    2   10  1.02411E+04 0.00417 
   22    1    1    1    1    1    1    1    2   11  0.00000E+00 0.00000 
   23    1    1    1    1    1    1    1    3    1  1.52456E+04 0.00375 
   24    1    1    1    1    1    1    1    3    2  1.71290E+04 0.00357 
   25    1    1    1    1    1    1    1    3    3  0.00000E+00 0.00000 
   26    1    1    1    1    1    1    1    3    4  1.71359E+04 0.00364 
   27    1    1    1    1    1    1    1    3    5  1.52546E+04 0.00381 
   28    1    1    1    1    1    1    1    3    6  0.00000E+00 0.00000 
   29    1    1    1    1    1    1    1    3    7  1.18596E+04 0.00414 
   30    1    1    1    1    1    1    1    3    8  1.08763E+04 0.00418 
   31    1    1    1    1    1    1    1    3    9  0.00000E+00 0.00000 
   32    1    1    1    1    1    1    1    3   10  9.41127E+03 0.00426 
   33    1    1    1    1    1    1    1    3   11  9.09378E+03 0.00445 
   34    1    1    1    1    1    1    1    4    1  0.00000E+00 0.00000 
   35    1    1    1    1    1    1    1    4    2  1.36241E+04 0.00397 
   36    1    1    1    1    1    1    1    4    3  1.35667E+04 0.00394 
   37    1    1    1    1    1    1    1    4    4  0.00000E+00 0.00000 
   38    1    1    1    1    1    1    1    4    5  1.18468E+04 0.00410 
   39    1    1    1    1    1    1    1    4    6  1.10770E+04 0.00422 
   40    1    1    1    1    1    1    1    4    7  0.00000E+00 0.00000 
   41    1    1    1    1    1    1    1    4    8  9.62728E+03 0.00434 
   42    1    1    1    1    1    1    1    4    9  9.37570E+03 0.00438 
   43    1    1    1    1    1    1    1    4   10  0.00000E+00 0.00000 
   44    1    1    1    1    1    1    1    4   11  8.80236E+03 0.00453 
   45    1    1    1    1    1    1    1    5    1  1.11773E+04 0.00423 
   46    1    1    1    1    1    1    1    5    2  0.00000E+00 0.00000 
   47    1    1    1    1    1    1    1    5    3  1.12450E+04 0.00415 
   48    1    1    1    1    1    1    1    5    4  1.07831E+04 0.00415 
   49    1    1    1    1    1    1    1    5    5  0.00000E+00 0.00000 
   50    1    1    1    1    1    1    1    5    6  9.84516E+03 0.00431 
   51    1    1    1    1    1    1    1    5    7  9.35674E+03 0.00436 
   52    1    1    1    1    1    1    1    5    8  0.00000E+00 0.00000 
   53    1    1    1    1    1    1    1    5    9  8.86055E+03 0.00445 
   54    1    1    1    1    1    1    1    5   10  8.72969E+03 0.00448 
   55    1    1    1    1    1    1    1    5   11  0.00000E+00 0.00000 
   56    1    1    1    1    1    1    1    6    1  1.01744E+04 0.00428 
   57    1    1    1    1    1    1    1    6    2  1.01615E+04 0.00433 
   58    1    1    1    1    1    1    1    6    3  0.00000E+00 0.00000 
   59    1    1    1    1    1    1    1    6    4  9.56038E+03 0.00441 
   60    1    1    1    1    1    1    1    6    5  9.35980E+03 0.00426 
   61    1    1    1    1    1    1    1    6    6  0.00000E+00 0.00000 
   62    1    1    1    1    1    1    1    6    7  8.91049E+03 0.00440 
   63    1    1    1    1    1    1    1    6    8  8.76494E+03 0.00437 
   64    1    1    1    1    1    1    1    6    9  0.00000E+00 0.00000 
   65    1    1    1    1    1    1    1    6   10  8.51716E+03 0.00443 
   66    1    1    1    1    1    1    1    6   11  8.45805E+03 0.00457 
   67    1    1    1    1    1    1    1    7    1  0.00000E+00 0.00000 
   68    1    1    1    1    1    1    1    7    2  9.42172E+03 0.00432 
   69    1    1    1    1    1    1    1    7    3  9.30265E+03 0.00429 
   70    1    1    1    1    1    1    1    7    4  0.00000E+00 0.00000 
   71    1    1    1    1    1    1    1    7    5  8.82669E+03 0.00450 
   72    1    1    1    1    1    1    1    7    6  8.70678E+03 0.00439 
   73    1    1    1    1    1    1    1    7    7  0.00000E+00 0.00000 
   74    1    1    1    1    1    1    1    7    8  8.52590E+03 0.00436 
   75    1    1    1    1    1    1    1    7    9  8.42293E+03 0.00454 
   76    1    1    1    1    1    1    1    7   10  0.00000E+00 0.00000 
   77    1    1    1    1    1    1    1    7   11  8.17452E+03 0.00463 
   78    1    1    1    1    1    1    1    8    1  9.13556E+03 0.00439 
   79    1    1    1    1    1    1    1    8    2  0.00000E+00 0.00000 
   80    1    1    1    1    1    1    1    8    3  8.92999E+03 0.00440 
   81    1    1    1    1    1    1    1    8    4  8.73785E+03 0.00445 
   82    1    1    1    1    1    1    1    8    5  0.00000E+00 0.00000 
   83    1    1    1    1    1    1    1    8    6  8.49258E+03 0.00460 
   84    1    1    1    1    1    1    1    8    7  8.45412E+03 0.00454 
   85    1    1    1    1    1    1    1    8    8  0.00000E+00 0.00000 
   86    1    1    1    1    1    1    1    8    9  8.23599E+03 0.00457 
   87    1    1    1    1    1    1    1    8   10  8.22050E+03 0.00457 
   88    1    1    1    1    1    1    1    8   11  0.00000E+00 0.00000 
   89    1    1    1    1    1    1    1    9    1  8.82594E+03 0.00441 
   90    1    1    1    1    1    1    1    9    2  8.68681E+03 0.00447 
   91    1    1    1    1    1    1    1    9    3  0.00000E+00 0.00000 
   92    1    1    1    1    1    1    1    9    4  8.52388E+03 0.00451 
   93    1    1    1    1    1    1    1    9    5  8.36717E+03 0.00459 
   94    1    1    1    1    1    1    1    9    6  0.00000E+00 0.00000 
   95    1    1    1    1    1    1    1    9    7  8.23384E+03 0.00455 
   96    1    1    1    1    1    1    1    9    8  8.21454E+03 0.00454 
   97    1    1    1    1    1    1    1    9    9  0.00000E+00 0.00000 
   98    1    1    1    1    1    1    1    9   10  8.04887E+03 0.00460 
   99    1    1    1    1    1    1    1    9   11  7.94717E+03 0.00472 
  100    1    1    1    1    1    1    1   10    1  0.00000E+00 0.00000 
  101    1    1    1    1    1    1    1   10    2  8.45707E+03 0.00455 
  102    1    1    1    1    1    1    1   10    3  8.41005E+03 0.00448 
  103    1    1    1    1    1    1    1   10    4  0.00000E+00 0.00000 
  104    1    1    1    1    1    1    1   10    5  8.25987E+03 0.00460 
  105    1    1    1    1    1    1    1   10    6  8.19985E+03 0.00464 
  106    1    1    1    1    1    1    1   10    7  0.00000E+00 0.00000 
  107    1    1    1    1    1    1    1   10    8  8.03615E+03 0.00457 
  108    1    1    1    1    1    1    1   10    9  7.93447E+03 0.00463 
  109    1    1    1    1    1    1    1   10   10  0.00000E+00 0.00000 
