
DETassem1 = [
    1    1    1    1    1    1    1    1    1    1  0.00000E+00 0.00000 
    2    1    1    1    1    1    1    1    1    2  0.00000E+00 0.00000 
    3    1    1    1    1    1    1    1    1    3  0.00000E+00 0.00000 
    4    1    1    1    1    1    1    1    1    4  0.00000E+00 0.00000 
    5    1    1    1    1    1    1    1    1    5  0.00000E+00 0.00000 
    6    1    1    1    1    1    1    1    1    6  0.00000E+00 0.00000 
    7    1    1    1    1    1    1    1    1    7  0.00000E+00 0.00000 
    8    1    1    1    1    1    1    1    1    8  1.77012E+04 0.00361 
    9    1    1    1    1    1    1    1    1    9  1.36667E+04 0.00377 
   10    1    1    1    1    1    1    1    1   10  0.00000E+00 0.00000 
   11    1    1    1    1    1    1    1    1   11  1.03143E+04 0.00428 
   12    1    1    1    1    1    1    1    2    1  1.89397E+04 0.00345 
   13    1    1    1    1    1    1    1    2    2  0.00000E+00 0.00000 
   14    1    1    1    1    1    1    1    2    3  0.00000E+00 0.00000 
   15    1    1    1    1    1    1    1    2    4  0.00000E+00 0.00000 
   16    1    1    1    1    1    1    1    2    5  0.00000E+00 0.00000 
   17    1    1    1    1    1    1    1    2    6  1.89869E+04 0.00351 
   18    1    1    1    1    1    1    1    2    7  1.55864E+04 0.00371 
   19    1    1    1    1    1    1    1    2    8  0.00000E+00 0.00000 
   20    1    1    1    1    1    1    1    2    9  1.13663E+04 0.00415 
   21    1    1    1    1    1    1    1    2   10  1.03553E+04 0.00425 
   22    1    1    1    1    1    1    1    2   11  0.00000E+00 0.00000 
   23    1    1    1    1    1    1    1    3    1  1.54889E+04 0.00374 
   24    1    1    1    1    1    1    1    3    2  1.77255E+04 0.00363 
   25    1    1    1    1    1    1    1    3    3  0.00000E+00 0.00000 
   26    1    1    1    1    1    1    1    3    4  1.76448E+04 0.00362 
   27    1    1    1    1    1    1    1    3    5  1.55633E+04 0.00372 
   28    1    1    1    1    1    1    1    3    6  0.00000E+00 0.00000 
   29    1    1    1    1    1    1    1    3    7  1.21188E+04 0.00398 
   30    1    1    1    1    1    1    1    3    8  1.09940E+04 0.00414 
   31    1    1    1    1    1    1    1    3    9  0.00000E+00 0.00000 
   32    1    1    1    1    1    1    1    3   10  9.57908E+03 0.00430 
   33    1    1    1    1    1    1    1    3   11  9.10630E+03 0.00436 
   34    1    1    1    1    1    1    1    4    1  0.00000E+00 0.00000 
   35    1    1    1    1    1    1    1    4    2  1.36641E+04 0.00387 
   36    1    1    1    1    1    1    1    4    3  1.37518E+04 0.00391 
   37    1    1    1    1    1    1    1    4    4  0.00000E+00 0.00000 
   38    1    1    1    1    1    1    1    4    5  1.22079E+04 0.00414 
   39    1    1    1    1    1    1    1    4    6  1.13140E+04 0.00419 
   40    1    1    1    1    1    1    1    4    7  0.00000E+00 0.00000 
   41    1    1    1    1    1    1    1    4    8  9.83675E+03 0.00430 
   42    1    1    1    1    1    1    1    4    9  9.36607E+03 0.00440 
   43    1    1    1    1    1    1    1    4   10  0.00000E+00 0.00000 
   44    1    1    1    1    1    1    1    4   11  8.85653E+03 0.00446 
   45    1    1    1    1    1    1    1    5    1  1.13042E+04 0.00409 
   46    1    1    1    1    1    1    1    5    2  0.00000E+00 0.00000 
   47    1    1    1    1    1    1    1    5    3  1.13989E+04 0.00402 
   48    1    1    1    1    1    1    1    5    4  1.09929E+04 0.00419 
   49    1    1    1    1    1    1    1    5    5  0.00000E+00 0.00000 
   50    1    1    1    1    1    1    1    5    6  9.97283E+03 0.00430 
   51    1    1    1    1    1    1    1    5    7  9.48767E+03 0.00439 
   52    1    1    1    1    1    1    1    5    8  0.00000E+00 0.00000 
   53    1    1    1    1    1    1    1    5    9  8.91844E+03 0.00443 
   54    1    1    1    1    1    1    1    5   10  8.76728E+03 0.00457 
   55    1    1    1    1    1    1    1    5   11  0.00000E+00 0.00000 
   56    1    1    1    1    1    1    1    6    1  1.02483E+04 0.00429 
   57    1    1    1    1    1    1    1    6    2  1.02407E+04 0.00422 
   58    1    1    1    1    1    1    1    6    3  0.00000E+00 0.00000 
   59    1    1    1    1    1    1    1    6    4  9.80892E+03 0.00428 
   60    1    1    1    1    1    1    1    6    5  9.51604E+03 0.00430 
   61    1    1    1    1    1    1    1    6    6  0.00000E+00 0.00000 
   62    1    1    1    1    1    1    1    6    7  8.93552E+03 0.00429 
   63    1    1    1    1    1    1    1    6    8  8.79639E+03 0.00449 
   64    1    1    1    1    1    1    1    6    9  0.00000E+00 0.00000 
   65    1    1    1    1    1    1    1    6   10  8.47188E+03 0.00453 
   66    1    1    1    1    1    1    1    6   11  8.44090E+03 0.00451 
   67    1    1    1    1    1    1    1    7    1  0.00000E+00 0.00000 
   68    1    1    1    1    1    1    1    7    2  9.53087E+03 0.00429 
   69    1    1    1    1    1    1    1    7    3  9.37511E+03 0.00433 
   70    1    1    1    1    1    1    1    7    4  0.00000E+00 0.00000 
   71    1    1    1    1    1    1    1    7    5  8.84825E+03 0.00431 
   72    1    1    1    1    1    1    1    7    6  8.79213E+03 0.00454 
   73    1    1    1    1    1    1    1    7    7  0.00000E+00 0.00000 
   74    1    1    1    1    1    1    1    7    8  8.48160E+03 0.00449 
   75    1    1    1    1    1    1    1    7    9  8.43762E+03 0.00465 
   76    1    1    1    1    1    1    1    7   10  0.00000E+00 0.00000 
   77    1    1    1    1    1    1    1    7   11  8.22309E+03 0.00462 
   78    1    1    1    1    1    1    1    8    1  9.17512E+03 0.00441 
   79    1    1    1    1    1    1    1    8    2  0.00000E+00 0.00000 
   80    1    1    1    1    1    1    1    8    3  8.93552E+03 0.00435 
   81    1    1    1    1    1    1    1    8    4  8.72556E+03 0.00437 
   82    1    1    1    1    1    1    1    8    5  0.00000E+00 0.00000 
   83    1    1    1    1    1    1    1    8    6  8.47735E+03 0.00459 
   84    1    1    1    1    1    1    1    8    7  8.42505E+03 0.00451 
   85    1    1    1    1    1    1    1    8    8  0.00000E+00 0.00000 
   86    1    1    1    1    1    1    1    8    9  8.28394E+03 0.00455 
   87    1    1    1    1    1    1    1    8   10  8.05799E+03 0.00464 
   88    1    1    1    1    1    1    1    8   11  0.00000E+00 0.00000 
   89    1    1    1    1    1    1    1    9    1  8.86597E+03 0.00443 
   90    1    1    1    1    1    1    1    9    2  8.71977E+03 0.00448 
   91    1    1    1    1    1    1    1    9    3  0.00000E+00 0.00000 
   92    1    1    1    1    1    1    1    9    4  8.53608E+03 0.00445 
   93    1    1    1    1    1    1    1    9    5  8.40477E+03 0.00436 
   94    1    1    1    1    1    1    1    9    6  0.00000E+00 0.00000 
   95    1    1    1    1    1    1    1    9    7  8.24320E+03 0.00444 
   96    1    1    1    1    1    1    1    9    8  8.21121E+03 0.00462 
   97    1    1    1    1    1    1    1    9    9  0.00000E+00 0.00000 
   98    1    1    1    1    1    1    1    9   10  7.99792E+03 0.00468 
   99    1    1    1    1    1    1    1    9   11  7.94278E+03 0.00470 
  100    1    1    1    1    1    1    1   10    1  0.00000E+00 0.00000 
  101    1    1    1    1    1    1    1   10    2  8.46323E+03 0.00448 
  102    1    1    1    1    1    1    1   10    3  8.36483E+03 0.00454 
  103    1    1    1    1    1    1    1   10    4  0.00000E+00 0.00000 
  104    1    1    1    1    1    1    1   10    5  8.23065E+03 0.00453 
  105    1    1    1    1    1    1    1   10    6  8.24378E+03 0.00460 
  106    1    1    1    1    1    1    1   10    7  0.00000E+00 0.00000 
  107    1    1    1    1    1    1    1   10    8  7.98944E+03 0.00453 
  108    1    1    1    1    1    1    1   10    9  7.78608E+03 0.00469 
  109    1    1    1    1    1    1    1   10   10  0.00000E+00 0.00000 
