
DETassem1 = [
    1    1    1    1    1    1    1    1    1    1  0.00000E+00 0.00000 
    2    1    1    1    1    1    1    1    1    2  0.00000E+00 0.00000 
    3    1    1    1    1    1    1    1    1    3  0.00000E+00 0.00000 
    4    1    1    1    1    1    1    1    1    4  0.00000E+00 0.00000 
    5    1    1    1    1    1    1    1    1    5  0.00000E+00 0.00000 
    6    1    1    1    1    1    1    1    1    6  0.00000E+00 0.00000 
    7    1    1    1    1    1    1    1    1    7  0.00000E+00 0.00000 
    8    1    1    1    1    1    1    1    1    8  1.80358E+04 0.00351 
    9    1    1    1    1    1    1    1    1    9  1.40430E+04 0.00384 
   10    1    1    1    1    1    1    1    1   10  0.00000E+00 0.00000 
   11    1    1    1    1    1    1    1    1   11  1.04296E+04 0.00427 
   12    1    1    1    1    1    1    1    2    1  1.92178E+04 0.00352 
   13    1    1    1    1    1    1    1    2    2  0.00000E+00 0.00000 
   14    1    1    1    1    1    1    1    2    3  0.00000E+00 0.00000 
   15    1    1    1    1    1    1    1    2    4  0.00000E+00 0.00000 
   16    1    1    1    1    1    1    1    2    5  0.00000E+00 0.00000 
   17    1    1    1    1    1    1    1    2    6  1.92752E+04 0.00347 
   18    1    1    1    1    1    1    1    2    7  1.56640E+04 0.00363 
   19    1    1    1    1    1    1    1    2    8  0.00000E+00 0.00000 
   20    1    1    1    1    1    1    1    2    9  1.15114E+04 0.00414 
   21    1    1    1    1    1    1    1    2   10  1.03838E+04 0.00421 
   22    1    1    1    1    1    1    1    2   11  0.00000E+00 0.00000 
   23    1    1    1    1    1    1    1    3    1  1.56659E+04 0.00370 
   24    1    1    1    1    1    1    1    3    2  1.79473E+04 0.00351 
   25    1    1    1    1    1    1    1    3    3  0.00000E+00 0.00000 
   26    1    1    1    1    1    1    1    3    4  1.79775E+04 0.00352 
   27    1    1    1    1    1    1    1    3    5  1.57966E+04 0.00371 
   28    1    1    1    1    1    1    1    3    6  0.00000E+00 0.00000 
   29    1    1    1    1    1    1    1    3    7  1.23261E+04 0.00408 
   30    1    1    1    1    1    1    1    3    8  1.10959E+04 0.00418 
   31    1    1    1    1    1    1    1    3    9  0.00000E+00 0.00000 
   32    1    1    1    1    1    1    1    3   10  9.66551E+03 0.00441 
   33    1    1    1    1    1    1    1    3   11  9.20854E+03 0.00447 
   34    1    1    1    1    1    1    1    4    1  0.00000E+00 0.00000 
   35    1    1    1    1    1    1    1    4    2  1.40052E+04 0.00389 
   36    1    1    1    1    1    1    1    4    3  1.40548E+04 0.00384 
   37    1    1    1    1    1    1    1    4    4  0.00000E+00 0.00000 
   38    1    1    1    1    1    1    1    4    5  1.23010E+04 0.00398 
   39    1    1    1    1    1    1    1    4    6  1.13808E+04 0.00418 
   40    1    1    1    1    1    1    1    4    7  0.00000E+00 0.00000 
   41    1    1    1    1    1    1    1    4    8  9.89898E+03 0.00427 
   42    1    1    1    1    1    1    1    4    9  9.45563E+03 0.00439 
   43    1    1    1    1    1    1    1    4   10  0.00000E+00 0.00000 
   44    1    1    1    1    1    1    1    4   11  8.83437E+03 0.00435 
   45    1    1    1    1    1    1    1    5    1  1.16055E+04 0.00419 
   46    1    1    1    1    1    1    1    5    2  0.00000E+00 0.00000 
   47    1    1    1    1    1    1    1    5    3  1.15704E+04 0.00411 
   48    1    1    1    1    1    1    1    5    4  1.11698E+04 0.00416 
   49    1    1    1    1    1    1    1    5    5  0.00000E+00 0.00000 
   50    1    1    1    1    1    1    1    5    6  1.00889E+04 0.00427 
   51    1    1    1    1    1    1    1    5    7  9.64261E+03 0.00434 
   52    1    1    1    1    1    1    1    5    8  0.00000E+00 0.00000 
   53    1    1    1    1    1    1    1    5    9  8.98160E+03 0.00433 
   54    1    1    1    1    1    1    1    5   10  8.78514E+03 0.00445 
   55    1    1    1    1    1    1    1    5   11  0.00000E+00 0.00000 
   56    1    1    1    1    1    1    1    6    1  1.04016E+04 0.00425 
   57    1    1    1    1    1    1    1    6    2  1.04042E+04 0.00419 
   58    1    1    1    1    1    1    1    6    3  0.00000E+00 0.00000 
   59    1    1    1    1    1    1    1    6    4  9.97899E+03 0.00426 
   60    1    1    1    1    1    1    1    6    5  9.62540E+03 0.00432 
   61    1    1    1    1    1    1    1    6    6  0.00000E+00 0.00000 
   62    1    1    1    1    1    1    1    6    7  8.99963E+03 0.00443 
   63    1    1    1    1    1    1    1    6    8  8.80089E+03 0.00440 
   64    1    1    1    1    1    1    1    6    9  0.00000E+00 0.00000 
   65    1    1    1    1    1    1    1    6   10  8.54457E+03 0.00456 
   66    1    1    1    1    1    1    1    6   11  8.46396E+03 0.00446 
   67    1    1    1    1    1    1    1    7    1  0.00000E+00 0.00000 
   68    1    1    1    1    1    1    1    7    2  9.61692E+03 0.00433 
   69    1    1    1    1    1    1    1    7    3  9.46530E+03 0.00440 
   70    1    1    1    1    1    1    1    7    4  0.00000E+00 0.00000 
   71    1    1    1    1    1    1    1    7    5  8.99414E+03 0.00437 
   72    1    1    1    1    1    1    1    7    6  8.88832E+03 0.00445 
   73    1    1    1    1    1    1    1    7    7  0.00000E+00 0.00000 
   74    1    1    1    1    1    1    1    7    8  8.54168E+03 0.00450 
   75    1    1    1    1    1    1    1    7    9  8.41506E+03 0.00456 
   76    1    1    1    1    1    1    1    7   10  0.00000E+00 0.00000 
   77    1    1    1    1    1    1    1    7   11  8.26956E+03 0.00474 
   78    1    1    1    1    1    1    1    8    1  9.28495E+03 0.00440 
   79    1    1    1    1    1    1    1    8    2  0.00000E+00 0.00000 
   80    1    1    1    1    1    1    1    8    3  9.06624E+03 0.00443 
   81    1    1    1    1    1    1    1    8    4  8.83413E+03 0.00446 
   82    1    1    1    1    1    1    1    8    5  0.00000E+00 0.00000 
   83    1    1    1    1    1    1    1    8    6  8.56828E+03 0.00458 
   84    1    1    1    1    1    1    1    8    7  8.42077E+03 0.00446 
   85    1    1    1    1    1    1    1    8    8  0.00000E+00 0.00000 
   86    1    1    1    1    1    1    1    8    9  8.25813E+03 0.00463 
   87    1    1    1    1    1    1    1    8   10  8.21680E+03 0.00465 
   88    1    1    1    1    1    1    1    8   11  0.00000E+00 0.00000 
   89    1    1    1    1    1    1    1    9    1  8.91122E+03 0.00443 
   90    1    1    1    1    1    1    1    9    2  8.79930E+03 0.00439 
   91    1    1    1    1    1    1    1    9    3  0.00000E+00 0.00000 
   92    1    1    1    1    1    1    1    9    4  8.52543E+03 0.00446 
   93    1    1    1    1    1    1    1    9    5  8.40635E+03 0.00446 
   94    1    1    1    1    1    1    1    9    6  0.00000E+00 0.00000 
   95    1    1    1    1    1    1    1    9    7  8.10219E+03 0.00464 
   96    1    1    1    1    1    1    1    9    8  8.18688E+03 0.00458 
   97    1    1    1    1    1    1    1    9    9  0.00000E+00 0.00000 
   98    1    1    1    1    1    1    1    9   10  7.91742E+03 0.00467 
   99    1    1    1    1    1    1    1    9   11  7.85498E+03 0.00474 
  100    1    1    1    1    1    1    1   10    1  0.00000E+00 0.00000 
  101    1    1    1    1    1    1    1   10    2  8.60272E+03 0.00459 
  102    1    1    1    1    1    1    1   10    3  8.51078E+03 0.00452 
  103    1    1    1    1    1    1    1   10    4  0.00000E+00 0.00000 
  104    1    1    1    1    1    1    1   10    5  8.21105E+03 0.00463 
  105    1    1    1    1    1    1    1   10    6  8.14721E+03 0.00465 
  106    1    1    1    1    1    1    1   10    7  0.00000E+00 0.00000 
  107    1    1    1    1    1    1    1   10    8  7.87497E+03 0.00465 
  108    1    1    1    1    1    1    1   10    9  7.81067E+03 0.00467 
  109    1    1    1    1    1    1    1   10   10  0.00000E+00 0.00000 
