
DETassem1 = [
    1    1    1    1    1    1    1    1    1    1  0.00000E+00 0.00000 
    2    1    1    1    1    1    1    1    1    2  0.00000E+00 0.00000 
    3    1    1    1    1    1    1    1    1    3  0.00000E+00 0.00000 
    4    1    1    1    1    1    1    1    1    4  0.00000E+00 0.00000 
    5    1    1    1    1    1    1    1    1    5  0.00000E+00 0.00000 
    6    1    1    1    1    1    1    1    1    6  0.00000E+00 0.00000 
    7    1    1    1    1    1    1    1    1    7  0.00000E+00 0.00000 
    8    1    1    1    1    1    1    1    1    8  1.80775E+04 0.00363 
    9    1    1    1    1    1    1    1    1    9  1.36484E+04 0.00398 
   10    1    1    1    1    1    1    1    1   10  0.00000E+00 0.00000 
   11    1    1    1    1    1    1    1    1   11  9.86347E+03 0.00442 
   12    1    1    1    1    1    1    1    2    1  1.95594E+04 0.00352 
   13    1    1    1    1    1    1    1    2    2  0.00000E+00 0.00000 
   14    1    1    1    1    1    1    1    2    3  0.00000E+00 0.00000 
   15    1    1    1    1    1    1    1    2    4  0.00000E+00 0.00000 
   16    1    1    1    1    1    1    1    2    5  0.00000E+00 0.00000 
   17    1    1    1    1    1    1    1    2    6  1.95206E+04 0.00350 
   18    1    1    1    1    1    1    1    2    7  1.55471E+04 0.00387 
   19    1    1    1    1    1    1    1    2    8  0.00000E+00 0.00000 
   20    1    1    1    1    1    1    1    2    9  1.10511E+04 0.00429 
   21    1    1    1    1    1    1    1    2   10  9.89841E+03 0.00444 
   22    1    1    1    1    1    1    1    2   11  0.00000E+00 0.00000 
   23    1    1    1    1    1    1    1    3    1  1.55976E+04 0.00389 
   24    1    1    1    1    1    1    1    3    2  1.80603E+04 0.00369 
   25    1    1    1    1    1    1    1    3    3  0.00000E+00 0.00000 
   26    1    1    1    1    1    1    1    3    4  1.80659E+04 0.00373 
   27    1    1    1    1    1    1    1    3    5  1.56604E+04 0.00382 
   28    1    1    1    1    1    1    1    3    6  0.00000E+00 0.00000 
   29    1    1    1    1    1    1    1    3    7  1.19255E+04 0.00417 
   30    1    1    1    1    1    1    1    3    8  1.07144E+04 0.00432 
   31    1    1    1    1    1    1    1    3    9  0.00000E+00 0.00000 
   32    1    1    1    1    1    1    1    3   10  9.11050E+03 0.00460 
   33    1    1    1    1    1    1    1    3   11  8.81552E+03 0.00457 
   34    1    1    1    1    1    1    1    4    1  0.00000E+00 0.00000 
   35    1    1    1    1    1    1    1    4    2  1.35335E+04 0.00409 
   36    1    1    1    1    1    1    1    4    3  1.35986E+04 0.00401 
   37    1    1    1    1    1    1    1    4    4  0.00000E+00 0.00000 
   38    1    1    1    1    1    1    1    4    5  1.18219E+04 0.00419 
   39    1    1    1    1    1    1    1    4    6  1.10456E+04 0.00425 
   40    1    1    1    1    1    1    1    4    7  0.00000E+00 0.00000 
   41    1    1    1    1    1    1    1    4    8  9.49030E+03 0.00451 
   42    1    1    1    1    1    1    1    4    9  9.07030E+03 0.00466 
   43    1    1    1    1    1    1    1    4   10  0.00000E+00 0.00000 
   44    1    1    1    1    1    1    1    4   11  8.46022E+03 0.00465 
   45    1    1    1    1    1    1    1    5    1  1.10728E+04 0.00423 
   46    1    1    1    1    1    1    1    5    2  0.00000E+00 0.00000 
   47    1    1    1    1    1    1    1    5    3  1.10553E+04 0.00424 
   48    1    1    1    1    1    1    1    5    4  1.06573E+04 0.00425 
   49    1    1    1    1    1    1    1    5    5  0.00000E+00 0.00000 
   50    1    1    1    1    1    1    1    5    6  9.62878E+03 0.00454 
   51    1    1    1    1    1    1    1    5    7  9.16265E+03 0.00447 
   52    1    1    1    1    1    1    1    5    8  0.00000E+00 0.00000 
   53    1    1    1    1    1    1    1    5    9  8.63400E+03 0.00468 
   54    1    1    1    1    1    1    1    5   10  8.38829E+03 0.00464 
   55    1    1    1    1    1    1    1    5   11  0.00000E+00 0.00000 
   56    1    1    1    1    1    1    1    6    1  1.00082E+04 0.00445 
   57    1    1    1    1    1    1    1    6    2  1.00257E+04 0.00449 
   58    1    1    1    1    1    1    1    6    3  0.00000E+00 0.00000 
   59    1    1    1    1    1    1    1    6    4  9.50550E+03 0.00444 
   60    1    1    1    1    1    1    1    6    5  9.11186E+03 0.00448 
   61    1    1    1    1    1    1    1    6    6  0.00000E+00 0.00000 
   62    1    1    1    1    1    1    1    6    7  8.55891E+03 0.00465 
   63    1    1    1    1    1    1    1    6    8  8.41343E+03 0.00471 
   64    1    1    1    1    1    1    1    6    9  0.00000E+00 0.00000 
   65    1    1    1    1    1    1    1    6   10  8.13134E+03 0.00466 
   66    1    1    1    1    1    1    1    6   11  8.13891E+03 0.00469 
   67    1    1    1    1    1    1    1    7    1  0.00000E+00 0.00000 
   68    1    1    1    1    1    1    1    7    2  9.17125E+03 0.00459 
   69    1    1    1    1    1    1    1    7    3  9.07494E+03 0.00457 
   70    1    1    1    1    1    1    1    7    4  0.00000E+00 0.00000 
   71    1    1    1    1    1    1    1    7    5  8.51106E+03 0.00470 
   72    1    1    1    1    1    1    1    7    6  8.46377E+03 0.00466 
   73    1    1    1    1    1    1    1    7    7  0.00000E+00 0.00000 
   74    1    1    1    1    1    1    1    7    8  8.16049E+03 0.00475 
   75    1    1    1    1    1    1    1    7    9  8.17641E+03 0.00474 
   76    1    1    1    1    1    1    1    7   10  0.00000E+00 0.00000 
   77    1    1    1    1    1    1    1    7   11  7.99224E+03 0.00482 
   78    1    1    1    1    1    1    1    8    1  8.79377E+03 0.00451 
   79    1    1    1    1    1    1    1    8    2  0.00000E+00 0.00000 
   80    1    1    1    1    1    1    1    8    3  8.54981E+03 0.00466 
   81    1    1    1    1    1    1    1    8    4  8.38692E+03 0.00463 
   82    1    1    1    1    1    1    1    8    5  0.00000E+00 0.00000 
   83    1    1    1    1    1    1    1    8    6  8.15532E+03 0.00457 
   84    1    1    1    1    1    1    1    8    7  8.21470E+03 0.00475 
   85    1    1    1    1    1    1    1    8    8  0.00000E+00 0.00000 
   86    1    1    1    1    1    1    1    8    9  7.91245E+03 0.00460 
   87    1    1    1    1    1    1    1    8   10  7.84251E+03 0.00481 
   88    1    1    1    1    1    1    1    8   11  0.00000E+00 0.00000 
   89    1    1    1    1    1    1    1    9    1  8.51876E+03 0.00470 
   90    1    1    1    1    1    1    1    9    2  8.41554E+03 0.00465 
   91    1    1    1    1    1    1    1    9    3  0.00000E+00 0.00000 
   92    1    1    1    1    1    1    1    9    4  8.18644E+03 0.00477 
   93    1    1    1    1    1    1    1    9    5  8.16306E+03 0.00473 
   94    1    1    1    1    1    1    1    9    6  0.00000E+00 0.00000 
   95    1    1    1    1    1    1    1    9    7  7.97219E+03 0.00474 
   96    1    1    1    1    1    1    1    9    8  7.94820E+03 0.00469 
   97    1    1    1    1    1    1    1    9    9  0.00000E+00 0.00000 
   98    1    1    1    1    1    1    1    9   10  7.77660E+03 0.00480 
   99    1    1    1    1    1    1    1    9   11  7.74608E+03 0.00485 
  100    1    1    1    1    1    1    1   10    1  0.00000E+00 0.00000 
  101    1    1    1    1    1    1    1   10    2  8.21094E+03 0.00460 
  102    1    1    1    1    1    1    1   10    3  8.16418E+03 0.00462 
  103    1    1    1    1    1    1    1   10    4  0.00000E+00 0.00000 
  104    1    1    1    1    1    1    1   10    5  8.01125E+03 0.00479 
  105    1    1    1    1    1    1    1   10    6  7.90148E+03 0.00475 
  106    1    1    1    1    1    1    1   10    7  0.00000E+00 0.00000 
  107    1    1    1    1    1    1    1   10    8  7.77382E+03 0.00486 
  108    1    1    1    1    1    1    1   10    9  7.63596E+03 0.00476 
  109    1    1    1    1    1    1    1   10   10  0.00000E+00 0.00000 
