
DETassem1 = [
    1    1    1    1    1    1    1    1    1    1  0.00000E+00 0.00000 
    2    1    1    1    1    1    1    1    1    2  0.00000E+00 0.00000 
    3    1    1    1    1    1    1    1    1    3  0.00000E+00 0.00000 
    4    1    1    1    1    1    1    1    1    4  0.00000E+00 0.00000 
    5    1    1    1    1    1    1    1    1    5  0.00000E+00 0.00000 
    6    1    1    1    1    1    1    1    1    6  0.00000E+00 0.00000 
    7    1    1    1    1    1    1    1    1    7  0.00000E+00 0.00000 
    8    1    1    1    1    1    1    1    1    8  1.77163E+04 0.00375 
    9    1    1    1    1    1    1    1    1    9  1.35770E+04 0.00408 
   10    1    1    1    1    1    1    1    1   10  0.00000E+00 0.00000 
   11    1    1    1    1    1    1    1    1   11  9.83234E+03 0.00458 
   12    1    1    1    1    1    1    1    2    1  1.90886E+04 0.00367 
   13    1    1    1    1    1    1    1    2    2  0.00000E+00 0.00000 
   14    1    1    1    1    1    1    1    2    3  0.00000E+00 0.00000 
   15    1    1    1    1    1    1    1    2    4  0.00000E+00 0.00000 
   16    1    1    1    1    1    1    1    2    5  0.00000E+00 0.00000 
   17    1    1    1    1    1    1    1    2    6  1.90496E+04 0.00365 
   18    1    1    1    1    1    1    1    2    7  1.53238E+04 0.00396 
   19    1    1    1    1    1    1    1    2    8  0.00000E+00 0.00000 
   20    1    1    1    1    1    1    1    2    9  1.08840E+04 0.00427 
   21    1    1    1    1    1    1    1    2   10  9.81955E+03 0.00440 
   22    1    1    1    1    1    1    1    2   11  0.00000E+00 0.00000 
   23    1    1    1    1    1    1    1    3    1  1.53289E+04 0.00386 
   24    1    1    1    1    1    1    1    3    2  1.75168E+04 0.00362 
   25    1    1    1    1    1    1    1    3    3  0.00000E+00 0.00000 
   26    1    1    1    1    1    1    1    3    4  1.76978E+04 0.00372 
   27    1    1    1    1    1    1    1    3    5  1.53166E+04 0.00393 
   28    1    1    1    1    1    1    1    3    6  0.00000E+00 0.00000 
   29    1    1    1    1    1    1    1    3    7  1.17030E+04 0.00424 
   30    1    1    1    1    1    1    1    3    8  1.05395E+04 0.00437 
   31    1    1    1    1    1    1    1    3    9  0.00000E+00 0.00000 
   32    1    1    1    1    1    1    1    3   10  9.08433E+03 0.00461 
   33    1    1    1    1    1    1    1    3   11  8.80656E+03 0.00457 
   34    1    1    1    1    1    1    1    4    1  0.00000E+00 0.00000 
   35    1    1    1    1    1    1    1    4    2  1.35485E+04 0.00407 
   36    1    1    1    1    1    1    1    4    3  1.35000E+04 0.00407 
   37    1    1    1    1    1    1    1    4    4  0.00000E+00 0.00000 
   38    1    1    1    1    1    1    1    4    5  1.17624E+04 0.00431 
   39    1    1    1    1    1    1    1    4    6  1.08108E+04 0.00432 
   40    1    1    1    1    1    1    1    4    7  0.00000E+00 0.00000 
   41    1    1    1    1    1    1    1    4    8  9.35197E+03 0.00457 
   42    1    1    1    1    1    1    1    4    9  8.96520E+03 0.00456 
   43    1    1    1    1    1    1    1    4   10  0.00000E+00 0.00000 
   44    1    1    1    1    1    1    1    4   11  8.52244E+03 0.00467 
   45    1    1    1    1    1    1    1    5    1  1.09791E+04 0.00428 
   46    1    1    1    1    1    1    1    5    2  0.00000E+00 0.00000 
   47    1    1    1    1    1    1    1    5    3  1.09169E+04 0.00434 
   48    1    1    1    1    1    1    1    5    4  1.05573E+04 0.00438 
   49    1    1    1    1    1    1    1    5    5  0.00000E+00 0.00000 
   50    1    1    1    1    1    1    1    5    6  9.53848E+03 0.00447 
   51    1    1    1    1    1    1    1    5    7  9.00380E+03 0.00454 
   52    1    1    1    1    1    1    1    5    8  0.00000E+00 0.00000 
   53    1    1    1    1    1    1    1    5    9  8.59580E+03 0.00456 
   54    1    1    1    1    1    1    1    5   10  8.48032E+03 0.00480 
   55    1    1    1    1    1    1    1    5   11  0.00000E+00 0.00000 
   56    1    1    1    1    1    1    1    6    1  9.90419E+03 0.00451 
   57    1    1    1    1    1    1    1    6    2  9.84228E+03 0.00440 
   58    1    1    1    1    1    1    1    6    3  0.00000E+00 0.00000 
   59    1    1    1    1    1    1    1    6    4  9.31797E+03 0.00461 
   60    1    1    1    1    1    1    1    6    5  9.01112E+03 0.00450 
   61    1    1    1    1    1    1    1    6    6  0.00000E+00 0.00000 
   62    1    1    1    1    1    1    1    6    7  8.52937E+03 0.00468 
   63    1    1    1    1    1    1    1    6    8  8.40611E+03 0.00458 
   64    1    1    1    1    1    1    1    6    9  0.00000E+00 0.00000 
   65    1    1    1    1    1    1    1    6   10  8.23512E+03 0.00470 
   66    1    1    1    1    1    1    1    6   11  8.12244E+03 0.00480 
   67    1    1    1    1    1    1    1    7    1  0.00000E+00 0.00000 
   68    1    1    1    1    1    1    1    7    2  9.09720E+03 0.00451 
   69    1    1    1    1    1    1    1    7    3  8.97483E+03 0.00464 
   70    1    1    1    1    1    1    1    7    4  0.00000E+00 0.00000 
   71    1    1    1    1    1    1    1    7    5  8.61752E+03 0.00465 
   72    1    1    1    1    1    1    1    7    6  8.42861E+03 0.00463 
   73    1    1    1    1    1    1    1    7    7  0.00000E+00 0.00000 
   74    1    1    1    1    1    1    1    7    8  8.17095E+03 0.00465 
   75    1    1    1    1    1    1    1    7    9  8.11924E+03 0.00483 
   76    1    1    1    1    1    1    1    7   10  0.00000E+00 0.00000 
   77    1    1    1    1    1    1    1    7   11  7.98578E+03 0.00475 
   78    1    1    1    1    1    1    1    8    1  8.79373E+03 0.00467 
   79    1    1    1    1    1    1    1    8    2  0.00000E+00 0.00000 
   80    1    1    1    1    1    1    1    8    3  8.55973E+03 0.00462 
   81    1    1    1    1    1    1    1    8    4  8.35225E+03 0.00468 
   82    1    1    1    1    1    1    1    8    5  0.00000E+00 0.00000 
   83    1    1    1    1    1    1    1    8    6  8.17498E+03 0.00470 
   84    1    1    1    1    1    1    1    8    7  8.07394E+03 0.00457 
   85    1    1    1    1    1    1    1    8    8  0.00000E+00 0.00000 
   86    1    1    1    1    1    1    1    8    9  7.96915E+03 0.00483 
   87    1    1    1    1    1    1    1    8   10  7.91469E+03 0.00473 
   88    1    1    1    1    1    1    1    8   11  0.00000E+00 0.00000 
   89    1    1    1    1    1    1    1    9    1  8.49307E+03 0.00466 
   90    1    1    1    1    1    1    1    9    2  8.36458E+03 0.00456 
   91    1    1    1    1    1    1    1    9    3  0.00000E+00 0.00000 
   92    1    1    1    1    1    1    1    9    4  8.10503E+03 0.00459 
   93    1    1    1    1    1    1    1    9    5  8.09952E+03 0.00474 
   94    1    1    1    1    1    1    1    9    6  0.00000E+00 0.00000 
   95    1    1    1    1    1    1    1    9    7  8.05222E+03 0.00469 
   96    1    1    1    1    1    1    1    9    8  7.87054E+03 0.00473 
   97    1    1    1    1    1    1    1    9    9  0.00000E+00 0.00000 
   98    1    1    1    1    1    1    1    9   10  7.78824E+03 0.00481 
   99    1    1    1    1    1    1    1    9   11  7.75033E+03 0.00481 
  100    1    1    1    1    1    1    1   10    1  0.00000E+00 0.00000 
  101    1    1    1    1    1    1    1   10    2  8.32100E+03 0.00471 
  102    1    1    1    1    1    1    1   10    3  8.14637E+03 0.00479 
  103    1    1    1    1    1    1    1   10    4  0.00000E+00 0.00000 
  104    1    1    1    1    1    1    1   10    5  7.92725E+03 0.00470 
  105    1    1    1    1    1    1    1   10    6  7.94271E+03 0.00485 
  106    1    1    1    1    1    1    1   10    7  0.00000E+00 0.00000 
  107    1    1    1    1    1    1    1   10    8  7.67287E+03 0.00492 
  108    1    1    1    1    1    1    1   10    9  7.67101E+03 0.00492 
  109    1    1    1    1    1    1    1   10   10  0.00000E+00 0.00000 
