
DETassem1 = [
    1    1    1    1    1    1    1    1    1    1  0.00000E+00 0.00000 
    2    1    1    1    1    1    1    1    1    2  0.00000E+00 0.00000 
    3    1    1    1    1    1    1    1    1    3  0.00000E+00 0.00000 
    4    1    1    1    1    1    1    1    1    4  0.00000E+00 0.00000 
    5    1    1    1    1    1    1    1    1    5  0.00000E+00 0.00000 
    6    1    1    1    1    1    1    1    1    6  0.00000E+00 0.00000 
    7    1    1    1    1    1    1    1    1    7  0.00000E+00 0.00000 
    8    1    1    1    1    1    1    1    1    8  1.76620E+04 0.00362 
    9    1    1    1    1    1    1    1    1    9  1.39119E+04 0.00385 
   10    1    1    1    1    1    1    1    1   10  0.00000E+00 0.00000 
   11    1    1    1    1    1    1    1    1   11  1.04483E+04 0.00416 
   12    1    1    1    1    1    1    1    2    1  1.91794E+04 0.00347 
   13    1    1    1    1    1    1    1    2    2  0.00000E+00 0.00000 
   14    1    1    1    1    1    1    1    2    3  0.00000E+00 0.00000 
   15    1    1    1    1    1    1    1    2    4  0.00000E+00 0.00000 
   16    1    1    1    1    1    1    1    2    5  0.00000E+00 0.00000 
   17    1    1    1    1    1    1    1    2    6  1.90995E+04 0.00349 
   18    1    1    1    1    1    1    1    2    7  1.56327E+04 0.00365 
   19    1    1    1    1    1    1    1    2    8  0.00000E+00 0.00000 
   20    1    1    1    1    1    1    1    2    9  1.15185E+04 0.00410 
   21    1    1    1    1    1    1    1    2   10  1.04215E+04 0.00423 
   22    1    1    1    1    1    1    1    2   11  0.00000E+00 0.00000 
   23    1    1    1    1    1    1    1    3    1  1.57162E+04 0.00368 
   24    1    1    1    1    1    1    1    3    2  1.77370E+04 0.00358 
   25    1    1    1    1    1    1    1    3    3  0.00000E+00 0.00000 
   26    1    1    1    1    1    1    1    3    4  1.76823E+04 0.00356 
   27    1    1    1    1    1    1    1    3    5  1.55198E+04 0.00362 
   28    1    1    1    1    1    1    1    3    6  0.00000E+00 0.00000 
   29    1    1    1    1    1    1    1    3    7  1.22899E+04 0.00404 
   30    1    1    1    1    1    1    1    3    8  1.11567E+04 0.00410 
   31    1    1    1    1    1    1    1    3    9  0.00000E+00 0.00000 
   32    1    1    1    1    1    1    1    3   10  9.71214E+03 0.00440 
   33    1    1    1    1    1    1    1    3   11  9.27806E+03 0.00433 
   34    1    1    1    1    1    1    1    4    1  0.00000E+00 0.00000 
   35    1    1    1    1    1    1    1    4    2  1.38913E+04 0.00387 
   36    1    1    1    1    1    1    1    4    3  1.39347E+04 0.00389 
   37    1    1    1    1    1    1    1    4    4  0.00000E+00 0.00000 
   38    1    1    1    1    1    1    1    4    5  1.23874E+04 0.00396 
   39    1    1    1    1    1    1    1    4    6  1.13602E+04 0.00414 
   40    1    1    1    1    1    1    1    4    7  0.00000E+00 0.00000 
   41    1    1    1    1    1    1    1    4    8  9.99630E+03 0.00422 
   42    1    1    1    1    1    1    1    4    9  9.55346E+03 0.00431 
   43    1    1    1    1    1    1    1    4   10  0.00000E+00 0.00000 
   44    1    1    1    1    1    1    1    4   11  9.00745E+03 0.00443 
   45    1    1    1    1    1    1    1    5    1  1.15004E+04 0.00406 
   46    1    1    1    1    1    1    1    5    2  0.00000E+00 0.00000 
   47    1    1    1    1    1    1    1    5    3  1.14630E+04 0.00412 
   48    1    1    1    1    1    1    1    5    4  1.11374E+04 0.00416 
   49    1    1    1    1    1    1    1    5    5  0.00000E+00 0.00000 
   50    1    1    1    1    1    1    1    5    6  1.00636E+04 0.00425 
   51    1    1    1    1    1    1    1    5    7  9.68881E+03 0.00434 
   52    1    1    1    1    1    1    1    5    8  0.00000E+00 0.00000 
   53    1    1    1    1    1    1    1    5    9  9.07464E+03 0.00455 
   54    1    1    1    1    1    1    1    5   10  8.93848E+03 0.00443 
   55    1    1    1    1    1    1    1    5   11  0.00000E+00 0.00000 
   56    1    1    1    1    1    1    1    6    1  1.03550E+04 0.00424 
   57    1    1    1    1    1    1    1    6    2  1.03493E+04 0.00426 
   58    1    1    1    1    1    1    1    6    3  0.00000E+00 0.00000 
   59    1    1    1    1    1    1    1    6    4  9.90852E+03 0.00433 
   60    1    1    1    1    1    1    1    6    5  9.67997E+03 0.00434 
   61    1    1    1    1    1    1    1    6    6  0.00000E+00 0.00000 
   62    1    1    1    1    1    1    1    6    7  9.16356E+03 0.00436 
   63    1    1    1    1    1    1    1    6    8  8.89609E+03 0.00436 
   64    1    1    1    1    1    1    1    6    9  0.00000E+00 0.00000 
   65    1    1    1    1    1    1    1    6   10  8.64895E+03 0.00453 
   66    1    1    1    1    1    1    1    6   11  8.55955E+03 0.00452 
   67    1    1    1    1    1    1    1    7    1  0.00000E+00 0.00000 
   68    1    1    1    1    1    1    1    7    2  9.67682E+03 0.00423 
   69    1    1    1    1    1    1    1    7    3  9.49292E+03 0.00444 
   70    1    1    1    1    1    1    1    7    4  0.00000E+00 0.00000 
   71    1    1    1    1    1    1    1    7    5  9.20185E+03 0.00439 
   72    1    1    1    1    1    1    1    7    6  8.98222E+03 0.00439 
   73    1    1    1    1    1    1    1    7    7  0.00000E+00 0.00000 
   74    1    1    1    1    1    1    1    7    8  8.64166E+03 0.00447 
   75    1    1    1    1    1    1    1    7    9  8.55446E+03 0.00444 
   76    1    1    1    1    1    1    1    7   10  0.00000E+00 0.00000 
   77    1    1    1    1    1    1    1    7   11  8.41273E+03 0.00443 
   78    1    1    1    1    1    1    1    8    1  9.27428E+03 0.00431 
   79    1    1    1    1    1    1    1    8    2  0.00000E+00 0.00000 
   80    1    1    1    1    1    1    1    8    3  8.97526E+03 0.00448 
   81    1    1    1    1    1    1    1    8    4  8.93694E+03 0.00436 
   82    1    1    1    1    1    1    1    8    5  0.00000E+00 0.00000 
   83    1    1    1    1    1    1    1    8    6  8.68566E+03 0.00451 
   84    1    1    1    1    1    1    1    8    7  8.56761E+03 0.00448 
   85    1    1    1    1    1    1    1    8    8  0.00000E+00 0.00000 
   86    1    1    1    1    1    1    1    8    9  8.37530E+03 0.00459 
   87    1    1    1    1    1    1    1    8   10  8.24988E+03 0.00442 
   88    1    1    1    1    1    1    1    8   11  0.00000E+00 0.00000 
   89    1    1    1    1    1    1    1    9    1  8.88823E+03 0.00447 
   90    1    1    1    1    1    1    1    9    2  8.87586E+03 0.00449 
   91    1    1    1    1    1    1    1    9    3  0.00000E+00 0.00000 
   92    1    1    1    1    1    1    1    9    4  8.62270E+03 0.00444 
   93    1    1    1    1    1    1    1    9    5  8.53382E+03 0.00437 
   94    1    1    1    1    1    1    1    9    6  0.00000E+00 0.00000 
   95    1    1    1    1    1    1    1    9    7  8.45868E+03 0.00452 
   96    1    1    1    1    1    1    1    9    8  8.31015E+03 0.00457 
   97    1    1    1    1    1    1    1    9    9  0.00000E+00 0.00000 
   98    1    1    1    1    1    1    1    9   10  8.06772E+03 0.00468 
   99    1    1    1    1    1    1    1    9   11  8.00269E+03 0.00465 
  100    1    1    1    1    1    1    1   10    1  0.00000E+00 0.00000 
  101    1    1    1    1    1    1    1   10    2  8.75474E+03 0.00447 
  102    1    1    1    1    1    1    1   10    3  8.54282E+03 0.00442 
  103    1    1    1    1    1    1    1   10    4  0.00000E+00 0.00000 
  104    1    1    1    1    1    1    1   10    5  8.38105E+03 0.00455 
  105    1    1    1    1    1    1    1   10    6  8.29357E+03 0.00465 
  106    1    1    1    1    1    1    1   10    7  0.00000E+00 0.00000 
  107    1    1    1    1    1    1    1   10    8  8.09394E+03 0.00451 
  108    1    1    1    1    1    1    1   10    9  7.97383E+03 0.00468 
  109    1    1    1    1    1    1    1   10   10  0.00000E+00 0.00000 
