
DETassem1 = [
    1    1    1    1    1    1    1    1    1    1  0.00000E+00 0.00000 
    2    1    1    1    1    1    1    1    1    2  0.00000E+00 0.00000 
    3    1    1    1    1    1    1    1    1    3  0.00000E+00 0.00000 
    4    1    1    1    1    1    1    1    1    4  0.00000E+00 0.00000 
    5    1    1    1    1    1    1    1    1    5  0.00000E+00 0.00000 
    6    1    1    1    1    1    1    1    1    6  0.00000E+00 0.00000 
    7    1    1    1    1    1    1    1    1    7  0.00000E+00 0.00000 
    8    1    1    1    1    1    1    1    1    8  1.81991E+04 0.00371 
    9    1    1    1    1    1    1    1    1    9  1.38500E+04 0.00401 
   10    1    1    1    1    1    1    1    1   10  0.00000E+00 0.00000 
   11    1    1    1    1    1    1    1    1   11  1.00300E+04 0.00442 
   12    1    1    1    1    1    1    1    2    1  1.97313E+04 0.00346 
   13    1    1    1    1    1    1    1    2    2  0.00000E+00 0.00000 
   14    1    1    1    1    1    1    1    2    3  0.00000E+00 0.00000 
   15    1    1    1    1    1    1    1    2    4  0.00000E+00 0.00000 
   16    1    1    1    1    1    1    1    2    5  0.00000E+00 0.00000 
   17    1    1    1    1    1    1    1    2    6  1.95251E+04 0.00355 
   18    1    1    1    1    1    1    1    2    7  1.56732E+04 0.00392 
   19    1    1    1    1    1    1    1    2    8  0.00000E+00 0.00000 
   20    1    1    1    1    1    1    1    2    9  1.11227E+04 0.00432 
   21    1    1    1    1    1    1    1    2   10  1.00167E+04 0.00443 
   22    1    1    1    1    1    1    1    2   11  0.00000E+00 0.00000 
   23    1    1    1    1    1    1    1    3    1  1.56480E+04 0.00388 
   24    1    1    1    1    1    1    1    3    2  1.80915E+04 0.00374 
   25    1    1    1    1    1    1    1    3    3  0.00000E+00 0.00000 
   26    1    1    1    1    1    1    1    3    4  1.81935E+04 0.00375 
   27    1    1    1    1    1    1    1    3    5  1.57652E+04 0.00385 
   28    1    1    1    1    1    1    1    3    6  0.00000E+00 0.00000 
   29    1    1    1    1    1    1    1    3    7  1.19820E+04 0.00429 
   30    1    1    1    1    1    1    1    3    8  1.06691E+04 0.00436 
   31    1    1    1    1    1    1    1    3    9  0.00000E+00 0.00000 
   32    1    1    1    1    1    1    1    3   10  9.25883E+03 0.00447 
   33    1    1    1    1    1    1    1    3   11  8.77913E+03 0.00459 
   34    1    1    1    1    1    1    1    4    1  0.00000E+00 0.00000 
   35    1    1    1    1    1    1    1    4    2  1.37615E+04 0.00399 
   36    1    1    1    1    1    1    1    4    3  1.38998E+04 0.00408 
   37    1    1    1    1    1    1    1    4    4  0.00000E+00 0.00000 
   38    1    1    1    1    1    1    1    4    5  1.19249E+04 0.00420 
   39    1    1    1    1    1    1    1    4    6  1.10275E+04 0.00428 
   40    1    1    1    1    1    1    1    4    7  0.00000E+00 0.00000 
   41    1    1    1    1    1    1    1    4    8  9.51040E+03 0.00450 
   42    1    1    1    1    1    1    1    4    9  9.03007E+03 0.00455 
   43    1    1    1    1    1    1    1    4   10  0.00000E+00 0.00000 
   44    1    1    1    1    1    1    1    4   11  8.46469E+03 0.00456 
   45    1    1    1    1    1    1    1    5    1  1.10474E+04 0.00429 
   46    1    1    1    1    1    1    1    5    2  0.00000E+00 0.00000 
   47    1    1    1    1    1    1    1    5    3  1.11298E+04 0.00422 
   48    1    1    1    1    1    1    1    5    4  1.06919E+04 0.00430 
   49    1    1    1    1    1    1    1    5    5  0.00000E+00 0.00000 
   50    1    1    1    1    1    1    1    5    6  9.50105E+03 0.00456 
   51    1    1    1    1    1    1    1    5    7  9.14931E+03 0.00450 
   52    1    1    1    1    1    1    1    5    8  0.00000E+00 0.00000 
   53    1    1    1    1    1    1    1    5    9  8.57374E+03 0.00466 
   54    1    1    1    1    1    1    1    5   10  8.42325E+03 0.00467 
   55    1    1    1    1    1    1    1    5   11  0.00000E+00 0.00000 
   56    1    1    1    1    1    1    1    6    1  9.92789E+03 0.00454 
   57    1    1    1    1    1    1    1    6    2  9.97092E+03 0.00441 
   58    1    1    1    1    1    1    1    6    3  0.00000E+00 0.00000 
   59    1    1    1    1    1    1    1    6    4  9.46525E+03 0.00451 
   60    1    1    1    1    1    1    1    6    5  9.14307E+03 0.00453 
   61    1    1    1    1    1    1    1    6    6  0.00000E+00 0.00000 
   62    1    1    1    1    1    1    1    6    7  8.53830E+03 0.00456 
   63    1    1    1    1    1    1    1    6    8  8.33214E+03 0.00465 
   64    1    1    1    1    1    1    1    6    9  0.00000E+00 0.00000 
   65    1    1    1    1    1    1    1    6   10  8.17720E+03 0.00468 
   66    1    1    1    1    1    1    1    6   11  8.22466E+03 0.00458 
   67    1    1    1    1    1    1    1    7    1  0.00000E+00 0.00000 
   68    1    1    1    1    1    1    1    7    2  9.15829E+03 0.00454 
   69    1    1    1    1    1    1    1    7    3  9.09544E+03 0.00460 
   70    1    1    1    1    1    1    1    7    4  0.00000E+00 0.00000 
   71    1    1    1    1    1    1    1    7    5  8.48557E+03 0.00465 
   72    1    1    1    1    1    1    1    7    6  8.46638E+03 0.00464 
   73    1    1    1    1    1    1    1    7    7  0.00000E+00 0.00000 
   74    1    1    1    1    1    1    1    7    8  8.22730E+03 0.00473 
   75    1    1    1    1    1    1    1    7    9  8.09607E+03 0.00471 
   76    1    1    1    1    1    1    1    7   10  0.00000E+00 0.00000 
   77    1    1    1    1    1    1    1    7   11  8.05665E+03 0.00465 
   78    1    1    1    1    1    1    1    8    1  8.82265E+03 0.00457 
   79    1    1    1    1    1    1    1    8    2  0.00000E+00 0.00000 
   80    1    1    1    1    1    1    1    8    3  8.60204E+03 0.00461 
   81    1    1    1    1    1    1    1    8    4  8.36780E+03 0.00455 
   82    1    1    1    1    1    1    1    8    5  0.00000E+00 0.00000 
   83    1    1    1    1    1    1    1    8    6  8.21716E+03 0.00474 
   84    1    1    1    1    1    1    1    8    7  8.16434E+03 0.00476 
   85    1    1    1    1    1    1    1    8    8  0.00000E+00 0.00000 
   86    1    1    1    1    1    1    1    8    9  7.93957E+03 0.00478 
   87    1    1    1    1    1    1    1    8   10  7.93827E+03 0.00481 
   88    1    1    1    1    1    1    1    8   11  0.00000E+00 0.00000 
   89    1    1    1    1    1    1    1    9    1  8.54766E+03 0.00476 
   90    1    1    1    1    1    1    1    9    2  8.34043E+03 0.00457 
   91    1    1    1    1    1    1    1    9    3  0.00000E+00 0.00000 
   92    1    1    1    1    1    1    1    9    4  8.16759E+03 0.00463 
   93    1    1    1    1    1    1    1    9    5  8.08337E+03 0.00470 
   94    1    1    1    1    1    1    1    9    6  0.00000E+00 0.00000 
   95    1    1    1    1    1    1    1    9    7  7.90112E+03 0.00470 
   96    1    1    1    1    1    1    1    9    8  7.92982E+03 0.00481 
   97    1    1    1    1    1    1    1    9    9  0.00000E+00 0.00000 
   98    1    1    1    1    1    1    1    9   10  7.74363E+03 0.00475 
   99    1    1    1    1    1    1    1    9   11  7.72903E+03 0.00494 
  100    1    1    1    1    1    1    1   10    1  0.00000E+00 0.00000 
  101    1    1    1    1    1    1    1   10    2  8.13827E+03 0.00460 
  102    1    1    1    1    1    1    1   10    3  8.13719E+03 0.00474 
  103    1    1    1    1    1    1    1   10    4  0.00000E+00 0.00000 
  104    1    1    1    1    1    1    1   10    5  7.91076E+03 0.00481 
  105    1    1    1    1    1    1    1   10    6  7.93527E+03 0.00485 
  106    1    1    1    1    1    1    1   10    7  0.00000E+00 0.00000 
  107    1    1    1    1    1    1    1   10    8  7.81540E+03 0.00480 
  108    1    1    1    1    1    1    1   10    9  7.69864E+03 0.00488 
  109    1    1    1    1    1    1    1   10   10  0.00000E+00 0.00000 
