
ZAI = [
922350
922380
666
0
];

NAMES = [
'U235            '
'U238            '
'lost            '
'total           '
];

i922350 = 1; iU235             = 1;
i922380 = 2; iU238             = 2;
iLOST    = 3;
iTOT     = 4;

MAT_un_VOLUME = [ 2.66899E+05 2.66899E+05 ];

MAT_un_BURNUP = [ 0.00000E+00 4.29479E+01 ];

MAT_un_ADENS = [
4.83387E-03 3.50765E-03 % U235
1.93936E-02 1.88532E-02 % U238
0.00000E+00 3.91372E-30 % lost data
7.26897E-02 7.38025E-02 % total
];

MAT_un_MDENS = [
1.88669E+00 1.36906E+00 % U235
7.66628E+00 7.45265E+00 % U238
0.00000E+00 0.00000E+00 % lost data
1.08000E+01 1.07986E+01 % total
];

MAT_un_A = [
4.02639E+10 2.92170E+10 % U235
2.54463E+10 2.47372E+10 % U238
0.00000E+00 0.00000E+00 % lost data
6.57102E+10 3.28315E+18 % total
];

MAT_un_H = [
3.01834E-02 2.19023E-02 % U235
1.74089E-02 1.69238E-02 % U238
0.00000E+00 0.00000E+00 % lost data
4.75923E-02 9.64597E+05 % total
];

MAT_un_SF = [
2.89900E+00 2.10363E+00 % U235
1.38937E+04 1.35065E+04 % U238
0.00000E+00 0.00000E+00 % lost data
1.38966E+04 1.04114E+08 % total
];

MAT_un_GSRC = [
5.08736E+10 3.69159E+10 % U235
2.25336E+09 2.19057E+09 % U238
0.00000E+00 0.00000E+00 % lost data
5.31270E+10 3.52944E+18 % total
];

MAT_un_ING_TOX = [
1.89240E+03 1.37320E+03 % U235
1.14508E+03 1.11318E+03 % U238
0.00000E+00 0.00000E+00 % lost data
3.03749E+03 2.23580E+09 % total
];

MAT_un_INH_TOX = [
3.42243E+05 2.48345E+05 % U235
2.03571E+05 1.97898E+05 % U238
0.00000E+00 0.00000E+00 % lost data
5.45813E+05 8.03822E+10 % total
];

TOT_VOLUME = [ 2.66899E+05 2.66899E+05 ];

TOT_BURNUP = [ 0.00000E+00 4.29479E+01 ];

TOT_ADENS = [
4.83387E-03 3.50765E-03 % U235
1.93936E-02 1.88532E-02 % U238
0.00000E+00 3.91372E-30 % lost data
7.26897E-02 7.38025E-02 % total
];

TOT_MASS = [
5.03556E+05 3.65400E+05 % U235
2.04613E+06 1.98911E+06 % U238
0.00000E+00 0.00000E+00 % lost data
2.88251E+06 2.88214E+06 % total
];

TOT_A = [
4.02639E+10 2.92170E+10 % U235
2.54463E+10 2.47372E+10 % U238
0.00000E+00 0.00000E+00 % lost data
6.57102E+10 3.28315E+18 % total
];

TOT_H = [
3.01834E-02 2.19023E-02 % U235
1.74089E-02 1.69238E-02 % U238
0.00000E+00 0.00000E+00 % lost data
4.75923E-02 9.64597E+05 % total
];

TOT_SF = [
2.89900E+00 2.10363E+00 % U235
1.38937E+04 1.35065E+04 % U238
0.00000E+00 0.00000E+00 % lost data
1.38966E+04 1.04114E+08 % total
];

TOT_GSRC = [
5.08736E+10 3.69159E+10 % U235
2.25336E+09 2.19057E+09 % U238
0.00000E+00 0.00000E+00 % lost data
5.31270E+10 3.52944E+18 % total
];

TOT_ING_TOX = [
1.89240E+03 1.37320E+03 % U235
1.14508E+03 1.11318E+03 % U238
0.00000E+00 0.00000E+00 % lost data
3.03749E+03 2.23580E+09 % total
];

TOT_INH_TOX = [
3.42243E+05 2.48345E+05 % U235
2.03571E+05 1.97898E+05 % U238
0.00000E+00 0.00000E+00 % lost data
5.45813E+05 8.03822E+10 % total
];

BU = [ 0.00000E+00 4.29465E+01 ];

DAYS = [ 0.00000E+00 7.30000E+03 ];
