
ZAI = [
922350
922380
666
0
];

NAMES = [
'U235            '
'U238            '
'lost            '
'total           '
];

i922350 = 1; iU235             = 1;
i922380 = 2; iU238             = 2;
iLOST    = 3;
iTOT     = 4;

MAT_un_VOLUME = [ 2.67241E+05 2.67241E+05 ];

MAT_un_BURNUP = [ 0.00000E+00 4.28929E+01 ];

MAT_un_ADENS = [
4.83387E-03 3.50940E-03 % U235
1.93936E-02 1.88552E-02 % U238
0.00000E+00 4.41335E-30 % lost data
7.26897E-02 7.38011E-02 % total
];

MAT_un_MDENS = [
1.88669E+00 1.36974E+00 % U235
7.66628E+00 7.45346E+00 % U238
0.00000E+00 0.00000E+00 % lost data
1.08000E+01 1.07986E+01 % total
];

MAT_un_A = [
4.03154E+10 2.92691E+10 % U235
2.54789E+10 2.47716E+10 % U238
0.00000E+00 0.00000E+00 % lost data
6.57943E+10 3.28193E+18 % total
];

MAT_un_H = [
3.02221E-02 2.19413E-02 % U235
1.74312E-02 1.69473E-02 % U238
0.00000E+00 0.00000E+00 % lost data
4.76532E-02 9.64541E+05 % total
];

MAT_un_SF = [
2.90271E+00 2.10737E+00 % U235
1.39115E+04 1.35253E+04 % U238
0.00000E+00 0.00000E+00 % lost data
1.39144E+04 1.03837E+08 % total
];

MAT_un_GSRC = [
5.09388E+10 3.69816E+10 % U235
2.25625E+09 2.19361E+09 % U238
0.00000E+00 0.00000E+00 % lost data
5.31950E+10 3.52799E+18 % total
];

MAT_un_ING_TOX = [
1.89482E+03 1.37565E+03 % U235
1.14655E+03 1.11472E+03 % U238
0.00000E+00 0.00000E+00 % lost data
3.04137E+03 2.23480E+09 % total
];

MAT_un_INH_TOX = [
3.42681E+05 2.48787E+05 % U235
2.03831E+05 1.98173E+05 % U238
0.00000E+00 0.00000E+00 % lost data
5.46512E+05 8.01608E+10 % total
];

TOT_VOLUME = [ 2.67241E+05 2.67241E+05 ];

TOT_BURNUP = [ 0.00000E+00 4.28929E+01 ];

TOT_ADENS = [
4.83387E-03 3.50940E-03 % U235
1.93936E-02 1.88552E-02 % U238
0.00000E+00 4.41335E-30 % lost data
7.26897E-02 7.38011E-02 % total
];

TOT_MASS = [
5.04201E+05 3.66051E+05 % U235
2.04874E+06 1.99187E+06 % U238
0.00000E+00 0.00000E+00 % lost data
2.88620E+06 2.88583E+06 % total
];

TOT_A = [
4.03154E+10 2.92691E+10 % U235
2.54789E+10 2.47716E+10 % U238
0.00000E+00 0.00000E+00 % lost data
6.57943E+10 3.28193E+18 % total
];

TOT_H = [
3.02221E-02 2.19413E-02 % U235
1.74312E-02 1.69473E-02 % U238
0.00000E+00 0.00000E+00 % lost data
4.76532E-02 9.64541E+05 % total
];

TOT_SF = [
2.90271E+00 2.10737E+00 % U235
1.39115E+04 1.35253E+04 % U238
0.00000E+00 0.00000E+00 % lost data
1.39144E+04 1.03837E+08 % total
];

TOT_GSRC = [
5.09388E+10 3.69816E+10 % U235
2.25625E+09 2.19361E+09 % U238
0.00000E+00 0.00000E+00 % lost data
5.31950E+10 3.52799E+18 % total
];

TOT_ING_TOX = [
1.89482E+03 1.37565E+03 % U235
1.14655E+03 1.11472E+03 % U238
0.00000E+00 0.00000E+00 % lost data
3.04137E+03 2.23480E+09 % total
];

TOT_INH_TOX = [
3.42681E+05 2.48787E+05 % U235
2.03831E+05 1.98173E+05 % U238
0.00000E+00 0.00000E+00 % lost data
5.46512E+05 8.01608E+10 % total
];

BU = [ 0.00000E+00 4.28916E+01 ];

DAYS = [ 0.00000E+00 7.30000E+03 ];
