
DETassem1 = [
    1    1    1    1    1    1    1    1    1    1  0.00000E+00 0.00000 
    2    1    1    1    1    1    1    1    1    2  0.00000E+00 0.00000 
    3    1    1    1    1    1    1    1    1    3  0.00000E+00 0.00000 
    4    1    1    1    1    1    1    1    1    4  0.00000E+00 0.00000 
    5    1    1    1    1    1    1    1    1    5  0.00000E+00 0.00000 
    6    1    1    1    1    1    1    1    1    6  0.00000E+00 0.00000 
    7    1    1    1    1    1    1    1    1    7  0.00000E+00 0.00000 
    8    1    1    1    1    1    1    1    1    8  1.80863E+04 0.00377 
    9    1    1    1    1    1    1    1    1    9  1.38262E+04 0.00413 
   10    1    1    1    1    1    1    1    1   10  0.00000E+00 0.00000 
   11    1    1    1    1    1    1    1    1   11  1.00533E+04 0.00444 
   12    1    1    1    1    1    1    1    2    1  1.96018E+04 0.00355 
   13    1    1    1    1    1    1    1    2    2  0.00000E+00 0.00000 
   14    1    1    1    1    1    1    1    2    3  0.00000E+00 0.00000 
   15    1    1    1    1    1    1    1    2    4  0.00000E+00 0.00000 
   16    1    1    1    1    1    1    1    2    5  0.00000E+00 0.00000 
   17    1    1    1    1    1    1    1    2    6  1.96424E+04 0.00354 
   18    1    1    1    1    1    1    1    2    7  1.56805E+04 0.00393 
   19    1    1    1    1    1    1    1    2    8  0.00000E+00 0.00000 
   20    1    1    1    1    1    1    1    2    9  1.11580E+04 0.00431 
   21    1    1    1    1    1    1    1    2   10  1.00127E+04 0.00444 
   22    1    1    1    1    1    1    1    2   11  0.00000E+00 0.00000 
   23    1    1    1    1    1    1    1    3    1  1.55536E+04 0.00386 
   24    1    1    1    1    1    1    1    3    2  1.79444E+04 0.00364 
   25    1    1    1    1    1    1    1    3    3  0.00000E+00 0.00000 
   26    1    1    1    1    1    1    1    3    4  1.79799E+04 0.00366 
   27    1    1    1    1    1    1    1    3    5  1.56422E+04 0.00387 
   28    1    1    1    1    1    1    1    3    6  0.00000E+00 0.00000 
   29    1    1    1    1    1    1    1    3    7  1.19591E+04 0.00416 
   30    1    1    1    1    1    1    1    3    8  1.08144E+04 0.00431 
   31    1    1    1    1    1    1    1    3    9  0.00000E+00 0.00000 
   32    1    1    1    1    1    1    1    3   10  9.35232E+03 0.00452 
   33    1    1    1    1    1    1    1    3   11  8.96673E+03 0.00453 
   34    1    1    1    1    1    1    1    4    1  0.00000E+00 0.00000 
   35    1    1    1    1    1    1    1    4    2  1.38937E+04 0.00392 
   36    1    1    1    1    1    1    1    4    3  1.38895E+04 0.00409 
   37    1    1    1    1    1    1    1    4    4  0.00000E+00 0.00000 
   38    1    1    1    1    1    1    1    4    5  1.19682E+04 0.00417 
   39    1    1    1    1    1    1    1    4    6  1.11704E+04 0.00427 
   40    1    1    1    1    1    1    1    4    7  0.00000E+00 0.00000 
   41    1    1    1    1    1    1    1    4    8  9.58851E+03 0.00447 
   42    1    1    1    1    1    1    1    4    9  9.19728E+03 0.00451 
   43    1    1    1    1    1    1    1    4   10  0.00000E+00 0.00000 
   44    1    1    1    1    1    1    1    4   11  8.60039E+03 0.00466 
   45    1    1    1    1    1    1    1    5    1  1.12943E+04 0.00424 
   46    1    1    1    1    1    1    1    5    2  0.00000E+00 0.00000 
   47    1    1    1    1    1    1    1    5    3  1.12470E+04 0.00424 
   48    1    1    1    1    1    1    1    5    4  1.07425E+04 0.00438 
   49    1    1    1    1    1    1    1    5    5  0.00000E+00 0.00000 
   50    1    1    1    1    1    1    1    5    6  9.75936E+03 0.00448 
   51    1    1    1    1    1    1    1    5    7  9.27130E+03 0.00449 
   52    1    1    1    1    1    1    1    5    8  0.00000E+00 0.00000 
   53    1    1    1    1    1    1    1    5    9  8.67724E+03 0.00462 
   54    1    1    1    1    1    1    1    5   10  8.57112E+03 0.00457 
   55    1    1    1    1    1    1    1    5   11  0.00000E+00 0.00000 
   56    1    1    1    1    1    1    1    6    1  1.01067E+04 0.00452 
   57    1    1    1    1    1    1    1    6    2  1.01721E+04 0.00427 
   58    1    1    1    1    1    1    1    6    3  0.00000E+00 0.00000 
   59    1    1    1    1    1    1    1    6    4  9.58653E+03 0.00454 
   60    1    1    1    1    1    1    1    6    5  9.33138E+03 0.00453 
   61    1    1    1    1    1    1    1    6    6  0.00000E+00 0.00000 
   62    1    1    1    1    1    1    1    6    7  8.76662E+03 0.00458 
   63    1    1    1    1    1    1    1    6    8  8.56526E+03 0.00463 
   64    1    1    1    1    1    1    1    6    9  0.00000E+00 0.00000 
   65    1    1    1    1    1    1    1    6   10  8.32106E+03 0.00465 
   66    1    1    1    1    1    1    1    6   11  8.33023E+03 0.00466 
   67    1    1    1    1    1    1    1    7    1  0.00000E+00 0.00000 
   68    1    1    1    1    1    1    1    7    2  9.31404E+03 0.00448 
   69    1    1    1    1    1    1    1    7    3  9.13416E+03 0.00449 
   70    1    1    1    1    1    1    1    7    4  0.00000E+00 0.00000 
   71    1    1    1    1    1    1    1    7    5  8.77310E+03 0.00458 
   72    1    1    1    1    1    1    1    7    6  8.63427E+03 0.00464 
   73    1    1    1    1    1    1    1    7    7  0.00000E+00 0.00000 
   74    1    1    1    1    1    1    1    7    8  8.29108E+03 0.00466 
   75    1    1    1    1    1    1    1    7    9  8.28989E+03 0.00467 
   76    1    1    1    1    1    1    1    7   10  0.00000E+00 0.00000 
   77    1    1    1    1    1    1    1    7   11  8.10508E+03 0.00466 
   78    1    1    1    1    1    1    1    8    1  8.91414E+03 0.00460 
   79    1    1    1    1    1    1    1    8    2  0.00000E+00 0.00000 
   80    1    1    1    1    1    1    1    8    3  8.70998E+03 0.00454 
   81    1    1    1    1    1    1    1    8    4  8.54499E+03 0.00467 
   82    1    1    1    1    1    1    1    8    5  0.00000E+00 0.00000 
   83    1    1    1    1    1    1    1    8    6  8.33918E+03 0.00467 
   84    1    1    1    1    1    1    1    8    7  8.34008E+03 0.00463 
   85    1    1    1    1    1    1    1    8    8  0.00000E+00 0.00000 
   86    1    1    1    1    1    1    1    8    9  8.08138E+03 0.00486 
   87    1    1    1    1    1    1    1    8   10  8.05095E+03 0.00486 
   88    1    1    1    1    1    1    1    8   11  0.00000E+00 0.00000 
   89    1    1    1    1    1    1    1    9    1  8.65536E+03 0.00465 
   90    1    1    1    1    1    1    1    9    2  8.58430E+03 0.00473 
   91    1    1    1    1    1    1    1    9    3  0.00000E+00 0.00000 
   92    1    1    1    1    1    1    1    9    4  8.32970E+03 0.00456 
   93    1    1    1    1    1    1    1    9    5  8.29096E+03 0.00474 
   94    1    1    1    1    1    1    1    9    6  0.00000E+00 0.00000 
   95    1    1    1    1    1    1    1    9    7  8.11263E+03 0.00471 
   96    1    1    1    1    1    1    1    9    8  8.05924E+03 0.00487 
   97    1    1    1    1    1    1    1    9    9  0.00000E+00 0.00000 
   98    1    1    1    1    1    1    1    9   10  7.79749E+03 0.00474 
   99    1    1    1    1    1    1    1    9   11  7.75992E+03 0.00490 
  100    1    1    1    1    1    1    1   10    1  0.00000E+00 0.00000 
  101    1    1    1    1    1    1    1   10    2  8.34517E+03 0.00464 
  102    1    1    1    1    1    1    1   10    3  8.16544E+03 0.00480 
  103    1    1    1    1    1    1    1   10    4  0.00000E+00 0.00000 
  104    1    1    1    1    1    1    1   10    5  8.09823E+03 0.00470 
  105    1    1    1    1    1    1    1   10    6  8.01212E+03 0.00478 
  106    1    1    1    1    1    1    1   10    7  0.00000E+00 0.00000 
  107    1    1    1    1    1    1    1   10    8  7.77891E+03 0.00467 
  108    1    1    1    1    1    1    1   10    9  7.72746E+03 0.00489 
  109    1    1    1    1    1    1    1   10   10  0.00000E+00 0.00000 
