
DETassem1 = [
    1    1    1    1    1    1    1    1    1    1  0.00000E+00 0.00000 
    2    1    1    1    1    1    1    1    1    2  0.00000E+00 0.00000 
    3    1    1    1    1    1    1    1    1    3  0.00000E+00 0.00000 
    4    1    1    1    1    1    1    1    1    4  0.00000E+00 0.00000 
    5    1    1    1    1    1    1    1    1    5  0.00000E+00 0.00000 
    6    1    1    1    1    1    1    1    1    6  0.00000E+00 0.00000 
    7    1    1    1    1    1    1    1    1    7  0.00000E+00 0.00000 
    8    1    1    1    1    1    1    1    1    8  1.81812E+04 0.00360 
    9    1    1    1    1    1    1    1    1    9  1.39025E+04 0.00400 
   10    1    1    1    1    1    1    1    1   10  0.00000E+00 0.00000 
   11    1    1    1    1    1    1    1    1   11  1.00055E+04 0.00450 
   12    1    1    1    1    1    1    1    2    1  1.95560E+04 0.00354 
   13    1    1    1    1    1    1    1    2    2  0.00000E+00 0.00000 
   14    1    1    1    1    1    1    1    2    3  0.00000E+00 0.00000 
   15    1    1    1    1    1    1    1    2    4  0.00000E+00 0.00000 
   16    1    1    1    1    1    1    1    2    5  0.00000E+00 0.00000 
   17    1    1    1    1    1    1    1    2    6  1.96391E+04 0.00358 
   18    1    1    1    1    1    1    1    2    7  1.57302E+04 0.00390 
   19    1    1    1    1    1    1    1    2    8  0.00000E+00 0.00000 
   20    1    1    1    1    1    1    1    2    9  1.11586E+04 0.00427 
   21    1    1    1    1    1    1    1    2   10  1.00301E+04 0.00435 
   22    1    1    1    1    1    1    1    2   11  0.00000E+00 0.00000 
   23    1    1    1    1    1    1    1    3    1  1.57078E+04 0.00384 
   24    1    1    1    1    1    1    1    3    2  1.82274E+04 0.00369 
   25    1    1    1    1    1    1    1    3    3  0.00000E+00 0.00000 
   26    1    1    1    1    1    1    1    3    4  1.82329E+04 0.00360 
   27    1    1    1    1    1    1    1    3    5  1.55750E+04 0.00390 
   28    1    1    1    1    1    1    1    3    6  0.00000E+00 0.00000 
   29    1    1    1    1    1    1    1    3    7  1.17549E+04 0.00420 
   30    1    1    1    1    1    1    1    3    8  1.06242E+04 0.00439 
   31    1    1    1    1    1    1    1    3    9  0.00000E+00 0.00000 
   32    1    1    1    1    1    1    1    3   10  9.19915E+03 0.00445 
   33    1    1    1    1    1    1    1    3   11  8.85345E+03 0.00449 
   34    1    1    1    1    1    1    1    4    1  0.00000E+00 0.00000 
   35    1    1    1    1    1    1    1    4    2  1.38807E+04 0.00406 
   36    1    1    1    1    1    1    1    4    3  1.38204E+04 0.00412 
   37    1    1    1    1    1    1    1    4    4  0.00000E+00 0.00000 
   38    1    1    1    1    1    1    1    4    5  1.18180E+04 0.00422 
   39    1    1    1    1    1    1    1    4    6  1.09408E+04 0.00432 
   40    1    1    1    1    1    1    1    4    7  0.00000E+00 0.00000 
   41    1    1    1    1    1    1    1    4    8  9.41319E+03 0.00451 
   42    1    1    1    1    1    1    1    4    9  8.97964E+03 0.00463 
   43    1    1    1    1    1    1    1    4   10  0.00000E+00 0.00000 
   44    1    1    1    1    1    1    1    4   11  8.53515E+03 0.00463 
   45    1    1    1    1    1    1    1    5    1  1.11565E+04 0.00430 
   46    1    1    1    1    1    1    1    5    2  0.00000E+00 0.00000 
   47    1    1    1    1    1    1    1    5    3  1.11875E+04 0.00429 
   48    1    1    1    1    1    1    1    5    4  1.07239E+04 0.00437 
   49    1    1    1    1    1    1    1    5    5  0.00000E+00 0.00000 
   50    1    1    1    1    1    1    1    5    6  9.47566E+03 0.00447 
   51    1    1    1    1    1    1    1    5    7  9.17974E+03 0.00441 
   52    1    1    1    1    1    1    1    5    8  0.00000E+00 0.00000 
   53    1    1    1    1    1    1    1    5    9  8.63214E+03 0.00460 
   54    1    1    1    1    1    1    1    5   10  8.50836E+03 0.00462 
   55    1    1    1    1    1    1    1    5   11  0.00000E+00 0.00000 
   56    1    1    1    1    1    1    1    6    1  1.00335E+04 0.00443 
   57    1    1    1    1    1    1    1    6    2  1.00703E+04 0.00447 
   58    1    1    1    1    1    1    1    6    3  0.00000E+00 0.00000 
   59    1    1    1    1    1    1    1    6    4  9.54844E+03 0.00447 
   60    1    1    1    1    1    1    1    6    5  9.15363E+03 0.00456 
   61    1    1    1    1    1    1    1    6    6  0.00000E+00 0.00000 
   62    1    1    1    1    1    1    1    6    7  8.61079E+03 0.00466 
   63    1    1    1    1    1    1    1    6    8  8.48359E+03 0.00466 
   64    1    1    1    1    1    1    1    6    9  0.00000E+00 0.00000 
   65    1    1    1    1    1    1    1    6   10  8.28110E+03 0.00457 
   66    1    1    1    1    1    1    1    6   11  8.08323E+03 0.00474 
   67    1    1    1    1    1    1    1    7    1  0.00000E+00 0.00000 
   68    1    1    1    1    1    1    1    7    2  9.23912E+03 0.00447 
   69    1    1    1    1    1    1    1    7    3  9.10393E+03 0.00452 
   70    1    1    1    1    1    1    1    7    4  0.00000E+00 0.00000 
   71    1    1    1    1    1    1    1    7    5  8.60577E+03 0.00460 
   72    1    1    1    1    1    1    1    7    6  8.53466E+03 0.00470 
   73    1    1    1    1    1    1    1    7    7  0.00000E+00 0.00000 
   74    1    1    1    1    1    1    1    7    8  8.25934E+03 0.00464 
   75    1    1    1    1    1    1    1    7    9  8.07561E+03 0.00484 
   76    1    1    1    1    1    1    1    7   10  0.00000E+00 0.00000 
   77    1    1    1    1    1    1    1    7   11  8.09909E+03 0.00476 
   78    1    1    1    1    1    1    1    8    1  8.83461E+03 0.00461 
   79    1    1    1    1    1    1    1    8    2  0.00000E+00 0.00000 
   80    1    1    1    1    1    1    1    8    3  8.60876E+03 0.00470 
   81    1    1    1    1    1    1    1    8    4  8.48602E+03 0.00462 
   82    1    1    1    1    1    1    1    8    5  0.00000E+00 0.00000 
   83    1    1    1    1    1    1    1    8    6  8.21998E+03 0.00474 
   84    1    1    1    1    1    1    1    8    7  8.19281E+03 0.00473 
   85    1    1    1    1    1    1    1    8    8  0.00000E+00 0.00000 
   86    1    1    1    1    1    1    1    8    9  8.05297E+03 0.00485 
   87    1    1    1    1    1    1    1    8   10  7.97899E+03 0.00465 
   88    1    1    1    1    1    1    1    8   11  0.00000E+00 0.00000 
   89    1    1    1    1    1    1    1    9    1  8.56865E+03 0.00461 
   90    1    1    1    1    1    1    1    9    2  8.52548E+03 0.00468 
   91    1    1    1    1    1    1    1    9    3  0.00000E+00 0.00000 
   92    1    1    1    1    1    1    1    9    4  8.24631E+03 0.00471 
   93    1    1    1    1    1    1    1    9    5  8.15264E+03 0.00477 
   94    1    1    1    1    1    1    1    9    6  0.00000E+00 0.00000 
   95    1    1    1    1    1    1    1    9    7  8.05139E+03 0.00476 
   96    1    1    1    1    1    1    1    9    8  8.00048E+03 0.00473 
   97    1    1    1    1    1    1    1    9    9  0.00000E+00 0.00000 
   98    1    1    1    1    1    1    1    9   10  7.79427E+03 0.00484 
   99    1    1    1    1    1    1    1    9   11  7.71396E+03 0.00488 
  100    1    1    1    1    1    1    1   10    1  0.00000E+00 0.00000 
  101    1    1    1    1    1    1    1   10    2  8.24658E+03 0.00466 
  102    1    1    1    1    1    1    1   10    3  8.15051E+03 0.00462 
  103    1    1    1    1    1    1    1   10    4  0.00000E+00 0.00000 
  104    1    1    1    1    1    1    1   10    5  8.05510E+03 0.00479 
  105    1    1    1    1    1    1    1   10    6  7.97627E+03 0.00480 
  106    1    1    1    1    1    1    1   10    7  0.00000E+00 0.00000 
  107    1    1    1    1    1    1    1   10    8  7.75587E+03 0.00478 
  108    1    1    1    1    1    1    1   10    9  7.65509E+03 0.00490 
  109    1    1    1    1    1    1    1   10   10  0.00000E+00 0.00000 
