
DETassem1 = [
    1    1    1    1    1    1    1    1    1    1  0.00000E+00 0.00000 
    2    1    1    1    1    1    1    1    1    2  0.00000E+00 0.00000 
    3    1    1    1    1    1    1    1    1    3  0.00000E+00 0.00000 
    4    1    1    1    1    1    1    1    1    4  0.00000E+00 0.00000 
    5    1    1    1    1    1    1    1    1    5  0.00000E+00 0.00000 
    6    1    1    1    1    1    1    1    1    6  0.00000E+00 0.00000 
    7    1    1    1    1    1    1    1    1    7  0.00000E+00 0.00000 
    8    1    1    1    1    1    1    1    1    8  1.81446E+04 0.00366 
    9    1    1    1    1    1    1    1    1    9  1.38492E+04 0.00406 
   10    1    1    1    1    1    1    1    1   10  0.00000E+00 0.00000 
   11    1    1    1    1    1    1    1    1   11  9.97323E+03 0.00444 
   12    1    1    1    1    1    1    1    2    1  1.97202E+04 0.00355 
   13    1    1    1    1    1    1    1    2    2  0.00000E+00 0.00000 
   14    1    1    1    1    1    1    1    2    3  0.00000E+00 0.00000 
   15    1    1    1    1    1    1    1    2    4  0.00000E+00 0.00000 
   16    1    1    1    1    1    1    1    2    5  0.00000E+00 0.00000 
   17    1    1    1    1    1    1    1    2    6  1.95994E+04 0.00358 
   18    1    1    1    1    1    1    1    2    7  1.57958E+04 0.00390 
   19    1    1    1    1    1    1    1    2    8  0.00000E+00 0.00000 
   20    1    1    1    1    1    1    1    2    9  1.11827E+04 0.00427 
   21    1    1    1    1    1    1    1    2   10  9.98630E+03 0.00433 
   22    1    1    1    1    1    1    1    2   11  0.00000E+00 0.00000 
   23    1    1    1    1    1    1    1    3    1  1.56818E+04 0.00390 
   24    1    1    1    1    1    1    1    3    2  1.81869E+04 0.00356 
   25    1    1    1    1    1    1    1    3    3  0.00000E+00 0.00000 
   26    1    1    1    1    1    1    1    3    4  1.82367E+04 0.00357 
   27    1    1    1    1    1    1    1    3    5  1.57044E+04 0.00391 
   28    1    1    1    1    1    1    1    3    6  0.00000E+00 0.00000 
   29    1    1    1    1    1    1    1    3    7  1.19616E+04 0.00417 
   30    1    1    1    1    1    1    1    3    8  1.07209E+04 0.00436 
   31    1    1    1    1    1    1    1    3    9  0.00000E+00 0.00000 
   32    1    1    1    1    1    1    1    3   10  9.19251E+03 0.00452 
   33    1    1    1    1    1    1    1    3   11  8.82368E+03 0.00462 
   34    1    1    1    1    1    1    1    4    1  0.00000E+00 0.00000 
   35    1    1    1    1    1    1    1    4    2  1.38337E+04 0.00408 
   36    1    1    1    1    1    1    1    4    3  1.38112E+04 0.00405 
   37    1    1    1    1    1    1    1    4    4  0.00000E+00 0.00000 
   38    1    1    1    1    1    1    1    4    5  1.19947E+04 0.00432 
   39    1    1    1    1    1    1    1    4    6  1.09742E+04 0.00440 
   40    1    1    1    1    1    1    1    4    7  0.00000E+00 0.00000 
   41    1    1    1    1    1    1    1    4    8  9.50376E+03 0.00444 
   42    1    1    1    1    1    1    1    4    9  9.02785E+03 0.00459 
   43    1    1    1    1    1    1    1    4   10  0.00000E+00 0.00000 
   44    1    1    1    1    1    1    1    4   11  8.57824E+03 0.00465 
   45    1    1    1    1    1    1    1    5    1  1.12230E+04 0.00433 
   46    1    1    1    1    1    1    1    5    2  0.00000E+00 0.00000 
   47    1    1    1    1    1    1    1    5    3  1.11368E+04 0.00427 
   48    1    1    1    1    1    1    1    5    4  1.07334E+04 0.00432 
   49    1    1    1    1    1    1    1    5    5  0.00000E+00 0.00000 
   50    1    1    1    1    1    1    1    5    6  9.58256E+03 0.00447 
   51    1    1    1    1    1    1    1    5    7  9.13054E+03 0.00451 
   52    1    1    1    1    1    1    1    5    8  0.00000E+00 0.00000 
   53    1    1    1    1    1    1    1    5    9  8.57261E+03 0.00461 
   54    1    1    1    1    1    1    1    5   10  8.48792E+03 0.00461 
   55    1    1    1    1    1    1    1    5   11  0.00000E+00 0.00000 
   56    1    1    1    1    1    1    1    6    1  9.94361E+03 0.00445 
   57    1    1    1    1    1    1    1    6    2  1.00145E+04 0.00440 
   58    1    1    1    1    1    1    1    6    3  0.00000E+00 0.00000 
   59    1    1    1    1    1    1    1    6    4  9.42509E+03 0.00444 
   60    1    1    1    1    1    1    1    6    5  9.11074E+03 0.00452 
   61    1    1    1    1    1    1    1    6    6  0.00000E+00 0.00000 
   62    1    1    1    1    1    1    1    6    7  8.68350E+03 0.00457 
   63    1    1    1    1    1    1    1    6    8  8.48892E+03 0.00470 
   64    1    1    1    1    1    1    1    6    9  0.00000E+00 0.00000 
   65    1    1    1    1    1    1    1    6   10  8.23391E+03 0.00464 
   66    1    1    1    1    1    1    1    6   11  8.21528E+03 0.00478 
   67    1    1    1    1    1    1    1    7    1  0.00000E+00 0.00000 
   68    1    1    1    1    1    1    1    7    2  9.24044E+03 0.00451 
   69    1    1    1    1    1    1    1    7    3  9.04853E+03 0.00456 
   70    1    1    1    1    1    1    1    7    4  0.00000E+00 0.00000 
   71    1    1    1    1    1    1    1    7    5  8.60463E+03 0.00459 
   72    1    1    1    1    1    1    1    7    6  8.38148E+03 0.00465 
   73    1    1    1    1    1    1    1    7    7  0.00000E+00 0.00000 
   74    1    1    1    1    1    1    1    7    8  8.31652E+03 0.00468 
   75    1    1    1    1    1    1    1    7    9  8.19099E+03 0.00465 
   76    1    1    1    1    1    1    1    7   10  0.00000E+00 0.00000 
   77    1    1    1    1    1    1    1    7   11  8.02690E+03 0.00475 
   78    1    1    1    1    1    1    1    8    1  8.93320E+03 0.00468 
   79    1    1    1    1    1    1    1    8    2  0.00000E+00 0.00000 
   80    1    1    1    1    1    1    1    8    3  8.68751E+03 0.00459 
   81    1    1    1    1    1    1    1    8    4  8.40449E+03 0.00468 
   82    1    1    1    1    1    1    1    8    5  0.00000E+00 0.00000 
   83    1    1    1    1    1    1    1    8    6  8.30523E+03 0.00466 
   84    1    1    1    1    1    1    1    8    7  8.25974E+03 0.00465 
   85    1    1    1    1    1    1    1    8    8  0.00000E+00 0.00000 
   86    1    1    1    1    1    1    1    8    9  8.08682E+03 0.00484 
   87    1    1    1    1    1    1    1    8   10  7.85183E+03 0.00479 
   88    1    1    1    1    1    1    1    8   11  0.00000E+00 0.00000 
   89    1    1    1    1    1    1    1    9    1  8.56758E+03 0.00470 
   90    1    1    1    1    1    1    1    9    2  8.54073E+03 0.00455 
   91    1    1    1    1    1    1    1    9    3  0.00000E+00 0.00000 
   92    1    1    1    1    1    1    1    9    4  8.24834E+03 0.00463 
   93    1    1    1    1    1    1    1    9    5  8.17386E+03 0.00470 
   94    1    1    1    1    1    1    1    9    6  0.00000E+00 0.00000 
   95    1    1    1    1    1    1    1    9    7  7.99797E+03 0.00473 
   96    1    1    1    1    1    1    1    9    8  8.00997E+03 0.00476 
   97    1    1    1    1    1    1    1    9    9  0.00000E+00 0.00000 
   98    1    1    1    1    1    1    1    9   10  7.84144E+03 0.00475 
   99    1    1    1    1    1    1    1    9   11  7.76129E+03 0.00488 
  100    1    1    1    1    1    1    1   10    1  0.00000E+00 0.00000 
  101    1    1    1    1    1    1    1   10    2  8.25873E+03 0.00467 
  102    1    1    1    1    1    1    1   10    3  8.27773E+03 0.00464 
  103    1    1    1    1    1    1    1   10    4  0.00000E+00 0.00000 
  104    1    1    1    1    1    1    1   10    5  8.08204E+03 0.00471 
  105    1    1    1    1    1    1    1   10    6  8.00859E+03 0.00467 
  106    1    1    1    1    1    1    1   10    7  0.00000E+00 0.00000 
  107    1    1    1    1    1    1    1   10    8  7.76908E+03 0.00483 
  108    1    1    1    1    1    1    1   10    9  7.72362E+03 0.00484 
  109    1    1    1    1    1    1    1   10   10  0.00000E+00 0.00000 
