
ZAI = [
922350
922380
666
0
];

NAMES = [
'U235            '
'U238            '
'lost            '
'total           '
];

i922350 = 1; iU235             = 1;
i922380 = 2; iU238             = 2;
iLOST    = 3;
iTOT     = 4;

MAT_un_VOLUME = [ 2.67468E+05 2.67468E+05 ];

MAT_un_BURNUP = [ 0.00000E+00 4.28565E+01 ];

MAT_un_ADENS = [
4.83387E-03 3.51040E-03 % U235
1.93936E-02 1.88553E-02 % U238
0.00000E+00 3.33074E-30 % lost data
7.26897E-02 7.38001E-02 % total
];

MAT_un_MDENS = [
1.88669E+00 1.37013E+00 % U235
7.66628E+00 7.45347E+00 % U238
0.00000E+00 0.00000E+00 % lost data
1.08000E+01 1.07986E+01 % total
];

MAT_un_A = [
4.03497E+10 2.93023E+10 % U235
2.55006E+10 2.47927E+10 % U238
0.00000E+00 0.00000E+00 % lost data
6.58503E+10 3.28216E+18 % total
];

MAT_un_H = [
3.02478E-02 2.19662E-02 % U235
1.74460E-02 1.69617E-02 % U238
0.00000E+00 0.00000E+00 % lost data
4.76938E-02 9.64564E+05 % total
];

MAT_un_SF = [
2.90518E+00 2.10977E+00 % U235
1.39233E+04 1.35368E+04 % U238
0.00000E+00 0.00000E+00 % lost data
1.39262E+04 1.03509E+08 % total
];

MAT_un_GSRC = [
5.09821E+10 3.70237E+10 % U235
2.25817E+09 2.19548E+09 % U238
0.00000E+00 0.00000E+00 % lost data
5.32403E+10 3.52829E+18 % total
];

MAT_un_ING_TOX = [
1.89644E+03 1.37721E+03 % U235
1.14753E+03 1.11567E+03 % U238
0.00000E+00 0.00000E+00 % lost data
3.04396E+03 2.23443E+09 % total
];

MAT_un_INH_TOX = [
3.42972E+05 2.49070E+05 % U235
2.04005E+05 1.98342E+05 % U238
0.00000E+00 0.00000E+00 % lost data
5.46977E+05 8.00614E+10 % total
];

TOT_VOLUME = [ 2.67468E+05 2.67468E+05 ];

TOT_BURNUP = [ 0.00000E+00 4.28565E+01 ];

TOT_ADENS = [
4.83387E-03 3.51040E-03 % U235
1.93936E-02 1.88553E-02 % U238
0.00000E+00 3.33074E-30 % lost data
7.26897E-02 7.38001E-02 % total
];

TOT_MASS = [
5.04630E+05 3.66467E+05 % U235
2.05049E+06 1.99357E+06 % U238
0.00000E+00 0.00000E+00 % lost data
2.88866E+06 2.88829E+06 % total
];

TOT_A = [
4.03497E+10 2.93023E+10 % U235
2.55006E+10 2.47927E+10 % U238
0.00000E+00 0.00000E+00 % lost data
6.58503E+10 3.28216E+18 % total
];

TOT_H = [
3.02478E-02 2.19662E-02 % U235
1.74460E-02 1.69617E-02 % U238
0.00000E+00 0.00000E+00 % lost data
4.76938E-02 9.64564E+05 % total
];

TOT_SF = [
2.90518E+00 2.10977E+00 % U235
1.39233E+04 1.35368E+04 % U238
0.00000E+00 0.00000E+00 % lost data
1.39262E+04 1.03509E+08 % total
];

TOT_GSRC = [
5.09821E+10 3.70237E+10 % U235
2.25817E+09 2.19548E+09 % U238
0.00000E+00 0.00000E+00 % lost data
5.32403E+10 3.52829E+18 % total
];

TOT_ING_TOX = [
1.89644E+03 1.37721E+03 % U235
1.14753E+03 1.11567E+03 % U238
0.00000E+00 0.00000E+00 % lost data
3.04396E+03 2.23443E+09 % total
];

TOT_INH_TOX = [
3.42972E+05 2.49070E+05 % U235
2.04005E+05 1.98342E+05 % U238
0.00000E+00 0.00000E+00 % lost data
5.46977E+05 8.00614E+10 % total
];

BU = [ 0.00000E+00 4.28552E+01 ];

DAYS = [ 0.00000E+00 7.30000E+03 ];
