
DETassem1 = [
    1    1    1    1    1    1    1    1    1    1  0.00000E+00 0.00000 
    2    1    1    1    1    1    1    1    1    2  0.00000E+00 0.00000 
    3    1    1    1    1    1    1    1    1    3  0.00000E+00 0.00000 
    4    1    1    1    1    1    1    1    1    4  0.00000E+00 0.00000 
    5    1    1    1    1    1    1    1    1    5  0.00000E+00 0.00000 
    6    1    1    1    1    1    1    1    1    6  0.00000E+00 0.00000 
    7    1    1    1    1    1    1    1    1    7  0.00000E+00 0.00000 
    8    1    1    1    1    1    1    1    1    8  1.77153E+04 0.00361 
    9    1    1    1    1    1    1    1    1    9  1.39336E+04 0.00390 
   10    1    1    1    1    1    1    1    1   10  0.00000E+00 0.00000 
   11    1    1    1    1    1    1    1    1   11  1.03529E+04 0.00413 
   12    1    1    1    1    1    1    1    2    1  1.89928E+04 0.00343 
   13    1    1    1    1    1    1    1    2    2  0.00000E+00 0.00000 
   14    1    1    1    1    1    1    1    2    3  0.00000E+00 0.00000 
   15    1    1    1    1    1    1    1    2    4  0.00000E+00 0.00000 
   16    1    1    1    1    1    1    1    2    5  0.00000E+00 0.00000 
   17    1    1    1    1    1    1    1    2    6  1.90812E+04 0.00350 
   18    1    1    1    1    1    1    1    2    7  1.54786E+04 0.00377 
   19    1    1    1    1    1    1    1    2    8  0.00000E+00 0.00000 
   20    1    1    1    1    1    1    1    2    9  1.13565E+04 0.00407 
   21    1    1    1    1    1    1    1    2   10  1.03544E+04 0.00424 
   22    1    1    1    1    1    1    1    2   11  0.00000E+00 0.00000 
   23    1    1    1    1    1    1    1    3    1  1.55796E+04 0.00363 
   24    1    1    1    1    1    1    1    3    2  1.77840E+04 0.00355 
   25    1    1    1    1    1    1    1    3    3  0.00000E+00 0.00000 
   26    1    1    1    1    1    1    1    3    4  1.77956E+04 0.00355 
   27    1    1    1    1    1    1    1    3    5  1.57117E+04 0.00372 
   28    1    1    1    1    1    1    1    3    6  0.00000E+00 0.00000 
   29    1    1    1    1    1    1    1    3    7  1.21760E+04 0.00411 
   30    1    1    1    1    1    1    1    3    8  1.09865E+04 0.00413 
   31    1    1    1    1    1    1    1    3    9  0.00000E+00 0.00000 
   32    1    1    1    1    1    1    1    3   10  9.55486E+03 0.00436 
   33    1    1    1    1    1    1    1    3   11  9.16704E+03 0.00443 
   34    1    1    1    1    1    1    1    4    1  0.00000E+00 0.00000 
   35    1    1    1    1    1    1    1    4    2  1.38806E+04 0.00392 
   36    1    1    1    1    1    1    1    4    3  1.40112E+04 0.00377 
   37    1    1    1    1    1    1    1    4    4  0.00000E+00 0.00000 
   38    1    1    1    1    1    1    1    4    5  1.21978E+04 0.00410 
   39    1    1    1    1    1    1    1    4    6  1.12430E+04 0.00412 
   40    1    1    1    1    1    1    1    4    7  0.00000E+00 0.00000 
   41    1    1    1    1    1    1    1    4    8  9.74464E+03 0.00442 
   42    1    1    1    1    1    1    1    4    9  9.36834E+03 0.00428 
   43    1    1    1    1    1    1    1    4   10  0.00000E+00 0.00000 
   44    1    1    1    1    1    1    1    4   11  8.83757E+03 0.00450 
   45    1    1    1    1    1    1    1    5    1  1.14246E+04 0.00411 
   46    1    1    1    1    1    1    1    5    2  0.00000E+00 0.00000 
   47    1    1    1    1    1    1    1    5    3  1.14665E+04 0.00410 
   48    1    1    1    1    1    1    1    5    4  1.10167E+04 0.00428 
   49    1    1    1    1    1    1    1    5    5  0.00000E+00 0.00000 
   50    1    1    1    1    1    1    1    5    6  9.92195E+03 0.00433 
   51    1    1    1    1    1    1    1    5    7  9.38740E+03 0.00429 
   52    1    1    1    1    1    1    1    5    8  0.00000E+00 0.00000 
   53    1    1    1    1    1    1    1    5    9  8.86869E+03 0.00440 
   54    1    1    1    1    1    1    1    5   10  8.78674E+03 0.00447 
   55    1    1    1    1    1    1    1    5   11  0.00000E+00 0.00000 
   56    1    1    1    1    1    1    1    6    1  1.02991E+04 0.00429 
   57    1    1    1    1    1    1    1    6    2  1.02173E+04 0.00423 
   58    1    1    1    1    1    1    1    6    3  0.00000E+00 0.00000 
   59    1    1    1    1    1    1    1    6    4  9.72145E+03 0.00432 
   60    1    1    1    1    1    1    1    6    5  9.35565E+03 0.00434 
   61    1    1    1    1    1    1    1    6    6  0.00000E+00 0.00000 
   62    1    1    1    1    1    1    1    6    7  8.94336E+03 0.00430 
   63    1    1    1    1    1    1    1    6    8  8.72257E+03 0.00447 
   64    1    1    1    1    1    1    1    6    9  0.00000E+00 0.00000 
   65    1    1    1    1    1    1    1    6   10  8.54783E+03 0.00452 
   66    1    1    1    1    1    1    1    6   11  8.40467E+03 0.00452 
   67    1    1    1    1    1    1    1    7    1  0.00000E+00 0.00000 
   68    1    1    1    1    1    1    1    7    2  9.58784E+03 0.00436 
   69    1    1    1    1    1    1    1    7    3  9.35401E+03 0.00429 
   70    1    1    1    1    1    1    1    7    4  0.00000E+00 0.00000 
   71    1    1    1    1    1    1    1    7    5  8.95020E+03 0.00437 
   72    1    1    1    1    1    1    1    7    6  8.68166E+03 0.00444 
   73    1    1    1    1    1    1    1    7    7  0.00000E+00 0.00000 
   74    1    1    1    1    1    1    1    7    8  8.47860E+03 0.00448 
   75    1    1    1    1    1    1    1    7    9  8.49929E+03 0.00444 
   76    1    1    1    1    1    1    1    7   10  0.00000E+00 0.00000 
   77    1    1    1    1    1    1    1    7   11  8.21511E+03 0.00459 
   78    1    1    1    1    1    1    1    8    1  9.14061E+03 0.00440 
   79    1    1    1    1    1    1    1    8    2  0.00000E+00 0.00000 
   80    1    1    1    1    1    1    1    8    3  8.92765E+03 0.00441 
   81    1    1    1    1    1    1    1    8    4  8.84003E+03 0.00436 
   82    1    1    1    1    1    1    1    8    5  0.00000E+00 0.00000 
   83    1    1    1    1    1    1    1    8    6  8.54371E+03 0.00450 
   84    1    1    1    1    1    1    1    8    7  8.36874E+03 0.00455 
   85    1    1    1    1    1    1    1    8    8  0.00000E+00 0.00000 
   86    1    1    1    1    1    1    1    8    9  8.29657E+03 0.00458 
   87    1    1    1    1    1    1    1    8   10  8.11537E+03 0.00465 
   88    1    1    1    1    1    1    1    8   11  0.00000E+00 0.00000 
   89    1    1    1    1    1    1    1    9    1  8.83724E+03 0.00441 
   90    1    1    1    1    1    1    1    9    2  8.74289E+03 0.00453 
   91    1    1    1    1    1    1    1    9    3  0.00000E+00 0.00000 
   92    1    1    1    1    1    1    1    9    4  8.49611E+03 0.00451 
   93    1    1    1    1    1    1    1    9    5  8.48096E+03 0.00452 
   94    1    1    1    1    1    1    1    9    6  0.00000E+00 0.00000 
   95    1    1    1    1    1    1    1    9    7  8.27717E+03 0.00461 
   96    1    1    1    1    1    1    1    9    8  8.28500E+03 0.00452 
   97    1    1    1    1    1    1    1    9    9  0.00000E+00 0.00000 
   98    1    1    1    1    1    1    1    9   10  7.99214E+03 0.00475 
   99    1    1    1    1    1    1    1    9   11  7.95712E+03 0.00481 
  100    1    1    1    1    1    1    1   10    1  0.00000E+00 0.00000 
  101    1    1    1    1    1    1    1   10    2  8.53989E+03 0.00447 
  102    1    1    1    1    1    1    1   10    3  8.41241E+03 0.00444 
  103    1    1    1    1    1    1    1   10    4  0.00000E+00 0.00000 
  104    1    1    1    1    1    1    1   10    5  8.25842E+03 0.00455 
  105    1    1    1    1    1    1    1   10    6  8.24645E+03 0.00452 
  106    1    1    1    1    1    1    1   10    7  0.00000E+00 0.00000 
  107    1    1    1    1    1    1    1   10    8  8.02426E+03 0.00473 
  108    1    1    1    1    1    1    1   10    9  7.92867E+03 0.00457 
  109    1    1    1    1    1    1    1   10   10  0.00000E+00 0.00000 
