
ZAI = [
922350
922380
666
0
];

NAMES = [
'U235            '
'U238            '
'lost            '
'total           '
];

i922350 = 1; iU235             = 1;
i922380 = 2; iU238             = 2;
iLOST    = 3;
iTOT     = 4;

MAT_un_VOLUME = [ 2.67506E+05 2.67506E+05 ];

MAT_un_BURNUP = [ 0.00000E+00 4.28505E+01 ];

MAT_un_ADENS = [
4.83387E-03 3.51048E-03 % U235
1.93936E-02 1.88550E-02 % U238
0.00000E+00 3.65417E-30 % lost data
7.26897E-02 7.38000E-02 % total
];

MAT_un_MDENS = [
1.88669E+00 1.37016E+00 % U235
7.66628E+00 7.45337E+00 % U238
0.00000E+00 0.00000E+00 % lost data
1.08000E+01 1.07986E+01 % total
];

MAT_un_A = [
4.03553E+10 2.93071E+10 % U235
2.55041E+10 2.47958E+10 % U238
0.00000E+00 0.00000E+00 % lost data
6.58595E+10 3.28273E+18 % total
];

MAT_un_H = [
3.02520E-02 2.19698E-02 % U235
1.74485E-02 1.69639E-02 % U238
0.00000E+00 0.00000E+00 % lost data
4.77004E-02 9.64648E+05 % total
];

MAT_un_SF = [
2.90558E+00 2.11011E+00 % U235
1.39253E+04 1.35385E+04 % U238
0.00000E+00 0.00000E+00 % lost data
1.39282E+04 1.03650E+08 % total
];

MAT_un_GSRC = [
5.09892E+10 3.70297E+10 % U235
2.25848E+09 2.19576E+09 % U238
0.00000E+00 0.00000E+00 % lost data
5.32477E+10 3.52893E+18 % total
];

MAT_un_ING_TOX = [
1.89670E+03 1.37743E+03 % U235
1.14769E+03 1.11581E+03 % U238
0.00000E+00 0.00000E+00 % lost data
3.04439E+03 2.23500E+09 % total
];

MAT_un_INH_TOX = [
3.43020E+05 2.49110E+05 % U235
2.04033E+05 1.98367E+05 % U238
0.00000E+00 0.00000E+00 % lost data
5.47053E+05 8.01463E+10 % total
];

TOT_VOLUME = [ 2.67506E+05 2.67506E+05 ];

TOT_BURNUP = [ 0.00000E+00 4.28505E+01 ];

TOT_ADENS = [
4.83387E-03 3.51048E-03 % U235
1.93936E-02 1.88550E-02 % U238
0.00000E+00 3.65417E-30 % lost data
7.26897E-02 7.38000E-02 % total
];

TOT_MASS = [
5.04700E+05 3.66527E+05 % U235
2.05077E+06 1.99382E+06 % U238
0.00000E+00 0.00000E+00 % lost data
2.88906E+06 2.88869E+06 % total
];

TOT_A = [
4.03553E+10 2.93071E+10 % U235
2.55041E+10 2.47958E+10 % U238
0.00000E+00 0.00000E+00 % lost data
6.58595E+10 3.28273E+18 % total
];

TOT_H = [
3.02520E-02 2.19698E-02 % U235
1.74485E-02 1.69639E-02 % U238
0.00000E+00 0.00000E+00 % lost data
4.77004E-02 9.64648E+05 % total
];

TOT_SF = [
2.90558E+00 2.11011E+00 % U235
1.39253E+04 1.35385E+04 % U238
0.00000E+00 0.00000E+00 % lost data
1.39282E+04 1.03650E+08 % total
];

TOT_GSRC = [
5.09892E+10 3.70297E+10 % U235
2.25848E+09 2.19576E+09 % U238
0.00000E+00 0.00000E+00 % lost data
5.32477E+10 3.52893E+18 % total
];

TOT_ING_TOX = [
1.89670E+03 1.37743E+03 % U235
1.14769E+03 1.11581E+03 % U238
0.00000E+00 0.00000E+00 % lost data
3.04439E+03 2.23500E+09 % total
];

TOT_INH_TOX = [
3.43020E+05 2.49110E+05 % U235
2.04033E+05 1.98367E+05 % U238
0.00000E+00 0.00000E+00 % lost data
5.47053E+05 8.01463E+10 % total
];

BU = [ 0.00000E+00 4.28492E+01 ];

DAYS = [ 0.00000E+00 7.30000E+03 ];
