
ZAI = [
922350
922380
666
0
];

NAMES = [
'U235            '
'U238            '
'lost            '
'total           '
];

i922350 = 1; iU235             = 1;
i922380 = 2; iU238             = 2;
iLOST    = 3;
iTOT     = 4;

MAT_un_VOLUME = [ 2.67223E+05 2.67223E+05 ];

MAT_un_BURNUP = [ 0.00000E+00 4.28958E+01 ];

MAT_un_ADENS = [
4.83387E-03 3.50912E-03 % U235
1.93936E-02 1.88540E-02 % U238
0.00000E+00 3.88304E-30 % lost data
7.26897E-02 7.38012E-02 % total
];

MAT_un_MDENS = [
1.88669E+00 1.36963E+00 % U235
7.66628E+00 7.45295E+00 % U238
0.00000E+00 0.00000E+00 % lost data
1.08000E+01 1.07986E+01 % total
];

MAT_un_A = [
4.03127E+10 2.92648E+10 % U235
2.54772E+10 2.47683E+10 % U238
0.00000E+00 0.00000E+00 % lost data
6.57900E+10 3.28284E+18 % total
];

MAT_un_H = [
3.02201E-02 2.19381E-02 % U235
1.74300E-02 1.69450E-02 % U238
0.00000E+00 0.00000E+00 % lost data
4.76501E-02 9.64579E+05 % total
];

MAT_un_SF = [
2.90252E+00 2.10706E+00 % U235
1.39106E+04 1.35235E+04 % U238
0.00000E+00 0.00000E+00 % lost data
1.39135E+04 1.03747E+08 % total
];

MAT_un_GSRC = [
5.09354E+10 3.69763E+10 % U235
2.25610E+09 2.19332E+09 % U238
0.00000E+00 0.00000E+00 % lost data
5.31915E+10 3.52911E+18 % total
];

MAT_un_ING_TOX = [
1.89470E+03 1.37545E+03 % U235
1.14648E+03 1.11457E+03 % U238
0.00000E+00 0.00000E+00 % lost data
3.04117E+03 2.23532E+09 % total
];

MAT_un_INH_TOX = [
3.42658E+05 2.48751E+05 % U235
2.03818E+05 1.98146E+05 % U238
0.00000E+00 0.00000E+00 % lost data
5.46476E+05 8.02602E+10 % total
];

TOT_VOLUME = [ 2.67223E+05 2.67223E+05 ];

TOT_BURNUP = [ 0.00000E+00 4.28958E+01 ];

TOT_ADENS = [
4.83387E-03 3.50912E-03 % U235
1.93936E-02 1.88540E-02 % U238
0.00000E+00 3.88304E-30 % lost data
7.26897E-02 7.38012E-02 % total
];

TOT_MASS = [
5.04168E+05 3.65997E+05 % U235
2.04861E+06 1.99160E+06 % U238
0.00000E+00 0.00000E+00 % lost data
2.88601E+06 2.88564E+06 % total
];

TOT_A = [
4.03127E+10 2.92648E+10 % U235
2.54772E+10 2.47683E+10 % U238
0.00000E+00 0.00000E+00 % lost data
6.57900E+10 3.28284E+18 % total
];

TOT_H = [
3.02201E-02 2.19381E-02 % U235
1.74300E-02 1.69450E-02 % U238
0.00000E+00 0.00000E+00 % lost data
4.76501E-02 9.64579E+05 % total
];

TOT_SF = [
2.90252E+00 2.10706E+00 % U235
1.39106E+04 1.35235E+04 % U238
0.00000E+00 0.00000E+00 % lost data
1.39135E+04 1.03747E+08 % total
];

TOT_GSRC = [
5.09354E+10 3.69763E+10 % U235
2.25610E+09 2.19332E+09 % U238
0.00000E+00 0.00000E+00 % lost data
5.31915E+10 3.52911E+18 % total
];

TOT_ING_TOX = [
1.89470E+03 1.37545E+03 % U235
1.14648E+03 1.11457E+03 % U238
0.00000E+00 0.00000E+00 % lost data
3.04117E+03 2.23532E+09 % total
];

TOT_INH_TOX = [
3.42658E+05 2.48751E+05 % U235
2.03818E+05 1.98146E+05 % U238
0.00000E+00 0.00000E+00 % lost data
5.46476E+05 8.02602E+10 % total
];

BU = [ 0.00000E+00 4.28945E+01 ];

DAYS = [ 0.00000E+00 7.30000E+03 ];
