
DETassem1 = [
    1    1    1    1    1    1    1    1    1    1  0.00000E+00 0.00000 
    2    1    1    1    1    1    1    1    1    2  0.00000E+00 0.00000 
    3    1    1    1    1    1    1    1    1    3  0.00000E+00 0.00000 
    4    1    1    1    1    1    1    1    1    4  0.00000E+00 0.00000 
    5    1    1    1    1    1    1    1    1    5  0.00000E+00 0.00000 
    6    1    1    1    1    1    1    1    1    6  0.00000E+00 0.00000 
    7    1    1    1    1    1    1    1    1    7  0.00000E+00 0.00000 
    8    1    1    1    1    1    1    1    1    8  1.83687E+04 0.00366 
    9    1    1    1    1    1    1    1    1    9  1.39760E+04 0.00396 
   10    1    1    1    1    1    1    1    1   10  0.00000E+00 0.00000 
   11    1    1    1    1    1    1    1    1   11  1.00989E+04 0.00438 
   12    1    1    1    1    1    1    1    2    1  1.97846E+04 0.00353 
   13    1    1    1    1    1    1    1    2    2  0.00000E+00 0.00000 
   14    1    1    1    1    1    1    1    2    3  0.00000E+00 0.00000 
   15    1    1    1    1    1    1    1    2    4  0.00000E+00 0.00000 
   16    1    1    1    1    1    1    1    2    5  0.00000E+00 0.00000 
   17    1    1    1    1    1    1    1    2    6  1.96575E+04 0.00350 
   18    1    1    1    1    1    1    1    2    7  1.58703E+04 0.00380 
   19    1    1    1    1    1    1    1    2    8  0.00000E+00 0.00000 
   20    1    1    1    1    1    1    1    2    9  1.13152E+04 0.00431 
   21    1    1    1    1    1    1    1    2   10  1.01025E+04 0.00427 
   22    1    1    1    1    1    1    1    2   11  0.00000E+00 0.00000 
   23    1    1    1    1    1    1    1    3    1  1.58876E+04 0.00388 
   24    1    1    1    1    1    1    1    3    2  1.82551E+04 0.00365 
   25    1    1    1    1    1    1    1    3    3  0.00000E+00 0.00000 
   26    1    1    1    1    1    1    1    3    4  1.83645E+04 0.00368 
   27    1    1    1    1    1    1    1    3    5  1.59059E+04 0.00375 
   28    1    1    1    1    1    1    1    3    6  0.00000E+00 0.00000 
   29    1    1    1    1    1    1    1    3    7  1.20871E+04 0.00424 
   30    1    1    1    1    1    1    1    3    8  1.08123E+04 0.00426 
   31    1    1    1    1    1    1    1    3    9  0.00000E+00 0.00000 
   32    1    1    1    1    1    1    1    3   10  9.30979E+03 0.00454 
   33    1    1    1    1    1    1    1    3   11  8.89444E+03 0.00450 
   34    1    1    1    1    1    1    1    4    1  0.00000E+00 0.00000 
   35    1    1    1    1    1    1    1    4    2  1.39998E+04 0.00401 
   36    1    1    1    1    1    1    1    4    3  1.40956E+04 0.00400 
   37    1    1    1    1    1    1    1    4    4  0.00000E+00 0.00000 
   38    1    1    1    1    1    1    1    4    5  1.19624E+04 0.00419 
   39    1    1    1    1    1    1    1    4    6  1.10654E+04 0.00426 
   40    1    1    1    1    1    1    1    4    7  0.00000E+00 0.00000 
   41    1    1    1    1    1    1    1    4    8  9.57225E+03 0.00453 
   42    1    1    1    1    1    1    1    4    9  9.16762E+03 0.00456 
   43    1    1    1    1    1    1    1    4   10  0.00000E+00 0.00000 
   44    1    1    1    1    1    1    1    4   11  8.61742E+03 0.00462 
   45    1    1    1    1    1    1    1    5    1  1.13153E+04 0.00416 
   46    1    1    1    1    1    1    1    5    2  0.00000E+00 0.00000 
   47    1    1    1    1    1    1    1    5    3  1.12235E+04 0.00423 
   48    1    1    1    1    1    1    1    5    4  1.08879E+04 0.00418 
   49    1    1    1    1    1    1    1    5    5  0.00000E+00 0.00000 
   50    1    1    1    1    1    1    1    5    6  9.73515E+03 0.00442 
   51    1    1    1    1    1    1    1    5    7  9.44433E+03 0.00442 
   52    1    1    1    1    1    1    1    5    8  0.00000E+00 0.00000 
   53    1    1    1    1    1    1    1    5    9  8.69796E+03 0.00454 
   54    1    1    1    1    1    1    1    5   10  8.50860E+03 0.00450 
   55    1    1    1    1    1    1    1    5   11  0.00000E+00 0.00000 
   56    1    1    1    1    1    1    1    6    1  1.00451E+04 0.00444 
   57    1    1    1    1    1    1    1    6    2  1.00590E+04 0.00442 
   58    1    1    1    1    1    1    1    6    3  0.00000E+00 0.00000 
   59    1    1    1    1    1    1    1    6    4  9.59051E+03 0.00450 
   60    1    1    1    1    1    1    1    6    5  9.31549E+03 0.00453 
   61    1    1    1    1    1    1    1    6    6  0.00000E+00 0.00000 
   62    1    1    1    1    1    1    1    6    7  8.74775E+03 0.00458 
   63    1    1    1    1    1    1    1    6    8  8.64345E+03 0.00466 
   64    1    1    1    1    1    1    1    6    9  0.00000E+00 0.00000 
   65    1    1    1    1    1    1    1    6   10  8.27209E+03 0.00479 
   66    1    1    1    1    1    1    1    6   11  8.21281E+03 0.00469 
   67    1    1    1    1    1    1    1    7    1  0.00000E+00 0.00000 
   68    1    1    1    1    1    1    1    7    2  9.27558E+03 0.00451 
   69    1    1    1    1    1    1    1    7    3  9.14107E+03 0.00446 
   70    1    1    1    1    1    1    1    7    4  0.00000E+00 0.00000 
   71    1    1    1    1    1    1    1    7    5  8.75292E+03 0.00463 
   72    1    1    1    1    1    1    1    7    6  8.60387E+03 0.00455 
   73    1    1    1    1    1    1    1    7    7  0.00000E+00 0.00000 
   74    1    1    1    1    1    1    1    7    8  8.33311E+03 0.00470 
   75    1    1    1    1    1    1    1    7    9  8.23417E+03 0.00459 
   76    1    1    1    1    1    1    1    7   10  0.00000E+00 0.00000 
   77    1    1    1    1    1    1    1    7   11  8.06734E+03 0.00476 
   78    1    1    1    1    1    1    1    8    1  8.92224E+03 0.00452 
   79    1    1    1    1    1    1    1    8    2  0.00000E+00 0.00000 
   80    1    1    1    1    1    1    1    8    3  8.60190E+03 0.00469 
   81    1    1    1    1    1    1    1    8    4  8.51718E+03 0.00463 
   82    1    1    1    1    1    1    1    8    5  0.00000E+00 0.00000 
   83    1    1    1    1    1    1    1    8    6  8.28639E+03 0.00468 
   84    1    1    1    1    1    1    1    8    7  8.21276E+03 0.00482 
   85    1    1    1    1    1    1    1    8    8  0.00000E+00 0.00000 
   86    1    1    1    1    1    1    1    8    9  8.03371E+03 0.00480 
   87    1    1    1    1    1    1    1    8   10  7.95608E+03 0.00485 
   88    1    1    1    1    1    1    1    8   11  0.00000E+00 0.00000 
   89    1    1    1    1    1    1    1    9    1  8.63314E+03 0.00469 
   90    1    1    1    1    1    1    1    9    2  8.51504E+03 0.00469 
   91    1    1    1    1    1    1    1    9    3  0.00000E+00 0.00000 
   92    1    1    1    1    1    1    1    9    4  8.25912E+03 0.00459 
   93    1    1    1    1    1    1    1    9    5  8.24922E+03 0.00461 
   94    1    1    1    1    1    1    1    9    6  0.00000E+00 0.00000 
   95    1    1    1    1    1    1    1    9    7  7.96442E+03 0.00476 
   96    1    1    1    1    1    1    1    9    8  7.93071E+03 0.00491 
   97    1    1    1    1    1    1    1    9    9  0.00000E+00 0.00000 
   98    1    1    1    1    1    1    1    9   10  7.72107E+03 0.00475 
   99    1    1    1    1    1    1    1    9   11  7.74150E+03 0.00485 
  100    1    1    1    1    1    1    1   10    1  0.00000E+00 0.00000 
  101    1    1    1    1    1    1    1   10    2  8.30849E+03 0.00466 
  102    1    1    1    1    1    1    1   10    3  8.17221E+03 0.00471 
  103    1    1    1    1    1    1    1   10    4  0.00000E+00 0.00000 
  104    1    1    1    1    1    1    1   10    5  7.95817E+03 0.00472 
  105    1    1    1    1    1    1    1   10    6  7.89710E+03 0.00478 
  106    1    1    1    1    1    1    1   10    7  0.00000E+00 0.00000 
  107    1    1    1    1    1    1    1   10    8  7.67905E+03 0.00477 
  108    1    1    1    1    1    1    1   10    9  7.62073E+03 0.00483 
  109    1    1    1    1    1    1    1   10   10  0.00000E+00 0.00000 
