
DETassem1 = [
    1    1    1    1    1    1    1    1    1    1  0.00000E+00 0.00000 
    2    1    1    1    1    1    1    1    1    2  0.00000E+00 0.00000 
    3    1    1    1    1    1    1    1    1    3  0.00000E+00 0.00000 
    4    1    1    1    1    1    1    1    1    4  0.00000E+00 0.00000 
    5    1    1    1    1    1    1    1    1    5  0.00000E+00 0.00000 
    6    1    1    1    1    1    1    1    1    6  0.00000E+00 0.00000 
    7    1    1    1    1    1    1    1    1    7  0.00000E+00 0.00000 
    8    1    1    1    1    1    1    1    1    8  1.80957E+04 0.00353 
    9    1    1    1    1    1    1    1    1    9  1.41509E+04 0.00399 
   10    1    1    1    1    1    1    1    1   10  0.00000E+00 0.00000 
   11    1    1    1    1    1    1    1    1   11  1.03860E+04 0.00422 
   12    1    1    1    1    1    1    1    2    1  1.94087E+04 0.00345 
   13    1    1    1    1    1    1    1    2    2  0.00000E+00 0.00000 
   14    1    1    1    1    1    1    1    2    3  0.00000E+00 0.00000 
   15    1    1    1    1    1    1    1    2    4  0.00000E+00 0.00000 
   16    1    1    1    1    1    1    1    2    5  0.00000E+00 0.00000 
   17    1    1    1    1    1    1    1    2    6  1.92836E+04 0.00346 
   18    1    1    1    1    1    1    1    2    7  1.58391E+04 0.00380 
   19    1    1    1    1    1    1    1    2    8  0.00000E+00 0.00000 
   20    1    1    1    1    1    1    1    2    9  1.15971E+04 0.00412 
   21    1    1    1    1    1    1    1    2   10  1.04597E+04 0.00419 
   22    1    1    1    1    1    1    1    2   11  0.00000E+00 0.00000 
   23    1    1    1    1    1    1    1    3    1  1.57312E+04 0.00371 
   24    1    1    1    1    1    1    1    3    2  1.79988E+04 0.00356 
   25    1    1    1    1    1    1    1    3    3  0.00000E+00 0.00000 
   26    1    1    1    1    1    1    1    3    4  1.80637E+04 0.00353 
   27    1    1    1    1    1    1    1    3    5  1.57712E+04 0.00371 
   28    1    1    1    1    1    1    1    3    6  0.00000E+00 0.00000 
   29    1    1    1    1    1    1    1    3    7  1.23907E+04 0.00408 
   30    1    1    1    1    1    1    1    3    8  1.12242E+04 0.00415 
   31    1    1    1    1    1    1    1    3    9  0.00000E+00 0.00000 
   32    1    1    1    1    1    1    1    3   10  9.63919E+03 0.00426 
   33    1    1    1    1    1    1    1    3   11  9.21200E+03 0.00450 
   34    1    1    1    1    1    1    1    4    1  0.00000E+00 0.00000 
   35    1    1    1    1    1    1    1    4    2  1.41470E+04 0.00389 
   36    1    1    1    1    1    1    1    4    3  1.40448E+04 0.00389 
   37    1    1    1    1    1    1    1    4    4  0.00000E+00 0.00000 
   38    1    1    1    1    1    1    1    4    5  1.23094E+04 0.00393 
   39    1    1    1    1    1    1    1    4    6  1.15738E+04 0.00405 
   40    1    1    1    1    1    1    1    4    7  0.00000E+00 0.00000 
   41    1    1    1    1    1    1    1    4    8  9.94602E+03 0.00431 
   42    1    1    1    1    1    1    1    4    9  9.42645E+03 0.00428 
   43    1    1    1    1    1    1    1    4   10  0.00000E+00 0.00000 
   44    1    1    1    1    1    1    1    4   11  8.97713E+03 0.00438 
   45    1    1    1    1    1    1    1    5    1  1.16051E+04 0.00401 
   46    1    1    1    1    1    1    1    5    2  0.00000E+00 0.00000 
   47    1    1    1    1    1    1    1    5    3  1.15860E+04 0.00413 
   48    1    1    1    1    1    1    1    5    4  1.11325E+04 0.00407 
   49    1    1    1    1    1    1    1    5    5  0.00000E+00 0.00000 
   50    1    1    1    1    1    1    1    5    6  1.01010E+04 0.00416 
   51    1    1    1    1    1    1    1    5    7  9.71461E+03 0.00436 
   52    1    1    1    1    1    1    1    5    8  0.00000E+00 0.00000 
   53    1    1    1    1    1    1    1    5    9  9.02510E+03 0.00440 
   54    1    1    1    1    1    1    1    5   10  8.82110E+03 0.00448 
   55    1    1    1    1    1    1    1    5   11  0.00000E+00 0.00000 
   56    1    1    1    1    1    1    1    6    1  1.04598E+04 0.00417 
   57    1    1    1    1    1    1    1    6    2  1.04648E+04 0.00425 
   58    1    1    1    1    1    1    1    6    3  0.00000E+00 0.00000 
   59    1    1    1    1    1    1    1    6    4  1.00028E+04 0.00428 
   60    1    1    1    1    1    1    1    6    5  9.62705E+03 0.00436 
   61    1    1    1    1    1    1    1    6    6  0.00000E+00 0.00000 
   62    1    1    1    1    1    1    1    6    7  9.16249E+03 0.00433 
   63    1    1    1    1    1    1    1    6    8  8.87935E+03 0.00440 
   64    1    1    1    1    1    1    1    6    9  0.00000E+00 0.00000 
   65    1    1    1    1    1    1    1    6   10  8.58697E+03 0.00450 
   66    1    1    1    1    1    1    1    6   11  8.49494E+03 0.00460 
   67    1    1    1    1    1    1    1    7    1  0.00000E+00 0.00000 
   68    1    1    1    1    1    1    1    7    2  9.72474E+03 0.00442 
   69    1    1    1    1    1    1    1    7    3  9.46001E+03 0.00431 
   70    1    1    1    1    1    1    1    7    4  0.00000E+00 0.00000 
   71    1    1    1    1    1    1    1    7    5  9.14241E+03 0.00447 
   72    1    1    1    1    1    1    1    7    6  8.89264E+03 0.00450 
   73    1    1    1    1    1    1    1    7    7  0.00000E+00 0.00000 
   74    1    1    1    1    1    1    1    7    8  8.56615E+03 0.00452 
   75    1    1    1    1    1    1    1    7    9  8.43083E+03 0.00462 
   76    1    1    1    1    1    1    1    7   10  0.00000E+00 0.00000 
   77    1    1    1    1    1    1    1    7   11  8.22055E+03 0.00449 
   78    1    1    1    1    1    1    1    8    1  9.26421E+03 0.00444 
   79    1    1    1    1    1    1    1    8    2  0.00000E+00 0.00000 
   80    1    1    1    1    1    1    1    8    3  9.03448E+03 0.00443 
   81    1    1    1    1    1    1    1    8    4  8.84463E+03 0.00448 
   82    1    1    1    1    1    1    1    8    5  0.00000E+00 0.00000 
   83    1    1    1    1    1    1    1    8    6  8.61280E+03 0.00443 
   84    1    1    1    1    1    1    1    8    7  8.42525E+03 0.00450 
   85    1    1    1    1    1    1    1    8    8  0.00000E+00 0.00000 
   86    1    1    1    1    1    1    1    8    9  8.13835E+03 0.00461 
   87    1    1    1    1    1    1    1    8   10  8.16958E+03 0.00461 
   88    1    1    1    1    1    1    1    8   11  0.00000E+00 0.00000 
   89    1    1    1    1    1    1    1    9    1  8.96080E+03 0.00446 
   90    1    1    1    1    1    1    1    9    2  8.85307E+03 0.00451 
   91    1    1    1    1    1    1    1    9    3  0.00000E+00 0.00000 
   92    1    1    1    1    1    1    1    9    4  8.56807E+03 0.00445 
   93    1    1    1    1    1    1    1    9    5  8.47072E+03 0.00442 
   94    1    1    1    1    1    1    1    9    6  0.00000E+00 0.00000 
   95    1    1    1    1    1    1    1    9    7  8.21672E+03 0.00454 
   96    1    1    1    1    1    1    1    9    8  8.19556E+03 0.00458 
   97    1    1    1    1    1    1    1    9    9  0.00000E+00 0.00000 
   98    1    1    1    1    1    1    1    9   10  7.95315E+03 0.00457 
   99    1    1    1    1    1    1    1    9   11  7.87308E+03 0.00463 
  100    1    1    1    1    1    1    1   10    1  0.00000E+00 0.00000 
  101    1    1    1    1    1    1    1   10    2  8.60727E+03 0.00452 
  102    1    1    1    1    1    1    1   10    3  8.41644E+03 0.00461 
  103    1    1    1    1    1    1    1   10    4  0.00000E+00 0.00000 
  104    1    1    1    1    1    1    1   10    5  8.22007E+03 0.00459 
  105    1    1    1    1    1    1    1   10    6  8.23100E+03 0.00457 
  106    1    1    1    1    1    1    1   10    7  0.00000E+00 0.00000 
  107    1    1    1    1    1    1    1   10    8  7.96357E+03 0.00476 
  108    1    1    1    1    1    1    1   10    9  7.78400E+03 0.00475 
  109    1    1    1    1    1    1    1   10   10  0.00000E+00 0.00000 
