
DETassem1 = [
    1    1    1    1    1    1    1    1    1    1  0.00000E+00 0.00000 
    2    1    1    1    1    1    1    1    1    2  0.00000E+00 0.00000 
    3    1    1    1    1    1    1    1    1    3  0.00000E+00 0.00000 
    4    1    1    1    1    1    1    1    1    4  0.00000E+00 0.00000 
    5    1    1    1    1    1    1    1    1    5  0.00000E+00 0.00000 
    6    1    1    1    1    1    1    1    1    6  0.00000E+00 0.00000 
    7    1    1    1    1    1    1    1    1    7  0.00000E+00 0.00000 
    8    1    1    1    1    1    1    1    1    8  1.83594E+04 0.00361 
    9    1    1    1    1    1    1    1    1    9  1.38679E+04 0.00400 
   10    1    1    1    1    1    1    1    1   10  0.00000E+00 0.00000 
   11    1    1    1    1    1    1    1    1   11  1.00420E+04 0.00442 
   12    1    1    1    1    1    1    1    2    1  1.97306E+04 0.00358 
   13    1    1    1    1    1    1    1    2    2  0.00000E+00 0.00000 
   14    1    1    1    1    1    1    1    2    3  0.00000E+00 0.00000 
   15    1    1    1    1    1    1    1    2    4  0.00000E+00 0.00000 
   16    1    1    1    1    1    1    1    2    5  0.00000E+00 0.00000 
   17    1    1    1    1    1    1    1    2    6  1.96100E+04 0.00359 
   18    1    1    1    1    1    1    1    2    7  1.57696E+04 0.00387 
   19    1    1    1    1    1    1    1    2    8  0.00000E+00 0.00000 
   20    1    1    1    1    1    1    1    2    9  1.11749E+04 0.00433 
   21    1    1    1    1    1    1    1    2   10  1.00220E+04 0.00439 
   22    1    1    1    1    1    1    1    2   11  0.00000E+00 0.00000 
   23    1    1    1    1    1    1    1    3    1  1.58009E+04 0.00391 
   24    1    1    1    1    1    1    1    3    2  1.83514E+04 0.00371 
   25    1    1    1    1    1    1    1    3    3  0.00000E+00 0.00000 
   26    1    1    1    1    1    1    1    3    4  1.83101E+04 0.00373 
   27    1    1    1    1    1    1    1    3    5  1.58157E+04 0.00384 
   28    1    1    1    1    1    1    1    3    6  0.00000E+00 0.00000 
   29    1    1    1    1    1    1    1    3    7  1.19823E+04 0.00427 
   30    1    1    1    1    1    1    1    3    8  1.07517E+04 0.00438 
   31    1    1    1    1    1    1    1    3    9  0.00000E+00 0.00000 
   32    1    1    1    1    1    1    1    3   10  9.28245E+03 0.00454 
   33    1    1    1    1    1    1    1    3   11  8.86181E+03 0.00451 
   34    1    1    1    1    1    1    1    4    1  0.00000E+00 0.00000 
   35    1    1    1    1    1    1    1    4    2  1.38999E+04 0.00400 
   36    1    1    1    1    1    1    1    4    3  1.38801E+04 0.00393 
   37    1    1    1    1    1    1    1    4    4  0.00000E+00 0.00000 
   38    1    1    1    1    1    1    1    4    5  1.20869E+04 0.00426 
   39    1    1    1    1    1    1    1    4    6  1.10981E+04 0.00436 
   40    1    1    1    1    1    1    1    4    7  0.00000E+00 0.00000 
   41    1    1    1    1    1    1    1    4    8  9.58971E+03 0.00455 
   42    1    1    1    1    1    1    1    4    9  9.13834E+03 0.00453 
   43    1    1    1    1    1    1    1    4   10  0.00000E+00 0.00000 
   44    1    1    1    1    1    1    1    4   11  8.57875E+03 0.00458 
   45    1    1    1    1    1    1    1    5    1  1.11092E+04 0.00430 
   46    1    1    1    1    1    1    1    5    2  0.00000E+00 0.00000 
   47    1    1    1    1    1    1    1    5    3  1.11274E+04 0.00429 
   48    1    1    1    1    1    1    1    5    4  1.07658E+04 0.00429 
   49    1    1    1    1    1    1    1    5    5  0.00000E+00 0.00000 
   50    1    1    1    1    1    1    1    5    6  9.73726E+03 0.00439 
   51    1    1    1    1    1    1    1    5    7  9.20563E+03 0.00461 
   52    1    1    1    1    1    1    1    5    8  0.00000E+00 0.00000 
   53    1    1    1    1    1    1    1    5    9  8.65243E+03 0.00457 
   54    1    1    1    1    1    1    1    5   10  8.52211E+03 0.00469 
   55    1    1    1    1    1    1    1    5   11  0.00000E+00 0.00000 
   56    1    1    1    1    1    1    1    6    1  9.99336E+03 0.00436 
   57    1    1    1    1    1    1    1    6    2  9.99232E+03 0.00448 
   58    1    1    1    1    1    1    1    6    3  0.00000E+00 0.00000 
   59    1    1    1    1    1    1    1    6    4  9.51243E+03 0.00444 
   60    1    1    1    1    1    1    1    6    5  9.31255E+03 0.00447 
   61    1    1    1    1    1    1    1    6    6  0.00000E+00 0.00000 
   62    1    1    1    1    1    1    1    6    7  8.75058E+03 0.00458 
   63    1    1    1    1    1    1    1    6    8  8.46705E+03 0.00467 
   64    1    1    1    1    1    1    1    6    9  0.00000E+00 0.00000 
   65    1    1    1    1    1    1    1    6   10  8.34253E+03 0.00468 
   66    1    1    1    1    1    1    1    6   11  8.23329E+03 0.00469 
   67    1    1    1    1    1    1    1    7    1  0.00000E+00 0.00000 
   68    1    1    1    1    1    1    1    7    2  9.17906E+03 0.00447 
   69    1    1    1    1    1    1    1    7    3  9.07638E+03 0.00454 
   70    1    1    1    1    1    1    1    7    4  0.00000E+00 0.00000 
   71    1    1    1    1    1    1    1    7    5  8.66103E+03 0.00460 
   72    1    1    1    1    1    1    1    7    6  8.58181E+03 0.00459 
   73    1    1    1    1    1    1    1    7    7  0.00000E+00 0.00000 
   74    1    1    1    1    1    1    1    7    8  8.22921E+03 0.00474 
   75    1    1    1    1    1    1    1    7    9  8.22543E+03 0.00472 
   76    1    1    1    1    1    1    1    7   10  0.00000E+00 0.00000 
   77    1    1    1    1    1    1    1    7   11  8.11535E+03 0.00471 
   78    1    1    1    1    1    1    1    8    1  8.86152E+03 0.00449 
   79    1    1    1    1    1    1    1    8    2  0.00000E+00 0.00000 
   80    1    1    1    1    1    1    1    8    3  8.72477E+03 0.00465 
   81    1    1    1    1    1    1    1    8    4  8.58672E+03 0.00466 
   82    1    1    1    1    1    1    1    8    5  0.00000E+00 0.00000 
   83    1    1    1    1    1    1    1    8    6  8.31996E+03 0.00467 
   84    1    1    1    1    1    1    1    8    7  8.20232E+03 0.00468 
   85    1    1    1    1    1    1    1    8    8  0.00000E+00 0.00000 
   86    1    1    1    1    1    1    1    8    9  8.01568E+03 0.00466 
   87    1    1    1    1    1    1    1    8   10  7.97428E+03 0.00479 
   88    1    1    1    1    1    1    1    8   11  0.00000E+00 0.00000 
   89    1    1    1    1    1    1    1    9    1  8.56843E+03 0.00466 
   90    1    1    1    1    1    1    1    9    2  8.56723E+03 0.00455 
   91    1    1    1    1    1    1    1    9    3  0.00000E+00 0.00000 
   92    1    1    1    1    1    1    1    9    4  8.21690E+03 0.00465 
   93    1    1    1    1    1    1    1    9    5  8.18220E+03 0.00462 
   94    1    1    1    1    1    1    1    9    6  0.00000E+00 0.00000 
   95    1    1    1    1    1    1    1    9    7  8.00318E+03 0.00472 
   96    1    1    1    1    1    1    1    9    8  7.91970E+03 0.00472 
   97    1    1    1    1    1    1    1    9    9  0.00000E+00 0.00000 
   98    1    1    1    1    1    1    1    9   10  7.83338E+03 0.00480 
   99    1    1    1    1    1    1    1    9   11  7.63523E+03 0.00477 
  100    1    1    1    1    1    1    1   10    1  0.00000E+00 0.00000 
  101    1    1    1    1    1    1    1   10    2  8.31296E+03 0.00466 
  102    1    1    1    1    1    1    1   10    3  8.21378E+03 0.00467 
  103    1    1    1    1    1    1    1   10    4  0.00000E+00 0.00000 
  104    1    1    1    1    1    1    1   10    5  7.98080E+03 0.00476 
  105    1    1    1    1    1    1    1   10    6  7.88009E+03 0.00478 
  106    1    1    1    1    1    1    1   10    7  0.00000E+00 0.00000 
  107    1    1    1    1    1    1    1   10    8  7.70510E+03 0.00478 
  108    1    1    1    1    1    1    1   10    9  7.70543E+03 0.00494 
  109    1    1    1    1    1    1    1   10   10  0.00000E+00 0.00000 
