
ZAI = [
922350
922380
666
0
];

NAMES = [
'U235            '
'U238            '
'lost            '
'total           '
];

i922350 = 1; iU235             = 1;
i922380 = 2; iU238             = 2;
iLOST    = 3;
iTOT     = 4;

MAT_un_VOLUME = [ 2.67611E+05 2.67611E+05 ];

MAT_un_BURNUP = [ 0.00000E+00 4.28336E+01 ];

MAT_un_ADENS = [
4.83387E-03 3.51097E-03 % U235
1.93936E-02 1.88555E-02 % U238
0.00000E+00 4.13904E-30 % lost data
7.26897E-02 7.37995E-02 % total
];

MAT_un_MDENS = [
1.88669E+00 1.37035E+00 % U235
7.66628E+00 7.45356E+00 % U238
0.00000E+00 0.00000E+00 % lost data
1.08000E+01 1.07986E+01 % total
];

MAT_un_A = [
4.03712E+10 2.93227E+10 % U235
2.55142E+10 2.48063E+10 % U238
0.00000E+00 0.00000E+00 % lost data
6.58854E+10 3.28223E+18 % total
];

MAT_un_H = [
3.02639E-02 2.19815E-02 % U235
1.74553E-02 1.69710E-02 % U238
0.00000E+00 0.00000E+00 % lost data
4.77192E-02 9.64577E+05 % total
];

MAT_un_SF = [
2.90673E+00 2.11124E+00 % U235
1.39308E+04 1.35442E+04 % U238
0.00000E+00 0.00000E+00 % lost data
1.39337E+04 1.03450E+08 % total
];

MAT_un_GSRC = [
5.10093E+10 3.70495E+10 % U235
2.25937E+09 2.19668E+09 % U238
0.00000E+00 0.00000E+00 % lost data
5.32687E+10 3.52838E+18 % total
];

MAT_un_ING_TOX = [
1.89745E+03 1.37817E+03 % U235
1.14814E+03 1.11628E+03 % U238
0.00000E+00 0.00000E+00 % lost data
3.04559E+03 2.23452E+09 % total
];

MAT_un_INH_TOX = [
3.43155E+05 2.49243E+05 % U235
2.04114E+05 1.98450E+05 % U238
0.00000E+00 0.00000E+00 % lost data
5.47269E+05 8.00660E+10 % total
];

TOT_VOLUME = [ 2.67611E+05 2.67611E+05 ];

TOT_BURNUP = [ 0.00000E+00 4.28336E+01 ];

TOT_ADENS = [
4.83387E-03 3.51097E-03 % U235
1.93936E-02 1.88555E-02 % U238
0.00000E+00 4.13904E-30 % lost data
7.26897E-02 7.37995E-02 % total
];

TOT_MASS = [
5.04899E+05 3.66722E+05 % U235
2.05158E+06 1.99466E+06 % U238
0.00000E+00 0.00000E+00 % lost data
2.89020E+06 2.88983E+06 % total
];

TOT_A = [
4.03712E+10 2.93227E+10 % U235
2.55142E+10 2.48063E+10 % U238
0.00000E+00 0.00000E+00 % lost data
6.58854E+10 3.28223E+18 % total
];

TOT_H = [
3.02639E-02 2.19815E-02 % U235
1.74553E-02 1.69710E-02 % U238
0.00000E+00 0.00000E+00 % lost data
4.77192E-02 9.64577E+05 % total
];

TOT_SF = [
2.90673E+00 2.11124E+00 % U235
1.39308E+04 1.35442E+04 % U238
0.00000E+00 0.00000E+00 % lost data
1.39337E+04 1.03450E+08 % total
];

TOT_GSRC = [
5.10093E+10 3.70495E+10 % U235
2.25937E+09 2.19668E+09 % U238
0.00000E+00 0.00000E+00 % lost data
5.32687E+10 3.52838E+18 % total
];

TOT_ING_TOX = [
1.89745E+03 1.37817E+03 % U235
1.14814E+03 1.11628E+03 % U238
0.00000E+00 0.00000E+00 % lost data
3.04559E+03 2.23452E+09 % total
];

TOT_INH_TOX = [
3.43155E+05 2.49243E+05 % U235
2.04114E+05 1.98450E+05 % U238
0.00000E+00 0.00000E+00 % lost data
5.47269E+05 8.00660E+10 % total
];

BU = [ 0.00000E+00 4.28323E+01 ];

DAYS = [ 0.00000E+00 7.30000E+03 ];
