
DETassem1 = [
    1    1    1    1    1    1    1    1    1    1  0.00000E+00 0.00000 
    2    1    1    1    1    1    1    1    1    2  0.00000E+00 0.00000 
    3    1    1    1    1    1    1    1    1    3  0.00000E+00 0.00000 
    4    1    1    1    1    1    1    1    1    4  0.00000E+00 0.00000 
    5    1    1    1    1    1    1    1    1    5  0.00000E+00 0.00000 
    6    1    1    1    1    1    1    1    1    6  0.00000E+00 0.00000 
    7    1    1    1    1    1    1    1    1    7  0.00000E+00 0.00000 
    8    1    1    1    1    1    1    1    1    8  1.83422E+04 0.00367 
    9    1    1    1    1    1    1    1    1    9  1.39743E+04 0.00410 
   10    1    1    1    1    1    1    1    1   10  0.00000E+00 0.00000 
   11    1    1    1    1    1    1    1    1   11  1.01341E+04 0.00454 
   12    1    1    1    1    1    1    1    2    1  1.98612E+04 0.00356 
   13    1    1    1    1    1    1    1    2    2  0.00000E+00 0.00000 
   14    1    1    1    1    1    1    1    2    3  0.00000E+00 0.00000 
   15    1    1    1    1    1    1    1    2    4  0.00000E+00 0.00000 
   16    1    1    1    1    1    1    1    2    5  0.00000E+00 0.00000 
   17    1    1    1    1    1    1    1    2    6  1.98310E+04 0.00351 
   18    1    1    1    1    1    1    1    2    7  1.59054E+04 0.00385 
   19    1    1    1    1    1    1    1    2    8  0.00000E+00 0.00000 
   20    1    1    1    1    1    1    1    2    9  1.12553E+04 0.00435 
   21    1    1    1    1    1    1    1    2   10  1.02371E+04 0.00428 
   22    1    1    1    1    1    1    1    2   11  0.00000E+00 0.00000 
   23    1    1    1    1    1    1    1    3    1  1.57897E+04 0.00375 
   24    1    1    1    1    1    1    1    3    2  1.83083E+04 0.00366 
   25    1    1    1    1    1    1    1    3    3  0.00000E+00 0.00000 
   26    1    1    1    1    1    1    1    3    4  1.85132E+04 0.00365 
   27    1    1    1    1    1    1    1    3    5  1.58874E+04 0.00381 
   28    1    1    1    1    1    1    1    3    6  0.00000E+00 0.00000 
   29    1    1    1    1    1    1    1    3    7  1.20826E+04 0.00427 
   30    1    1    1    1    1    1    1    3    8  1.08831E+04 0.00437 
   31    1    1    1    1    1    1    1    3    9  0.00000E+00 0.00000 
   32    1    1    1    1    1    1    1    3   10  9.33271E+03 0.00450 
   33    1    1    1    1    1    1    1    3   11  9.00030E+03 0.00455 
   34    1    1    1    1    1    1    1    4    1  0.00000E+00 0.00000 
   35    1    1    1    1    1    1    1    4    2  1.40297E+04 0.00403 
   36    1    1    1    1    1    1    1    4    3  1.40270E+04 0.00415 
   37    1    1    1    1    1    1    1    4    4  0.00000E+00 0.00000 
   38    1    1    1    1    1    1    1    4    5  1.20323E+04 0.00422 
   39    1    1    1    1    1    1    1    4    6  1.11200E+04 0.00421 
   40    1    1    1    1    1    1    1    4    7  0.00000E+00 0.00000 
   41    1    1    1    1    1    1    1    4    8  9.60120E+03 0.00441 
   42    1    1    1    1    1    1    1    4    9  9.17255E+03 0.00451 
   43    1    1    1    1    1    1    1    4   10  0.00000E+00 0.00000 
   44    1    1    1    1    1    1    1    4   11  8.68366E+03 0.00462 
   45    1    1    1    1    1    1    1    5    1  1.13387E+04 0.00425 
   46    1    1    1    1    1    1    1    5    2  0.00000E+00 0.00000 
   47    1    1    1    1    1    1    1    5    3  1.13026E+04 0.00425 
   48    1    1    1    1    1    1    1    5    4  1.08454E+04 0.00424 
   49    1    1    1    1    1    1    1    5    5  0.00000E+00 0.00000 
   50    1    1    1    1    1    1    1    5    6  9.78768E+03 0.00440 
   51    1    1    1    1    1    1    1    5    7  9.27306E+03 0.00458 
   52    1    1    1    1    1    1    1    5    8  0.00000E+00 0.00000 
   53    1    1    1    1    1    1    1    5    9  8.62621E+03 0.00458 
   54    1    1    1    1    1    1    1    5   10  8.57289E+03 0.00455 
   55    1    1    1    1    1    1    1    5   11  0.00000E+00 0.00000 
   56    1    1    1    1    1    1    1    6    1  1.00092E+04 0.00442 
   57    1    1    1    1    1    1    1    6    2  1.01375E+04 0.00442 
   58    1    1    1    1    1    1    1    6    3  0.00000E+00 0.00000 
   59    1    1    1    1    1    1    1    6    4  9.55521E+03 0.00448 
   60    1    1    1    1    1    1    1    6    5  9.30492E+03 0.00443 
   61    1    1    1    1    1    1    1    6    6  0.00000E+00 0.00000 
   62    1    1    1    1    1    1    1    6    7  8.79702E+03 0.00447 
   63    1    1    1    1    1    1    1    6    8  8.56574E+03 0.00463 
   64    1    1    1    1    1    1    1    6    9  0.00000E+00 0.00000 
   65    1    1    1    1    1    1    1    6   10  8.34537E+03 0.00466 
   66    1    1    1    1    1    1    1    6   11  8.34523E+03 0.00471 
   67    1    1    1    1    1    1    1    7    1  0.00000E+00 0.00000 
   68    1    1    1    1    1    1    1    7    2  9.30819E+03 0.00449 
   69    1    1    1    1    1    1    1    7    3  9.14297E+03 0.00450 
   70    1    1    1    1    1    1    1    7    4  0.00000E+00 0.00000 
   71    1    1    1    1    1    1    1    7    5  8.77352E+03 0.00463 
   72    1    1    1    1    1    1    1    7    6  8.62363E+03 0.00458 
   73    1    1    1    1    1    1    1    7    7  0.00000E+00 0.00000 
   74    1    1    1    1    1    1    1    7    8  8.31940E+03 0.00463 
   75    1    1    1    1    1    1    1    7    9  8.25681E+03 0.00469 
   76    1    1    1    1    1    1    1    7   10  0.00000E+00 0.00000 
   77    1    1    1    1    1    1    1    7   11  8.06008E+03 0.00474 
   78    1    1    1    1    1    1    1    8    1  9.02323E+03 0.00453 
   79    1    1    1    1    1    1    1    8    2  0.00000E+00 0.00000 
   80    1    1    1    1    1    1    1    8    3  8.71922E+03 0.00455 
   81    1    1    1    1    1    1    1    8    4  8.60802E+03 0.00462 
   82    1    1    1    1    1    1    1    8    5  0.00000E+00 0.00000 
   83    1    1    1    1    1    1    1    8    6  8.26225E+03 0.00467 
   84    1    1    1    1    1    1    1    8    7  8.25160E+03 0.00466 
   85    1    1    1    1    1    1    1    8    8  0.00000E+00 0.00000 
   86    1    1    1    1    1    1    1    8    9  8.08002E+03 0.00474 
   87    1    1    1    1    1    1    1    8   10  7.99721E+03 0.00473 
   88    1    1    1    1    1    1    1    8   11  0.00000E+00 0.00000 
   89    1    1    1    1    1    1    1    9    1  8.55137E+03 0.00461 
   90    1    1    1    1    1    1    1    9    2  8.51761E+03 0.00464 
   91    1    1    1    1    1    1    1    9    3  0.00000E+00 0.00000 
   92    1    1    1    1    1    1    1    9    4  8.28560E+03 0.00470 
   93    1    1    1    1    1    1    1    9    5  8.14377E+03 0.00472 
   94    1    1    1    1    1    1    1    9    6  0.00000E+00 0.00000 
   95    1    1    1    1    1    1    1    9    7  8.01799E+03 0.00472 
   96    1    1    1    1    1    1    1    9    8  7.90841E+03 0.00469 
   97    1    1    1    1    1    1    1    9    9  0.00000E+00 0.00000 
   98    1    1    1    1    1    1    1    9   10  7.80411E+03 0.00482 
   99    1    1    1    1    1    1    1    9   11  7.73014E+03 0.00485 
  100    1    1    1    1    1    1    1   10    1  0.00000E+00 0.00000 
  101    1    1    1    1    1    1    1   10    2  8.25758E+03 0.00465 
  102    1    1    1    1    1    1    1   10    3  8.23376E+03 0.00472 
  103    1    1    1    1    1    1    1   10    4  0.00000E+00 0.00000 
  104    1    1    1    1    1    1    1   10    5  7.95743E+03 0.00485 
  105    1    1    1    1    1    1    1   10    6  7.92089E+03 0.00466 
  106    1    1    1    1    1    1    1   10    7  0.00000E+00 0.00000 
  107    1    1    1    1    1    1    1   10    8  7.75107E+03 0.00481 
  108    1    1    1    1    1    1    1   10    9  7.61584E+03 0.00482 
  109    1    1    1    1    1    1    1   10   10  0.00000E+00 0.00000 
