
DETassem1 = [
    1    1    1    1    1    1    1    1    1    1  0.00000E+00 0.00000 
    2    1    1    1    1    1    1    1    1    2  0.00000E+00 0.00000 
    3    1    1    1    1    1    1    1    1    3  0.00000E+00 0.00000 
    4    1    1    1    1    1    1    1    1    4  0.00000E+00 0.00000 
    5    1    1    1    1    1    1    1    1    5  0.00000E+00 0.00000 
    6    1    1    1    1    1    1    1    1    6  0.00000E+00 0.00000 
    7    1    1    1    1    1    1    1    1    7  0.00000E+00 0.00000 
    8    1    1    1    1    1    1    1    1    8  1.81456E+04 0.00368 
    9    1    1    1    1    1    1    1    1    9  1.38392E+04 0.00407 
   10    1    1    1    1    1    1    1    1   10  0.00000E+00 0.00000 
   11    1    1    1    1    1    1    1    1   11  9.93361E+03 0.00448 
   12    1    1    1    1    1    1    1    2    1  1.95934E+04 0.00358 
   13    1    1    1    1    1    1    1    2    2  0.00000E+00 0.00000 
   14    1    1    1    1    1    1    1    2    3  0.00000E+00 0.00000 
   15    1    1    1    1    1    1    1    2    4  0.00000E+00 0.00000 
   16    1    1    1    1    1    1    1    2    5  0.00000E+00 0.00000 
   17    1    1    1    1    1    1    1    2    6  1.94723E+04 0.00357 
   18    1    1    1    1    1    1    1    2    7  1.55295E+04 0.00389 
   19    1    1    1    1    1    1    1    2    8  0.00000E+00 0.00000 
   20    1    1    1    1    1    1    1    2    9  1.11367E+04 0.00433 
   21    1    1    1    1    1    1    1    2   10  9.99913E+03 0.00446 
   22    1    1    1    1    1    1    1    2   11  0.00000E+00 0.00000 
   23    1    1    1    1    1    1    1    3    1  1.55414E+04 0.00388 
   24    1    1    1    1    1    1    1    3    2  1.81286E+04 0.00366 
   25    1    1    1    1    1    1    1    3    3  0.00000E+00 0.00000 
   26    1    1    1    1    1    1    1    3    4  1.80956E+04 0.00367 
   27    1    1    1    1    1    1    1    3    5  1.54436E+04 0.00390 
   28    1    1    1    1    1    1    1    3    6  0.00000E+00 0.00000 
   29    1    1    1    1    1    1    1    3    7  1.17528E+04 0.00425 
   30    1    1    1    1    1    1    1    3    8  1.07165E+04 0.00442 
   31    1    1    1    1    1    1    1    3    9  0.00000E+00 0.00000 
   32    1    1    1    1    1    1    1    3   10  9.27719E+03 0.00450 
   33    1    1    1    1    1    1    1    3   11  8.95857E+03 0.00463 
   34    1    1    1    1    1    1    1    4    1  0.00000E+00 0.00000 
   35    1    1    1    1    1    1    1    4    2  1.37961E+04 0.00404 
   36    1    1    1    1    1    1    1    4    3  1.38613E+04 0.00402 
   37    1    1    1    1    1    1    1    4    4  0.00000E+00 0.00000 
   38    1    1    1    1    1    1    1    4    5  1.17170E+04 0.00432 
   39    1    1    1    1    1    1    1    4    6  1.07976E+04 0.00433 
   40    1    1    1    1    1    1    1    4    7  0.00000E+00 0.00000 
   41    1    1    1    1    1    1    1    4    8  9.47076E+03 0.00450 
   42    1    1    1    1    1    1    1    4    9  9.01013E+03 0.00455 
   43    1    1    1    1    1    1    1    4   10  0.00000E+00 0.00000 
   44    1    1    1    1    1    1    1    4   11  8.54182E+03 0.00466 
   45    1    1    1    1    1    1    1    5    1  1.11063E+04 0.00438 
   46    1    1    1    1    1    1    1    5    2  0.00000E+00 0.00000 
   47    1    1    1    1    1    1    1    5    3  1.11582E+04 0.00427 
   48    1    1    1    1    1    1    1    5    4  1.05567E+04 0.00438 
   49    1    1    1    1    1    1    1    5    5  0.00000E+00 0.00000 
   50    1    1    1    1    1    1    1    5    6  9.55947E+03 0.00454 
   51    1    1    1    1    1    1    1    5    7  9.06295E+03 0.00450 
   52    1    1    1    1    1    1    1    5    8  0.00000E+00 0.00000 
   53    1    1    1    1    1    1    1    5    9  8.67458E+03 0.00461 
   54    1    1    1    1    1    1    1    5   10  8.49806E+03 0.00470 
   55    1    1    1    1    1    1    1    5   11  0.00000E+00 0.00000 
   56    1    1    1    1    1    1    1    6    1  1.00936E+04 0.00447 
   57    1    1    1    1    1    1    1    6    2  9.98542E+03 0.00448 
   58    1    1    1    1    1    1    1    6    3  0.00000E+00 0.00000 
   59    1    1    1    1    1    1    1    6    4  9.44956E+03 0.00454 
   60    1    1    1    1    1    1    1    6    5  9.13328E+03 0.00454 
   61    1    1    1    1    1    1    1    6    6  0.00000E+00 0.00000 
   62    1    1    1    1    1    1    1    6    7  8.64814E+03 0.00461 
   63    1    1    1    1    1    1    1    6    8  8.53779E+03 0.00473 
   64    1    1    1    1    1    1    1    6    9  0.00000E+00 0.00000 
   65    1    1    1    1    1    1    1    6   10  8.30439E+03 0.00457 
   66    1    1    1    1    1    1    1    6   11  8.16047E+03 0.00475 
   67    1    1    1    1    1    1    1    7    1  0.00000E+00 0.00000 
   68    1    1    1    1    1    1    1    7    2  9.22018E+03 0.00448 
   69    1    1    1    1    1    1    1    7    3  9.03666E+03 0.00460 
   70    1    1    1    1    1    1    1    7    4  0.00000E+00 0.00000 
   71    1    1    1    1    1    1    1    7    5  8.62086E+03 0.00456 
   72    1    1    1    1    1    1    1    7    6  8.51530E+03 0.00455 
   73    1    1    1    1    1    1    1    7    7  0.00000E+00 0.00000 
   74    1    1    1    1    1    1    1    7    8  8.28271E+03 0.00469 
   75    1    1    1    1    1    1    1    7    9  8.20648E+03 0.00482 
   76    1    1    1    1    1    1    1    7   10  0.00000E+00 0.00000 
   77    1    1    1    1    1    1    1    7   11  8.03348E+03 0.00479 
   78    1    1    1    1    1    1    1    8    1  8.80260E+03 0.00455 
   79    1    1    1    1    1    1    1    8    2  0.00000E+00 0.00000 
   80    1    1    1    1    1    1    1    8    3  8.58231E+03 0.00462 
   81    1    1    1    1    1    1    1    8    4  8.46475E+03 0.00456 
   82    1    1    1    1    1    1    1    8    5  0.00000E+00 0.00000 
   83    1    1    1    1    1    1    1    8    6  8.25376E+03 0.00469 
   84    1    1    1    1    1    1    1    8    7  8.10846E+03 0.00469 
   85    1    1    1    1    1    1    1    8    8  0.00000E+00 0.00000 
   86    1    1    1    1    1    1    1    8    9  8.09650E+03 0.00479 
   87    1    1    1    1    1    1    1    8   10  7.92323E+03 0.00491 
   88    1    1    1    1    1    1    1    8   11  0.00000E+00 0.00000 
   89    1    1    1    1    1    1    1    9    1  8.52225E+03 0.00457 
   90    1    1    1    1    1    1    1    9    2  8.49215E+03 0.00466 
   91    1    1    1    1    1    1    1    9    3  0.00000E+00 0.00000 
   92    1    1    1    1    1    1    1    9    4  8.28593E+03 0.00458 
   93    1    1    1    1    1    1    1    9    5  8.13712E+03 0.00470 
   94    1    1    1    1    1    1    1    9    6  0.00000E+00 0.00000 
   95    1    1    1    1    1    1    1    9    7  7.94804E+03 0.00458 
   96    1    1    1    1    1    1    1    9    8  7.91389E+03 0.00474 
   97    1    1    1    1    1    1    1    9    9  0.00000E+00 0.00000 
   98    1    1    1    1    1    1    1    9   10  7.78601E+03 0.00482 
   99    1    1    1    1    1    1    1    9   11  7.80377E+03 0.00479 
  100    1    1    1    1    1    1    1   10    1  0.00000E+00 0.00000 
  101    1    1    1    1    1    1    1   10    2  8.27700E+03 0.00475 
  102    1    1    1    1    1    1    1   10    3  8.19390E+03 0.00473 
  103    1    1    1    1    1    1    1   10    4  0.00000E+00 0.00000 
  104    1    1    1    1    1    1    1   10    5  7.96166E+03 0.00473 
  105    1    1    1    1    1    1    1   10    6  7.86138E+03 0.00481 
  106    1    1    1    1    1    1    1   10    7  0.00000E+00 0.00000 
  107    1    1    1    1    1    1    1   10    8  7.77085E+03 0.00478 
  108    1    1    1    1    1    1    1   10    9  7.67032E+03 0.00487 
  109    1    1    1    1    1    1    1   10   10  0.00000E+00 0.00000 
