
ZAI = [
922350
922380
666
0
];

NAMES = [
'U235            '
'U238            '
'lost            '
'total           '
];

i922350 = 1; iU235             = 1;
i922380 = 2; iU238             = 2;
iLOST    = 3;
iTOT     = 4;

MAT_un_VOLUME = [ 2.67440E+05 2.67440E+05 ];

MAT_un_BURNUP = [ 0.00000E+00 4.28611E+01 ];

MAT_un_ADENS = [
4.83387E-03 3.51032E-03 % U235
1.93936E-02 1.88555E-02 % U238
0.00000E+00 3.33837E-30 % lost data
7.26897E-02 7.38003E-02 % total
];

MAT_un_MDENS = [
1.88669E+00 1.37010E+00 % U235
7.66628E+00 7.45358E+00 % U238
0.00000E+00 0.00000E+00 % lost data
1.08000E+01 1.07986E+01 % total
];

MAT_un_A = [
4.03454E+10 2.92985E+10 % U235
2.54979E+10 2.47904E+10 % U238
0.00000E+00 0.00000E+00 % lost data
6.58432E+10 3.28207E+18 % total
];

MAT_un_H = [
3.02445E-02 2.19633E-02 % U235
1.74441E-02 1.69602E-02 % U238
0.00000E+00 0.00000E+00 % lost data
4.76887E-02 9.64582E+05 % total
];

MAT_un_SF = [
2.90487E+00 2.10949E+00 % U235
1.39218E+04 1.35356E+04 % U238
0.00000E+00 0.00000E+00 % lost data
1.39247E+04 1.03666E+08 % total
];

MAT_un_GSRC = [
5.09766E+10 3.70189E+10 % U235
2.25793E+09 2.19528E+09 % U238
0.00000E+00 0.00000E+00 % lost data
5.32346E+10 3.52816E+18 % total
];

MAT_un_ING_TOX = [
1.89623E+03 1.37703E+03 % U235
1.14740E+03 1.11557E+03 % U238
0.00000E+00 0.00000E+00 % lost data
3.04364E+03 2.23462E+09 % total
];

MAT_un_INH_TOX = [
3.42936E+05 2.49037E+05 % U235
2.03983E+05 1.98323E+05 % U238
0.00000E+00 0.00000E+00 % lost data
5.46918E+05 8.01137E+10 % total
];

TOT_VOLUME = [ 2.67440E+05 2.67440E+05 ];

TOT_BURNUP = [ 0.00000E+00 4.28611E+01 ];

TOT_ADENS = [
4.83387E-03 3.51032E-03 % U235
1.93936E-02 1.88555E-02 % U238
0.00000E+00 3.33837E-30 % lost data
7.26897E-02 7.38003E-02 % total
];

TOT_MASS = [
5.04576E+05 3.66419E+05 % U235
2.05027E+06 1.99338E+06 % U238
0.00000E+00 0.00000E+00 % lost data
2.88835E+06 2.88798E+06 % total
];

TOT_A = [
4.03454E+10 2.92985E+10 % U235
2.54979E+10 2.47904E+10 % U238
0.00000E+00 0.00000E+00 % lost data
6.58432E+10 3.28207E+18 % total
];

TOT_H = [
3.02445E-02 2.19633E-02 % U235
1.74441E-02 1.69602E-02 % U238
0.00000E+00 0.00000E+00 % lost data
4.76887E-02 9.64582E+05 % total
];

TOT_SF = [
2.90487E+00 2.10949E+00 % U235
1.39218E+04 1.35356E+04 % U238
0.00000E+00 0.00000E+00 % lost data
1.39247E+04 1.03666E+08 % total
];

TOT_GSRC = [
5.09766E+10 3.70189E+10 % U235
2.25793E+09 2.19528E+09 % U238
0.00000E+00 0.00000E+00 % lost data
5.32346E+10 3.52816E+18 % total
];

TOT_ING_TOX = [
1.89623E+03 1.37703E+03 % U235
1.14740E+03 1.11557E+03 % U238
0.00000E+00 0.00000E+00 % lost data
3.04364E+03 2.23462E+09 % total
];

TOT_INH_TOX = [
3.42936E+05 2.49037E+05 % U235
2.03983E+05 1.98323E+05 % U238
0.00000E+00 0.00000E+00 % lost data
5.46918E+05 8.01137E+10 % total
];

BU = [ 0.00000E+00 4.28598E+01 ];

DAYS = [ 0.00000E+00 7.30000E+03 ];
