
DETassem1 = [
    1    1    1    1    1    1    1    1    1    1  0.00000E+00 0.00000 
    2    1    1    1    1    1    1    1    1    2  0.00000E+00 0.00000 
    3    1    1    1    1    1    1    1    1    3  0.00000E+00 0.00000 
    4    1    1    1    1    1    1    1    1    4  0.00000E+00 0.00000 
    5    1    1    1    1    1    1    1    1    5  0.00000E+00 0.00000 
    6    1    1    1    1    1    1    1    1    6  0.00000E+00 0.00000 
    7    1    1    1    1    1    1    1    1    7  0.00000E+00 0.00000 
    8    1    1    1    1    1    1    1    1    8  1.80279E+04 0.00366 
    9    1    1    1    1    1    1    1    1    9  1.35981E+04 0.00404 
   10    1    1    1    1    1    1    1    1   10  0.00000E+00 0.00000 
   11    1    1    1    1    1    1    1    1   11  9.91839E+03 0.00440 
   12    1    1    1    1    1    1    1    2    1  1.94414E+04 0.00369 
   13    1    1    1    1    1    1    1    2    2  0.00000E+00 0.00000 
   14    1    1    1    1    1    1    1    2    3  0.00000E+00 0.00000 
   15    1    1    1    1    1    1    1    2    4  0.00000E+00 0.00000 
   16    1    1    1    1    1    1    1    2    5  0.00000E+00 0.00000 
   17    1    1    1    1    1    1    1    2    6  1.93976E+04 0.00359 
   18    1    1    1    1    1    1    1    2    7  1.55723E+04 0.00392 
   19    1    1    1    1    1    1    1    2    8  0.00000E+00 0.00000 
   20    1    1    1    1    1    1    1    2    9  1.10889E+04 0.00426 
   21    1    1    1    1    1    1    1    2   10  9.80893E+03 0.00440 
   22    1    1    1    1    1    1    1    2   11  0.00000E+00 0.00000 
   23    1    1    1    1    1    1    1    3    1  1.55668E+04 0.00386 
   24    1    1    1    1    1    1    1    3    2  1.81076E+04 0.00368 
   25    1    1    1    1    1    1    1    3    3  0.00000E+00 0.00000 
   26    1    1    1    1    1    1    1    3    4  1.80043E+04 0.00371 
   27    1    1    1    1    1    1    1    3    5  1.56106E+04 0.00385 
   28    1    1    1    1    1    1    1    3    6  0.00000E+00 0.00000 
   29    1    1    1    1    1    1    1    3    7  1.18662E+04 0.00425 
   30    1    1    1    1    1    1    1    3    8  1.06543E+04 0.00450 
   31    1    1    1    1    1    1    1    3    9  0.00000E+00 0.00000 
   32    1    1    1    1    1    1    1    3   10  9.21850E+03 0.00454 
   33    1    1    1    1    1    1    1    3   11  8.76598E+03 0.00456 
   34    1    1    1    1    1    1    1    4    1  0.00000E+00 0.00000 
   35    1    1    1    1    1    1    1    4    2  1.35836E+04 0.00413 
   36    1    1    1    1    1    1    1    4    3  1.35581E+04 0.00412 
   37    1    1    1    1    1    1    1    4    4  0.00000E+00 0.00000 
   38    1    1    1    1    1    1    1    4    5  1.17242E+04 0.00432 
   39    1    1    1    1    1    1    1    4    6  1.09229E+04 0.00433 
   40    1    1    1    1    1    1    1    4    7  0.00000E+00 0.00000 
   41    1    1    1    1    1    1    1    4    8  9.46907E+03 0.00447 
   42    1    1    1    1    1    1    1    4    9  8.95400E+03 0.00463 
   43    1    1    1    1    1    1    1    4   10  0.00000E+00 0.00000 
   44    1    1    1    1    1    1    1    4   11  8.55859E+03 0.00472 
   45    1    1    1    1    1    1    1    5    1  1.10122E+04 0.00427 
   46    1    1    1    1    1    1    1    5    2  0.00000E+00 0.00000 
   47    1    1    1    1    1    1    1    5    3  1.10663E+04 0.00434 
   48    1    1    1    1    1    1    1    5    4  1.07082E+04 0.00423 
   49    1    1    1    1    1    1    1    5    5  0.00000E+00 0.00000 
   50    1    1    1    1    1    1    1    5    6  9.62259E+03 0.00456 
   51    1    1    1    1    1    1    1    5    7  9.16800E+03 0.00449 
   52    1    1    1    1    1    1    1    5    8  0.00000E+00 0.00000 
   53    1    1    1    1    1    1    1    5    9  8.57715E+03 0.00456 
   54    1    1    1    1    1    1    1    5   10  8.45945E+03 0.00471 
   55    1    1    1    1    1    1    1    5   11  0.00000E+00 0.00000 
   56    1    1    1    1    1    1    1    6    1  9.83369E+03 0.00445 
   57    1    1    1    1    1    1    1    6    2  1.00069E+04 0.00438 
   58    1    1    1    1    1    1    1    6    3  0.00000E+00 0.00000 
   59    1    1    1    1    1    1    1    6    4  9.51325E+03 0.00454 
   60    1    1    1    1    1    1    1    6    5  9.15479E+03 0.00449 
   61    1    1    1    1    1    1    1    6    6  0.00000E+00 0.00000 
   62    1    1    1    1    1    1    1    6    7  8.68447E+03 0.00469 
   63    1    1    1    1    1    1    1    6    8  8.45596E+03 0.00469 
   64    1    1    1    1    1    1    1    6    9  0.00000E+00 0.00000 
   65    1    1    1    1    1    1    1    6   10  8.16531E+03 0.00477 
   66    1    1    1    1    1    1    1    6   11  8.19358E+03 0.00472 
   67    1    1    1    1    1    1    1    7    1  0.00000E+00 0.00000 
   68    1    1    1    1    1    1    1    7    2  9.09247E+03 0.00462 
   69    1    1    1    1    1    1    1    7    3  8.96656E+03 0.00463 
   70    1    1    1    1    1    1    1    7    4  0.00000E+00 0.00000 
   71    1    1    1    1    1    1    1    7    5  8.70099E+03 0.00461 
   72    1    1    1    1    1    1    1    7    6  8.55806E+03 0.00463 
   73    1    1    1    1    1    1    1    7    7  0.00000E+00 0.00000 
   74    1    1    1    1    1    1    1    7    8  8.20507E+03 0.00459 
   75    1    1    1    1    1    1    1    7    9  8.14390E+03 0.00473 
   76    1    1    1    1    1    1    1    7   10  0.00000E+00 0.00000 
   77    1    1    1    1    1    1    1    7   11  8.01963E+03 0.00472 
   78    1    1    1    1    1    1    1    8    1  8.75710E+03 0.00458 
   79    1    1    1    1    1    1    1    8    2  0.00000E+00 0.00000 
   80    1    1    1    1    1    1    1    8    3  8.58969E+03 0.00459 
   81    1    1    1    1    1    1    1    8    4  8.43214E+03 0.00470 
   82    1    1    1    1    1    1    1    8    5  0.00000E+00 0.00000 
   83    1    1    1    1    1    1    1    8    6  8.09630E+03 0.00475 
   84    1    1    1    1    1    1    1    8    7  8.11453E+03 0.00468 
   85    1    1    1    1    1    1    1    8    8  0.00000E+00 0.00000 
   86    1    1    1    1    1    1    1    8    9  7.97929E+03 0.00474 
   87    1    1    1    1    1    1    1    8   10  7.91363E+03 0.00485 
   88    1    1    1    1    1    1    1    8   11  0.00000E+00 0.00000 
   89    1    1    1    1    1    1    1    9    1  8.54158E+03 0.00473 
   90    1    1    1    1    1    1    1    9    2  8.35937E+03 0.00461 
   91    1    1    1    1    1    1    1    9    3  0.00000E+00 0.00000 
   92    1    1    1    1    1    1    1    9    4  8.19648E+03 0.00469 
   93    1    1    1    1    1    1    1    9    5  8.13007E+03 0.00478 
   94    1    1    1    1    1    1    1    9    6  0.00000E+00 0.00000 
   95    1    1    1    1    1    1    1    9    7  7.93132E+03 0.00484 
   96    1    1    1    1    1    1    1    9    8  7.90166E+03 0.00484 
   97    1    1    1    1    1    1    1    9    9  0.00000E+00 0.00000 
   98    1    1    1    1    1    1    1    9   10  7.81311E+03 0.00480 
   99    1    1    1    1    1    1    1    9   11  7.68042E+03 0.00492 
  100    1    1    1    1    1    1    1   10    1  0.00000E+00 0.00000 
  101    1    1    1    1    1    1    1   10    2  8.23062E+03 0.00479 
  102    1    1    1    1    1    1    1   10    3  8.19223E+03 0.00469 
  103    1    1    1    1    1    1    1   10    4  0.00000E+00 0.00000 
  104    1    1    1    1    1    1    1   10    5  7.98933E+03 0.00477 
  105    1    1    1    1    1    1    1   10    6  7.80413E+03 0.00476 
  106    1    1    1    1    1    1    1   10    7  0.00000E+00 0.00000 
  107    1    1    1    1    1    1    1   10    8  7.72298E+03 0.00487 
  108    1    1    1    1    1    1    1   10    9  7.62366E+03 0.00493 
  109    1    1    1    1    1    1    1   10   10  0.00000E+00 0.00000 
