
ZAI = [
922350
922380
666
0
];

NAMES = [
'U235            '
'U238            '
'lost            '
'total           '
];

i922350 = 1; iU235             = 1;
i922380 = 2; iU238             = 2;
iLOST    = 3;
iTOT     = 4;

MAT_un_VOLUME = [ 2.67124E+05 2.67124E+05 ];

MAT_un_BURNUP = [ 0.00000E+00 4.29117E+01 ];

MAT_un_ADENS = [
4.83387E-03 3.50876E-03 % U235
1.93936E-02 1.88541E-02 % U238
0.00000E+00 4.36026E-30 % lost data
7.26897E-02 7.38016E-02 % total
];

MAT_un_MDENS = [
1.88669E+00 1.36949E+00 % U235
7.66628E+00 7.45301E+00 % U238
0.00000E+00 0.00000E+00 % lost data
1.08000E+01 1.07986E+01 % total
];

MAT_un_A = [
4.02977E+10 2.92509E+10 % U235
2.54677E+10 2.47592E+10 % U238
0.00000E+00 0.00000E+00 % lost data
6.57654E+10 3.28291E+18 % total
];

MAT_un_H = [
3.02088E-02 2.19277E-02 % U235
1.74235E-02 1.69388E-02 % U238
0.00000E+00 0.00000E+00 % lost data
4.76323E-02 9.64628E+05 % total
];

MAT_un_SF = [
2.90144E+00 2.10607E+00 % U235
1.39054E+04 1.35185E+04 % U238
0.00000E+00 0.00000E+00 % lost data
1.39083E+04 1.03895E+08 % total
];

MAT_un_GSRC = [
5.09164E+10 3.69587E+10 % U235
2.25526E+09 2.19252E+09 % U238
0.00000E+00 0.00000E+00 % lost data
5.31717E+10 3.52914E+18 % total
];

MAT_un_ING_TOX = [
1.89399E+03 1.37479E+03 % U235
1.14605E+03 1.11417E+03 % U238
0.00000E+00 0.00000E+00 % lost data
3.04004E+03 2.23542E+09 % total
];

MAT_un_INH_TOX = [
3.42531E+05 2.48633E+05 % U235
2.03742E+05 1.98074E+05 % U238
0.00000E+00 0.00000E+00 % lost data
5.46272E+05 8.02922E+10 % total
];

TOT_VOLUME = [ 2.67124E+05 2.67124E+05 ];

TOT_BURNUP = [ 0.00000E+00 4.29117E+01 ];

TOT_ADENS = [
4.83387E-03 3.50876E-03 % U235
1.93936E-02 1.88541E-02 % U238
0.00000E+00 4.36026E-30 % lost data
7.26897E-02 7.38016E-02 % total
];

TOT_MASS = [
5.03980E+05 3.65824E+05 % U235
2.04785E+06 1.99088E+06 % U238
0.00000E+00 0.00000E+00 % lost data
2.88494E+06 2.88456E+06 % total
];

TOT_A = [
4.02977E+10 2.92509E+10 % U235
2.54677E+10 2.47592E+10 % U238
0.00000E+00 0.00000E+00 % lost data
6.57654E+10 3.28291E+18 % total
];

TOT_H = [
3.02088E-02 2.19277E-02 % U235
1.74235E-02 1.69388E-02 % U238
0.00000E+00 0.00000E+00 % lost data
4.76323E-02 9.64628E+05 % total
];

TOT_SF = [
2.90144E+00 2.10607E+00 % U235
1.39054E+04 1.35185E+04 % U238
0.00000E+00 0.00000E+00 % lost data
1.39083E+04 1.03895E+08 % total
];

TOT_GSRC = [
5.09164E+10 3.69587E+10 % U235
2.25526E+09 2.19252E+09 % U238
0.00000E+00 0.00000E+00 % lost data
5.31717E+10 3.52914E+18 % total
];

TOT_ING_TOX = [
1.89399E+03 1.37479E+03 % U235
1.14605E+03 1.11417E+03 % U238
0.00000E+00 0.00000E+00 % lost data
3.04004E+03 2.23542E+09 % total
];

TOT_INH_TOX = [
3.42531E+05 2.48633E+05 % U235
2.03742E+05 1.98074E+05 % U238
0.00000E+00 0.00000E+00 % lost data
5.46272E+05 8.02922E+10 % total
];

BU = [ 0.00000E+00 4.29105E+01 ];

DAYS = [ 0.00000E+00 7.30000E+03 ];
