
ZAI = [
922350
922380
666
0
];

NAMES = [
'U235            '
'U238            '
'lost            '
'total           '
];

i922350 = 1; iU235             = 1;
i922380 = 2; iU238             = 2;
iLOST    = 3;
iTOT     = 4;

MAT_un_VOLUME = [ 2.67653E+05 2.67653E+05 ];

MAT_un_BURNUP = [ 0.00000E+00 4.28269E+01 ];

MAT_un_ADENS = [
4.83387E-03 3.51116E-03 % U235
1.93936E-02 1.88555E-02 % U238
0.00000E+00 3.63374E-30 % lost data
7.26897E-02 7.37994E-02 % total
];

MAT_un_MDENS = [
1.88669E+00 1.37043E+00 % U235
7.66628E+00 7.45357E+00 % U238
0.00000E+00 0.00000E+00 % lost data
1.08000E+01 1.07986E+01 % total
];

MAT_un_A = [
4.03776E+10 2.93289E+10 % U235
2.55182E+10 2.48102E+10 % U238
0.00000E+00 0.00000E+00 % lost data
6.58958E+10 3.28249E+18 % total
];

MAT_un_H = [
3.02687E-02 2.19861E-02 % U235
1.74581E-02 1.69737E-02 % U238
0.00000E+00 0.00000E+00 % lost data
4.77268E-02 9.64632E+05 % total
];

MAT_un_SF = [
2.90719E+00 2.11168E+00 % U235
1.39329E+04 1.35464E+04 % U238
0.00000E+00 0.00000E+00 % lost data
1.39359E+04 1.03536E+08 % total
];

MAT_un_GSRC = [
5.10174E+10 3.70573E+10 % U235
2.25973E+09 2.19703E+09 % U238
0.00000E+00 0.00000E+00 % lost data
5.32771E+10 3.52866E+18 % total
];

MAT_un_ING_TOX = [
1.89775E+03 1.37846E+03 % U235
1.14832E+03 1.11646E+03 % U238
0.00000E+00 0.00000E+00 % lost data
3.04607E+03 2.23467E+09 % total
];

MAT_un_INH_TOX = [
3.43210E+05 2.49296E+05 % U235
2.04146E+05 1.98481E+05 % U238
0.00000E+00 0.00000E+00 % lost data
5.47355E+05 8.00916E+10 % total
];

TOT_VOLUME = [ 2.67653E+05 2.67653E+05 ];

TOT_BURNUP = [ 0.00000E+00 4.28269E+01 ];

TOT_ADENS = [
4.83387E-03 3.51116E-03 % U235
1.93936E-02 1.88555E-02 % U238
0.00000E+00 3.63374E-30 % lost data
7.26897E-02 7.37994E-02 % total
];

TOT_MASS = [
5.04979E+05 3.66799E+05 % U235
2.05191E+06 1.99497E+06 % U238
0.00000E+00 0.00000E+00 % lost data
2.89066E+06 2.89028E+06 % total
];

TOT_A = [
4.03776E+10 2.93289E+10 % U235
2.55182E+10 2.48102E+10 % U238
0.00000E+00 0.00000E+00 % lost data
6.58958E+10 3.28249E+18 % total
];

TOT_H = [
3.02687E-02 2.19861E-02 % U235
1.74581E-02 1.69737E-02 % U238
0.00000E+00 0.00000E+00 % lost data
4.77268E-02 9.64632E+05 % total
];

TOT_SF = [
2.90719E+00 2.11168E+00 % U235
1.39329E+04 1.35464E+04 % U238
0.00000E+00 0.00000E+00 % lost data
1.39359E+04 1.03536E+08 % total
];

TOT_GSRC = [
5.10174E+10 3.70573E+10 % U235
2.25973E+09 2.19703E+09 % U238
0.00000E+00 0.00000E+00 % lost data
5.32771E+10 3.52866E+18 % total
];

TOT_ING_TOX = [
1.89775E+03 1.37846E+03 % U235
1.14832E+03 1.11646E+03 % U238
0.00000E+00 0.00000E+00 % lost data
3.04607E+03 2.23467E+09 % total
];

TOT_INH_TOX = [
3.43210E+05 2.49296E+05 % U235
2.04146E+05 1.98481E+05 % U238
0.00000E+00 0.00000E+00 % lost data
5.47355E+05 8.00916E+10 % total
];

BU = [ 0.00000E+00 4.28256E+01 ];

DAYS = [ 0.00000E+00 7.30000E+03 ];
