
ZAI = [
922350
922380
666
0
];

NAMES = [
'U235            '
'U238            '
'lost            '
'total           '
];

i922350 = 1; iU235             = 1;
i922380 = 2; iU238             = 2;
iLOST    = 3;
iTOT     = 4;

MAT_un_VOLUME = [ 2.67361E+05 2.67361E+05 ];

MAT_un_BURNUP = [ 0.00000E+00 4.28736E+01 ];

MAT_un_ADENS = [
4.83387E-03 3.50990E-03 % U235
1.93936E-02 1.88552E-02 % U238
0.00000E+00 3.43099E-30 % lost data
7.26897E-02 7.38006E-02 % total
];

MAT_un_MDENS = [
1.88669E+00 1.36994E+00 % U235
7.66628E+00 7.45343E+00 % U238
0.00000E+00 0.00000E+00 % lost data
1.08000E+01 1.07986E+01 % total
];

MAT_un_A = [
4.03336E+10 2.92865E+10 % U235
2.54904E+10 2.47827E+10 % U238
0.00000E+00 0.00000E+00 % lost data
6.58240E+10 3.28185E+18 % total
];

MAT_un_H = [
3.02357E-02 2.19543E-02 % U235
1.74390E-02 1.69549E-02 % U238
0.00000E+00 0.00000E+00 % lost data
4.76747E-02 9.64504E+05 % total
];

MAT_un_SF = [
2.90402E+00 2.10863E+00 % U235
1.39178E+04 1.35313E+04 % U238
0.00000E+00 0.00000E+00 % lost data
1.39207E+04 1.03747E+08 % total
];

MAT_un_GSRC = [
5.09617E+10 3.70037E+10 % U235
2.25727E+09 2.19460E+09 % U238
0.00000E+00 0.00000E+00 % lost data
5.32190E+10 3.52791E+18 % total
];

MAT_un_ING_TOX = [
1.89568E+03 1.37646E+03 % U235
1.14707E+03 1.11522E+03 % U238
0.00000E+00 0.00000E+00 % lost data
3.04275E+03 2.23459E+09 % total
];

MAT_un_INH_TOX = [
3.42835E+05 2.48935E+05 % U235
2.03923E+05 1.98261E+05 % U238
0.00000E+00 0.00000E+00 % lost data
5.46758E+05 8.01515E+10 % total
];

TOT_VOLUME = [ 2.67361E+05 2.67361E+05 ];

TOT_BURNUP = [ 0.00000E+00 4.28736E+01 ];

TOT_ADENS = [
4.83387E-03 3.50990E-03 % U235
1.93936E-02 1.88552E-02 % U238
0.00000E+00 3.43099E-30 % lost data
7.26897E-02 7.38006E-02 % total
];

TOT_MASS = [
5.04428E+05 3.66269E+05 % U235
2.04967E+06 1.99276E+06 % U238
0.00000E+00 0.00000E+00 % lost data
2.88750E+06 2.88713E+06 % total
];

TOT_A = [
4.03336E+10 2.92865E+10 % U235
2.54904E+10 2.47827E+10 % U238
0.00000E+00 0.00000E+00 % lost data
6.58240E+10 3.28185E+18 % total
];

TOT_H = [
3.02357E-02 2.19543E-02 % U235
1.74390E-02 1.69549E-02 % U238
0.00000E+00 0.00000E+00 % lost data
4.76747E-02 9.64504E+05 % total
];

TOT_SF = [
2.90402E+00 2.10863E+00 % U235
1.39178E+04 1.35313E+04 % U238
0.00000E+00 0.00000E+00 % lost data
1.39207E+04 1.03747E+08 % total
];

TOT_GSRC = [
5.09617E+10 3.70037E+10 % U235
2.25727E+09 2.19460E+09 % U238
0.00000E+00 0.00000E+00 % lost data
5.32190E+10 3.52791E+18 % total
];

TOT_ING_TOX = [
1.89568E+03 1.37646E+03 % U235
1.14707E+03 1.11522E+03 % U238
0.00000E+00 0.00000E+00 % lost data
3.04275E+03 2.23459E+09 % total
];

TOT_INH_TOX = [
3.42835E+05 2.48935E+05 % U235
2.03923E+05 1.98261E+05 % U238
0.00000E+00 0.00000E+00 % lost data
5.46758E+05 8.01515E+10 % total
];

BU = [ 0.00000E+00 4.28723E+01 ];

DAYS = [ 0.00000E+00 7.30000E+03 ];
