
DETassem1 = [
    1    1    1    1    1    1    1    1    1    1  0.00000E+00 0.00000 
    2    1    1    1    1    1    1    1    1    2  0.00000E+00 0.00000 
    3    1    1    1    1    1    1    1    1    3  0.00000E+00 0.00000 
    4    1    1    1    1    1    1    1    1    4  0.00000E+00 0.00000 
    5    1    1    1    1    1    1    1    1    5  0.00000E+00 0.00000 
    6    1    1    1    1    1    1    1    1    6  0.00000E+00 0.00000 
    7    1    1    1    1    1    1    1    1    7  0.00000E+00 0.00000 
    8    1    1    1    1    1    1    1    1    8  1.82061E+04 0.00373 
    9    1    1    1    1    1    1    1    1    9  1.38742E+04 0.00408 
   10    1    1    1    1    1    1    1    1   10  0.00000E+00 0.00000 
   11    1    1    1    1    1    1    1    1   11  1.00055E+04 0.00439 
   12    1    1    1    1    1    1    1    2    1  1.95815E+04 0.00365 
   13    1    1    1    1    1    1    1    2    2  0.00000E+00 0.00000 
   14    1    1    1    1    1    1    1    2    3  0.00000E+00 0.00000 
   15    1    1    1    1    1    1    1    2    4  0.00000E+00 0.00000 
   16    1    1    1    1    1    1    1    2    5  0.00000E+00 0.00000 
   17    1    1    1    1    1    1    1    2    6  1.96318E+04 0.00358 
   18    1    1    1    1    1    1    1    2    7  1.57653E+04 0.00384 
   19    1    1    1    1    1    1    1    2    8  0.00000E+00 0.00000 
   20    1    1    1    1    1    1    1    2    9  1.12618E+04 0.00427 
   21    1    1    1    1    1    1    1    2   10  1.00396E+04 0.00437 
   22    1    1    1    1    1    1    1    2   11  0.00000E+00 0.00000 
   23    1    1    1    1    1    1    1    3    1  1.58323E+04 0.00388 
   24    1    1    1    1    1    1    1    3    2  1.82517E+04 0.00370 
   25    1    1    1    1    1    1    1    3    3  0.00000E+00 0.00000 
   26    1    1    1    1    1    1    1    3    4  1.82234E+04 0.00363 
   27    1    1    1    1    1    1    1    3    5  1.57161E+04 0.00375 
   28    1    1    1    1    1    1    1    3    6  0.00000E+00 0.00000 
   29    1    1    1    1    1    1    1    3    7  1.20100E+04 0.00419 
   30    1    1    1    1    1    1    1    3    8  1.07260E+04 0.00435 
   31    1    1    1    1    1    1    1    3    9  0.00000E+00 0.00000 
   32    1    1    1    1    1    1    1    3   10  9.18788E+03 0.00457 
   33    1    1    1    1    1    1    1    3   11  8.81850E+03 0.00458 
   34    1    1    1    1    1    1    1    4    1  0.00000E+00 0.00000 
   35    1    1    1    1    1    1    1    4    2  1.38117E+04 0.00407 
   36    1    1    1    1    1    1    1    4    3  1.39549E+04 0.00396 
   37    1    1    1    1    1    1    1    4    4  0.00000E+00 0.00000 
   38    1    1    1    1    1    1    1    4    5  1.19569E+04 0.00410 
   39    1    1    1    1    1    1    1    4    6  1.09649E+04 0.00432 
   40    1    1    1    1    1    1    1    4    7  0.00000E+00 0.00000 
   41    1    1    1    1    1    1    1    4    8  9.56544E+03 0.00445 
   42    1    1    1    1    1    1    1    4    9  9.01930E+03 0.00452 
   43    1    1    1    1    1    1    1    4   10  0.00000E+00 0.00000 
   44    1    1    1    1    1    1    1    4   11  8.56487E+03 0.00469 
   45    1    1    1    1    1    1    1    5    1  1.11817E+04 0.00426 
   46    1    1    1    1    1    1    1    5    2  0.00000E+00 0.00000 
   47    1    1    1    1    1    1    1    5    3  1.12602E+04 0.00431 
   48    1    1    1    1    1    1    1    5    4  1.07070E+04 0.00439 
   49    1    1    1    1    1    1    1    5    5  0.00000E+00 0.00000 
   50    1    1    1    1    1    1    1    5    6  9.60925E+03 0.00456 
   51    1    1    1    1    1    1    1    5    7  9.22465E+03 0.00449 
   52    1    1    1    1    1    1    1    5    8  0.00000E+00 0.00000 
   53    1    1    1    1    1    1    1    5    9  8.60324E+03 0.00458 
   54    1    1    1    1    1    1    1    5   10  8.44874E+03 0.00473 
   55    1    1    1    1    1    1    1    5   11  0.00000E+00 0.00000 
   56    1    1    1    1    1    1    1    6    1  1.00456E+04 0.00443 
   57    1    1    1    1    1    1    1    6    2  1.00246E+04 0.00443 
   58    1    1    1    1    1    1    1    6    3  0.00000E+00 0.00000 
   59    1    1    1    1    1    1    1    6    4  9.55001E+03 0.00454 
   60    1    1    1    1    1    1    1    6    5  9.21882E+03 0.00445 
   61    1    1    1    1    1    1    1    6    6  0.00000E+00 0.00000 
   62    1    1    1    1    1    1    1    6    7  8.75810E+03 0.00460 
   63    1    1    1    1    1    1    1    6    8  8.50378E+03 0.00464 
   64    1    1    1    1    1    1    1    6    9  0.00000E+00 0.00000 
   65    1    1    1    1    1    1    1    6   10  8.25164E+03 0.00469 
   66    1    1    1    1    1    1    1    6   11  8.20613E+03 0.00471 
   67    1    1    1    1    1    1    1    7    1  0.00000E+00 0.00000 
   68    1    1    1    1    1    1    1    7    2  9.21431E+03 0.00451 
   69    1    1    1    1    1    1    1    7    3  9.07011E+03 0.00447 
   70    1    1    1    1    1    1    1    7    4  0.00000E+00 0.00000 
   71    1    1    1    1    1    1    1    7    5  8.70399E+03 0.00462 
   72    1    1    1    1    1    1    1    7    6  8.52888E+03 0.00456 
   73    1    1    1    1    1    1    1    7    7  0.00000E+00 0.00000 
   74    1    1    1    1    1    1    1    7    8  8.19925E+03 0.00468 
   75    1    1    1    1    1    1    1    7    9  8.12985E+03 0.00472 
   76    1    1    1    1    1    1    1    7   10  0.00000E+00 0.00000 
   77    1    1    1    1    1    1    1    7   11  8.03284E+03 0.00478 
   78    1    1    1    1    1    1    1    8    1  8.82007E+03 0.00459 
   79    1    1    1    1    1    1    1    8    2  0.00000E+00 0.00000 
   80    1    1    1    1    1    1    1    8    3  8.58159E+03 0.00461 
   81    1    1    1    1    1    1    1    8    4  8.43930E+03 0.00458 
   82    1    1    1    1    1    1    1    8    5  0.00000E+00 0.00000 
   83    1    1    1    1    1    1    1    8    6  8.29573E+03 0.00459 
   84    1    1    1    1    1    1    1    8    7  8.08523E+03 0.00479 
   85    1    1    1    1    1    1    1    8    8  0.00000E+00 0.00000 
   86    1    1    1    1    1    1    1    8    9  8.02728E+03 0.00474 
   87    1    1    1    1    1    1    1    8   10  7.89522E+03 0.00480 
   88    1    1    1    1    1    1    1    8   11  0.00000E+00 0.00000 
   89    1    1    1    1    1    1    1    9    1  8.57294E+03 0.00459 
   90    1    1    1    1    1    1    1    9    2  8.41134E+03 0.00462 
   91    1    1    1    1    1    1    1    9    3  0.00000E+00 0.00000 
   92    1    1    1    1    1    1    1    9    4  8.20104E+03 0.00473 
   93    1    1    1    1    1    1    1    9    5  8.11537E+03 0.00462 
   94    1    1    1    1    1    1    1    9    6  0.00000E+00 0.00000 
   95    1    1    1    1    1    1    1    9    7  7.98764E+03 0.00476 
   96    1    1    1    1    1    1    1    9    8  7.94366E+03 0.00476 
   97    1    1    1    1    1    1    1    9    9  0.00000E+00 0.00000 
   98    1    1    1    1    1    1    1    9   10  7.72718E+03 0.00480 
   99    1    1    1    1    1    1    1    9   11  7.75468E+03 0.00483 
  100    1    1    1    1    1    1    1   10    1  0.00000E+00 0.00000 
  101    1    1    1    1    1    1    1   10    2  8.15646E+03 0.00482 
  102    1    1    1    1    1    1    1   10    3  8.21506E+03 0.00468 
  103    1    1    1    1    1    1    1   10    4  0.00000E+00 0.00000 
  104    1    1    1    1    1    1    1   10    5  7.97803E+03 0.00465 
  105    1    1    1    1    1    1    1   10    6  7.95016E+03 0.00476 
  106    1    1    1    1    1    1    1   10    7  0.00000E+00 0.00000 
  107    1    1    1    1    1    1    1   10    8  7.71507E+03 0.00465 
  108    1    1    1    1    1    1    1   10    9  7.66236E+03 0.00478 
  109    1    1    1    1    1    1    1   10   10  0.00000E+00 0.00000 
