
DETassem1 = [
    1    1    1    1    1    1    1    1    1    1  0.00000E+00 0.00000 
    2    1    1    1    1    1    1    1    1    2  0.00000E+00 0.00000 
    3    1    1    1    1    1    1    1    1    3  0.00000E+00 0.00000 
    4    1    1    1    1    1    1    1    1    4  0.00000E+00 0.00000 
    5    1    1    1    1    1    1    1    1    5  0.00000E+00 0.00000 
    6    1    1    1    1    1    1    1    1    6  0.00000E+00 0.00000 
    7    1    1    1    1    1    1    1    1    7  0.00000E+00 0.00000 
    8    1    1    1    1    1    1    1    1    8  1.76291E+04 0.00361 
    9    1    1    1    1    1    1    1    1    9  1.36423E+04 0.00383 
   10    1    1    1    1    1    1    1    1   10  0.00000E+00 0.00000 
   11    1    1    1    1    1    1    1    1   11  1.02565E+04 0.00430 
   12    1    1    1    1    1    1    1    2    1  1.90017E+04 0.00350 
   13    1    1    1    1    1    1    1    2    2  0.00000E+00 0.00000 
   14    1    1    1    1    1    1    1    2    3  0.00000E+00 0.00000 
   15    1    1    1    1    1    1    1    2    4  0.00000E+00 0.00000 
   16    1    1    1    1    1    1    1    2    5  0.00000E+00 0.00000 
   17    1    1    1    1    1    1    1    2    6  1.89500E+04 0.00350 
   18    1    1    1    1    1    1    1    2    7  1.55346E+04 0.00373 
   19    1    1    1    1    1    1    1    2    8  0.00000E+00 0.00000 
   20    1    1    1    1    1    1    1    2    9  1.13710E+04 0.00413 
   21    1    1    1    1    1    1    1    2   10  1.02395E+04 0.00419 
   22    1    1    1    1    1    1    1    2   11  0.00000E+00 0.00000 
   23    1    1    1    1    1    1    1    3    1  1.55455E+04 0.00372 
   24    1    1    1    1    1    1    1    3    2  1.76884E+04 0.00351 
   25    1    1    1    1    1    1    1    3    3  0.00000E+00 0.00000 
   26    1    1    1    1    1    1    1    3    4  1.76871E+04 0.00356 
   27    1    1    1    1    1    1    1    3    5  1.55387E+04 0.00373 
   28    1    1    1    1    1    1    1    3    6  0.00000E+00 0.00000 
   29    1    1    1    1    1    1    1    3    7  1.21576E+04 0.00413 
   30    1    1    1    1    1    1    1    3    8  1.09649E+04 0.00414 
   31    1    1    1    1    1    1    1    3    9  0.00000E+00 0.00000 
   32    1    1    1    1    1    1    1    3   10  9.54540E+03 0.00438 
   33    1    1    1    1    1    1    1    3   11  9.13466E+03 0.00441 
   34    1    1    1    1    1    1    1    4    1  0.00000E+00 0.00000 
   35    1    1    1    1    1    1    1    4    2  1.36864E+04 0.00388 
   36    1    1    1    1    1    1    1    4    3  1.38145E+04 0.00388 
   37    1    1    1    1    1    1    1    4    4  0.00000E+00 0.00000 
   38    1    1    1    1    1    1    1    4    5  1.21206E+04 0.00399 
   39    1    1    1    1    1    1    1    4    6  1.12434E+04 0.00416 
   40    1    1    1    1    1    1    1    4    7  0.00000E+00 0.00000 
   41    1    1    1    1    1    1    1    4    8  9.83789E+03 0.00426 
   42    1    1    1    1    1    1    1    4    9  9.33164E+03 0.00432 
   43    1    1    1    1    1    1    1    4   10  0.00000E+00 0.00000 
   44    1    1    1    1    1    1    1    4   11  8.88157E+03 0.00436 
   45    1    1    1    1    1    1    1    5    1  1.13647E+04 0.00402 
   46    1    1    1    1    1    1    1    5    2  0.00000E+00 0.00000 
   47    1    1    1    1    1    1    1    5    3  1.13733E+04 0.00412 
   48    1    1    1    1    1    1    1    5    4  1.09539E+04 0.00419 
   49    1    1    1    1    1    1    1    5    5  0.00000E+00 0.00000 
   50    1    1    1    1    1    1    1    5    6  9.99042E+03 0.00431 
   51    1    1    1    1    1    1    1    5    7  9.54374E+03 0.00426 
   52    1    1    1    1    1    1    1    5    8  0.00000E+00 0.00000 
   53    1    1    1    1    1    1    1    5    9  8.96650E+03 0.00430 
   54    1    1    1    1    1    1    1    5   10  8.75809E+03 0.00443 
   55    1    1    1    1    1    1    1    5   11  0.00000E+00 0.00000 
   56    1    1    1    1    1    1    1    6    1  1.02277E+04 0.00422 
   57    1    1    1    1    1    1    1    6    2  1.02724E+04 0.00432 
   58    1    1    1    1    1    1    1    6    3  0.00000E+00 0.00000 
   59    1    1    1    1    1    1    1    6    4  9.78753E+03 0.00432 
   60    1    1    1    1    1    1    1    6    5  9.52775E+03 0.00430 
   61    1    1    1    1    1    1    1    6    6  0.00000E+00 0.00000 
   62    1    1    1    1    1    1    1    6    7  9.05349E+03 0.00439 
   63    1    1    1    1    1    1    1    6    8  8.78568E+03 0.00447 
   64    1    1    1    1    1    1    1    6    9  0.00000E+00 0.00000 
   65    1    1    1    1    1    1    1    6   10  8.50621E+03 0.00458 
   66    1    1    1    1    1    1    1    6   11  8.44299E+03 0.00457 
   67    1    1    1    1    1    1    1    7    1  0.00000E+00 0.00000 
   68    1    1    1    1    1    1    1    7    2  9.59219E+03 0.00433 
   69    1    1    1    1    1    1    1    7    3  9.33172E+03 0.00441 
   70    1    1    1    1    1    1    1    7    4  0.00000E+00 0.00000 
   71    1    1    1    1    1    1    1    7    5  8.97878E+03 0.00442 
   72    1    1    1    1    1    1    1    7    6  8.86069E+03 0.00437 
   73    1    1    1    1    1    1    1    7    7  0.00000E+00 0.00000 
   74    1    1    1    1    1    1    1    7    8  8.56604E+03 0.00445 
   75    1    1    1    1    1    1    1    7    9  8.49557E+03 0.00450 
   76    1    1    1    1    1    1    1    7   10  0.00000E+00 0.00000 
   77    1    1    1    1    1    1    1    7   11  8.28564E+03 0.00456 
   78    1    1    1    1    1    1    1    8    1  9.09454E+03 0.00431 
   79    1    1    1    1    1    1    1    8    2  0.00000E+00 0.00000 
   80    1    1    1    1    1    1    1    8    3  8.88551E+03 0.00449 
   81    1    1    1    1    1    1    1    8    4  8.76492E+03 0.00444 
   82    1    1    1    1    1    1    1    8    5  0.00000E+00 0.00000 
   83    1    1    1    1    1    1    1    8    6  8.43113E+03 0.00448 
   84    1    1    1    1    1    1    1    8    7  8.42789E+03 0.00453 
   85    1    1    1    1    1    1    1    8    8  0.00000E+00 0.00000 
   86    1    1    1    1    1    1    1    8    9  8.20136E+03 0.00460 
   87    1    1    1    1    1    1    1    8   10  8.10774E+03 0.00468 
   88    1    1    1    1    1    1    1    8   11  0.00000E+00 0.00000 
   89    1    1    1    1    1    1    1    9    1  8.87926E+03 0.00451 
   90    1    1    1    1    1    1    1    9    2  8.70747E+03 0.00443 
   91    1    1    1    1    1    1    1    9    3  0.00000E+00 0.00000 
   92    1    1    1    1    1    1    1    9    4  8.56289E+03 0.00450 
   93    1    1    1    1    1    1    1    9    5  8.38987E+03 0.00453 
   94    1    1    1    1    1    1    1    9    6  0.00000E+00 0.00000 
   95    1    1    1    1    1    1    1    9    7  8.17054E+03 0.00453 
   96    1    1    1    1    1    1    1    9    8  8.05996E+03 0.00459 
   97    1    1    1    1    1    1    1    9    9  0.00000E+00 0.00000 
   98    1    1    1    1    1    1    1    9   10  8.00252E+03 0.00460 
   99    1    1    1    1    1    1    1    9   11  7.92021E+03 0.00457 
  100    1    1    1    1    1    1    1   10    1  0.00000E+00 0.00000 
  101    1    1    1    1    1    1    1   10    2  8.58721E+03 0.00444 
  102    1    1    1    1    1    1    1   10    3  8.40780E+03 0.00449 
  103    1    1    1    1    1    1    1   10    4  0.00000E+00 0.00000 
  104    1    1    1    1    1    1    1   10    5  8.20423E+03 0.00471 
  105    1    1    1    1    1    1    1   10    6  8.12539E+03 0.00465 
  106    1    1    1    1    1    1    1   10    7  0.00000E+00 0.00000 
  107    1    1    1    1    1    1    1   10    8  7.99885E+03 0.00463 
  108    1    1    1    1    1    1    1   10    9  7.82925E+03 0.00464 
  109    1    1    1    1    1    1    1   10   10  0.00000E+00 0.00000 
