
DETassem1 = [
    1    1    1    1    1    1    1    1    1    1  0.00000E+00 0.00000 
    2    1    1    1    1    1    1    1    1    2  0.00000E+00 0.00000 
    3    1    1    1    1    1    1    1    1    3  0.00000E+00 0.00000 
    4    1    1    1    1    1    1    1    1    4  0.00000E+00 0.00000 
    5    1    1    1    1    1    1    1    1    5  0.00000E+00 0.00000 
    6    1    1    1    1    1    1    1    1    6  0.00000E+00 0.00000 
    7    1    1    1    1    1    1    1    1    7  0.00000E+00 0.00000 
    8    1    1    1    1    1    1    1    1    8  1.82388E+04 0.00363 
    9    1    1    1    1    1    1    1    1    9  1.37767E+04 0.00396 
   10    1    1    1    1    1    1    1    1   10  0.00000E+00 0.00000 
   11    1    1    1    1    1    1    1    1   11  9.99754E+03 0.00457 
   12    1    1    1    1    1    1    1    2    1  1.93658E+04 0.00362 
   13    1    1    1    1    1    1    1    2    2  0.00000E+00 0.00000 
   14    1    1    1    1    1    1    1    2    3  0.00000E+00 0.00000 
   15    1    1    1    1    1    1    1    2    4  0.00000E+00 0.00000 
   16    1    1    1    1    1    1    1    2    5  0.00000E+00 0.00000 
   17    1    1    1    1    1    1    1    2    6  1.93328E+04 0.00358 
   18    1    1    1    1    1    1    1    2    7  1.54810E+04 0.00387 
   19    1    1    1    1    1    1    1    2    8  0.00000E+00 0.00000 
   20    1    1    1    1    1    1    1    2    9  1.11493E+04 0.00428 
   21    1    1    1    1    1    1    1    2   10  9.96537E+03 0.00439 
   22    1    1    1    1    1    1    1    2   11  0.00000E+00 0.00000 
   23    1    1    1    1    1    1    1    3    1  1.55570E+04 0.00391 
   24    1    1    1    1    1    1    1    3    2  1.80611E+04 0.00377 
   25    1    1    1    1    1    1    1    3    3  0.00000E+00 0.00000 
   26    1    1    1    1    1    1    1    3    4  1.80183E+04 0.00368 
   27    1    1    1    1    1    1    1    3    5  1.55653E+04 0.00377 
   28    1    1    1    1    1    1    1    3    6  0.00000E+00 0.00000 
   29    1    1    1    1    1    1    1    3    7  1.19227E+04 0.00418 
   30    1    1    1    1    1    1    1    3    8  1.07455E+04 0.00442 
   31    1    1    1    1    1    1    1    3    9  0.00000E+00 0.00000 
   32    1    1    1    1    1    1    1    3   10  9.15627E+03 0.00451 
   33    1    1    1    1    1    1    1    3   11  8.78261E+03 0.00470 
   34    1    1    1    1    1    1    1    4    1  0.00000E+00 0.00000 
   35    1    1    1    1    1    1    1    4    2  1.39440E+04 0.00405 
   36    1    1    1    1    1    1    1    4    3  1.38721E+04 0.00398 
   37    1    1    1    1    1    1    1    4    4  0.00000E+00 0.00000 
   38    1    1    1    1    1    1    1    4    5  1.19898E+04 0.00417 
   39    1    1    1    1    1    1    1    4    6  1.10311E+04 0.00433 
   40    1    1    1    1    1    1    1    4    7  0.00000E+00 0.00000 
   41    1    1    1    1    1    1    1    4    8  9.46707E+03 0.00444 
   42    1    1    1    1    1    1    1    4    9  9.05437E+03 0.00461 
   43    1    1    1    1    1    1    1    4   10  0.00000E+00 0.00000 
   44    1    1    1    1    1    1    1    4   11  8.56972E+03 0.00458 
   45    1    1    1    1    1    1    1    5    1  1.11600E+04 0.00432 
   46    1    1    1    1    1    1    1    5    2  0.00000E+00 0.00000 
   47    1    1    1    1    1    1    1    5    3  1.11034E+04 0.00432 
   48    1    1    1    1    1    1    1    5    4  1.06919E+04 0.00443 
   49    1    1    1    1    1    1    1    5    5  0.00000E+00 0.00000 
   50    1    1    1    1    1    1    1    5    6  9.61724E+03 0.00447 
   51    1    1    1    1    1    1    1    5    7  9.11964E+03 0.00461 
   52    1    1    1    1    1    1    1    5    8  0.00000E+00 0.00000 
   53    1    1    1    1    1    1    1    5    9  8.55851E+03 0.00462 
   54    1    1    1    1    1    1    1    5   10  8.49307E+03 0.00460 
   55    1    1    1    1    1    1    1    5   11  0.00000E+00 0.00000 
   56    1    1    1    1    1    1    1    6    1  9.97836E+03 0.00444 
   57    1    1    1    1    1    1    1    6    2  1.00012E+04 0.00442 
   58    1    1    1    1    1    1    1    6    3  0.00000E+00 0.00000 
   59    1    1    1    1    1    1    1    6    4  9.49434E+03 0.00442 
   60    1    1    1    1    1    1    1    6    5  9.16997E+03 0.00456 
   61    1    1    1    1    1    1    1    6    6  0.00000E+00 0.00000 
   62    1    1    1    1    1    1    1    6    7  8.56141E+03 0.00461 
   63    1    1    1    1    1    1    1    6    8  8.41268E+03 0.00458 
   64    1    1    1    1    1    1    1    6    9  0.00000E+00 0.00000 
   65    1    1    1    1    1    1    1    6   10  8.33637E+03 0.00476 
   66    1    1    1    1    1    1    1    6   11  8.18482E+03 0.00475 
   67    1    1    1    1    1    1    1    7    1  0.00000E+00 0.00000 
   68    1    1    1    1    1    1    1    7    2  9.21506E+03 0.00454 
   69    1    1    1    1    1    1    1    7    3  9.09131E+03 0.00452 
   70    1    1    1    1    1    1    1    7    4  0.00000E+00 0.00000 
   71    1    1    1    1    1    1    1    7    5  8.59349E+03 0.00464 
   72    1    1    1    1    1    1    1    7    6  8.45725E+03 0.00451 
   73    1    1    1    1    1    1    1    7    7  0.00000E+00 0.00000 
   74    1    1    1    1    1    1    1    7    8  8.19943E+03 0.00463 
   75    1    1    1    1    1    1    1    7    9  8.14561E+03 0.00480 
   76    1    1    1    1    1    1    1    7   10  0.00000E+00 0.00000 
   77    1    1    1    1    1    1    1    7   11  8.11272E+03 0.00475 
   78    1    1    1    1    1    1    1    8    1  8.77016E+03 0.00464 
   79    1    1    1    1    1    1    1    8    2  0.00000E+00 0.00000 
   80    1    1    1    1    1    1    1    8    3  8.57529E+03 0.00470 
   81    1    1    1    1    1    1    1    8    4  8.46487E+03 0.00465 
   82    1    1    1    1    1    1    1    8    5  0.00000E+00 0.00000 
   83    1    1    1    1    1    1    1    8    6  8.21612E+03 0.00473 
   84    1    1    1    1    1    1    1    8    7  8.13419E+03 0.00464 
   85    1    1    1    1    1    1    1    8    8  0.00000E+00 0.00000 
   86    1    1    1    1    1    1    1    8    9  7.99380E+03 0.00484 
   87    1    1    1    1    1    1    1    8   10  7.97635E+03 0.00479 
   88    1    1    1    1    1    1    1    8   11  0.00000E+00 0.00000 
   89    1    1    1    1    1    1    1    9    1  8.47863E+03 0.00467 
   90    1    1    1    1    1    1    1    9    2  8.53349E+03 0.00473 
   91    1    1    1    1    1    1    1    9    3  0.00000E+00 0.00000 
   92    1    1    1    1    1    1    1    9    4  8.25668E+03 0.00470 
   93    1    1    1    1    1    1    1    9    5  8.12498E+03 0.00463 
   94    1    1    1    1    1    1    1    9    6  0.00000E+00 0.00000 
   95    1    1    1    1    1    1    1    9    7  7.89989E+03 0.00476 
   96    1    1    1    1    1    1    1    9    8  7.90470E+03 0.00479 
   97    1    1    1    1    1    1    1    9    9  0.00000E+00 0.00000 
   98    1    1    1    1    1    1    1    9   10  7.75131E+03 0.00485 
   99    1    1    1    1    1    1    1    9   11  7.75416E+03 0.00485 
  100    1    1    1    1    1    1    1   10    1  0.00000E+00 0.00000 
  101    1    1    1    1    1    1    1   10    2  8.34279E+03 0.00472 
  102    1    1    1    1    1    1    1   10    3  8.13311E+03 0.00467 
  103    1    1    1    1    1    1    1   10    4  0.00000E+00 0.00000 
  104    1    1    1    1    1    1    1   10    5  7.85732E+03 0.00465 
  105    1    1    1    1    1    1    1   10    6  7.89381E+03 0.00474 
  106    1    1    1    1    1    1    1   10    7  0.00000E+00 0.00000 
  107    1    1    1    1    1    1    1   10    8  7.68291E+03 0.00489 
  108    1    1    1    1    1    1    1   10    9  7.71523E+03 0.00490 
  109    1    1    1    1    1    1    1   10   10  0.00000E+00 0.00000 
