
DETassem1 = [
    1    1    1    1    1    1    1    1    1    1  0.00000E+00 0.00000 
    2    1    1    1    1    1    1    1    1    2  0.00000E+00 0.00000 
    3    1    1    1    1    1    1    1    1    3  0.00000E+00 0.00000 
    4    1    1    1    1    1    1    1    1    4  0.00000E+00 0.00000 
    5    1    1    1    1    1    1    1    1    5  0.00000E+00 0.00000 
    6    1    1    1    1    1    1    1    1    6  0.00000E+00 0.00000 
    7    1    1    1    1    1    1    1    1    7  0.00000E+00 0.00000 
    8    1    1    1    1    1    1    1    1    8  1.81305E+04 0.00367 
    9    1    1    1    1    1    1    1    1    9  1.38897E+04 0.00412 
   10    1    1    1    1    1    1    1    1   10  0.00000E+00 0.00000 
   11    1    1    1    1    1    1    1    1   11  9.99542E+03 0.00440 
   12    1    1    1    1    1    1    1    2    1  1.96507E+04 0.00359 
   13    1    1    1    1    1    1    1    2    2  0.00000E+00 0.00000 
   14    1    1    1    1    1    1    1    2    3  0.00000E+00 0.00000 
   15    1    1    1    1    1    1    1    2    4  0.00000E+00 0.00000 
   16    1    1    1    1    1    1    1    2    5  0.00000E+00 0.00000 
   17    1    1    1    1    1    1    1    2    6  1.95971E+04 0.00359 
   18    1    1    1    1    1    1    1    2    7  1.57656E+04 0.00395 
   19    1    1    1    1    1    1    1    2    8  0.00000E+00 0.00000 
   20    1    1    1    1    1    1    1    2    9  1.12772E+04 0.00427 
   21    1    1    1    1    1    1    1    2   10  9.96631E+03 0.00446 
   22    1    1    1    1    1    1    1    2   11  0.00000E+00 0.00000 
   23    1    1    1    1    1    1    1    3    1  1.57342E+04 0.00386 
   24    1    1    1    1    1    1    1    3    2  1.82757E+04 0.00361 
   25    1    1    1    1    1    1    1    3    3  0.00000E+00 0.00000 
   26    1    1    1    1    1    1    1    3    4  1.82358E+04 0.00363 
   27    1    1    1    1    1    1    1    3    5  1.57319E+04 0.00392 
   28    1    1    1    1    1    1    1    3    6  0.00000E+00 0.00000 
   29    1    1    1    1    1    1    1    3    7  1.19461E+04 0.00418 
   30    1    1    1    1    1    1    1    3    8  1.06784E+04 0.00431 
   31    1    1    1    1    1    1    1    3    9  0.00000E+00 0.00000 
   32    1    1    1    1    1    1    1    3   10  9.10914E+03 0.00442 
   33    1    1    1    1    1    1    1    3   11  8.76232E+03 0.00465 
   34    1    1    1    1    1    1    1    4    1  0.00000E+00 0.00000 
   35    1    1    1    1    1    1    1    4    2  1.38730E+04 0.00406 
   36    1    1    1    1    1    1    1    4    3  1.38116E+04 0.00405 
   37    1    1    1    1    1    1    1    4    4  0.00000E+00 0.00000 
   38    1    1    1    1    1    1    1    4    5  1.19246E+04 0.00423 
   39    1    1    1    1    1    1    1    4    6  1.09967E+04 0.00430 
   40    1    1    1    1    1    1    1    4    7  0.00000E+00 0.00000 
   41    1    1    1    1    1    1    1    4    8  9.55841E+03 0.00442 
   42    1    1    1    1    1    1    1    4    9  9.09006E+03 0.00456 
   43    1    1    1    1    1    1    1    4   10  0.00000E+00 0.00000 
   44    1    1    1    1    1    1    1    4   11  8.52761E+03 0.00465 
   45    1    1    1    1    1    1    1    5    1  1.11287E+04 0.00418 
   46    1    1    1    1    1    1    1    5    2  0.00000E+00 0.00000 
   47    1    1    1    1    1    1    1    5    3  1.11348E+04 0.00422 
   48    1    1    1    1    1    1    1    5    4  1.07296E+04 0.00435 
   49    1    1    1    1    1    1    1    5    5  0.00000E+00 0.00000 
   50    1    1    1    1    1    1    1    5    6  9.63560E+03 0.00448 
   51    1    1    1    1    1    1    1    5    7  9.24736E+03 0.00449 
   52    1    1    1    1    1    1    1    5    8  0.00000E+00 0.00000 
   53    1    1    1    1    1    1    1    5    9  8.61457E+03 0.00462 
   54    1    1    1    1    1    1    1    5   10  8.39969E+03 0.00467 
   55    1    1    1    1    1    1    1    5   11  0.00000E+00 0.00000 
   56    1    1    1    1    1    1    1    6    1  9.95476E+03 0.00445 
   57    1    1    1    1    1    1    1    6    2  9.94903E+03 0.00454 
   58    1    1    1    1    1    1    1    6    3  0.00000E+00 0.00000 
   59    1    1    1    1    1    1    1    6    4  9.59947E+03 0.00445 
   60    1    1    1    1    1    1    1    6    5  9.25144E+03 0.00441 
   61    1    1    1    1    1    1    1    6    6  0.00000E+00 0.00000 
   62    1    1    1    1    1    1    1    6    7  8.62691E+03 0.00467 
   63    1    1    1    1    1    1    1    6    8  8.49260E+03 0.00456 
   64    1    1    1    1    1    1    1    6    9  0.00000E+00 0.00000 
   65    1    1    1    1    1    1    1    6   10  8.25534E+03 0.00469 
   66    1    1    1    1    1    1    1    6   11  8.17454E+03 0.00464 
   67    1    1    1    1    1    1    1    7    1  0.00000E+00 0.00000 
   68    1    1    1    1    1    1    1    7    2  9.16503E+03 0.00455 
   69    1    1    1    1    1    1    1    7    3  9.05151E+03 0.00453 
   70    1    1    1    1    1    1    1    7    4  0.00000E+00 0.00000 
   71    1    1    1    1    1    1    1    7    5  8.70882E+03 0.00454 
   72    1    1    1    1    1    1    1    7    6  8.41857E+03 0.00463 
   73    1    1    1    1    1    1    1    7    7  0.00000E+00 0.00000 
   74    1    1    1    1    1    1    1    7    8  8.16697E+03 0.00467 
   75    1    1    1    1    1    1    1    7    9  8.18036E+03 0.00464 
   76    1    1    1    1    1    1    1    7   10  0.00000E+00 0.00000 
   77    1    1    1    1    1    1    1    7   11  8.05041E+03 0.00475 
   78    1    1    1    1    1    1    1    8    1  8.80879E+03 0.00458 
   79    1    1    1    1    1    1    1    8    2  0.00000E+00 0.00000 
   80    1    1    1    1    1    1    1    8    3  8.64599E+03 0.00458 
   81    1    1    1    1    1    1    1    8    4  8.55501E+03 0.00459 
   82    1    1    1    1    1    1    1    8    5  0.00000E+00 0.00000 
   83    1    1    1    1    1    1    1    8    6  8.21296E+03 0.00478 
   84    1    1    1    1    1    1    1    8    7  8.07465E+03 0.00470 
   85    1    1    1    1    1    1    1    8    8  0.00000E+00 0.00000 
   86    1    1    1    1    1    1    1    8    9  7.99853E+03 0.00472 
   87    1    1    1    1    1    1    1    8   10  7.95972E+03 0.00484 
   88    1    1    1    1    1    1    1    8   11  0.00000E+00 0.00000 
   89    1    1    1    1    1    1    1    9    1  8.55058E+03 0.00467 
   90    1    1    1    1    1    1    1    9    2  8.43596E+03 0.00472 
   91    1    1    1    1    1    1    1    9    3  0.00000E+00 0.00000 
   92    1    1    1    1    1    1    1    9    4  8.18366E+03 0.00467 
   93    1    1    1    1    1    1    1    9    5  8.03537E+03 0.00468 
   94    1    1    1    1    1    1    1    9    6  0.00000E+00 0.00000 
   95    1    1    1    1    1    1    1    9    7  7.96207E+03 0.00487 
   96    1    1    1    1    1    1    1    9    8  7.98454E+03 0.00477 
   97    1    1    1    1    1    1    1    9    9  0.00000E+00 0.00000 
   98    1    1    1    1    1    1    1    9   10  7.78581E+03 0.00491 
   99    1    1    1    1    1    1    1    9   11  7.68919E+03 0.00486 
  100    1    1    1    1    1    1    1   10    1  0.00000E+00 0.00000 
  101    1    1    1    1    1    1    1   10    2  8.19396E+03 0.00471 
  102    1    1    1    1    1    1    1   10    3  8.12590E+03 0.00470 
  103    1    1    1    1    1    1    1   10    4  0.00000E+00 0.00000 
  104    1    1    1    1    1    1    1   10    5  7.96530E+03 0.00476 
  105    1    1    1    1    1    1    1   10    6  7.97831E+03 0.00478 
  106    1    1    1    1    1    1    1   10    7  0.00000E+00 0.00000 
  107    1    1    1    1    1    1    1   10    8  7.73618E+03 0.00484 
  108    1    1    1    1    1    1    1   10    9  7.67705E+03 0.00484 
  109    1    1    1    1    1    1    1   10   10  0.00000E+00 0.00000 
