
DETassem1 = [
    1    1    1    1    1    1    1    1    1    1  0.00000E+00 0.00000 
    2    1    1    1    1    1    1    1    1    2  0.00000E+00 0.00000 
    3    1    1    1    1    1    1    1    1    3  0.00000E+00 0.00000 
    4    1    1    1    1    1    1    1    1    4  0.00000E+00 0.00000 
    5    1    1    1    1    1    1    1    1    5  0.00000E+00 0.00000 
    6    1    1    1    1    1    1    1    1    6  0.00000E+00 0.00000 
    7    1    1    1    1    1    1    1    1    7  0.00000E+00 0.00000 
    8    1    1    1    1    1    1    1    1    8  1.77456E+04 0.00357 
    9    1    1    1    1    1    1    1    1    9  1.38918E+04 0.00389 
   10    1    1    1    1    1    1    1    1   10  0.00000E+00 0.00000 
   11    1    1    1    1    1    1    1    1   11  1.03082E+04 0.00425 
   12    1    1    1    1    1    1    1    2    1  1.91029E+04 0.00348 
   13    1    1    1    1    1    1    1    2    2  0.00000E+00 0.00000 
   14    1    1    1    1    1    1    1    2    3  0.00000E+00 0.00000 
   15    1    1    1    1    1    1    1    2    4  0.00000E+00 0.00000 
   16    1    1    1    1    1    1    1    2    5  0.00000E+00 0.00000 
   17    1    1    1    1    1    1    1    2    6  1.90541E+04 0.00344 
   18    1    1    1    1    1    1    1    2    7  1.57167E+04 0.00376 
   19    1    1    1    1    1    1    1    2    8  0.00000E+00 0.00000 
   20    1    1    1    1    1    1    1    2    9  1.14558E+04 0.00417 
   21    1    1    1    1    1    1    1    2   10  1.03295E+04 0.00423 
   22    1    1    1    1    1    1    1    2   11  0.00000E+00 0.00000 
   23    1    1    1    1    1    1    1    3    1  1.57112E+04 0.00362 
   24    1    1    1    1    1    1    1    3    2  1.79872E+04 0.00352 
   25    1    1    1    1    1    1    1    3    3  0.00000E+00 0.00000 
   26    1    1    1    1    1    1    1    3    4  1.77816E+04 0.00357 
   27    1    1    1    1    1    1    1    3    5  1.56364E+04 0.00375 
   28    1    1    1    1    1    1    1    3    6  0.00000E+00 0.00000 
   29    1    1    1    1    1    1    1    3    7  1.21816E+04 0.00400 
   30    1    1    1    1    1    1    1    3    8  1.10908E+04 0.00410 
   31    1    1    1    1    1    1    1    3    9  0.00000E+00 0.00000 
   32    1    1    1    1    1    1    1    3   10  9.56593E+03 0.00435 
   33    1    1    1    1    1    1    1    3   11  9.12911E+03 0.00445 
   34    1    1    1    1    1    1    1    4    1  0.00000E+00 0.00000 
   35    1    1    1    1    1    1    1    4    2  1.39611E+04 0.00382 
   36    1    1    1    1    1    1    1    4    3  1.39240E+04 0.00389 
   37    1    1    1    1    1    1    1    4    4  0.00000E+00 0.00000 
   38    1    1    1    1    1    1    1    4    5  1.21188E+04 0.00416 
   39    1    1    1    1    1    1    1    4    6  1.13115E+04 0.00406 
   40    1    1    1    1    1    1    1    4    7  0.00000E+00 0.00000 
   41    1    1    1    1    1    1    1    4    8  9.91133E+03 0.00426 
   42    1    1    1    1    1    1    1    4    9  9.29459E+03 0.00432 
   43    1    1    1    1    1    1    1    4   10  0.00000E+00 0.00000 
   44    1    1    1    1    1    1    1    4   11  8.86722E+03 0.00446 
   45    1    1    1    1    1    1    1    5    1  1.14668E+04 0.00404 
   46    1    1    1    1    1    1    1    5    2  0.00000E+00 0.00000 
   47    1    1    1    1    1    1    1    5    3  1.14859E+04 0.00413 
   48    1    1    1    1    1    1    1    5    4  1.09975E+04 0.00417 
   49    1    1    1    1    1    1    1    5    5  0.00000E+00 0.00000 
   50    1    1    1    1    1    1    1    5    6  1.00850E+04 0.00418 
   51    1    1    1    1    1    1    1    5    7  9.49791E+03 0.00432 
   52    1    1    1    1    1    1    1    5    8  0.00000E+00 0.00000 
   53    1    1    1    1    1    1    1    5    9  8.88470E+03 0.00440 
   54    1    1    1    1    1    1    1    5   10  8.66342E+03 0.00455 
   55    1    1    1    1    1    1    1    5   11  0.00000E+00 0.00000 
   56    1    1    1    1    1    1    1    6    1  1.03126E+04 0.00434 
   57    1    1    1    1    1    1    1    6    2  1.03431E+04 0.00412 
   58    1    1    1    1    1    1    1    6    3  0.00000E+00 0.00000 
   59    1    1    1    1    1    1    1    6    4  9.88865E+03 0.00444 
   60    1    1    1    1    1    1    1    6    5  9.54094E+03 0.00434 
   61    1    1    1    1    1    1    1    6    6  0.00000E+00 0.00000 
   62    1    1    1    1    1    1    1    6    7  9.02466E+03 0.00447 
   63    1    1    1    1    1    1    1    6    8  8.77365E+03 0.00444 
   64    1    1    1    1    1    1    1    6    9  0.00000E+00 0.00000 
   65    1    1    1    1    1    1    1    6   10  8.44397E+03 0.00450 
   66    1    1    1    1    1    1    1    6   11  8.45380E+03 0.00455 
   67    1    1    1    1    1    1    1    7    1  0.00000E+00 0.00000 
   68    1    1    1    1    1    1    1    7    2  9.55384E+03 0.00430 
   69    1    1    1    1    1    1    1    7    3  9.35044E+03 0.00434 
   70    1    1    1    1    1    1    1    7    4  0.00000E+00 0.00000 
   71    1    1    1    1    1    1    1    7    5  9.02788E+03 0.00455 
   72    1    1    1    1    1    1    1    7    6  8.81535E+03 0.00444 
   73    1    1    1    1    1    1    1    7    7  0.00000E+00 0.00000 
   74    1    1    1    1    1    1    1    7    8  8.45103E+03 0.00453 
   75    1    1    1    1    1    1    1    7    9  8.43092E+03 0.00436 
   76    1    1    1    1    1    1    1    7   10  0.00000E+00 0.00000 
   77    1    1    1    1    1    1    1    7   11  8.24485E+03 0.00457 
   78    1    1    1    1    1    1    1    8    1  9.20074E+03 0.00438 
   79    1    1    1    1    1    1    1    8    2  0.00000E+00 0.00000 
   80    1    1    1    1    1    1    1    8    3  8.95289E+03 0.00449 
   81    1    1    1    1    1    1    1    8    4  8.77375E+03 0.00458 
   82    1    1    1    1    1    1    1    8    5  0.00000E+00 0.00000 
   83    1    1    1    1    1    1    1    8    6  8.51397E+03 0.00451 
   84    1    1    1    1    1    1    1    8    7  8.38233E+03 0.00448 
   85    1    1    1    1    1    1    1    8    8  0.00000E+00 0.00000 
   86    1    1    1    1    1    1    1    8    9  8.30279E+03 0.00455 
   87    1    1    1    1    1    1    1    8   10  8.28402E+03 0.00461 
   88    1    1    1    1    1    1    1    8   11  0.00000E+00 0.00000 
   89    1    1    1    1    1    1    1    9    1  8.85380E+03 0.00442 
   90    1    1    1    1    1    1    1    9    2  8.75344E+03 0.00444 
   91    1    1    1    1    1    1    1    9    3  0.00000E+00 0.00000 
   92    1    1    1    1    1    1    1    9    4  8.40837E+03 0.00454 
   93    1    1    1    1    1    1    1    9    5  8.39241E+03 0.00455 
   94    1    1    1    1    1    1    1    9    6  0.00000E+00 0.00000 
   95    1    1    1    1    1    1    1    9    7  8.28652E+03 0.00446 
   96    1    1    1    1    1    1    1    9    8  8.20086E+03 0.00460 
   97    1    1    1    1    1    1    1    9    9  0.00000E+00 0.00000 
   98    1    1    1    1    1    1    1    9   10  7.85651E+03 0.00465 
   99    1    1    1    1    1    1    1    9   11  7.93051E+03 0.00457 
  100    1    1    1    1    1    1    1   10    1  0.00000E+00 0.00000 
  101    1    1    1    1    1    1    1   10    2  8.51981E+03 0.00449 
  102    1    1    1    1    1    1    1   10    3  8.35673E+03 0.00448 
  103    1    1    1    1    1    1    1   10    4  0.00000E+00 0.00000 
  104    1    1    1    1    1    1    1   10    5  8.25176E+03 0.00454 
  105    1    1    1    1    1    1    1   10    6  8.22892E+03 0.00455 
  106    1    1    1    1    1    1    1   10    7  0.00000E+00 0.00000 
  107    1    1    1    1    1    1    1   10    8  7.94853E+03 0.00472 
  108    1    1    1    1    1    1    1   10    9  7.89382E+03 0.00468 
  109    1    1    1    1    1    1    1   10   10  0.00000E+00 0.00000 
