
DETassem1 = [
    1    1    1    1    1    1    1    1    1    1  0.00000E+00 0.00000 
    2    1    1    1    1    1    1    1    1    2  0.00000E+00 0.00000 
    3    1    1    1    1    1    1    1    1    3  0.00000E+00 0.00000 
    4    1    1    1    1    1    1    1    1    4  0.00000E+00 0.00000 
    5    1    1    1    1    1    1    1    1    5  0.00000E+00 0.00000 
    6    1    1    1    1    1    1    1    1    6  0.00000E+00 0.00000 
    7    1    1    1    1    1    1    1    1    7  0.00000E+00 0.00000 
    8    1    1    1    1    1    1    1    1    8  1.82954E+04 0.00374 
    9    1    1    1    1    1    1    1    1    9  1.39187E+04 0.00398 
   10    1    1    1    1    1    1    1    1   10  0.00000E+00 0.00000 
   11    1    1    1    1    1    1    1    1   11  1.00954E+04 0.00438 
   12    1    1    1    1    1    1    1    2    1  1.97076E+04 0.00353 
   13    1    1    1    1    1    1    1    2    2  0.00000E+00 0.00000 
   14    1    1    1    1    1    1    1    2    3  0.00000E+00 0.00000 
   15    1    1    1    1    1    1    1    2    4  0.00000E+00 0.00000 
   16    1    1    1    1    1    1    1    2    5  0.00000E+00 0.00000 
   17    1    1    1    1    1    1    1    2    6  1.97409E+04 0.00365 
   18    1    1    1    1    1    1    1    2    7  1.57809E+04 0.00388 
   19    1    1    1    1    1    1    1    2    8  0.00000E+00 0.00000 
   20    1    1    1    1    1    1    1    2    9  1.11188E+04 0.00435 
   21    1    1    1    1    1    1    1    2   10  9.95786E+03 0.00453 
   22    1    1    1    1    1    1    1    2   11  0.00000E+00 0.00000 
   23    1    1    1    1    1    1    1    3    1  1.56939E+04 0.00383 
   24    1    1    1    1    1    1    1    3    2  1.81998E+04 0.00365 
   25    1    1    1    1    1    1    1    3    3  0.00000E+00 0.00000 
   26    1    1    1    1    1    1    1    3    4  1.82707E+04 0.00371 
   27    1    1    1    1    1    1    1    3    5  1.57495E+04 0.00388 
   28    1    1    1    1    1    1    1    3    6  0.00000E+00 0.00000 
   29    1    1    1    1    1    1    1    3    7  1.19875E+04 0.00421 
   30    1    1    1    1    1    1    1    3    8  1.07629E+04 0.00431 
   31    1    1    1    1    1    1    1    3    9  0.00000E+00 0.00000 
   32    1    1    1    1    1    1    1    3   10  9.20391E+03 0.00457 
   33    1    1    1    1    1    1    1    3   11  8.93795E+03 0.00458 
   34    1    1    1    1    1    1    1    4    1  0.00000E+00 0.00000 
   35    1    1    1    1    1    1    1    4    2  1.39182E+04 0.00396 
   36    1    1    1    1    1    1    1    4    3  1.38796E+04 0.00396 
   37    1    1    1    1    1    1    1    4    4  0.00000E+00 0.00000 
   38    1    1    1    1    1    1    1    4    5  1.20549E+04 0.00420 
   39    1    1    1    1    1    1    1    4    6  1.10698E+04 0.00426 
   40    1    1    1    1    1    1    1    4    7  0.00000E+00 0.00000 
   41    1    1    1    1    1    1    1    4    8  9.57712E+03 0.00447 
   42    1    1    1    1    1    1    1    4    9  9.03861E+03 0.00467 
   43    1    1    1    1    1    1    1    4   10  0.00000E+00 0.00000 
   44    1    1    1    1    1    1    1    4   11  8.60333E+03 0.00465 
   45    1    1    1    1    1    1    1    5    1  1.12197E+04 0.00437 
   46    1    1    1    1    1    1    1    5    2  0.00000E+00 0.00000 
   47    1    1    1    1    1    1    1    5    3  1.13383E+04 0.00422 
   48    1    1    1    1    1    1    1    5    4  1.07393E+04 0.00432 
   49    1    1    1    1    1    1    1    5    5  0.00000E+00 0.00000 
   50    1    1    1    1    1    1    1    5    6  9.61247E+03 0.00449 
   51    1    1    1    1    1    1    1    5    7  9.26158E+03 0.00448 
   52    1    1    1    1    1    1    1    5    8  0.00000E+00 0.00000 
   53    1    1    1    1    1    1    1    5    9  8.65915E+03 0.00462 
   54    1    1    1    1    1    1    1    5   10  8.42616E+03 0.00465 
   55    1    1    1    1    1    1    1    5   11  0.00000E+00 0.00000 
   56    1    1    1    1    1    1    1    6    1  9.96785E+03 0.00452 
   57    1    1    1    1    1    1    1    6    2  1.00583E+04 0.00439 
   58    1    1    1    1    1    1    1    6    3  0.00000E+00 0.00000 
   59    1    1    1    1    1    1    1    6    4  9.64340E+03 0.00443 
   60    1    1    1    1    1    1    1    6    5  9.12792E+03 0.00456 
   61    1    1    1    1    1    1    1    6    6  0.00000E+00 0.00000 
   62    1    1    1    1    1    1    1    6    7  8.71438E+03 0.00458 
   63    1    1    1    1    1    1    1    6    8  8.56780E+03 0.00469 
   64    1    1    1    1    1    1    1    6    9  0.00000E+00 0.00000 
   65    1    1    1    1    1    1    1    6   10  8.24099E+03 0.00468 
   66    1    1    1    1    1    1    1    6   11  8.23778E+03 0.00472 
   67    1    1    1    1    1    1    1    7    1  0.00000E+00 0.00000 
   68    1    1    1    1    1    1    1    7    2  9.24872E+03 0.00457 
   69    1    1    1    1    1    1    1    7    3  9.15308E+03 0.00456 
   70    1    1    1    1    1    1    1    7    4  0.00000E+00 0.00000 
   71    1    1    1    1    1    1    1    7    5  8.65304E+03 0.00466 
   72    1    1    1    1    1    1    1    7    6  8.54911E+03 0.00466 
   73    1    1    1    1    1    1    1    7    7  0.00000E+00 0.00000 
   74    1    1    1    1    1    1    1    7    8  8.11227E+03 0.00470 
   75    1    1    1    1    1    1    1    7    9  8.07040E+03 0.00484 
   76    1    1    1    1    1    1    1    7   10  0.00000E+00 0.00000 
   77    1    1    1    1    1    1    1    7   11  7.93281E+03 0.00478 
   78    1    1    1    1    1    1    1    8    1  8.85843E+03 0.00462 
   79    1    1    1    1    1    1    1    8    2  0.00000E+00 0.00000 
   80    1    1    1    1    1    1    1    8    3  8.59471E+03 0.00471 
   81    1    1    1    1    1    1    1    8    4  8.54301E+03 0.00458 
   82    1    1    1    1    1    1    1    8    5  0.00000E+00 0.00000 
   83    1    1    1    1    1    1    1    8    6  8.13900E+03 0.00471 
   84    1    1    1    1    1    1    1    8    7  7.96682E+03 0.00480 
   85    1    1    1    1    1    1    1    8    8  0.00000E+00 0.00000 
   86    1    1    1    1    1    1    1    8    9  7.93767E+03 0.00478 
   87    1    1    1    1    1    1    1    8   10  7.90594E+03 0.00477 
   88    1    1    1    1    1    1    1    8   11  0.00000E+00 0.00000 
   89    1    1    1    1    1    1    1    9    1  8.52897E+03 0.00465 
   90    1    1    1    1    1    1    1    9    2  8.48780E+03 0.00451 
   91    1    1    1    1    1    1    1    9    3  0.00000E+00 0.00000 
   92    1    1    1    1    1    1    1    9    4  8.13676E+03 0.00486 
   93    1    1    1    1    1    1    1    9    5  8.06502E+03 0.00464 
   94    1    1    1    1    1    1    1    9    6  0.00000E+00 0.00000 
   95    1    1    1    1    1    1    1    9    7  7.95781E+03 0.00471 
   96    1    1    1    1    1    1    1    9    8  7.84008E+03 0.00477 
   97    1    1    1    1    1    1    1    9    9  0.00000E+00 0.00000 
   98    1    1    1    1    1    1    1    9   10  7.69374E+03 0.00494 
   99    1    1    1    1    1    1    1    9   11  7.67614E+03 0.00485 
  100    1    1    1    1    1    1    1   10    1  0.00000E+00 0.00000 
  101    1    1    1    1    1    1    1   10    2  8.25223E+03 0.00469 
  102    1    1    1    1    1    1    1   10    3  8.17452E+03 0.00469 
  103    1    1    1    1    1    1    1   10    4  0.00000E+00 0.00000 
  104    1    1    1    1    1    1    1   10    5  7.89078E+03 0.00475 
  105    1    1    1    1    1    1    1   10    6  7.88267E+03 0.00480 
  106    1    1    1    1    1    1    1   10    7  0.00000E+00 0.00000 
  107    1    1    1    1    1    1    1   10    8  7.63214E+03 0.00488 
  108    1    1    1    1    1    1    1   10    9  7.65222E+03 0.00490 
  109    1    1    1    1    1    1    1   10   10  0.00000E+00 0.00000 
