
ZAI = [
922350
922380
666
0
];

NAMES = [
'U235            '
'U238            '
'lost            '
'total           '
];

i922350 = 1; iU235             = 1;
i922380 = 2; iU238             = 2;
iLOST    = 3;
iTOT     = 4;

MAT_un_VOLUME = [ 2.67293E+05 2.67293E+05 ];

MAT_un_BURNUP = [ 0.00000E+00 4.28846E+01 ];

MAT_un_ADENS = [
4.83387E-03 3.50947E-03 % U235
1.93936E-02 1.88545E-02 % U238
0.00000E+00 3.38153E-30 % lost data
7.26897E-02 7.38009E-02 % total
];

MAT_un_MDENS = [
1.88669E+00 1.36977E+00 % U235
7.66628E+00 7.45315E+00 % U238
0.00000E+00 0.00000E+00 % lost data
1.08000E+01 1.07986E+01 % total
];

MAT_un_A = [
4.03232E+10 2.92753E+10 % U235
2.54839E+10 2.47754E+10 % U238
0.00000E+00 0.00000E+00 % lost data
6.58071E+10 3.28297E+18 % total
];

MAT_un_H = [
3.02279E-02 2.19460E-02 % U235
1.74346E-02 1.69499E-02 % U238
0.00000E+00 0.00000E+00 % lost data
4.76625E-02 9.64652E+05 % total
];

MAT_un_SF = [
2.90327E+00 2.10782E+00 % U235
1.39142E+04 1.35274E+04 % U238
0.00000E+00 0.00000E+00 % lost data
1.39171E+04 1.03835E+08 % total
];

MAT_un_GSRC = [
5.09487E+10 3.69896E+10 % U235
2.25669E+09 2.19395E+09 % U238
0.00000E+00 0.00000E+00 % lost data
5.32054E+10 3.52921E+18 % total
];

MAT_un_ING_TOX = [
1.89519E+03 1.37594E+03 % U235
1.14677E+03 1.11489E+03 % U238
0.00000E+00 0.00000E+00 % lost data
3.04196E+03 2.23533E+09 % total
];

MAT_un_INH_TOX = [
3.42747E+05 2.48840E+05 % U235
2.03871E+05 1.98203E+05 % U238
0.00000E+00 0.00000E+00 % lost data
5.46618E+05 8.02255E+10 % total
];

TOT_VOLUME = [ 2.67293E+05 2.67293E+05 ];

TOT_BURNUP = [ 0.00000E+00 4.28846E+01 ];

TOT_ADENS = [
4.83387E-03 3.50947E-03 % U235
1.93936E-02 1.88545E-02 % U238
0.00000E+00 3.38153E-30 % lost data
7.26897E-02 7.38009E-02 % total
];

TOT_MASS = [
5.04299E+05 3.66129E+05 % U235
2.04914E+06 1.99218E+06 % U238
0.00000E+00 0.00000E+00 % lost data
2.88676E+06 2.88639E+06 % total
];

TOT_A = [
4.03232E+10 2.92753E+10 % U235
2.54839E+10 2.47754E+10 % U238
0.00000E+00 0.00000E+00 % lost data
6.58071E+10 3.28297E+18 % total
];

TOT_H = [
3.02279E-02 2.19460E-02 % U235
1.74346E-02 1.69499E-02 % U238
0.00000E+00 0.00000E+00 % lost data
4.76625E-02 9.64652E+05 % total
];

TOT_SF = [
2.90327E+00 2.10782E+00 % U235
1.39142E+04 1.35274E+04 % U238
0.00000E+00 0.00000E+00 % lost data
1.39171E+04 1.03835E+08 % total
];

TOT_GSRC = [
5.09487E+10 3.69896E+10 % U235
2.25669E+09 2.19395E+09 % U238
0.00000E+00 0.00000E+00 % lost data
5.32054E+10 3.52921E+18 % total
];

TOT_ING_TOX = [
1.89519E+03 1.37594E+03 % U235
1.14677E+03 1.11489E+03 % U238
0.00000E+00 0.00000E+00 % lost data
3.04196E+03 2.23533E+09 % total
];

TOT_INH_TOX = [
3.42747E+05 2.48840E+05 % U235
2.03871E+05 1.98203E+05 % U238
0.00000E+00 0.00000E+00 % lost data
5.46618E+05 8.02255E+10 % total
];

BU = [ 0.00000E+00 4.28833E+01 ];

DAYS = [ 0.00000E+00 7.30000E+03 ];
