
ZAI = [
922350
922380
666
0
];

NAMES = [
'U235            '
'U238            '
'lost            '
'total           '
];

i922350 = 1; iU235             = 1;
i922380 = 2; iU238             = 2;
iLOST    = 3;
iTOT     = 4;

MAT_un_VOLUME = [ 2.67465E+05 2.67465E+05 ];

MAT_un_BURNUP = [ 0.00000E+00 4.28570E+01 ];

MAT_un_ADENS = [
4.83387E-03 3.51024E-03 % U235
1.93936E-02 1.88547E-02 % U238
0.00000E+00 2.89894E-30 % lost data
7.26897E-02 7.38001E-02 % total
];

MAT_un_MDENS = [
1.88669E+00 1.37007E+00 % U235
7.66628E+00 7.45324E+00 % U238
0.00000E+00 0.00000E+00 % lost data
1.08000E+01 1.07986E+01 % total
];

MAT_un_A = [
4.03492E+10 2.93007E+10 % U235
2.55003E+10 2.47916E+10 % U238
0.00000E+00 0.00000E+00 % lost data
6.58495E+10 3.28287E+18 % total
];

MAT_un_H = [
3.02474E-02 2.19650E-02 % U235
1.74458E-02 1.69610E-02 % U238
0.00000E+00 0.00000E+00 % lost data
4.76932E-02 9.64629E+05 % total
];

MAT_un_SF = [
2.90514E+00 2.10965E+00 % U235
1.39232E+04 1.35362E+04 % U238
0.00000E+00 0.00000E+00 % lost data
1.39261E+04 1.03630E+08 % total
];

MAT_un_GSRC = [
5.09815E+10 3.70216E+10 % U235
2.25814E+09 2.19539E+09 % U238
0.00000E+00 0.00000E+00 % lost data
5.32396E+10 3.52914E+18 % total
];

MAT_un_ING_TOX = [
1.89641E+03 1.37713E+03 % U235
1.14751E+03 1.11562E+03 % U238
0.00000E+00 0.00000E+00 % lost data
3.04393E+03 2.23527E+09 % total
];

MAT_un_INH_TOX = [
3.42968E+05 2.49056E+05 % U235
2.04002E+05 1.98333E+05 % U238
0.00000E+00 0.00000E+00 % lost data
5.46971E+05 8.01878E+10 % total
];

TOT_VOLUME = [ 2.67465E+05 2.67465E+05 ];

TOT_BURNUP = [ 0.00000E+00 4.28570E+01 ];

TOT_ADENS = [
4.83387E-03 3.51024E-03 % U235
1.93936E-02 1.88547E-02 % U238
0.00000E+00 2.89894E-30 % lost data
7.26897E-02 7.38001E-02 % total
];

TOT_MASS = [
5.04624E+05 3.66446E+05 % U235
2.05046E+06 1.99348E+06 % U238
0.00000E+00 0.00000E+00 % lost data
2.88862E+06 2.88825E+06 % total
];

TOT_A = [
4.03492E+10 2.93007E+10 % U235
2.55003E+10 2.47916E+10 % U238
0.00000E+00 0.00000E+00 % lost data
6.58495E+10 3.28287E+18 % total
];

TOT_H = [
3.02474E-02 2.19650E-02 % U235
1.74458E-02 1.69610E-02 % U238
0.00000E+00 0.00000E+00 % lost data
4.76932E-02 9.64629E+05 % total
];

TOT_SF = [
2.90514E+00 2.10965E+00 % U235
1.39232E+04 1.35362E+04 % U238
0.00000E+00 0.00000E+00 % lost data
1.39261E+04 1.03630E+08 % total
];

TOT_GSRC = [
5.09815E+10 3.70216E+10 % U235
2.25814E+09 2.19539E+09 % U238
0.00000E+00 0.00000E+00 % lost data
5.32396E+10 3.52914E+18 % total
];

TOT_ING_TOX = [
1.89641E+03 1.37713E+03 % U235
1.14751E+03 1.11562E+03 % U238
0.00000E+00 0.00000E+00 % lost data
3.04393E+03 2.23527E+09 % total
];

TOT_INH_TOX = [
3.42968E+05 2.49056E+05 % U235
2.04002E+05 1.98333E+05 % U238
0.00000E+00 0.00000E+00 % lost data
5.46971E+05 8.01878E+10 % total
];

BU = [ 0.00000E+00 4.28557E+01 ];

DAYS = [ 0.00000E+00 7.30000E+03 ];
