
DETassem1 = [
    1    1    1    1    1    1    1    1    1    1  0.00000E+00 0.00000 
    2    1    1    1    1    1    1    1    1    2  0.00000E+00 0.00000 
    3    1    1    1    1    1    1    1    1    3  0.00000E+00 0.00000 
    4    1    1    1    1    1    1    1    1    4  0.00000E+00 0.00000 
    5    1    1    1    1    1    1    1    1    5  0.00000E+00 0.00000 
    6    1    1    1    1    1    1    1    1    6  0.00000E+00 0.00000 
    7    1    1    1    1    1    1    1    1    7  0.00000E+00 0.00000 
    8    1    1    1    1    1    1    1    1    8  1.83965E+04 0.00367 
    9    1    1    1    1    1    1    1    1    9  1.39461E+04 0.00406 
   10    1    1    1    1    1    1    1    1   10  0.00000E+00 0.00000 
   11    1    1    1    1    1    1    1    1   11  9.99202E+03 0.00442 
   12    1    1    1    1    1    1    1    2    1  1.97820E+04 0.00359 
   13    1    1    1    1    1    1    1    2    2  0.00000E+00 0.00000 
   14    1    1    1    1    1    1    1    2    3  0.00000E+00 0.00000 
   15    1    1    1    1    1    1    1    2    4  0.00000E+00 0.00000 
   16    1    1    1    1    1    1    1    2    5  0.00000E+00 0.00000 
   17    1    1    1    1    1    1    1    2    6  1.98143E+04 0.00355 
   18    1    1    1    1    1    1    1    2    7  1.58161E+04 0.00400 
   19    1    1    1    1    1    1    1    2    8  0.00000E+00 0.00000 
   20    1    1    1    1    1    1    1    2    9  1.12700E+04 0.00431 
   21    1    1    1    1    1    1    1    2   10  1.00237E+04 0.00445 
   22    1    1    1    1    1    1    1    2   11  0.00000E+00 0.00000 
   23    1    1    1    1    1    1    1    3    1  1.58318E+04 0.00388 
   24    1    1    1    1    1    1    1    3    2  1.82568E+04 0.00369 
   25    1    1    1    1    1    1    1    3    3  0.00000E+00 0.00000 
   26    1    1    1    1    1    1    1    3    4  1.82808E+04 0.00369 
   27    1    1    1    1    1    1    1    3    5  1.58389E+04 0.00383 
   28    1    1    1    1    1    1    1    3    6  0.00000E+00 0.00000 
   29    1    1    1    1    1    1    1    3    7  1.19868E+04 0.00419 
   30    1    1    1    1    1    1    1    3    8  1.07801E+04 0.00428 
   31    1    1    1    1    1    1    1    3    9  0.00000E+00 0.00000 
   32    1    1    1    1    1    1    1    3   10  9.30870E+03 0.00443 
   33    1    1    1    1    1    1    1    3   11  8.85514E+03 0.00455 
   34    1    1    1    1    1    1    1    4    1  0.00000E+00 0.00000 
   35    1    1    1    1    1    1    1    4    2  1.39271E+04 0.00404 
   36    1    1    1    1    1    1    1    4    3  1.39299E+04 0.00403 
   37    1    1    1    1    1    1    1    4    4  0.00000E+00 0.00000 
   38    1    1    1    1    1    1    1    4    5  1.19772E+04 0.00424 
   39    1    1    1    1    1    1    1    4    6  1.10575E+04 0.00429 
   40    1    1    1    1    1    1    1    4    7  0.00000E+00 0.00000 
   41    1    1    1    1    1    1    1    4    8  9.62125E+03 0.00450 
   42    1    1    1    1    1    1    1    4    9  9.06742E+03 0.00458 
   43    1    1    1    1    1    1    1    4   10  0.00000E+00 0.00000 
   44    1    1    1    1    1    1    1    4   11  8.56521E+03 0.00461 
   45    1    1    1    1    1    1    1    5    1  1.12779E+04 0.00416 
   46    1    1    1    1    1    1    1    5    2  0.00000E+00 0.00000 
   47    1    1    1    1    1    1    1    5    3  1.11992E+04 0.00418 
   48    1    1    1    1    1    1    1    5    4  1.08100E+04 0.00437 
   49    1    1    1    1    1    1    1    5    5  0.00000E+00 0.00000 
   50    1    1    1    1    1    1    1    5    6  9.59780E+03 0.00449 
   51    1    1    1    1    1    1    1    5    7  9.19024E+03 0.00452 
   52    1    1    1    1    1    1    1    5    8  0.00000E+00 0.00000 
   53    1    1    1    1    1    1    1    5    9  8.68047E+03 0.00460 
   54    1    1    1    1    1    1    1    5   10  8.49095E+03 0.00460 
   55    1    1    1    1    1    1    1    5   11  0.00000E+00 0.00000 
   56    1    1    1    1    1    1    1    6    1  1.00258E+04 0.00446 
   57    1    1    1    1    1    1    1    6    2  1.00536E+04 0.00445 
   58    1    1    1    1    1    1    1    6    3  0.00000E+00 0.00000 
   59    1    1    1    1    1    1    1    6    4  9.61205E+03 0.00454 
   60    1    1    1    1    1    1    1    6    5  9.34669E+03 0.00461 
   61    1    1    1    1    1    1    1    6    6  0.00000E+00 0.00000 
   62    1    1    1    1    1    1    1    6    7  8.69640E+03 0.00465 
   63    1    1    1    1    1    1    1    6    8  8.40964E+03 0.00462 
   64    1    1    1    1    1    1    1    6    9  0.00000E+00 0.00000 
   65    1    1    1    1    1    1    1    6   10  8.31135E+03 0.00460 
   66    1    1    1    1    1    1    1    6   11  8.15604E+03 0.00466 
   67    1    1    1    1    1    1    1    7    1  0.00000E+00 0.00000 
   68    1    1    1    1    1    1    1    7    2  9.21621E+03 0.00458 
   69    1    1    1    1    1    1    1    7    3  9.14318E+03 0.00460 
   70    1    1    1    1    1    1    1    7    4  0.00000E+00 0.00000 
   71    1    1    1    1    1    1    1    7    5  8.61183E+03 0.00460 
   72    1    1    1    1    1    1    1    7    6  8.56114E+03 0.00462 
   73    1    1    1    1    1    1    1    7    7  0.00000E+00 0.00000 
   74    1    1    1    1    1    1    1    7    8  8.28040E+03 0.00457 
   75    1    1    1    1    1    1    1    7    9  8.19660E+03 0.00477 
   76    1    1    1    1    1    1    1    7   10  0.00000E+00 0.00000 
   77    1    1    1    1    1    1    1    7   11  8.07291E+03 0.00479 
   78    1    1    1    1    1    1    1    8    1  8.83725E+03 0.00453 
   79    1    1    1    1    1    1    1    8    2  0.00000E+00 0.00000 
   80    1    1    1    1    1    1    1    8    3  8.57186E+03 0.00462 
   81    1    1    1    1    1    1    1    8    4  8.44649E+03 0.00470 
   82    1    1    1    1    1    1    1    8    5  0.00000E+00 0.00000 
   83    1    1    1    1    1    1    1    8    6  8.24632E+03 0.00474 
   84    1    1    1    1    1    1    1    8    7  8.11715E+03 0.00479 
   85    1    1    1    1    1    1    1    8    8  0.00000E+00 0.00000 
   86    1    1    1    1    1    1    1    8    9  7.99450E+03 0.00479 
   87    1    1    1    1    1    1    1    8   10  8.04464E+03 0.00478 
   88    1    1    1    1    1    1    1    8   11  0.00000E+00 0.00000 
   89    1    1    1    1    1    1    1    9    1  8.53148E+03 0.00462 
   90    1    1    1    1    1    1    1    9    2  8.51252E+03 0.00468 
   91    1    1    1    1    1    1    1    9    3  0.00000E+00 0.00000 
   92    1    1    1    1    1    1    1    9    4  8.29293E+03 0.00480 
   93    1    1    1    1    1    1    1    9    5  8.17864E+03 0.00471 
   94    1    1    1    1    1    1    1    9    6  0.00000E+00 0.00000 
   95    1    1    1    1    1    1    1    9    7  7.97626E+03 0.00477 
   96    1    1    1    1    1    1    1    9    8  7.95646E+03 0.00477 
   97    1    1    1    1    1    1    1    9    9  0.00000E+00 0.00000 
   98    1    1    1    1    1    1    1    9   10  7.80248E+03 0.00484 
   99    1    1    1    1    1    1    1    9   11  7.75269E+03 0.00482 
  100    1    1    1    1    1    1    1   10    1  0.00000E+00 0.00000 
  101    1    1    1    1    1    1    1   10    2  8.26315E+03 0.00480 
  102    1    1    1    1    1    1    1   10    3  8.09608E+03 0.00463 
  103    1    1    1    1    1    1    1   10    4  0.00000E+00 0.00000 
  104    1    1    1    1    1    1    1   10    5  7.99582E+03 0.00476 
  105    1    1    1    1    1    1    1   10    6  7.94573E+03 0.00477 
  106    1    1    1    1    1    1    1   10    7  0.00000E+00 0.00000 
  107    1    1    1    1    1    1    1   10    8  7.72426E+03 0.00480 
  108    1    1    1    1    1    1    1   10    9  7.71173E+03 0.00485 
  109    1    1    1    1    1    1    1   10   10  0.00000E+00 0.00000 
