
ZAI = [
922350
922380
666
0
];

NAMES = [
'U235            '
'U238            '
'lost            '
'total           '
];

i922350 = 1; iU235             = 1;
i922380 = 2; iU238             = 2;
iLOST    = 3;
iTOT     = 4;

MAT_un_VOLUME = [ 2.66830E+05 2.66830E+05 ];

MAT_un_BURNUP = [ 0.00000E+00 4.29591E+01 ];

MAT_un_ADENS = [
4.83387E-03 3.50739E-03 % U235
1.93936E-02 1.88533E-02 % U238
0.00000E+00 3.38870E-30 % lost data
7.26897E-02 7.38029E-02 % total
];

MAT_un_MDENS = [
1.88669E+00 1.36896E+00 % U235
7.66628E+00 7.45268E+00 % U238
0.00000E+00 0.00000E+00 % lost data
1.08000E+01 1.07986E+01 % total
];

MAT_un_A = [
4.02533E+10 2.92073E+10 % U235
2.54397E+10 2.47309E+10 % U238
0.00000E+00 0.00000E+00 % lost data
6.56930E+10 3.28303E+18 % total
];

MAT_un_H = [
3.01755E-02 2.18949E-02 % U235
1.74044E-02 1.69194E-02 % U238
0.00000E+00 0.00000E+00 % lost data
4.75799E-02 9.64596E+05 % total
];

MAT_un_SF = [
2.89824E+00 2.10292E+00 % U235
1.38901E+04 1.35031E+04 % U238
0.00000E+00 0.00000E+00 % lost data
1.38930E+04 1.04185E+08 % total
];

MAT_un_GSRC = [
5.08604E+10 3.69036E+10 % U235
2.25278E+09 2.19001E+09 % U238
0.00000E+00 0.00000E+00 % lost data
5.31131E+10 3.52930E+18 % total
];

MAT_un_ING_TOX = [
1.89191E+03 1.37274E+03 % U235
1.14479E+03 1.11289E+03 % U238
0.00000E+00 0.00000E+00 % lost data
3.03669E+03 2.23583E+09 % total
];

MAT_un_INH_TOX = [
3.42153E+05 2.48262E+05 % U235
2.03517E+05 1.97847E+05 % U238
0.00000E+00 0.00000E+00 % lost data
5.45671E+05 8.04010E+10 % total
];

TOT_VOLUME = [ 2.66830E+05 2.66830E+05 ];

TOT_BURNUP = [ 0.00000E+00 4.29591E+01 ];

TOT_ADENS = [
4.83387E-03 3.50739E-03 % U235
1.93936E-02 1.88533E-02 % U238
0.00000E+00 3.38870E-30 % lost data
7.26897E-02 7.38029E-02 % total
];

TOT_MASS = [
5.03425E+05 3.65278E+05 % U235
2.04559E+06 1.98860E+06 % U238
0.00000E+00 0.00000E+00 % lost data
2.88176E+06 2.88139E+06 % total
];

TOT_A = [
4.02533E+10 2.92073E+10 % U235
2.54397E+10 2.47309E+10 % U238
0.00000E+00 0.00000E+00 % lost data
6.56930E+10 3.28303E+18 % total
];

TOT_H = [
3.01755E-02 2.18949E-02 % U235
1.74044E-02 1.69194E-02 % U238
0.00000E+00 0.00000E+00 % lost data
4.75799E-02 9.64596E+05 % total
];

TOT_SF = [
2.89824E+00 2.10292E+00 % U235
1.38901E+04 1.35031E+04 % U238
0.00000E+00 0.00000E+00 % lost data
1.38930E+04 1.04185E+08 % total
];

TOT_GSRC = [
5.08604E+10 3.69036E+10 % U235
2.25278E+09 2.19001E+09 % U238
0.00000E+00 0.00000E+00 % lost data
5.31131E+10 3.52930E+18 % total
];

TOT_ING_TOX = [
1.89191E+03 1.37274E+03 % U235
1.14479E+03 1.11289E+03 % U238
0.00000E+00 0.00000E+00 % lost data
3.03669E+03 2.23583E+09 % total
];

TOT_INH_TOX = [
3.42153E+05 2.48262E+05 % U235
2.03517E+05 1.97847E+05 % U238
0.00000E+00 0.00000E+00 % lost data
5.45671E+05 8.04010E+10 % total
];

BU = [ 0.00000E+00 4.29578E+01 ];

DAYS = [ 0.00000E+00 7.30000E+03 ];
