
DETassem1 = [
    1    1    1    1    1    1    1    1    1    1  0.00000E+00 0.00000 
    2    1    1    1    1    1    1    1    1    2  0.00000E+00 0.00000 
    3    1    1    1    1    1    1    1    1    3  0.00000E+00 0.00000 
    4    1    1    1    1    1    1    1    1    4  0.00000E+00 0.00000 
    5    1    1    1    1    1    1    1    1    5  0.00000E+00 0.00000 
    6    1    1    1    1    1    1    1    1    6  0.00000E+00 0.00000 
    7    1    1    1    1    1    1    1    1    7  0.00000E+00 0.00000 
    8    1    1    1    1    1    1    1    1    8  1.78652E+04 0.00359 
    9    1    1    1    1    1    1    1    1    9  1.39048E+04 0.00377 
   10    1    1    1    1    1    1    1    1   10  0.00000E+00 0.00000 
   11    1    1    1    1    1    1    1    1   11  1.03488E+04 0.00436 
   12    1    1    1    1    1    1    1    2    1  1.88455E+04 0.00352 
   13    1    1    1    1    1    1    1    2    2  0.00000E+00 0.00000 
   14    1    1    1    1    1    1    1    2    3  0.00000E+00 0.00000 
   15    1    1    1    1    1    1    1    2    4  0.00000E+00 0.00000 
   16    1    1    1    1    1    1    1    2    5  0.00000E+00 0.00000 
   17    1    1    1    1    1    1    1    2    6  1.89395E+04 0.00346 
   18    1    1    1    1    1    1    1    2    7  1.56004E+04 0.00371 
   19    1    1    1    1    1    1    1    2    8  0.00000E+00 0.00000 
   20    1    1    1    1    1    1    1    2    9  1.14248E+04 0.00422 
   21    1    1    1    1    1    1    1    2   10  1.03361E+04 0.00420 
   22    1    1    1    1    1    1    1    2   11  0.00000E+00 0.00000 
   23    1    1    1    1    1    1    1    3    1  1.55633E+04 0.00372 
   24    1    1    1    1    1    1    1    3    2  1.76809E+04 0.00362 
   25    1    1    1    1    1    1    1    3    3  0.00000E+00 0.00000 
   26    1    1    1    1    1    1    1    3    4  1.78607E+04 0.00362 
   27    1    1    1    1    1    1    1    3    5  1.56603E+04 0.00373 
   28    1    1    1    1    1    1    1    3    6  0.00000E+00 0.00000 
   29    1    1    1    1    1    1    1    3    7  1.21325E+04 0.00392 
   30    1    1    1    1    1    1    1    3    8  1.10581E+04 0.00412 
   31    1    1    1    1    1    1    1    3    9  0.00000E+00 0.00000 
   32    1    1    1    1    1    1    1    3   10  9.60028E+03 0.00435 
   33    1    1    1    1    1    1    1    3   11  9.09909E+03 0.00432 
   34    1    1    1    1    1    1    1    4    1  0.00000E+00 0.00000 
   35    1    1    1    1    1    1    1    4    2  1.38169E+04 0.00387 
   36    1    1    1    1    1    1    1    4    3  1.38958E+04 0.00395 
   37    1    1    1    1    1    1    1    4    4  0.00000E+00 0.00000 
   38    1    1    1    1    1    1    1    4    5  1.20438E+04 0.00406 
   39    1    1    1    1    1    1    1    4    6  1.13073E+04 0.00411 
   40    1    1    1    1    1    1    1    4    7  0.00000E+00 0.00000 
   41    1    1    1    1    1    1    1    4    8  9.79571E+03 0.00435 
   42    1    1    1    1    1    1    1    4    9  9.44863E+03 0.00429 
   43    1    1    1    1    1    1    1    4   10  0.00000E+00 0.00000 
   44    1    1    1    1    1    1    1    4   11  8.82568E+03 0.00448 
   45    1    1    1    1    1    1    1    5    1  1.14565E+04 0.00405 
   46    1    1    1    1    1    1    1    5    2  0.00000E+00 0.00000 
   47    1    1    1    1    1    1    1    5    3  1.14980E+04 0.00408 
   48    1    1    1    1    1    1    1    5    4  1.10610E+04 0.00416 
   49    1    1    1    1    1    1    1    5    5  0.00000E+00 0.00000 
   50    1    1    1    1    1    1    1    5    6  1.00685E+04 0.00434 
   51    1    1    1    1    1    1    1    5    7  9.65325E+03 0.00435 
   52    1    1    1    1    1    1    1    5    8  0.00000E+00 0.00000 
   53    1    1    1    1    1    1    1    5    9  8.96195E+03 0.00443 
   54    1    1    1    1    1    1    1    5   10  8.72171E+03 0.00440 
   55    1    1    1    1    1    1    1    5   11  0.00000E+00 0.00000 
   56    1    1    1    1    1    1    1    6    1  1.03629E+04 0.00418 
   57    1    1    1    1    1    1    1    6    2  1.03774E+04 0.00425 
   58    1    1    1    1    1    1    1    6    3  0.00000E+00 0.00000 
   59    1    1    1    1    1    1    1    6    4  9.86064E+03 0.00426 
   60    1    1    1    1    1    1    1    6    5  9.51858E+03 0.00434 
   61    1    1    1    1    1    1    1    6    6  0.00000E+00 0.00000 
   62    1    1    1    1    1    1    1    6    7  8.99271E+03 0.00441 
   63    1    1    1    1    1    1    1    6    8  8.74397E+03 0.00439 
   64    1    1    1    1    1    1    1    6    9  0.00000E+00 0.00000 
   65    1    1    1    1    1    1    1    6   10  8.56277E+03 0.00454 
   66    1    1    1    1    1    1    1    6   11  8.28850E+03 0.00458 
   67    1    1    1    1    1    1    1    7    1  0.00000E+00 0.00000 
   68    1    1    1    1    1    1    1    7    2  9.57127E+03 0.00434 
   69    1    1    1    1    1    1    1    7    3  9.37765E+03 0.00438 
   70    1    1    1    1    1    1    1    7    4  0.00000E+00 0.00000 
   71    1    1    1    1    1    1    1    7    5  8.93554E+03 0.00440 
   72    1    1    1    1    1    1    1    7    6  8.76780E+03 0.00447 
   73    1    1    1    1    1    1    1    7    7  0.00000E+00 0.00000 
   74    1    1    1    1    1    1    1    7    8  8.53727E+03 0.00447 
   75    1    1    1    1    1    1    1    7    9  8.36123E+03 0.00452 
   76    1    1    1    1    1    1    1    7   10  0.00000E+00 0.00000 
   77    1    1    1    1    1    1    1    7   11  8.28425E+03 0.00456 
   78    1    1    1    1    1    1    1    8    1  9.19284E+03 0.00450 
   79    1    1    1    1    1    1    1    8    2  0.00000E+00 0.00000 
   80    1    1    1    1    1    1    1    8    3  8.97867E+03 0.00439 
   81    1    1    1    1    1    1    1    8    4  8.80766E+03 0.00447 
   82    1    1    1    1    1    1    1    8    5  0.00000E+00 0.00000 
   83    1    1    1    1    1    1    1    8    6  8.55253E+03 0.00440 
   84    1    1    1    1    1    1    1    8    7  8.32523E+03 0.00455 
   85    1    1    1    1    1    1    1    8    8  0.00000E+00 0.00000 
   86    1    1    1    1    1    1    1    8    9  8.33191E+03 0.00448 
   87    1    1    1    1    1    1    1    8   10  8.21311E+03 0.00451 
   88    1    1    1    1    1    1    1    8   11  0.00000E+00 0.00000 
   89    1    1    1    1    1    1    1    9    1  8.79679E+03 0.00443 
   90    1    1    1    1    1    1    1    9    2  8.79270E+03 0.00446 
   91    1    1    1    1    1    1    1    9    3  0.00000E+00 0.00000 
   92    1    1    1    1    1    1    1    9    4  8.55671E+03 0.00451 
   93    1    1    1    1    1    1    1    9    5  8.35276E+03 0.00463 
   94    1    1    1    1    1    1    1    9    6  0.00000E+00 0.00000 
   95    1    1    1    1    1    1    1    9    7  8.17457E+03 0.00449 
   96    1    1    1    1    1    1    1    9    8  8.18258E+03 0.00463 
   97    1    1    1    1    1    1    1    9    9  0.00000E+00 0.00000 
   98    1    1    1    1    1    1    1    9   10  8.02004E+03 0.00464 
   99    1    1    1    1    1    1    1    9   11  7.99464E+03 0.00462 
  100    1    1    1    1    1    1    1   10    1  0.00000E+00 0.00000 
  101    1    1    1    1    1    1    1   10    2  8.42664E+03 0.00452 
  102    1    1    1    1    1    1    1   10    3  8.36815E+03 0.00446 
  103    1    1    1    1    1    1    1   10    4  0.00000E+00 0.00000 
  104    1    1    1    1    1    1    1   10    5  8.18584E+03 0.00453 
  105    1    1    1    1    1    1    1   10    6  8.11716E+03 0.00466 
  106    1    1    1    1    1    1    1   10    7  0.00000E+00 0.00000 
  107    1    1    1    1    1    1    1   10    8  7.93049E+03 0.00473 
  108    1    1    1    1    1    1    1   10    9  7.85660E+03 0.00469 
  109    1    1    1    1    1    1    1   10   10  0.00000E+00 0.00000 
