
DETassem1 = [
    1    1    1    1    1    1    1    1    1    1  0.00000E+00 0.00000 
    2    1    1    1    1    1    1    1    1    2  0.00000E+00 0.00000 
    3    1    1    1    1    1    1    1    1    3  0.00000E+00 0.00000 
    4    1    1    1    1    1    1    1    1    4  0.00000E+00 0.00000 
    5    1    1    1    1    1    1    1    1    5  0.00000E+00 0.00000 
    6    1    1    1    1    1    1    1    1    6  0.00000E+00 0.00000 
    7    1    1    1    1    1    1    1    1    7  0.00000E+00 0.00000 
    8    1    1    1    1    1    1    1    1    8  1.77049E+04 0.00364 
    9    1    1    1    1    1    1    1    1    9  1.39089E+04 0.00399 
   10    1    1    1    1    1    1    1    1   10  0.00000E+00 0.00000 
   11    1    1    1    1    1    1    1    1   11  1.03988E+04 0.00429 
   12    1    1    1    1    1    1    1    2    1  1.88923E+04 0.00349 
   13    1    1    1    1    1    1    1    2    2  0.00000E+00 0.00000 
   14    1    1    1    1    1    1    1    2    3  0.00000E+00 0.00000 
   15    1    1    1    1    1    1    1    2    4  0.00000E+00 0.00000 
   16    1    1    1    1    1    1    1    2    5  0.00000E+00 0.00000 
   17    1    1    1    1    1    1    1    2    6  1.89077E+04 0.00346 
   18    1    1    1    1    1    1    1    2    7  1.52688E+04 0.00374 
   19    1    1    1    1    1    1    1    2    8  0.00000E+00 0.00000 
   20    1    1    1    1    1    1    1    2    9  1.13990E+04 0.00413 
   21    1    1    1    1    1    1    1    2   10  1.03547E+04 0.00423 
   22    1    1    1    1    1    1    1    2   11  0.00000E+00 0.00000 
   23    1    1    1    1    1    1    1    3    1  1.53239E+04 0.00369 
   24    1    1    1    1    1    1    1    3    2  1.78325E+04 0.00356 
   25    1    1    1    1    1    1    1    3    3  0.00000E+00 0.00000 
   26    1    1    1    1    1    1    1    3    4  1.77144E+04 0.00366 
   27    1    1    1    1    1    1    1    3    5  1.52992E+04 0.00382 
   28    1    1    1    1    1    1    1    3    6  0.00000E+00 0.00000 
   29    1    1    1    1    1    1    1    3    7  1.20582E+04 0.00407 
   30    1    1    1    1    1    1    1    3    8  1.10610E+04 0.00419 
   31    1    1    1    1    1    1    1    3    9  0.00000E+00 0.00000 
   32    1    1    1    1    1    1    1    3   10  9.47988E+03 0.00427 
   33    1    1    1    1    1    1    1    3   11  9.12691E+03 0.00440 
   34    1    1    1    1    1    1    1    4    1  0.00000E+00 0.00000 
   35    1    1    1    1    1    1    1    4    2  1.38208E+04 0.00391 
   36    1    1    1    1    1    1    1    4    3  1.39864E+04 0.00389 
   37    1    1    1    1    1    1    1    4    4  0.00000E+00 0.00000 
   38    1    1    1    1    1    1    1    4    5  1.21705E+04 0.00405 
   39    1    1    1    1    1    1    1    4    6  1.12125E+04 0.00403 
   40    1    1    1    1    1    1    1    4    7  0.00000E+00 0.00000 
   41    1    1    1    1    1    1    1    4    8  9.79111E+03 0.00431 
   42    1    1    1    1    1    1    1    4    9  9.39416E+03 0.00431 
   43    1    1    1    1    1    1    1    4   10  0.00000E+00 0.00000 
   44    1    1    1    1    1    1    1    4   11  8.88925E+03 0.00444 
   45    1    1    1    1    1    1    1    5    1  1.13188E+04 0.00414 
   46    1    1    1    1    1    1    1    5    2  0.00000E+00 0.00000 
   47    1    1    1    1    1    1    1    5    3  1.14300E+04 0.00409 
   48    1    1    1    1    1    1    1    5    4  1.08799E+04 0.00427 
   49    1    1    1    1    1    1    1    5    5  0.00000E+00 0.00000 
   50    1    1    1    1    1    1    1    5    6  9.89047E+03 0.00436 
   51    1    1    1    1    1    1    1    5    7  9.40109E+03 0.00436 
   52    1    1    1    1    1    1    1    5    8  0.00000E+00 0.00000 
   53    1    1    1    1    1    1    1    5    9  8.98348E+03 0.00449 
   54    1    1    1    1    1    1    1    5   10  8.76648E+03 0.00454 
   55    1    1    1    1    1    1    1    5   11  0.00000E+00 0.00000 
   56    1    1    1    1    1    1    1    6    1  1.02788E+04 0.00433 
   57    1    1    1    1    1    1    1    6    2  1.03654E+04 0.00419 
   58    1    1    1    1    1    1    1    6    3  0.00000E+00 0.00000 
   59    1    1    1    1    1    1    1    6    4  9.86609E+03 0.00420 
   60    1    1    1    1    1    1    1    6    5  9.49227E+03 0.00426 
   61    1    1    1    1    1    1    1    6    6  0.00000E+00 0.00000 
   62    1    1    1    1    1    1    1    6    7  8.90159E+03 0.00444 
   63    1    1    1    1    1    1    1    6    8  8.84704E+03 0.00441 
   64    1    1    1    1    1    1    1    6    9  0.00000E+00 0.00000 
   65    1    1    1    1    1    1    1    6   10  8.60452E+03 0.00445 
   66    1    1    1    1    1    1    1    6   11  8.47519E+03 0.00454 
   67    1    1    1    1    1    1    1    7    1  0.00000E+00 0.00000 
   68    1    1    1    1    1    1    1    7    2  9.59206E+03 0.00433 
   69    1    1    1    1    1    1    1    7    3  9.29274E+03 0.00440 
   70    1    1    1    1    1    1    1    7    4  0.00000E+00 0.00000 
   71    1    1    1    1    1    1    1    7    5  8.99895E+03 0.00454 
   72    1    1    1    1    1    1    1    7    6  8.84787E+03 0.00453 
   73    1    1    1    1    1    1    1    7    7  0.00000E+00 0.00000 
   74    1    1    1    1    1    1    1    7    8  8.61790E+03 0.00442 
   75    1    1    1    1    1    1    1    7    9  8.56939E+03 0.00444 
   76    1    1    1    1    1    1    1    7   10  0.00000E+00 0.00000 
   77    1    1    1    1    1    1    1    7   11  8.32448E+03 0.00459 
   78    1    1    1    1    1    1    1    8    1  9.20549E+03 0.00447 
   79    1    1    1    1    1    1    1    8    2  0.00000E+00 0.00000 
   80    1    1    1    1    1    1    1    8    3  8.96597E+03 0.00449 
   81    1    1    1    1    1    1    1    8    4  8.82664E+03 0.00447 
   82    1    1    1    1    1    1    1    8    5  0.00000E+00 0.00000 
   83    1    1    1    1    1    1    1    8    6  8.56938E+03 0.00439 
   84    1    1    1    1    1    1    1    8    7  8.47457E+03 0.00453 
   85    1    1    1    1    1    1    1    8    8  0.00000E+00 0.00000 
   86    1    1    1    1    1    1    1    8    9  8.33154E+03 0.00439 
   87    1    1    1    1    1    1    1    8   10  8.26931E+03 0.00459 
   88    1    1    1    1    1    1    1    8   11  0.00000E+00 0.00000 
   89    1    1    1    1    1    1    1    9    1  8.93404E+03 0.00444 
   90    1    1    1    1    1    1    1    9    2  8.80970E+03 0.00449 
   91    1    1    1    1    1    1    1    9    3  0.00000E+00 0.00000 
   92    1    1    1    1    1    1    1    9    4  8.55027E+03 0.00448 
   93    1    1    1    1    1    1    1    9    5  8.50679E+03 0.00445 
   94    1    1    1    1    1    1    1    9    6  0.00000E+00 0.00000 
   95    1    1    1    1    1    1    1    9    7  8.27201E+03 0.00457 
   96    1    1    1    1    1    1    1    9    8  8.31273E+03 0.00454 
   97    1    1    1    1    1    1    1    9    9  0.00000E+00 0.00000 
   98    1    1    1    1    1    1    1    9   10  8.09957E+03 0.00459 
   99    1    1    1    1    1    1    1    9   11  7.97032E+03 0.00466 
  100    1    1    1    1    1    1    1   10    1  0.00000E+00 0.00000 
  101    1    1    1    1    1    1    1   10    2  8.56055E+03 0.00450 
  102    1    1    1    1    1    1    1   10    3  8.55102E+03 0.00449 
  103    1    1    1    1    1    1    1   10    4  0.00000E+00 0.00000 
  104    1    1    1    1    1    1    1   10    5  8.35441E+03 0.00461 
  105    1    1    1    1    1    1    1   10    6  8.17183E+03 0.00460 
  106    1    1    1    1    1    1    1   10    7  0.00000E+00 0.00000 
  107    1    1    1    1    1    1    1   10    8  8.11760E+03 0.00470 
  108    1    1    1    1    1    1    1   10    9  7.99163E+03 0.00469 
  109    1    1    1    1    1    1    1   10   10  0.00000E+00 0.00000 
