
DETassem1 = [
    1    1    1    1    1    1    1    1    1    1  0.00000E+00 0.00000 
    2    1    1    1    1    1    1    1    1    2  0.00000E+00 0.00000 
    3    1    1    1    1    1    1    1    1    3  0.00000E+00 0.00000 
    4    1    1    1    1    1    1    1    1    4  0.00000E+00 0.00000 
    5    1    1    1    1    1    1    1    1    5  0.00000E+00 0.00000 
    6    1    1    1    1    1    1    1    1    6  0.00000E+00 0.00000 
    7    1    1    1    1    1    1    1    1    7  0.00000E+00 0.00000 
    8    1    1    1    1    1    1    1    1    8  1.77632E+04 0.00360 
    9    1    1    1    1    1    1    1    1    9  1.39128E+04 0.00386 
   10    1    1    1    1    1    1    1    1   10  0.00000E+00 0.00000 
   11    1    1    1    1    1    1    1    1   11  1.02877E+04 0.00429 
   12    1    1    1    1    1    1    1    2    1  1.88023E+04 0.00351 
   13    1    1    1    1    1    1    1    2    2  0.00000E+00 0.00000 
   14    1    1    1    1    1    1    1    2    3  0.00000E+00 0.00000 
   15    1    1    1    1    1    1    1    2    4  0.00000E+00 0.00000 
   16    1    1    1    1    1    1    1    2    5  0.00000E+00 0.00000 
   17    1    1    1    1    1    1    1    2    6  1.87728E+04 0.00346 
   18    1    1    1    1    1    1    1    2    7  1.56414E+04 0.00373 
   19    1    1    1    1    1    1    1    2    8  0.00000E+00 0.00000 
   20    1    1    1    1    1    1    1    2    9  1.14838E+04 0.00411 
   21    1    1    1    1    1    1    1    2   10  1.02768E+04 0.00429 
   22    1    1    1    1    1    1    1    2   11  0.00000E+00 0.00000 
   23    1    1    1    1    1    1    1    3    1  1.55885E+04 0.00372 
   24    1    1    1    1    1    1    1    3    2  1.78557E+04 0.00353 
   25    1    1    1    1    1    1    1    3    3  0.00000E+00 0.00000 
   26    1    1    1    1    1    1    1    3    4  1.78148E+04 0.00347 
   27    1    1    1    1    1    1    1    3    5  1.55335E+04 0.00379 
   28    1    1    1    1    1    1    1    3    6  0.00000E+00 0.00000 
   29    1    1    1    1    1    1    1    3    7  1.21912E+04 0.00411 
   30    1    1    1    1    1    1    1    3    8  1.10870E+04 0.00414 
   31    1    1    1    1    1    1    1    3    9  0.00000E+00 0.00000 
   32    1    1    1    1    1    1    1    3   10  9.48912E+03 0.00447 
   33    1    1    1    1    1    1    1    3   11  9.11917E+03 0.00447 
   34    1    1    1    1    1    1    1    4    1  0.00000E+00 0.00000 
   35    1    1    1    1    1    1    1    4    2  1.39268E+04 0.00386 
   36    1    1    1    1    1    1    1    4    3  1.39323E+04 0.00388 
   37    1    1    1    1    1    1    1    4    4  0.00000E+00 0.00000 
   38    1    1    1    1    1    1    1    4    5  1.21270E+04 0.00403 
   39    1    1    1    1    1    1    1    4    6  1.13409E+04 0.00418 
   40    1    1    1    1    1    1    1    4    7  0.00000E+00 0.00000 
   41    1    1    1    1    1    1    1    4    8  9.87446E+03 0.00432 
   42    1    1    1    1    1    1    1    4    9  9.40187E+03 0.00435 
   43    1    1    1    1    1    1    1    4   10  0.00000E+00 0.00000 
   44    1    1    1    1    1    1    1    4   11  8.90552E+03 0.00440 
   45    1    1    1    1    1    1    1    5    1  1.14736E+04 0.00413 
   46    1    1    1    1    1    1    1    5    2  0.00000E+00 0.00000 
   47    1    1    1    1    1    1    1    5    3  1.14452E+04 0.00413 
   48    1    1    1    1    1    1    1    5    4  1.10281E+04 0.00415 
   49    1    1    1    1    1    1    1    5    5  0.00000E+00 0.00000 
   50    1    1    1    1    1    1    1    5    6  9.98064E+03 0.00428 
   51    1    1    1    1    1    1    1    5    7  9.51195E+03 0.00440 
   52    1    1    1    1    1    1    1    5    8  0.00000E+00 0.00000 
   53    1    1    1    1    1    1    1    5    9  8.89142E+03 0.00444 
   54    1    1    1    1    1    1    1    5   10  8.71335E+03 0.00444 
   55    1    1    1    1    1    1    1    5   11  0.00000E+00 0.00000 
   56    1    1    1    1    1    1    1    6    1  1.03235E+04 0.00424 
   57    1    1    1    1    1    1    1    6    2  1.03415E+04 0.00425 
   58    1    1    1    1    1    1    1    6    3  0.00000E+00 0.00000 
   59    1    1    1    1    1    1    1    6    4  9.84583E+03 0.00434 
   60    1    1    1    1    1    1    1    6    5  9.53020E+03 0.00429 
   61    1    1    1    1    1    1    1    6    6  0.00000E+00 0.00000 
   62    1    1    1    1    1    1    1    6    7  8.85096E+03 0.00441 
   63    1    1    1    1    1    1    1    6    8  8.80058E+03 0.00445 
   64    1    1    1    1    1    1    1    6    9  0.00000E+00 0.00000 
   65    1    1    1    1    1    1    1    6   10  8.58216E+03 0.00443 
   66    1    1    1    1    1    1    1    6   11  8.48931E+03 0.00453 
   67    1    1    1    1    1    1    1    7    1  0.00000E+00 0.00000 
   68    1    1    1    1    1    1    1    7    2  9.57587E+03 0.00436 
   69    1    1    1    1    1    1    1    7    3  9.35496E+03 0.00439 
   70    1    1    1    1    1    1    1    7    4  0.00000E+00 0.00000 
   71    1    1    1    1    1    1    1    7    5  8.93498E+03 0.00438 
   72    1    1    1    1    1    1    1    7    6  8.76645E+03 0.00443 
   73    1    1    1    1    1    1    1    7    7  0.00000E+00 0.00000 
   74    1    1    1    1    1    1    1    7    8  8.57297E+03 0.00451 
   75    1    1    1    1    1    1    1    7    9  8.50966E+03 0.00448 
   76    1    1    1    1    1    1    1    7   10  0.00000E+00 0.00000 
   77    1    1    1    1    1    1    1    7   11  8.38518E+03 0.00465 
   78    1    1    1    1    1    1    1    8    1  9.01071E+03 0.00452 
   79    1    1    1    1    1    1    1    8    2  0.00000E+00 0.00000 
   80    1    1    1    1    1    1    1    8    3  8.89868E+03 0.00435 
   81    1    1    1    1    1    1    1    8    4  8.77570E+03 0.00447 
   82    1    1    1    1    1    1    1    8    5  0.00000E+00 0.00000 
   83    1    1    1    1    1    1    1    8    6  8.46407E+03 0.00446 
   84    1    1    1    1    1    1    1    8    7  8.44105E+03 0.00452 
   85    1    1    1    1    1    1    1    8    8  0.00000E+00 0.00000 
   86    1    1    1    1    1    1    1    8    9  8.25898E+03 0.00460 
   87    1    1    1    1    1    1    1    8   10  8.18156E+03 0.00454 
   88    1    1    1    1    1    1    1    8   11  0.00000E+00 0.00000 
   89    1    1    1    1    1    1    1    9    1  8.85847E+03 0.00445 
   90    1    1    1    1    1    1    1    9    2  8.80927E+03 0.00449 
   91    1    1    1    1    1    1    1    9    3  0.00000E+00 0.00000 
   92    1    1    1    1    1    1    1    9    4  8.52876E+03 0.00455 
   93    1    1    1    1    1    1    1    9    5  8.42661E+03 0.00448 
   94    1    1    1    1    1    1    1    9    6  0.00000E+00 0.00000 
   95    1    1    1    1    1    1    1    9    7  8.15652E+03 0.00458 
   96    1    1    1    1    1    1    1    9    8  8.15796E+03 0.00458 
   97    1    1    1    1    1    1    1    9    9  0.00000E+00 0.00000 
   98    1    1    1    1    1    1    1    9   10  7.96211E+03 0.00462 
   99    1    1    1    1    1    1    1    9   11  7.91733E+03 0.00470 
  100    1    1    1    1    1    1    1   10    1  0.00000E+00 0.00000 
  101    1    1    1    1    1    1    1   10    2  8.56388E+03 0.00449 
  102    1    1    1    1    1    1    1   10    3  8.47526E+03 0.00457 
  103    1    1    1    1    1    1    1   10    4  0.00000E+00 0.00000 
  104    1    1    1    1    1    1    1   10    5  8.19289E+03 0.00458 
  105    1    1    1    1    1    1    1   10    6  8.15994E+03 0.00453 
  106    1    1    1    1    1    1    1   10    7  0.00000E+00 0.00000 
  107    1    1    1    1    1    1    1   10    8  8.03828E+03 0.00457 
  108    1    1    1    1    1    1    1   10    9  7.93560E+03 0.00467 
  109    1    1    1    1    1    1    1   10   10  0.00000E+00 0.00000 
