
DETassem1 = [
    1    1    1    1    1    1    1    1    1    1  0.00000E+00 0.00000 
    2    1    1    1    1    1    1    1    1    2  0.00000E+00 0.00000 
    3    1    1    1    1    1    1    1    1    3  0.00000E+00 0.00000 
    4    1    1    1    1    1    1    1    1    4  0.00000E+00 0.00000 
    5    1    1    1    1    1    1    1    1    5  0.00000E+00 0.00000 
    6    1    1    1    1    1    1    1    1    6  0.00000E+00 0.00000 
    7    1    1    1    1    1    1    1    1    7  0.00000E+00 0.00000 
    8    1    1    1    1    1    1    1    1    8  1.82919E+04 0.00361 
    9    1    1    1    1    1    1    1    1    9  1.38904E+04 0.00399 
   10    1    1    1    1    1    1    1    1   10  0.00000E+00 0.00000 
   11    1    1    1    1    1    1    1    1   11  1.00706E+04 0.00447 
   12    1    1    1    1    1    1    1    2    1  1.95012E+04 0.00350 
   13    1    1    1    1    1    1    1    2    2  0.00000E+00 0.00000 
   14    1    1    1    1    1    1    1    2    3  0.00000E+00 0.00000 
   15    1    1    1    1    1    1    1    2    4  0.00000E+00 0.00000 
   16    1    1    1    1    1    1    1    2    5  0.00000E+00 0.00000 
   17    1    1    1    1    1    1    1    2    6  1.94719E+04 0.00362 
   18    1    1    1    1    1    1    1    2    7  1.56309E+04 0.00382 
   19    1    1    1    1    1    1    1    2    8  0.00000E+00 0.00000 
   20    1    1    1    1    1    1    1    2    9  1.11877E+04 0.00428 
   21    1    1    1    1    1    1    1    2   10  1.00009E+04 0.00445 
   22    1    1    1    1    1    1    1    2   11  0.00000E+00 0.00000 
   23    1    1    1    1    1    1    1    3    1  1.56739E+04 0.00383 
   24    1    1    1    1    1    1    1    3    2  1.81866E+04 0.00371 
   25    1    1    1    1    1    1    1    3    3  0.00000E+00 0.00000 
   26    1    1    1    1    1    1    1    3    4  1.82795E+04 0.00365 
   27    1    1    1    1    1    1    1    3    5  1.57295E+04 0.00392 
   28    1    1    1    1    1    1    1    3    6  0.00000E+00 0.00000 
   29    1    1    1    1    1    1    1    3    7  1.19104E+04 0.00418 
   30    1    1    1    1    1    1    1    3    8  1.07741E+04 0.00435 
   31    1    1    1    1    1    1    1    3    9  0.00000E+00 0.00000 
   32    1    1    1    1    1    1    1    3   10  9.33248E+03 0.00447 
   33    1    1    1    1    1    1    1    3   11  8.88308E+03 0.00465 
   34    1    1    1    1    1    1    1    4    1  0.00000E+00 0.00000 
   35    1    1    1    1    1    1    1    4    2  1.39265E+04 0.00410 
   36    1    1    1    1    1    1    1    4    3  1.38349E+04 0.00398 
   37    1    1    1    1    1    1    1    4    4  0.00000E+00 0.00000 
   38    1    1    1    1    1    1    1    4    5  1.18754E+04 0.00428 
   39    1    1    1    1    1    1    1    4    6  1.10636E+04 0.00428 
   40    1    1    1    1    1    1    1    4    7  0.00000E+00 0.00000 
   41    1    1    1    1    1    1    1    4    8  9.52955E+03 0.00445 
   42    1    1    1    1    1    1    1    4    9  9.03572E+03 0.00459 
   43    1    1    1    1    1    1    1    4   10  0.00000E+00 0.00000 
   44    1    1    1    1    1    1    1    4   11  8.60322E+03 0.00461 
   45    1    1    1    1    1    1    1    5    1  1.12216E+04 0.00421 
   46    1    1    1    1    1    1    1    5    2  0.00000E+00 0.00000 
   47    1    1    1    1    1    1    1    5    3  1.12358E+04 0.00423 
   48    1    1    1    1    1    1    1    5    4  1.07722E+04 0.00438 
   49    1    1    1    1    1    1    1    5    5  0.00000E+00 0.00000 
   50    1    1    1    1    1    1    1    5    6  9.71018E+03 0.00442 
   51    1    1    1    1    1    1    1    5    7  9.26819E+03 0.00442 
   52    1    1    1    1    1    1    1    5    8  0.00000E+00 0.00000 
   53    1    1    1    1    1    1    1    5    9  8.59453E+03 0.00454 
   54    1    1    1    1    1    1    1    5   10  8.56056E+03 0.00465 
   55    1    1    1    1    1    1    1    5   11  0.00000E+00 0.00000 
   56    1    1    1    1    1    1    1    6    1  1.00434E+04 0.00433 
   57    1    1    1    1    1    1    1    6    2  1.00797E+04 0.00440 
   58    1    1    1    1    1    1    1    6    3  0.00000E+00 0.00000 
   59    1    1    1    1    1    1    1    6    4  9.60575E+03 0.00448 
   60    1    1    1    1    1    1    1    6    5  9.23774E+03 0.00458 
   61    1    1    1    1    1    1    1    6    6  0.00000E+00 0.00000 
   62    1    1    1    1    1    1    1    6    7  8.68855E+03 0.00462 
   63    1    1    1    1    1    1    1    6    8  8.42330E+03 0.00457 
   64    1    1    1    1    1    1    1    6    9  0.00000E+00 0.00000 
   65    1    1    1    1    1    1    1    6   10  8.30314E+03 0.00457 
   66    1    1    1    1    1    1    1    6   11  8.20707E+03 0.00466 
   67    1    1    1    1    1    1    1    7    1  0.00000E+00 0.00000 
   68    1    1    1    1    1    1    1    7    2  9.20008E+03 0.00448 
   69    1    1    1    1    1    1    1    7    3  9.16895E+03 0.00449 
   70    1    1    1    1    1    1    1    7    4  0.00000E+00 0.00000 
   71    1    1    1    1    1    1    1    7    5  8.69703E+03 0.00462 
   72    1    1    1    1    1    1    1    7    6  8.51669E+03 0.00467 
   73    1    1    1    1    1    1    1    7    7  0.00000E+00 0.00000 
   74    1    1    1    1    1    1    1    7    8  8.27911E+03 0.00454 
   75    1    1    1    1    1    1    1    7    9  8.19461E+03 0.00477 
   76    1    1    1    1    1    1    1    7   10  0.00000E+00 0.00000 
   77    1    1    1    1    1    1    1    7   11  8.01186E+03 0.00474 
   78    1    1    1    1    1    1    1    8    1  8.88964E+03 0.00452 
   79    1    1    1    1    1    1    1    8    2  0.00000E+00 0.00000 
   80    1    1    1    1    1    1    1    8    3  8.59689E+03 0.00450 
   81    1    1    1    1    1    1    1    8    4  8.38576E+03 0.00464 
   82    1    1    1    1    1    1    1    8    5  0.00000E+00 0.00000 
   83    1    1    1    1    1    1    1    8    6  8.24028E+03 0.00474 
   84    1    1    1    1    1    1    1    8    7  8.14437E+03 0.00466 
   85    1    1    1    1    1    1    1    8    8  0.00000E+00 0.00000 
   86    1    1    1    1    1    1    1    8    9  8.06343E+03 0.00477 
   87    1    1    1    1    1    1    1    8   10  7.93624E+03 0.00482 
   88    1    1    1    1    1    1    1    8   11  0.00000E+00 0.00000 
   89    1    1    1    1    1    1    1    9    1  8.58272E+03 0.00475 
   90    1    1    1    1    1    1    1    9    2  8.45636E+03 0.00454 
   91    1    1    1    1    1    1    1    9    3  0.00000E+00 0.00000 
   92    1    1    1    1    1    1    1    9    4  8.15372E+03 0.00464 
   93    1    1    1    1    1    1    1    9    5  8.15521E+03 0.00469 
   94    1    1    1    1    1    1    1    9    6  0.00000E+00 0.00000 
   95    1    1    1    1    1    1    1    9    7  8.04006E+03 0.00467 
   96    1    1    1    1    1    1    1    9    8  7.92855E+03 0.00474 
   97    1    1    1    1    1    1    1    9    9  0.00000E+00 0.00000 
   98    1    1    1    1    1    1    1    9   10  7.82932E+03 0.00470 
   99    1    1    1    1    1    1    1    9   11  7.76232E+03 0.00486 
  100    1    1    1    1    1    1    1   10    1  0.00000E+00 0.00000 
  101    1    1    1    1    1    1    1   10    2  8.35717E+03 0.00460 
  102    1    1    1    1    1    1    1   10    3  8.19782E+03 0.00469 
  103    1    1    1    1    1    1    1   10    4  0.00000E+00 0.00000 
  104    1    1    1    1    1    1    1   10    5  7.98291E+03 0.00469 
  105    1    1    1    1    1    1    1   10    6  7.95010E+03 0.00468 
  106    1    1    1    1    1    1    1   10    7  0.00000E+00 0.00000 
  107    1    1    1    1    1    1    1   10    8  7.73669E+03 0.00486 
  108    1    1    1    1    1    1    1   10    9  7.68258E+03 0.00478 
  109    1    1    1    1    1    1    1   10   10  0.00000E+00 0.00000 
