
ZAI = [
922350
922380
666
0
];

NAMES = [
'U235            '
'U238            '
'lost            '
'total           '
];

i922350 = 1; iU235             = 1;
i922380 = 2; iU238             = 2;
iLOST    = 3;
iTOT     = 4;

MAT_un_VOLUME = [ 2.67388E+05 2.67388E+05 ];

MAT_un_BURNUP = [ 0.00000E+00 4.28693E+01 ];

MAT_un_ADENS = [
4.83387E-03 3.50991E-03 % U235
1.93936E-02 1.88547E-02 % U238
0.00000E+00 4.03820E-30 % lost data
7.26897E-02 7.38005E-02 % total
];

MAT_un_MDENS = [
1.88669E+00 1.36994E+00 % U235
7.66628E+00 7.45324E+00 % U238
0.00000E+00 0.00000E+00 % lost data
1.08000E+01 1.07986E+01 % total
];

MAT_un_A = [
4.03376E+10 2.92895E+10 % U235
2.54930E+10 2.47845E+10 % U238
0.00000E+00 0.00000E+00 % lost data
6.58306E+10 3.28292E+18 % total
];

MAT_un_H = [
3.02387E-02 2.19566E-02 % U235
1.74408E-02 1.69561E-02 % U238
0.00000E+00 0.00000E+00 % lost data
4.76795E-02 9.64667E+05 % total
];

MAT_un_SF = [
2.90431E+00 2.10884E+00 % U235
1.39192E+04 1.35323E+04 % U238
0.00000E+00 0.00000E+00 % lost data
1.39221E+04 1.03754E+08 % total
];

MAT_un_GSRC = [
5.09669E+10 3.70075E+10 % U235
2.25749E+09 2.19476E+09 % U238
0.00000E+00 0.00000E+00 % lost data
5.32244E+10 3.52916E+18 % total
];

MAT_un_ING_TOX = [
1.89587E+03 1.37661E+03 % U235
1.14718E+03 1.11530E+03 % U238
0.00000E+00 0.00000E+00 % lost data
3.04305E+03 2.23536E+09 % total
];

MAT_un_INH_TOX = [
3.42870E+05 2.48961E+05 % U235
2.03944E+05 1.98276E+05 % U238
0.00000E+00 0.00000E+00 % lost data
5.46814E+05 8.02301E+10 % total
];

TOT_VOLUME = [ 2.67388E+05 2.67388E+05 ];

TOT_BURNUP = [ 0.00000E+00 4.28693E+01 ];

TOT_ADENS = [
4.83387E-03 3.50991E-03 % U235
1.93936E-02 1.88547E-02 % U238
0.00000E+00 4.03820E-30 % lost data
7.26897E-02 7.38005E-02 % total
];

TOT_MASS = [
5.04479E+05 3.66307E+05 % U235
2.04987E+06 1.99291E+06 % U238
0.00000E+00 0.00000E+00 % lost data
2.88780E+06 2.88742E+06 % total
];

TOT_A = [
4.03376E+10 2.92895E+10 % U235
2.54930E+10 2.47845E+10 % U238
0.00000E+00 0.00000E+00 % lost data
6.58306E+10 3.28292E+18 % total
];

TOT_H = [
3.02387E-02 2.19566E-02 % U235
1.74408E-02 1.69561E-02 % U238
0.00000E+00 0.00000E+00 % lost data
4.76795E-02 9.64667E+05 % total
];

TOT_SF = [
2.90431E+00 2.10884E+00 % U235
1.39192E+04 1.35323E+04 % U238
0.00000E+00 0.00000E+00 % lost data
1.39221E+04 1.03754E+08 % total
];

TOT_GSRC = [
5.09669E+10 3.70075E+10 % U235
2.25749E+09 2.19476E+09 % U238
0.00000E+00 0.00000E+00 % lost data
5.32244E+10 3.52916E+18 % total
];

TOT_ING_TOX = [
1.89587E+03 1.37661E+03 % U235
1.14718E+03 1.11530E+03 % U238
0.00000E+00 0.00000E+00 % lost data
3.04305E+03 2.23536E+09 % total
];

TOT_INH_TOX = [
3.42870E+05 2.48961E+05 % U235
2.03944E+05 1.98276E+05 % U238
0.00000E+00 0.00000E+00 % lost data
5.46814E+05 8.02301E+10 % total
];

BU = [ 0.00000E+00 4.28680E+01 ];

DAYS = [ 0.00000E+00 7.30000E+03 ];
