
DETassem1 = [
    1    1    1    1    1    1    1    1    1    1  0.00000E+00 0.00000 
    2    1    1    1    1    1    1    1    1    2  0.00000E+00 0.00000 
    3    1    1    1    1    1    1    1    1    3  0.00000E+00 0.00000 
    4    1    1    1    1    1    1    1    1    4  0.00000E+00 0.00000 
    5    1    1    1    1    1    1    1    1    5  0.00000E+00 0.00000 
    6    1    1    1    1    1    1    1    1    6  0.00000E+00 0.00000 
    7    1    1    1    1    1    1    1    1    7  0.00000E+00 0.00000 
    8    1    1    1    1    1    1    1    1    8  1.79320E+04 0.00347 
    9    1    1    1    1    1    1    1    1    9  1.40953E+04 0.00377 
   10    1    1    1    1    1    1    1    1   10  0.00000E+00 0.00000 
   11    1    1    1    1    1    1    1    1   11  1.03829E+04 0.00416 
   12    1    1    1    1    1    1    1    2    1  1.93255E+04 0.00353 
   13    1    1    1    1    1    1    1    2    2  0.00000E+00 0.00000 
   14    1    1    1    1    1    1    1    2    3  0.00000E+00 0.00000 
   15    1    1    1    1    1    1    1    2    4  0.00000E+00 0.00000 
   16    1    1    1    1    1    1    1    2    5  0.00000E+00 0.00000 
   17    1    1    1    1    1    1    1    2    6  1.93618E+04 0.00349 
   18    1    1    1    1    1    1    1    2    7  1.57047E+04 0.00371 
   19    1    1    1    1    1    1    1    2    8  0.00000E+00 0.00000 
   20    1    1    1    1    1    1    1    2    9  1.16162E+04 0.00422 
   21    1    1    1    1    1    1    1    2   10  1.04826E+04 0.00419 
   22    1    1    1    1    1    1    1    2   11  0.00000E+00 0.00000 
   23    1    1    1    1    1    1    1    3    1  1.58249E+04 0.00376 
   24    1    1    1    1    1    1    1    3    2  1.80890E+04 0.00350 
   25    1    1    1    1    1    1    1    3    3  0.00000E+00 0.00000 
   26    1    1    1    1    1    1    1    3    4  1.80435E+04 0.00351 
   27    1    1    1    1    1    1    1    3    5  1.58060E+04 0.00369 
   28    1    1    1    1    1    1    1    3    6  0.00000E+00 0.00000 
   29    1    1    1    1    1    1    1    3    7  1.22692E+04 0.00397 
   30    1    1    1    1    1    1    1    3    8  1.12041E+04 0.00409 
   31    1    1    1    1    1    1    1    3    9  0.00000E+00 0.00000 
   32    1    1    1    1    1    1    1    3   10  9.74014E+03 0.00434 
   33    1    1    1    1    1    1    1    3   11  9.27978E+03 0.00439 
   34    1    1    1    1    1    1    1    4    1  0.00000E+00 0.00000 
   35    1    1    1    1    1    1    1    4    2  1.41507E+04 0.00380 
   36    1    1    1    1    1    1    1    4    3  1.40672E+04 0.00380 
   37    1    1    1    1    1    1    1    4    4  0.00000E+00 0.00000 
   38    1    1    1    1    1    1    1    4    5  1.23017E+04 0.00404 
   39    1    1    1    1    1    1    1    4    6  1.14367E+04 0.00415 
   40    1    1    1    1    1    1    1    4    7  0.00000E+00 0.00000 
   41    1    1    1    1    1    1    1    4    8  1.00014E+04 0.00423 
   42    1    1    1    1    1    1    1    4    9  9.48634E+03 0.00437 
   43    1    1    1    1    1    1    1    4   10  0.00000E+00 0.00000 
   44    1    1    1    1    1    1    1    4   11  8.97863E+03 0.00436 
   45    1    1    1    1    1    1    1    5    1  1.16100E+04 0.00409 
   46    1    1    1    1    1    1    1    5    2  0.00000E+00 0.00000 
   47    1    1    1    1    1    1    1    5    3  1.15338E+04 0.00401 
   48    1    1    1    1    1    1    1    5    4  1.11083E+04 0.00407 
   49    1    1    1    1    1    1    1    5    5  0.00000E+00 0.00000 
   50    1    1    1    1    1    1    1    5    6  1.00796E+04 0.00422 
   51    1    1    1    1    1    1    1    5    7  9.72570E+03 0.00430 
   52    1    1    1    1    1    1    1    5    8  0.00000E+00 0.00000 
   53    1    1    1    1    1    1    1    5    9  9.02442E+03 0.00437 
   54    1    1    1    1    1    1    1    5   10  8.91338E+03 0.00447 
   55    1    1    1    1    1    1    1    5   11  0.00000E+00 0.00000 
   56    1    1    1    1    1    1    1    6    1  1.04414E+04 0.00413 
   57    1    1    1    1    1    1    1    6    2  1.03970E+04 0.00429 
   58    1    1    1    1    1    1    1    6    3  0.00000E+00 0.00000 
   59    1    1    1    1    1    1    1    6    4  1.00491E+04 0.00421 
   60    1    1    1    1    1    1    1    6    5  9.66853E+03 0.00437 
   61    1    1    1    1    1    1    1    6    6  0.00000E+00 0.00000 
   62    1    1    1    1    1    1    1    6    7  9.06553E+03 0.00435 
   63    1    1    1    1    1    1    1    6    8  8.92056E+03 0.00447 
   64    1    1    1    1    1    1    1    6    9  0.00000E+00 0.00000 
   65    1    1    1    1    1    1    1    6   10  8.71055E+03 0.00441 
   66    1    1    1    1    1    1    1    6   11  8.51723E+03 0.00455 
   67    1    1    1    1    1    1    1    7    1  0.00000E+00 0.00000 
   68    1    1    1    1    1    1    1    7    2  9.64292E+03 0.00436 
   69    1    1    1    1    1    1    1    7    3  9.54266E+03 0.00436 
   70    1    1    1    1    1    1    1    7    4  0.00000E+00 0.00000 
   71    1    1    1    1    1    1    1    7    5  9.10799E+03 0.00448 
   72    1    1    1    1    1    1    1    7    6  8.89385E+03 0.00440 
   73    1    1    1    1    1    1    1    7    7  0.00000E+00 0.00000 
   74    1    1    1    1    1    1    1    7    8  8.63812E+03 0.00446 
   75    1    1    1    1    1    1    1    7    9  8.46750E+03 0.00449 
   76    1    1    1    1    1    1    1    7   10  0.00000E+00 0.00000 
   77    1    1    1    1    1    1    1    7   11  8.28967E+03 0.00463 
   78    1    1    1    1    1    1    1    8    1  9.27424E+03 0.00440 
   79    1    1    1    1    1    1    1    8    2  0.00000E+00 0.00000 
   80    1    1    1    1    1    1    1    8    3  9.03353E+03 0.00441 
   81    1    1    1    1    1    1    1    8    4  8.89523E+03 0.00429 
   82    1    1    1    1    1    1    1    8    5  0.00000E+00 0.00000 
   83    1    1    1    1    1    1    1    8    6  8.57784E+03 0.00457 
   84    1    1    1    1    1    1    1    8    7  8.46905E+03 0.00437 
   85    1    1    1    1    1    1    1    8    8  0.00000E+00 0.00000 
   86    1    1    1    1    1    1    1    8    9  8.32701E+03 0.00447 
   87    1    1    1    1    1    1    1    8   10  8.22199E+03 0.00463 
   88    1    1    1    1    1    1    1    8   11  0.00000E+00 0.00000 
   89    1    1    1    1    1    1    1    9    1  9.01451E+03 0.00450 
   90    1    1    1    1    1    1    1    9    2  8.84144E+03 0.00438 
   91    1    1    1    1    1    1    1    9    3  0.00000E+00 0.00000 
   92    1    1    1    1    1    1    1    9    4  8.58991E+03 0.00441 
   93    1    1    1    1    1    1    1    9    5  8.52445E+03 0.00445 
   94    1    1    1    1    1    1    1    9    6  0.00000E+00 0.00000 
   95    1    1    1    1    1    1    1    9    7  8.16986E+03 0.00454 
   96    1    1    1    1    1    1    1    9    8  8.26768E+03 0.00447 
   97    1    1    1    1    1    1    1    9    9  0.00000E+00 0.00000 
   98    1    1    1    1    1    1    1    9   10  7.95780E+03 0.00463 
   99    1    1    1    1    1    1    1    9   11  7.97495E+03 0.00470 
  100    1    1    1    1    1    1    1   10    1  0.00000E+00 0.00000 
  101    1    1    1    1    1    1    1   10    2  8.68203E+03 0.00444 
  102    1    1    1    1    1    1    1   10    3  8.52494E+03 0.00449 
  103    1    1    1    1    1    1    1   10    4  0.00000E+00 0.00000 
  104    1    1    1    1    1    1    1   10    5  8.18551E+03 0.00457 
  105    1    1    1    1    1    1    1   10    6  8.23791E+03 0.00461 
  106    1    1    1    1    1    1    1   10    7  0.00000E+00 0.00000 
  107    1    1    1    1    1    1    1   10    8  7.96136E+03 0.00472 
  108    1    1    1    1    1    1    1   10    9  7.84268E+03 0.00458 
  109    1    1    1    1    1    1    1   10   10  0.00000E+00 0.00000 
