
DETassem1 = [
    1    1    1    1    1    1    1    1    1    1  0.00000E+00 0.00000 
    2    1    1    1    1    1    1    1    1    2  0.00000E+00 0.00000 
    3    1    1    1    1    1    1    1    1    3  0.00000E+00 0.00000 
    4    1    1    1    1    1    1    1    1    4  0.00000E+00 0.00000 
    5    1    1    1    1    1    1    1    1    5  0.00000E+00 0.00000 
    6    1    1    1    1    1    1    1    1    6  0.00000E+00 0.00000 
    7    1    1    1    1    1    1    1    1    7  0.00000E+00 0.00000 
    8    1    1    1    1    1    1    1    1    8  1.77721E+04 0.00361 
    9    1    1    1    1    1    1    1    1    9  1.38713E+04 0.00386 
   10    1    1    1    1    1    1    1    1   10  0.00000E+00 0.00000 
   11    1    1    1    1    1    1    1    1   11  1.02407E+04 0.00419 
   12    1    1    1    1    1    1    1    2    1  1.91528E+04 0.00346 
   13    1    1    1    1    1    1    1    2    2  0.00000E+00 0.00000 
   14    1    1    1    1    1    1    1    2    3  0.00000E+00 0.00000 
   15    1    1    1    1    1    1    1    2    4  0.00000E+00 0.00000 
   16    1    1    1    1    1    1    1    2    5  0.00000E+00 0.00000 
   17    1    1    1    1    1    1    1    2    6  1.92054E+04 0.00347 
   18    1    1    1    1    1    1    1    2    7  1.56068E+04 0.00368 
   19    1    1    1    1    1    1    1    2    8  0.00000E+00 0.00000 
   20    1    1    1    1    1    1    1    2    9  1.14158E+04 0.00410 
   21    1    1    1    1    1    1    1    2   10  1.03733E+04 0.00419 
   22    1    1    1    1    1    1    1    2   11  0.00000E+00 0.00000 
   23    1    1    1    1    1    1    1    3    1  1.55727E+04 0.00371 
   24    1    1    1    1    1    1    1    3    2  1.77576E+04 0.00359 
   25    1    1    1    1    1    1    1    3    3  0.00000E+00 0.00000 
   26    1    1    1    1    1    1    1    3    4  1.77071E+04 0.00356 
   27    1    1    1    1    1    1    1    3    5  1.57724E+04 0.00363 
   28    1    1    1    1    1    1    1    3    6  0.00000E+00 0.00000 
   29    1    1    1    1    1    1    1    3    7  1.22099E+04 0.00402 
   30    1    1    1    1    1    1    1    3    8  1.10358E+04 0.00414 
   31    1    1    1    1    1    1    1    3    9  0.00000E+00 0.00000 
   32    1    1    1    1    1    1    1    3   10  9.44067E+03 0.00439 
   33    1    1    1    1    1    1    1    3   11  9.14591E+03 0.00438 
   34    1    1    1    1    1    1    1    4    1  0.00000E+00 0.00000 
   35    1    1    1    1    1    1    1    4    2  1.39052E+04 0.00389 
   36    1    1    1    1    1    1    1    4    3  1.39758E+04 0.00389 
   37    1    1    1    1    1    1    1    4    4  0.00000E+00 0.00000 
   38    1    1    1    1    1    1    1    4    5  1.21393E+04 0.00407 
   39    1    1    1    1    1    1    1    4    6  1.13299E+04 0.00419 
   40    1    1    1    1    1    1    1    4    7  0.00000E+00 0.00000 
   41    1    1    1    1    1    1    1    4    8  9.85623E+03 0.00434 
   42    1    1    1    1    1    1    1    4    9  9.39102E+03 0.00435 
   43    1    1    1    1    1    1    1    4   10  0.00000E+00 0.00000 
   44    1    1    1    1    1    1    1    4   11  8.83211E+03 0.00448 
   45    1    1    1    1    1    1    1    5    1  1.14688E+04 0.00403 
   46    1    1    1    1    1    1    1    5    2  0.00000E+00 0.00000 
   47    1    1    1    1    1    1    1    5    3  1.14586E+04 0.00414 
   48    1    1    1    1    1    1    1    5    4  1.10075E+04 0.00420 
   49    1    1    1    1    1    1    1    5    5  0.00000E+00 0.00000 
   50    1    1    1    1    1    1    1    5    6  9.99368E+03 0.00426 
   51    1    1    1    1    1    1    1    5    7  9.54430E+03 0.00429 
   52    1    1    1    1    1    1    1    5    8  0.00000E+00 0.00000 
   53    1    1    1    1    1    1    1    5    9  8.84077E+03 0.00439 
   54    1    1    1    1    1    1    1    5   10  8.72598E+03 0.00451 
   55    1    1    1    1    1    1    1    5   11  0.00000E+00 0.00000 
   56    1    1    1    1    1    1    1    6    1  1.03037E+04 0.00426 
   57    1    1    1    1    1    1    1    6    2  1.03796E+04 0.00429 
   58    1    1    1    1    1    1    1    6    3  0.00000E+00 0.00000 
   59    1    1    1    1    1    1    1    6    4  9.82091E+03 0.00438 
   60    1    1    1    1    1    1    1    6    5  9.60822E+03 0.00438 
   61    1    1    1    1    1    1    1    6    6  0.00000E+00 0.00000 
   62    1    1    1    1    1    1    1    6    7  9.03226E+03 0.00439 
   63    1    1    1    1    1    1    1    6    8  8.85903E+03 0.00441 
   64    1    1    1    1    1    1    1    6    9  0.00000E+00 0.00000 
   65    1    1    1    1    1    1    1    6   10  8.54929E+03 0.00452 
   66    1    1    1    1    1    1    1    6   11  8.45226E+03 0.00463 
   67    1    1    1    1    1    1    1    7    1  0.00000E+00 0.00000 
   68    1    1    1    1    1    1    1    7    2  9.48470E+03 0.00430 
   69    1    1    1    1    1    1    1    7    3  9.40139E+03 0.00447 
   70    1    1    1    1    1    1    1    7    4  0.00000E+00 0.00000 
   71    1    1    1    1    1    1    1    7    5  8.95520E+03 0.00443 
   72    1    1    1    1    1    1    1    7    6  8.75635E+03 0.00447 
   73    1    1    1    1    1    1    1    7    7  0.00000E+00 0.00000 
   74    1    1    1    1    1    1    1    7    8  8.49896E+03 0.00444 
   75    1    1    1    1    1    1    1    7    9  8.41151E+03 0.00448 
   76    1    1    1    1    1    1    1    7   10  0.00000E+00 0.00000 
   77    1    1    1    1    1    1    1    7   11  8.27609E+03 0.00457 
   78    1    1    1    1    1    1    1    8    1  9.15153E+03 0.00438 
   79    1    1    1    1    1    1    1    8    2  0.00000E+00 0.00000 
   80    1    1    1    1    1    1    1    8    3  8.88661E+03 0.00448 
   81    1    1    1    1    1    1    1    8    4  8.77169E+03 0.00440 
   82    1    1    1    1    1    1    1    8    5  0.00000E+00 0.00000 
   83    1    1    1    1    1    1    1    8    6  8.55471E+03 0.00445 
   84    1    1    1    1    1    1    1    8    7  8.36879E+03 0.00452 
   85    1    1    1    1    1    1    1    8    8  0.00000E+00 0.00000 
   86    1    1    1    1    1    1    1    8    9  8.24661E+03 0.00461 
   87    1    1    1    1    1    1    1    8   10  8.19078E+03 0.00457 
   88    1    1    1    1    1    1    1    8   11  0.00000E+00 0.00000 
   89    1    1    1    1    1    1    1    9    1  8.85690E+03 0.00443 
   90    1    1    1    1    1    1    1    9    2  8.74775E+03 0.00445 
   91    1    1    1    1    1    1    1    9    3  0.00000E+00 0.00000 
   92    1    1    1    1    1    1    1    9    4  8.57496E+03 0.00450 
   93    1    1    1    1    1    1    1    9    5  8.34577E+03 0.00442 
   94    1    1    1    1    1    1    1    9    6  0.00000E+00 0.00000 
   95    1    1    1    1    1    1    1    9    7  8.20747E+03 0.00453 
   96    1    1    1    1    1    1    1    9    8  8.22127E+03 0.00455 
   97    1    1    1    1    1    1    1    9    9  0.00000E+00 0.00000 
   98    1    1    1    1    1    1    1    9   10  8.01842E+03 0.00462 
   99    1    1    1    1    1    1    1    9   11  7.93622E+03 0.00459 
  100    1    1    1    1    1    1    1   10    1  0.00000E+00 0.00000 
  101    1    1    1    1    1    1    1   10    2  8.52051E+03 0.00451 
  102    1    1    1    1    1    1    1   10    3  8.44000E+03 0.00457 
  103    1    1    1    1    1    1    1   10    4  0.00000E+00 0.00000 
  104    1    1    1    1    1    1    1   10    5  8.22251E+03 0.00468 
  105    1    1    1    1    1    1    1   10    6  8.22662E+03 0.00454 
  106    1    1    1    1    1    1    1   10    7  0.00000E+00 0.00000 
  107    1    1    1    1    1    1    1   10    8  7.98968E+03 0.00459 
  108    1    1    1    1    1    1    1   10    9  7.93043E+03 0.00461 
  109    1    1    1    1    1    1    1   10   10  0.00000E+00 0.00000 
