
ZAI = [
922350
922380
666
0
];

NAMES = [
'U235            '
'U238            '
'lost            '
'total           '
];

i922350 = 1; iU235             = 1;
i922380 = 2; iU238             = 2;
iLOST    = 3;
iTOT     = 4;

MAT_un_VOLUME = [ 2.67359E+05 2.67359E+05 ];

MAT_un_BURNUP = [ 0.00000E+00 4.28741E+01 ];

MAT_un_ADENS = [
4.83387E-03 3.50988E-03 % U235
1.93936E-02 1.88551E-02 % U238
0.00000E+00 3.24858E-30 % lost data
7.26897E-02 7.38006E-02 % total
];

MAT_un_MDENS = [
1.88669E+00 1.36993E+00 % U235
7.66628E+00 7.45338E+00 % U238
0.00000E+00 0.00000E+00 % lost data
1.08000E+01 1.07986E+01 % total
];

MAT_un_A = [
4.03332E+10 2.92859E+10 % U235
2.54901E+10 2.47823E+10 % U238
0.00000E+00 0.00000E+00 % lost data
6.58233E+10 3.28225E+18 % total
];

MAT_un_H = [
3.02354E-02 2.19539E-02 % U235
1.74389E-02 1.69546E-02 % U238
0.00000E+00 0.00000E+00 % lost data
4.76742E-02 9.64568E+05 % total
];

MAT_un_SF = [
2.90399E+00 2.10859E+00 % U235
1.39176E+04 1.35311E+04 % U238
0.00000E+00 0.00000E+00 % lost data
1.39205E+04 1.03681E+08 % total
];

MAT_un_GSRC = [
5.09612E+10 3.70030E+10 % U235
2.25724E+09 2.19456E+09 % U238
0.00000E+00 0.00000E+00 % lost data
5.32185E+10 3.52838E+18 % total
];

MAT_un_ING_TOX = [
1.89566E+03 1.37644E+03 % U235
1.14706E+03 1.11520E+03 % U238
0.00000E+00 0.00000E+00 % lost data
3.04272E+03 2.23470E+09 % total
];

MAT_un_INH_TOX = [
3.42832E+05 2.48931E+05 % U235
2.03921E+05 1.98258E+05 % U238
0.00000E+00 0.00000E+00 % lost data
5.46753E+05 8.01301E+10 % total
];

TOT_VOLUME = [ 2.67359E+05 2.67359E+05 ];

TOT_BURNUP = [ 0.00000E+00 4.28741E+01 ];

TOT_ADENS = [
4.83387E-03 3.50988E-03 % U235
1.93936E-02 1.88551E-02 % U238
0.00000E+00 3.24858E-30 % lost data
7.26897E-02 7.38006E-02 % total
];

TOT_MASS = [
5.04423E+05 3.66262E+05 % U235
2.04965E+06 1.99273E+06 % U238
0.00000E+00 0.00000E+00 % lost data
2.88748E+06 2.88710E+06 % total
];

TOT_A = [
4.03332E+10 2.92859E+10 % U235
2.54901E+10 2.47823E+10 % U238
0.00000E+00 0.00000E+00 % lost data
6.58233E+10 3.28225E+18 % total
];

TOT_H = [
3.02354E-02 2.19539E-02 % U235
1.74389E-02 1.69546E-02 % U238
0.00000E+00 0.00000E+00 % lost data
4.76742E-02 9.64568E+05 % total
];

TOT_SF = [
2.90399E+00 2.10859E+00 % U235
1.39176E+04 1.35311E+04 % U238
0.00000E+00 0.00000E+00 % lost data
1.39205E+04 1.03681E+08 % total
];

TOT_GSRC = [
5.09612E+10 3.70030E+10 % U235
2.25724E+09 2.19456E+09 % U238
0.00000E+00 0.00000E+00 % lost data
5.32185E+10 3.52838E+18 % total
];

TOT_ING_TOX = [
1.89566E+03 1.37644E+03 % U235
1.14706E+03 1.11520E+03 % U238
0.00000E+00 0.00000E+00 % lost data
3.04272E+03 2.23470E+09 % total
];

TOT_INH_TOX = [
3.42832E+05 2.48931E+05 % U235
2.03921E+05 1.98258E+05 % U238
0.00000E+00 0.00000E+00 % lost data
5.46753E+05 8.01301E+10 % total
];

BU = [ 0.00000E+00 4.28727E+01 ];

DAYS = [ 0.00000E+00 7.30000E+03 ];
