
DETassem1 = [
    1    1    1    1    1    1    1    1    1    1  0.00000E+00 0.00000 
    2    1    1    1    1    1    1    1    1    2  0.00000E+00 0.00000 
    3    1    1    1    1    1    1    1    1    3  0.00000E+00 0.00000 
    4    1    1    1    1    1    1    1    1    4  0.00000E+00 0.00000 
    5    1    1    1    1    1    1    1    1    5  0.00000E+00 0.00000 
    6    1    1    1    1    1    1    1    1    6  0.00000E+00 0.00000 
    7    1    1    1    1    1    1    1    1    7  0.00000E+00 0.00000 
    8    1    1    1    1    1    1    1    1    8  1.78974E+04 0.00352 
    9    1    1    1    1    1    1    1    1    9  1.41689E+04 0.00383 
   10    1    1    1    1    1    1    1    1   10  0.00000E+00 0.00000 
   11    1    1    1    1    1    1    1    1   11  1.04214E+04 0.00417 
   12    1    1    1    1    1    1    1    2    1  1.91693E+04 0.00350 
   13    1    1    1    1    1    1    1    2    2  0.00000E+00 0.00000 
   14    1    1    1    1    1    1    1    2    3  0.00000E+00 0.00000 
   15    1    1    1    1    1    1    1    2    4  0.00000E+00 0.00000 
   16    1    1    1    1    1    1    1    2    5  0.00000E+00 0.00000 
   17    1    1    1    1    1    1    1    2    6  1.92359E+04 0.00345 
   18    1    1    1    1    1    1    1    2    7  1.56738E+04 0.00372 
   19    1    1    1    1    1    1    1    2    8  0.00000E+00 0.00000 
   20    1    1    1    1    1    1    1    2    9  1.14442E+04 0.00411 
   21    1    1    1    1    1    1    1    2   10  1.04136E+04 0.00421 
   22    1    1    1    1    1    1    1    2   11  0.00000E+00 0.00000 
   23    1    1    1    1    1    1    1    3    1  1.57175E+04 0.00368 
   24    1    1    1    1    1    1    1    3    2  1.79088E+04 0.00359 
   25    1    1    1    1    1    1    1    3    3  0.00000E+00 0.00000 
   26    1    1    1    1    1    1    1    3    4  1.79991E+04 0.00355 
   27    1    1    1    1    1    1    1    3    5  1.56349E+04 0.00375 
   28    1    1    1    1    1    1    1    3    6  0.00000E+00 0.00000 
   29    1    1    1    1    1    1    1    3    7  1.22603E+04 0.00401 
   30    1    1    1    1    1    1    1    3    8  1.11366E+04 0.00418 
   31    1    1    1    1    1    1    1    3    9  0.00000E+00 0.00000 
   32    1    1    1    1    1    1    1    3   10  9.67632E+03 0.00426 
   33    1    1    1    1    1    1    1    3   11  9.18977E+03 0.00442 
   34    1    1    1    1    1    1    1    4    1  0.00000E+00 0.00000 
   35    1    1    1    1    1    1    1    4    2  1.39510E+04 0.00383 
   36    1    1    1    1    1    1    1    4    3  1.40114E+04 0.00394 
   37    1    1    1    1    1    1    1    4    4  0.00000E+00 0.00000 
   38    1    1    1    1    1    1    1    4    5  1.21970E+04 0.00400 
   39    1    1    1    1    1    1    1    4    6  1.13377E+04 0.00416 
   40    1    1    1    1    1    1    1    4    7  0.00000E+00 0.00000 
   41    1    1    1    1    1    1    1    4    8  9.93448E+03 0.00427 
   42    1    1    1    1    1    1    1    4    9  9.42009E+03 0.00441 
   43    1    1    1    1    1    1    1    4   10  0.00000E+00 0.00000 
   44    1    1    1    1    1    1    1    4   11  8.80650E+03 0.00445 
   45    1    1    1    1    1    1    1    5    1  1.15600E+04 0.00407 
   46    1    1    1    1    1    1    1    5    2  0.00000E+00 0.00000 
   47    1    1    1    1    1    1    1    5    3  1.14401E+04 0.00409 
   48    1    1    1    1    1    1    1    5    4  1.11902E+04 0.00413 
   49    1    1    1    1    1    1    1    5    5  0.00000E+00 0.00000 
   50    1    1    1    1    1    1    1    5    6  1.00102E+04 0.00430 
   51    1    1    1    1    1    1    1    5    7  9.62119E+03 0.00430 
   52    1    1    1    1    1    1    1    5    8  0.00000E+00 0.00000 
   53    1    1    1    1    1    1    1    5    9  8.96205E+03 0.00434 
   54    1    1    1    1    1    1    1    5   10  8.72954E+03 0.00436 
   55    1    1    1    1    1    1    1    5   11  0.00000E+00 0.00000 
   56    1    1    1    1    1    1    1    6    1  1.04585E+04 0.00429 
   57    1    1    1    1    1    1    1    6    2  1.02724E+04 0.00435 
   58    1    1    1    1    1    1    1    6    3  0.00000E+00 0.00000 
   59    1    1    1    1    1    1    1    6    4  9.96897E+03 0.00424 
   60    1    1    1    1    1    1    1    6    5  9.60787E+03 0.00437 
   61    1    1    1    1    1    1    1    6    6  0.00000E+00 0.00000 
   62    1    1    1    1    1    1    1    6    7  9.08582E+03 0.00434 
   63    1    1    1    1    1    1    1    6    8  8.75756E+03 0.00440 
   64    1    1    1    1    1    1    1    6    9  0.00000E+00 0.00000 
   65    1    1    1    1    1    1    1    6   10  8.56451E+03 0.00454 
   66    1    1    1    1    1    1    1    6   11  8.47143E+03 0.00454 
   67    1    1    1    1    1    1    1    7    1  0.00000E+00 0.00000 
   68    1    1    1    1    1    1    1    7    2  9.65459E+03 0.00433 
   69    1    1    1    1    1    1    1    7    3  9.45870E+03 0.00432 
   70    1    1    1    1    1    1    1    7    4  0.00000E+00 0.00000 
   71    1    1    1    1    1    1    1    7    5  9.03513E+03 0.00432 
   72    1    1    1    1    1    1    1    7    6  8.85970E+03 0.00436 
   73    1    1    1    1    1    1    1    7    7  0.00000E+00 0.00000 
   74    1    1    1    1    1    1    1    7    8  8.58789E+03 0.00447 
   75    1    1    1    1    1    1    1    7    9  8.48176E+03 0.00445 
   76    1    1    1    1    1    1    1    7   10  0.00000E+00 0.00000 
   77    1    1    1    1    1    1    1    7   11  8.30009E+03 0.00460 
   78    1    1    1    1    1    1    1    8    1  9.15473E+03 0.00434 
   79    1    1    1    1    1    1    1    8    2  0.00000E+00 0.00000 
   80    1    1    1    1    1    1    1    8    3  9.08249E+03 0.00439 
   81    1    1    1    1    1    1    1    8    4  8.76859E+03 0.00425 
   82    1    1    1    1    1    1    1    8    5  0.00000E+00 0.00000 
   83    1    1    1    1    1    1    1    8    6  8.54245E+03 0.00452 
   84    1    1    1    1    1    1    1    8    7  8.45320E+03 0.00445 
   85    1    1    1    1    1    1    1    8    8  0.00000E+00 0.00000 
   86    1    1    1    1    1    1    1    8    9  8.26310E+03 0.00452 
   87    1    1    1    1    1    1    1    8   10  8.23862E+03 0.00465 
   88    1    1    1    1    1    1    1    8   11  0.00000E+00 0.00000 
   89    1    1    1    1    1    1    1    9    1  8.84304E+03 0.00437 
   90    1    1    1    1    1    1    1    9    2  8.85149E+03 0.00448 
   91    1    1    1    1    1    1    1    9    3  0.00000E+00 0.00000 
   92    1    1    1    1    1    1    1    9    4  8.55125E+03 0.00446 
   93    1    1    1    1    1    1    1    9    5  8.50841E+03 0.00449 
   94    1    1    1    1    1    1    1    9    6  0.00000E+00 0.00000 
   95    1    1    1    1    1    1    1    9    7  8.36275E+03 0.00460 
   96    1    1    1    1    1    1    1    9    8  8.19909E+03 0.00458 
   97    1    1    1    1    1    1    1    9    9  0.00000E+00 0.00000 
   98    1    1    1    1    1    1    1    9   10  8.00668E+03 0.00460 
   99    1    1    1    1    1    1    1    9   11  7.93710E+03 0.00465 
  100    1    1    1    1    1    1    1   10    1  0.00000E+00 0.00000 
  101    1    1    1    1    1    1    1   10    2  8.66811E+03 0.00453 
  102    1    1    1    1    1    1    1   10    3  8.45703E+03 0.00460 
  103    1    1    1    1    1    1    1   10    4  0.00000E+00 0.00000 
  104    1    1    1    1    1    1    1   10    5  8.33810E+03 0.00457 
  105    1    1    1    1    1    1    1   10    6  8.18590E+03 0.00455 
  106    1    1    1    1    1    1    1   10    7  0.00000E+00 0.00000 
  107    1    1    1    1    1    1    1   10    8  8.02375E+03 0.00449 
  108    1    1    1    1    1    1    1   10    9  7.99499E+03 0.00471 
  109    1    1    1    1    1    1    1   10   10  0.00000E+00 0.00000 
