
DETassem1 = [
    1    1    1    1    1    1    1    1    1    1  0.00000E+00 0.00000 
    2    1    1    1    1    1    1    1    1    2  0.00000E+00 0.00000 
    3    1    1    1    1    1    1    1    1    3  0.00000E+00 0.00000 
    4    1    1    1    1    1    1    1    1    4  0.00000E+00 0.00000 
    5    1    1    1    1    1    1    1    1    5  0.00000E+00 0.00000 
    6    1    1    1    1    1    1    1    1    6  0.00000E+00 0.00000 
    7    1    1    1    1    1    1    1    1    7  0.00000E+00 0.00000 
    8    1    1    1    1    1    1    1    1    8  1.84884E+04 0.00364 
    9    1    1    1    1    1    1    1    1    9  1.39774E+04 0.00399 
   10    1    1    1    1    1    1    1    1   10  0.00000E+00 0.00000 
   11    1    1    1    1    1    1    1    1   11  1.01559E+04 0.00442 
   12    1    1    1    1    1    1    1    2    1  1.97975E+04 0.00356 
   13    1    1    1    1    1    1    1    2    2  0.00000E+00 0.00000 
   14    1    1    1    1    1    1    1    2    3  0.00000E+00 0.00000 
   15    1    1    1    1    1    1    1    2    4  0.00000E+00 0.00000 
   16    1    1    1    1    1    1    1    2    5  0.00000E+00 0.00000 
   17    1    1    1    1    1    1    1    2    6  1.98122E+04 0.00364 
   18    1    1    1    1    1    1    1    2    7  1.57956E+04 0.00382 
   19    1    1    1    1    1    1    1    2    8  0.00000E+00 0.00000 
   20    1    1    1    1    1    1    1    2    9  1.12489E+04 0.00428 
   21    1    1    1    1    1    1    1    2   10  1.02031E+04 0.00443 
   22    1    1    1    1    1    1    1    2   11  0.00000E+00 0.00000 
   23    1    1    1    1    1    1    1    3    1  1.58127E+04 0.00384 
   24    1    1    1    1    1    1    1    3    2  1.84717E+04 0.00372 
   25    1    1    1    1    1    1    1    3    3  0.00000E+00 0.00000 
   26    1    1    1    1    1    1    1    3    4  1.84301E+04 0.00368 
   27    1    1    1    1    1    1    1    3    5  1.58349E+04 0.00397 
   28    1    1    1    1    1    1    1    3    6  0.00000E+00 0.00000 
   29    1    1    1    1    1    1    1    3    7  1.21097E+04 0.00420 
   30    1    1    1    1    1    1    1    3    8  1.08111E+04 0.00436 
   31    1    1    1    1    1    1    1    3    9  0.00000E+00 0.00000 
   32    1    1    1    1    1    1    1    3   10  9.36746E+03 0.00448 
   33    1    1    1    1    1    1    1    3   11  8.95924E+03 0.00453 
   34    1    1    1    1    1    1    1    4    1  0.00000E+00 0.00000 
   35    1    1    1    1    1    1    1    4    2  1.40327E+04 0.00399 
   36    1    1    1    1    1    1    1    4    3  1.40054E+04 0.00398 
   37    1    1    1    1    1    1    1    4    4  0.00000E+00 0.00000 
   38    1    1    1    1    1    1    1    4    5  1.21263E+04 0.00418 
   39    1    1    1    1    1    1    1    4    6  1.12162E+04 0.00432 
   40    1    1    1    1    1    1    1    4    7  0.00000E+00 0.00000 
   41    1    1    1    1    1    1    1    4    8  9.62392E+03 0.00451 
   42    1    1    1    1    1    1    1    4    9  9.20681E+03 0.00454 
   43    1    1    1    1    1    1    1    4   10  0.00000E+00 0.00000 
   44    1    1    1    1    1    1    1    4   11  8.64060E+03 0.00462 
   45    1    1    1    1    1    1    1    5    1  1.13709E+04 0.00434 
   46    1    1    1    1    1    1    1    5    2  0.00000E+00 0.00000 
   47    1    1    1    1    1    1    1    5    3  1.12846E+04 0.00426 
   48    1    1    1    1    1    1    1    5    4  1.09332E+04 0.00423 
   49    1    1    1    1    1    1    1    5    5  0.00000E+00 0.00000 
   50    1    1    1    1    1    1    1    5    6  9.75127E+03 0.00434 
   51    1    1    1    1    1    1    1    5    7  9.45422E+03 0.00443 
   52    1    1    1    1    1    1    1    5    8  0.00000E+00 0.00000 
   53    1    1    1    1    1    1    1    5    9  8.69297E+03 0.00451 
   54    1    1    1    1    1    1    1    5   10  8.61333E+03 0.00465 
   55    1    1    1    1    1    1    1    5   11  0.00000E+00 0.00000 
   56    1    1    1    1    1    1    1    6    1  1.01166E+04 0.00422 
   57    1    1    1    1    1    1    1    6    2  1.01100E+04 0.00440 
   58    1    1    1    1    1    1    1    6    3  0.00000E+00 0.00000 
   59    1    1    1    1    1    1    1    6    4  9.66473E+03 0.00435 
   60    1    1    1    1    1    1    1    6    5  9.32348E+03 0.00454 
   61    1    1    1    1    1    1    1    6    6  0.00000E+00 0.00000 
   62    1    1    1    1    1    1    1    6    7  8.82312E+03 0.00465 
   63    1    1    1    1    1    1    1    6    8  8.68247E+03 0.00473 
   64    1    1    1    1    1    1    1    6    9  0.00000E+00 0.00000 
   65    1    1    1    1    1    1    1    6   10  8.32907E+03 0.00470 
   66    1    1    1    1    1    1    1    6   11  8.08537E+03 0.00466 
   67    1    1    1    1    1    1    1    7    1  0.00000E+00 0.00000 
   68    1    1    1    1    1    1    1    7    2  9.32754E+03 0.00454 
   69    1    1    1    1    1    1    1    7    3  9.13742E+03 0.00457 
   70    1    1    1    1    1    1    1    7    4  0.00000E+00 0.00000 
   71    1    1    1    1    1    1    1    7    5  8.76674E+03 0.00456 
   72    1    1    1    1    1    1    1    7    6  8.59589E+03 0.00456 
   73    1    1    1    1    1    1    1    7    7  0.00000E+00 0.00000 
   74    1    1    1    1    1    1    1    7    8  8.33317E+03 0.00471 
   75    1    1    1    1    1    1    1    7    9  8.19003E+03 0.00472 
   76    1    1    1    1    1    1    1    7   10  0.00000E+00 0.00000 
   77    1    1    1    1    1    1    1    7   11  8.01521E+03 0.00480 
   78    1    1    1    1    1    1    1    8    1  8.88357E+03 0.00447 
   79    1    1    1    1    1    1    1    8    2  0.00000E+00 0.00000 
   80    1    1    1    1    1    1    1    8    3  8.73159E+03 0.00447 
   81    1    1    1    1    1    1    1    8    4  8.61704E+03 0.00456 
   82    1    1    1    1    1    1    1    8    5  0.00000E+00 0.00000 
   83    1    1    1    1    1    1    1    8    6  8.29466E+03 0.00459 
   84    1    1    1    1    1    1    1    8    7  8.20522E+03 0.00469 
   85    1    1    1    1    1    1    1    8    8  0.00000E+00 0.00000 
   86    1    1    1    1    1    1    1    8    9  8.02534E+03 0.00481 
   87    1    1    1    1    1    1    1    8   10  7.98606E+03 0.00479 
   88    1    1    1    1    1    1    1    8   11  0.00000E+00 0.00000 
   89    1    1    1    1    1    1    1    9    1  8.62995E+03 0.00463 
   90    1    1    1    1    1    1    1    9    2  8.54739E+03 0.00454 
   91    1    1    1    1    1    1    1    9    3  0.00000E+00 0.00000 
   92    1    1    1    1    1    1    1    9    4  8.29554E+03 0.00463 
   93    1    1    1    1    1    1    1    9    5  8.15239E+03 0.00479 
   94    1    1    1    1    1    1    1    9    6  0.00000E+00 0.00000 
   95    1    1    1    1    1    1    1    9    7  7.95059E+03 0.00474 
   96    1    1    1    1    1    1    1    9    8  7.93472E+03 0.00488 
   97    1    1    1    1    1    1    1    9    9  0.00000E+00 0.00000 
   98    1    1    1    1    1    1    1    9   10  7.81178E+03 0.00476 
   99    1    1    1    1    1    1    1    9   11  7.80743E+03 0.00473 
  100    1    1    1    1    1    1    1   10    1  0.00000E+00 0.00000 
  101    1    1    1    1    1    1    1   10    2  8.32948E+03 0.00474 
  102    1    1    1    1    1    1    1   10    3  8.22402E+03 0.00473 
  103    1    1    1    1    1    1    1   10    4  0.00000E+00 0.00000 
  104    1    1    1    1    1    1    1   10    5  7.97571E+03 0.00478 
  105    1    1    1    1    1    1    1   10    6  8.00290E+03 0.00476 
  106    1    1    1    1    1    1    1   10    7  0.00000E+00 0.00000 
  107    1    1    1    1    1    1    1   10    8  7.79976E+03 0.00480 
  108    1    1    1    1    1    1    1   10    9  7.64773E+03 0.00479 
  109    1    1    1    1    1    1    1   10   10  0.00000E+00 0.00000 
