
DETassem1 = [
    1    1    1    1    1    1    1    1    1    1  0.00000E+00 0.00000 
    2    1    1    1    1    1    1    1    1    2  0.00000E+00 0.00000 
    3    1    1    1    1    1    1    1    1    3  0.00000E+00 0.00000 
    4    1    1    1    1    1    1    1    1    4  0.00000E+00 0.00000 
    5    1    1    1    1    1    1    1    1    5  0.00000E+00 0.00000 
    6    1    1    1    1    1    1    1    1    6  0.00000E+00 0.00000 
    7    1    1    1    1    1    1    1    1    7  0.00000E+00 0.00000 
    8    1    1    1    1    1    1    1    1    8  1.78270E+04 0.00352 
    9    1    1    1    1    1    1    1    1    9  1.39532E+04 0.00395 
   10    1    1    1    1    1    1    1    1   10  0.00000E+00 0.00000 
   11    1    1    1    1    1    1    1    1   11  1.04510E+04 0.00415 
   12    1    1    1    1    1    1    1    2    1  1.90616E+04 0.00343 
   13    1    1    1    1    1    1    1    2    2  0.00000E+00 0.00000 
   14    1    1    1    1    1    1    1    2    3  0.00000E+00 0.00000 
   15    1    1    1    1    1    1    1    2    4  0.00000E+00 0.00000 
   16    1    1    1    1    1    1    1    2    5  0.00000E+00 0.00000 
   17    1    1    1    1    1    1    1    2    6  1.92360E+04 0.00349 
   18    1    1    1    1    1    1    1    2    7  1.56875E+04 0.00371 
   19    1    1    1    1    1    1    1    2    8  0.00000E+00 0.00000 
   20    1    1    1    1    1    1    1    2    9  1.14983E+04 0.00409 
   21    1    1    1    1    1    1    1    2   10  1.04333E+04 0.00424 
   22    1    1    1    1    1    1    1    2   11  0.00000E+00 0.00000 
   23    1    1    1    1    1    1    1    3    1  1.57739E+04 0.00374 
   24    1    1    1    1    1    1    1    3    2  1.78766E+04 0.00350 
   25    1    1    1    1    1    1    1    3    3  0.00000E+00 0.00000 
   26    1    1    1    1    1    1    1    3    4  1.79012E+04 0.00353 
   27    1    1    1    1    1    1    1    3    5  1.56457E+04 0.00366 
   28    1    1    1    1    1    1    1    3    6  0.00000E+00 0.00000 
   29    1    1    1    1    1    1    1    3    7  1.21991E+04 0.00406 
   30    1    1    1    1    1    1    1    3    8  1.10943E+04 0.00420 
   31    1    1    1    1    1    1    1    3    9  0.00000E+00 0.00000 
   32    1    1    1    1    1    1    1    3   10  9.59034E+03 0.00431 
   33    1    1    1    1    1    1    1    3   11  9.27734E+03 0.00435 
   34    1    1    1    1    1    1    1    4    1  0.00000E+00 0.00000 
   35    1    1    1    1    1    1    1    4    2  1.39365E+04 0.00385 
   36    1    1    1    1    1    1    1    4    3  1.40874E+04 0.00384 
   37    1    1    1    1    1    1    1    4    4  0.00000E+00 0.00000 
   38    1    1    1    1    1    1    1    4    5  1.22611E+04 0.00403 
   39    1    1    1    1    1    1    1    4    6  1.14951E+04 0.00409 
   40    1    1    1    1    1    1    1    4    7  0.00000E+00 0.00000 
   41    1    1    1    1    1    1    1    4    8  9.90656E+03 0.00429 
   42    1    1    1    1    1    1    1    4    9  9.46269E+03 0.00430 
   43    1    1    1    1    1    1    1    4   10  0.00000E+00 0.00000 
   44    1    1    1    1    1    1    1    4   11  8.92608E+03 0.00443 
   45    1    1    1    1    1    1    1    5    1  1.15789E+04 0.00410 
   46    1    1    1    1    1    1    1    5    2  0.00000E+00 0.00000 
   47    1    1    1    1    1    1    1    5    3  1.15847E+04 0.00407 
   48    1    1    1    1    1    1    1    5    4  1.10526E+04 0.00398 
   49    1    1    1    1    1    1    1    5    5  0.00000E+00 0.00000 
   50    1    1    1    1    1    1    1    5    6  9.99488E+03 0.00429 
   51    1    1    1    1    1    1    1    5    7  9.59324E+03 0.00441 
   52    1    1    1    1    1    1    1    5    8  0.00000E+00 0.00000 
   53    1    1    1    1    1    1    1    5    9  8.95826E+03 0.00441 
   54    1    1    1    1    1    1    1    5   10  8.75401E+03 0.00449 
   55    1    1    1    1    1    1    1    5   11  0.00000E+00 0.00000 
   56    1    1    1    1    1    1    1    6    1  1.03478E+04 0.00426 
   57    1    1    1    1    1    1    1    6    2  1.03492E+04 0.00425 
   58    1    1    1    1    1    1    1    6    3  0.00000E+00 0.00000 
   59    1    1    1    1    1    1    1    6    4  9.84017E+03 0.00428 
   60    1    1    1    1    1    1    1    6    5  9.64643E+03 0.00436 
   61    1    1    1    1    1    1    1    6    6  0.00000E+00 0.00000 
   62    1    1    1    1    1    1    1    6    7  9.00559E+03 0.00434 
   63    1    1    1    1    1    1    1    6    8  8.78006E+03 0.00439 
   64    1    1    1    1    1    1    1    6    9  0.00000E+00 0.00000 
   65    1    1    1    1    1    1    1    6   10  8.56952E+03 0.00453 
   66    1    1    1    1    1    1    1    6   11  8.49617E+03 0.00449 
   67    1    1    1    1    1    1    1    7    1  0.00000E+00 0.00000 
   68    1    1    1    1    1    1    1    7    2  9.57272E+03 0.00435 
   69    1    1    1    1    1    1    1    7    3  9.47016E+03 0.00434 
   70    1    1    1    1    1    1    1    7    4  0.00000E+00 0.00000 
   71    1    1    1    1    1    1    1    7    5  9.00761E+03 0.00444 
   72    1    1    1    1    1    1    1    7    6  8.81819E+03 0.00440 
   73    1    1    1    1    1    1    1    7    7  0.00000E+00 0.00000 
   74    1    1    1    1    1    1    1    7    8  8.43438E+03 0.00451 
   75    1    1    1    1    1    1    1    7    9  8.43568E+03 0.00458 
   76    1    1    1    1    1    1    1    7   10  0.00000E+00 0.00000 
   77    1    1    1    1    1    1    1    7   11  8.16172E+03 0.00464 
   78    1    1    1    1    1    1    1    8    1  9.20894E+03 0.00443 
   79    1    1    1    1    1    1    1    8    2  0.00000E+00 0.00000 
   80    1    1    1    1    1    1    1    8    3  8.94331E+03 0.00437 
   81    1    1    1    1    1    1    1    8    4  8.74208E+03 0.00445 
   82    1    1    1    1    1    1    1    8    5  0.00000E+00 0.00000 
   83    1    1    1    1    1    1    1    8    6  8.44712E+03 0.00445 
   84    1    1    1    1    1    1    1    8    7  8.22480E+03 0.00459 
   85    1    1    1    1    1    1    1    8    8  0.00000E+00 0.00000 
   86    1    1    1    1    1    1    1    8    9  8.17848E+03 0.00466 
   87    1    1    1    1    1    1    1    8   10  8.20651E+03 0.00465 
   88    1    1    1    1    1    1    1    8   11  0.00000E+00 0.00000 
   89    1    1    1    1    1    1    1    9    1  8.82354E+03 0.00439 
   90    1    1    1    1    1    1    1    9    2  8.74523E+03 0.00441 
   91    1    1    1    1    1    1    1    9    3  0.00000E+00 0.00000 
   92    1    1    1    1    1    1    1    9    4  8.41068E+03 0.00441 
   93    1    1    1    1    1    1    1    9    5  8.20227E+03 0.00464 
   94    1    1    1    1    1    1    1    9    6  0.00000E+00 0.00000 
   95    1    1    1    1    1    1    1    9    7  8.17706E+03 0.00463 
   96    1    1    1    1    1    1    1    9    8  8.05724E+03 0.00451 
   97    1    1    1    1    1    1    1    9    9  0.00000E+00 0.00000 
   98    1    1    1    1    1    1    1    9   10  7.99793E+03 0.00470 
   99    1    1    1    1    1    1    1    9   11  7.97445E+03 0.00469 
  100    1    1    1    1    1    1    1   10    1  0.00000E+00 0.00000 
  101    1    1    1    1    1    1    1   10    2  8.52875E+03 0.00451 
  102    1    1    1    1    1    1    1   10    3  8.34982E+03 0.00460 
  103    1    1    1    1    1    1    1   10    4  0.00000E+00 0.00000 
  104    1    1    1    1    1    1    1   10    5  8.13930E+03 0.00469 
  105    1    1    1    1    1    1    1   10    6  8.04761E+03 0.00454 
  106    1    1    1    1    1    1    1   10    7  0.00000E+00 0.00000 
  107    1    1    1    1    1    1    1   10    8  7.90178E+03 0.00463 
  108    1    1    1    1    1    1    1   10    9  7.80516E+03 0.00474 
  109    1    1    1    1    1    1    1   10   10  0.00000E+00 0.00000 
