
DETassem1 = [
    1    1    1    1    1    1    1    1    1    1  0.00000E+00 0.00000 
    2    1    1    1    1    1    1    1    1    2  0.00000E+00 0.00000 
    3    1    1    1    1    1    1    1    1    3  0.00000E+00 0.00000 
    4    1    1    1    1    1    1    1    1    4  0.00000E+00 0.00000 
    5    1    1    1    1    1    1    1    1    5  0.00000E+00 0.00000 
    6    1    1    1    1    1    1    1    1    6  0.00000E+00 0.00000 
    7    1    1    1    1    1    1    1    1    7  0.00000E+00 0.00000 
    8    1    1    1    1    1    1    1    1    8  1.79932E+04 0.00348 
    9    1    1    1    1    1    1    1    1    9  1.39925E+04 0.00386 
   10    1    1    1    1    1    1    1    1   10  0.00000E+00 0.00000 
   11    1    1    1    1    1    1    1    1   11  1.03961E+04 0.00430 
   12    1    1    1    1    1    1    1    2    1  1.93684E+04 0.00338 
   13    1    1    1    1    1    1    1    2    2  0.00000E+00 0.00000 
   14    1    1    1    1    1    1    1    2    3  0.00000E+00 0.00000 
   15    1    1    1    1    1    1    1    2    4  0.00000E+00 0.00000 
   16    1    1    1    1    1    1    1    2    5  0.00000E+00 0.00000 
   17    1    1    1    1    1    1    1    2    6  1.91991E+04 0.00349 
   18    1    1    1    1    1    1    1    2    7  1.57086E+04 0.00373 
   19    1    1    1    1    1    1    1    2    8  0.00000E+00 0.00000 
   20    1    1    1    1    1    1    1    2    9  1.15835E+04 0.00418 
   21    1    1    1    1    1    1    1    2   10  1.03937E+04 0.00417 
   22    1    1    1    1    1    1    1    2   11  0.00000E+00 0.00000 
   23    1    1    1    1    1    1    1    3    1  1.57974E+04 0.00366 
   24    1    1    1    1    1    1    1    3    2  1.78993E+04 0.00349 
   25    1    1    1    1    1    1    1    3    3  0.00000E+00 0.00000 
   26    1    1    1    1    1    1    1    3    4  1.79771E+04 0.00349 
   27    1    1    1    1    1    1    1    3    5  1.56939E+04 0.00368 
   28    1    1    1    1    1    1    1    3    6  0.00000E+00 0.00000 
   29    1    1    1    1    1    1    1    3    7  1.23523E+04 0.00398 
   30    1    1    1    1    1    1    1    3    8  1.11499E+04 0.00413 
   31    1    1    1    1    1    1    1    3    9  0.00000E+00 0.00000 
   32    1    1    1    1    1    1    1    3   10  9.64912E+03 0.00430 
   33    1    1    1    1    1    1    1    3   11  9.16903E+03 0.00446 
   34    1    1    1    1    1    1    1    4    1  0.00000E+00 0.00000 
   35    1    1    1    1    1    1    1    4    2  1.40791E+04 0.00383 
   36    1    1    1    1    1    1    1    4    3  1.41122E+04 0.00391 
   37    1    1    1    1    1    1    1    4    4  0.00000E+00 0.00000 
   38    1    1    1    1    1    1    1    4    5  1.22735E+04 0.00410 
   39    1    1    1    1    1    1    1    4    6  1.14590E+04 0.00410 
   40    1    1    1    1    1    1    1    4    7  0.00000E+00 0.00000 
   41    1    1    1    1    1    1    1    4    8  9.93011E+03 0.00431 
   42    1    1    1    1    1    1    1    4    9  9.55910E+03 0.00432 
   43    1    1    1    1    1    1    1    4   10  0.00000E+00 0.00000 
   44    1    1    1    1    1    1    1    4   11  8.96793E+03 0.00441 
   45    1    1    1    1    1    1    1    5    1  1.15782E+04 0.00409 
   46    1    1    1    1    1    1    1    5    2  0.00000E+00 0.00000 
   47    1    1    1    1    1    1    1    5    3  1.15785E+04 0.00413 
   48    1    1    1    1    1    1    1    5    4  1.10992E+04 0.00409 
   49    1    1    1    1    1    1    1    5    5  0.00000E+00 0.00000 
   50    1    1    1    1    1    1    1    5    6  1.01004E+04 0.00417 
   51    1    1    1    1    1    1    1    5    7  9.68910E+03 0.00425 
   52    1    1    1    1    1    1    1    5    8  0.00000E+00 0.00000 
   53    1    1    1    1    1    1    1    5    9  9.12766E+03 0.00448 
   54    1    1    1    1    1    1    1    5   10  8.81720E+03 0.00448 
   55    1    1    1    1    1    1    1    5   11  0.00000E+00 0.00000 
   56    1    1    1    1    1    1    1    6    1  1.03766E+04 0.00410 
   57    1    1    1    1    1    1    1    6    2  1.04626E+04 0.00418 
   58    1    1    1    1    1    1    1    6    3  0.00000E+00 0.00000 
   59    1    1    1    1    1    1    1    6    4  9.93752E+03 0.00439 
   60    1    1    1    1    1    1    1    6    5  9.61625E+03 0.00439 
   61    1    1    1    1    1    1    1    6    6  0.00000E+00 0.00000 
   62    1    1    1    1    1    1    1    6    7  9.06742E+03 0.00437 
   63    1    1    1    1    1    1    1    6    8  8.96494E+03 0.00436 
   64    1    1    1    1    1    1    1    6    9  0.00000E+00 0.00000 
   65    1    1    1    1    1    1    1    6   10  8.61996E+03 0.00456 
   66    1    1    1    1    1    1    1    6   11  8.43935E+03 0.00450 
   67    1    1    1    1    1    1    1    7    1  0.00000E+00 0.00000 
   68    1    1    1    1    1    1    1    7    2  9.58434E+03 0.00433 
   69    1    1    1    1    1    1    1    7    3  9.54783E+03 0.00428 
   70    1    1    1    1    1    1    1    7    4  0.00000E+00 0.00000 
   71    1    1    1    1    1    1    1    7    5  9.15645E+03 0.00447 
   72    1    1    1    1    1    1    1    7    6  8.87030E+03 0.00441 
   73    1    1    1    1    1    1    1    7    7  0.00000E+00 0.00000 
   74    1    1    1    1    1    1    1    7    8  8.62491E+03 0.00450 
   75    1    1    1    1    1    1    1    7    9  8.49596E+03 0.00444 
   76    1    1    1    1    1    1    1    7   10  0.00000E+00 0.00000 
   77    1    1    1    1    1    1    1    7   11  8.30108E+03 0.00455 
   78    1    1    1    1    1    1    1    8    1  9.25910E+03 0.00441 
   79    1    1    1    1    1    1    1    8    2  0.00000E+00 0.00000 
   80    1    1    1    1    1    1    1    8    3  9.01639E+03 0.00446 
   81    1    1    1    1    1    1    1    8    4  8.88201E+03 0.00437 
   82    1    1    1    1    1    1    1    8    5  0.00000E+00 0.00000 
   83    1    1    1    1    1    1    1    8    6  8.61675E+03 0.00452 
   84    1    1    1    1    1    1    1    8    7  8.43144E+03 0.00450 
   85    1    1    1    1    1    1    1    8    8  0.00000E+00 0.00000 
   86    1    1    1    1    1    1    1    8    9  8.31959E+03 0.00448 
   87    1    1    1    1    1    1    1    8   10  8.17271E+03 0.00458 
   88    1    1    1    1    1    1    1    8   11  0.00000E+00 0.00000 
   89    1    1    1    1    1    1    1    9    1  8.96779E+03 0.00438 
   90    1    1    1    1    1    1    1    9    2  8.86611E+03 0.00435 
   91    1    1    1    1    1    1    1    9    3  0.00000E+00 0.00000 
   92    1    1    1    1    1    1    1    9    4  8.63455E+03 0.00456 
   93    1    1    1    1    1    1    1    9    5  8.46530E+03 0.00456 
   94    1    1    1    1    1    1    1    9    6  0.00000E+00 0.00000 
   95    1    1    1    1    1    1    1    9    7  8.20655E+03 0.00453 
   96    1    1    1    1    1    1    1    9    8  8.30964E+03 0.00458 
   97    1    1    1    1    1    1    1    9    9  0.00000E+00 0.00000 
   98    1    1    1    1    1    1    1    9   10  7.99994E+03 0.00461 
   99    1    1    1    1    1    1    1    9   11  7.86851E+03 0.00458 
  100    1    1    1    1    1    1    1   10    1  0.00000E+00 0.00000 
  101    1    1    1    1    1    1    1   10    2  8.62303E+03 0.00450 
  102    1    1    1    1    1    1    1   10    3  8.49344E+03 0.00459 
  103    1    1    1    1    1    1    1   10    4  0.00000E+00 0.00000 
  104    1    1    1    1    1    1    1   10    5  8.23520E+03 0.00450 
  105    1    1    1    1    1    1    1   10    6  8.28439E+03 0.00464 
  106    1    1    1    1    1    1    1   10    7  0.00000E+00 0.00000 
  107    1    1    1    1    1    1    1   10    8  8.03020E+03 0.00461 
  108    1    1    1    1    1    1    1   10    9  7.91964E+03 0.00466 
  109    1    1    1    1    1    1    1   10   10  0.00000E+00 0.00000 
