
DETassem1 = [
    1    1    1    1    1    1    1    1    1    1  0.00000E+00 0.00000 
    2    1    1    1    1    1    1    1    1    2  0.00000E+00 0.00000 
    3    1    1    1    1    1    1    1    1    3  0.00000E+00 0.00000 
    4    1    1    1    1    1    1    1    1    4  0.00000E+00 0.00000 
    5    1    1    1    1    1    1    1    1    5  0.00000E+00 0.00000 
    6    1    1    1    1    1    1    1    1    6  0.00000E+00 0.00000 
    7    1    1    1    1    1    1    1    1    7  0.00000E+00 0.00000 
    8    1    1    1    1    1    1    1    1    8  1.82801E+04 0.00367 
    9    1    1    1    1    1    1    1    1    9  1.39195E+04 0.00407 
   10    1    1    1    1    1    1    1    1   10  0.00000E+00 0.00000 
   11    1    1    1    1    1    1    1    1   11  1.00567E+04 0.00449 
   12    1    1    1    1    1    1    1    2    1  1.94332E+04 0.00364 
   13    1    1    1    1    1    1    1    2    2  0.00000E+00 0.00000 
   14    1    1    1    1    1    1    1    2    3  0.00000E+00 0.00000 
   15    1    1    1    1    1    1    1    2    4  0.00000E+00 0.00000 
   16    1    1    1    1    1    1    1    2    5  0.00000E+00 0.00000 
   17    1    1    1    1    1    1    1    2    6  1.94251E+04 0.00356 
   18    1    1    1    1    1    1    1    2    7  1.57376E+04 0.00391 
   19    1    1    1    1    1    1    1    2    8  0.00000E+00 0.00000 
   20    1    1    1    1    1    1    1    2    9  1.11795E+04 0.00443 
   21    1    1    1    1    1    1    1    2   10  1.00537E+04 0.00443 
   22    1    1    1    1    1    1    1    2   11  0.00000E+00 0.00000 
   23    1    1    1    1    1    1    1    3    1  1.56408E+04 0.00381 
   24    1    1    1    1    1    1    1    3    2  1.82067E+04 0.00363 
   25    1    1    1    1    1    1    1    3    3  0.00000E+00 0.00000 
   26    1    1    1    1    1    1    1    3    4  1.82157E+04 0.00364 
   27    1    1    1    1    1    1    1    3    5  1.55995E+04 0.00379 
   28    1    1    1    1    1    1    1    3    6  0.00000E+00 0.00000 
   29    1    1    1    1    1    1    1    3    7  1.19083E+04 0.00430 
   30    1    1    1    1    1    1    1    3    8  1.07865E+04 0.00432 
   31    1    1    1    1    1    1    1    3    9  0.00000E+00 0.00000 
   32    1    1    1    1    1    1    1    3   10  9.22659E+03 0.00452 
   33    1    1    1    1    1    1    1    3   11  8.82159E+03 0.00458 
   34    1    1    1    1    1    1    1    4    1  0.00000E+00 0.00000 
   35    1    1    1    1    1    1    1    4    2  1.38749E+04 0.00405 
   36    1    1    1    1    1    1    1    4    3  1.39052E+04 0.00411 
   37    1    1    1    1    1    1    1    4    4  0.00000E+00 0.00000 
   38    1    1    1    1    1    1    1    4    5  1.20142E+04 0.00423 
   39    1    1    1    1    1    1    1    4    6  1.09985E+04 0.00441 
   40    1    1    1    1    1    1    1    4    7  0.00000E+00 0.00000 
   41    1    1    1    1    1    1    1    4    8  9.56817E+03 0.00445 
   42    1    1    1    1    1    1    1    4    9  9.14225E+03 0.00447 
   43    1    1    1    1    1    1    1    4   10  0.00000E+00 0.00000 
   44    1    1    1    1    1    1    1    4   11  8.56032E+03 0.00465 
   45    1    1    1    1    1    1    1    5    1  1.11578E+04 0.00427 
   46    1    1    1    1    1    1    1    5    2  0.00000E+00 0.00000 
   47    1    1    1    1    1    1    1    5    3  1.11629E+04 0.00432 
   48    1    1    1    1    1    1    1    5    4  1.07111E+04 0.00434 
   49    1    1    1    1    1    1    1    5    5  0.00000E+00 0.00000 
   50    1    1    1    1    1    1    1    5    6  9.68162E+03 0.00445 
   51    1    1    1    1    1    1    1    5    7  9.33434E+03 0.00452 
   52    1    1    1    1    1    1    1    5    8  0.00000E+00 0.00000 
   53    1    1    1    1    1    1    1    5    9  8.66907E+03 0.00464 
   54    1    1    1    1    1    1    1    5   10  8.43896E+03 0.00468 
   55    1    1    1    1    1    1    1    5   11  0.00000E+00 0.00000 
   56    1    1    1    1    1    1    1    6    1  1.00515E+04 0.00454 
   57    1    1    1    1    1    1    1    6    2  1.00305E+04 0.00439 
   58    1    1    1    1    1    1    1    6    3  0.00000E+00 0.00000 
   59    1    1    1    1    1    1    1    6    4  9.59181E+03 0.00440 
   60    1    1    1    1    1    1    1    6    5  9.28099E+03 0.00458 
   61    1    1    1    1    1    1    1    6    6  0.00000E+00 0.00000 
   62    1    1    1    1    1    1    1    6    7  8.71188E+03 0.00452 
   63    1    1    1    1    1    1    1    6    8  8.56921E+03 0.00462 
   64    1    1    1    1    1    1    1    6    9  0.00000E+00 0.00000 
   65    1    1    1    1    1    1    1    6   10  8.23315E+03 0.00477 
   66    1    1    1    1    1    1    1    6   11  8.02850E+03 0.00473 
   67    1    1    1    1    1    1    1    7    1  0.00000E+00 0.00000 
   68    1    1    1    1    1    1    1    7    2  9.24094E+03 0.00446 
   69    1    1    1    1    1    1    1    7    3  9.20062E+03 0.00448 
   70    1    1    1    1    1    1    1    7    4  0.00000E+00 0.00000 
   71    1    1    1    1    1    1    1    7    5  8.74802E+03 0.00460 
   72    1    1    1    1    1    1    1    7    6  8.58172E+03 0.00464 
   73    1    1    1    1    1    1    1    7    7  0.00000E+00 0.00000 
   74    1    1    1    1    1    1    1    7    8  8.21691E+03 0.00462 
   75    1    1    1    1    1    1    1    7    9  8.06099E+03 0.00456 
   76    1    1    1    1    1    1    1    7   10  0.00000E+00 0.00000 
   77    1    1    1    1    1    1    1    7   11  7.96661E+03 0.00486 
   78    1    1    1    1    1    1    1    8    1  8.81647E+03 0.00460 
   79    1    1    1    1    1    1    1    8    2  0.00000E+00 0.00000 
   80    1    1    1    1    1    1    1    8    3  8.76106E+03 0.00453 
   81    1    1    1    1    1    1    1    8    4  8.56630E+03 0.00455 
   82    1    1    1    1    1    1    1    8    5  0.00000E+00 0.00000 
   83    1    1    1    1    1    1    1    8    6  8.19611E+03 0.00465 
   84    1    1    1    1    1    1    1    8    7  8.03416E+03 0.00473 
   85    1    1    1    1    1    1    1    8    8  0.00000E+00 0.00000 
   86    1    1    1    1    1    1    1    8    9  8.08114E+03 0.00473 
   87    1    1    1    1    1    1    1    8   10  7.91469E+03 0.00474 
   88    1    1    1    1    1    1    1    8   11  0.00000E+00 0.00000 
   89    1    1    1    1    1    1    1    9    1  8.54540E+03 0.00459 
   90    1    1    1    1    1    1    1    9    2  8.47478E+03 0.00465 
   91    1    1    1    1    1    1    1    9    3  0.00000E+00 0.00000 
   92    1    1    1    1    1    1    1    9    4  8.22254E+03 0.00457 
   93    1    1    1    1    1    1    1    9    5  8.11969E+03 0.00475 
   94    1    1    1    1    1    1    1    9    6  0.00000E+00 0.00000 
   95    1    1    1    1    1    1    1    9    7  7.97560E+03 0.00472 
   96    1    1    1    1    1    1    1    9    8  7.94221E+03 0.00485 
   97    1    1    1    1    1    1    1    9    9  0.00000E+00 0.00000 
   98    1    1    1    1    1    1    1    9   10  7.68460E+03 0.00482 
   99    1    1    1    1    1    1    1    9   11  7.69268E+03 0.00493 
  100    1    1    1    1    1    1    1   10    1  0.00000E+00 0.00000 
  101    1    1    1    1    1    1    1   10    2  8.28860E+03 0.00483 
  102    1    1    1    1    1    1    1   10    3  8.08391E+03 0.00470 
  103    1    1    1    1    1    1    1   10    4  0.00000E+00 0.00000 
  104    1    1    1    1    1    1    1   10    5  8.03009E+03 0.00475 
  105    1    1    1    1    1    1    1   10    6  7.91700E+03 0.00467 
  106    1    1    1    1    1    1    1   10    7  0.00000E+00 0.00000 
  107    1    1    1    1    1    1    1   10    8  7.78228E+03 0.00494 
  108    1    1    1    1    1    1    1   10    9  7.55302E+03 0.00481 
  109    1    1    1    1    1    1    1   10   10  0.00000E+00 0.00000 
