
DETassem1 = [
    1    1    1    1    1    1    1    1    1    1  0.00000E+00 0.00000 
    2    1    1    1    1    1    1    1    1    2  0.00000E+00 0.00000 
    3    1    1    1    1    1    1    1    1    3  0.00000E+00 0.00000 
    4    1    1    1    1    1    1    1    1    4  0.00000E+00 0.00000 
    5    1    1    1    1    1    1    1    1    5  0.00000E+00 0.00000 
    6    1    1    1    1    1    1    1    1    6  0.00000E+00 0.00000 
    7    1    1    1    1    1    1    1    1    7  0.00000E+00 0.00000 
    8    1    1    1    1    1    1    1    1    8  1.77161E+04 0.00354 
    9    1    1    1    1    1    1    1    1    9  1.39381E+04 0.00382 
   10    1    1    1    1    1    1    1    1   10  0.00000E+00 0.00000 
   11    1    1    1    1    1    1    1    1   11  1.03775E+04 0.00424 
   12    1    1    1    1    1    1    1    2    1  1.90112E+04 0.00345 
   13    1    1    1    1    1    1    1    2    2  0.00000E+00 0.00000 
   14    1    1    1    1    1    1    1    2    3  0.00000E+00 0.00000 
   15    1    1    1    1    1    1    1    2    4  0.00000E+00 0.00000 
   16    1    1    1    1    1    1    1    2    5  0.00000E+00 0.00000 
   17    1    1    1    1    1    1    1    2    6  1.87362E+04 0.00353 
   18    1    1    1    1    1    1    1    2    7  1.56243E+04 0.00360 
   19    1    1    1    1    1    1    1    2    8  0.00000E+00 0.00000 
   20    1    1    1    1    1    1    1    2    9  1.14766E+04 0.00406 
   21    1    1    1    1    1    1    1    2   10  1.03449E+04 0.00421 
   22    1    1    1    1    1    1    1    2   11  0.00000E+00 0.00000 
   23    1    1    1    1    1    1    1    3    1  1.56116E+04 0.00377 
   24    1    1    1    1    1    1    1    3    2  1.78067E+04 0.00351 
   25    1    1    1    1    1    1    1    3    3  0.00000E+00 0.00000 
   26    1    1    1    1    1    1    1    3    4  1.77980E+04 0.00353 
   27    1    1    1    1    1    1    1    3    5  1.55703E+04 0.00371 
   28    1    1    1    1    1    1    1    3    6  0.00000E+00 0.00000 
   29    1    1    1    1    1    1    1    3    7  1.22188E+04 0.00407 
   30    1    1    1    1    1    1    1    3    8  1.10711E+04 0.00424 
   31    1    1    1    1    1    1    1    3    9  0.00000E+00 0.00000 
   32    1    1    1    1    1    1    1    3   10  9.58235E+03 0.00434 
   33    1    1    1    1    1    1    1    3   11  9.21339E+03 0.00438 
   34    1    1    1    1    1    1    1    4    1  0.00000E+00 0.00000 
   35    1    1    1    1    1    1    1    4    2  1.39630E+04 0.00384 
   36    1    1    1    1    1    1    1    4    3  1.40182E+04 0.00386 
   37    1    1    1    1    1    1    1    4    4  0.00000E+00 0.00000 
   38    1    1    1    1    1    1    1    4    5  1.21790E+04 0.00408 
   39    1    1    1    1    1    1    1    4    6  1.13948E+04 0.00415 
   40    1    1    1    1    1    1    1    4    7  0.00000E+00 0.00000 
   41    1    1    1    1    1    1    1    4    8  9.87733E+03 0.00430 
   42    1    1    1    1    1    1    1    4    9  9.47385E+03 0.00432 
   43    1    1    1    1    1    1    1    4   10  0.00000E+00 0.00000 
   44    1    1    1    1    1    1    1    4   11  8.94402E+03 0.00444 
   45    1    1    1    1    1    1    1    5    1  1.14430E+04 0.00415 
   46    1    1    1    1    1    1    1    5    2  0.00000E+00 0.00000 
   47    1    1    1    1    1    1    1    5    3  1.15001E+04 0.00399 
   48    1    1    1    1    1    1    1    5    4  1.11148E+04 0.00411 
   49    1    1    1    1    1    1    1    5    5  0.00000E+00 0.00000 
   50    1    1    1    1    1    1    1    5    6  1.00847E+04 0.00437 
   51    1    1    1    1    1    1    1    5    7  9.51966E+03 0.00442 
   52    1    1    1    1    1    1    1    5    8  0.00000E+00 0.00000 
   53    1    1    1    1    1    1    1    5    9  8.93847E+03 0.00441 
   54    1    1    1    1    1    1    1    5   10  8.79624E+03 0.00452 
   55    1    1    1    1    1    1    1    5   11  0.00000E+00 0.00000 
   56    1    1    1    1    1    1    1    6    1  1.04340E+04 0.00413 
   57    1    1    1    1    1    1    1    6    2  1.03719E+04 0.00422 
   58    1    1    1    1    1    1    1    6    3  0.00000E+00 0.00000 
   59    1    1    1    1    1    1    1    6    4  9.84754E+03 0.00430 
   60    1    1    1    1    1    1    1    6    5  9.59430E+03 0.00433 
   61    1    1    1    1    1    1    1    6    6  0.00000E+00 0.00000 
   62    1    1    1    1    1    1    1    6    7  9.03323E+03 0.00446 
   63    1    1    1    1    1    1    1    6    8  8.77395E+03 0.00442 
   64    1    1    1    1    1    1    1    6    9  0.00000E+00 0.00000 
   65    1    1    1    1    1    1    1    6   10  8.53881E+03 0.00449 
   66    1    1    1    1    1    1    1    6   11  8.42421E+03 0.00450 
   67    1    1    1    1    1    1    1    7    1  0.00000E+00 0.00000 
   68    1    1    1    1    1    1    1    7    2  9.58962E+03 0.00415 
   69    1    1    1    1    1    1    1    7    3  9.41597E+03 0.00424 
   70    1    1    1    1    1    1    1    7    4  0.00000E+00 0.00000 
   71    1    1    1    1    1    1    1    7    5  9.00865E+03 0.00440 
   72    1    1    1    1    1    1    1    7    6  8.87037E+03 0.00445 
   73    1    1    1    1    1    1    1    7    7  0.00000E+00 0.00000 
   74    1    1    1    1    1    1    1    7    8  8.56447E+03 0.00455 
   75    1    1    1    1    1    1    1    7    9  8.52070E+03 0.00445 
   76    1    1    1    1    1    1    1    7   10  0.00000E+00 0.00000 
   77    1    1    1    1    1    1    1    7   11  8.25466E+03 0.00454 
   78    1    1    1    1    1    1    1    8    1  9.22297E+03 0.00449 
   79    1    1    1    1    1    1    1    8    2  0.00000E+00 0.00000 
   80    1    1    1    1    1    1    1    8    3  8.89804E+03 0.00437 
   81    1    1    1    1    1    1    1    8    4  8.81716E+03 0.00438 
   82    1    1    1    1    1    1    1    8    5  0.00000E+00 0.00000 
   83    1    1    1    1    1    1    1    8    6  8.54600E+03 0.00449 
   84    1    1    1    1    1    1    1    8    7  8.42411E+03 0.00460 
   85    1    1    1    1    1    1    1    8    8  0.00000E+00 0.00000 
   86    1    1    1    1    1    1    1    8    9  8.31643E+03 0.00450 
   87    1    1    1    1    1    1    1    8   10  8.23706E+03 0.00457 
   88    1    1    1    1    1    1    1    8   11  0.00000E+00 0.00000 
   89    1    1    1    1    1    1    1    9    1  8.87271E+03 0.00447 
   90    1    1    1    1    1    1    1    9    2  8.80144E+03 0.00438 
   91    1    1    1    1    1    1    1    9    3  0.00000E+00 0.00000 
   92    1    1    1    1    1    1    1    9    4  8.49446E+03 0.00445 
   93    1    1    1    1    1    1    1    9    5  8.40088E+03 0.00451 
   94    1    1    1    1    1    1    1    9    6  0.00000E+00 0.00000 
   95    1    1    1    1    1    1    1    9    7  8.24680E+03 0.00446 
   96    1    1    1    1    1    1    1    9    8  8.21562E+03 0.00463 
   97    1    1    1    1    1    1    1    9    9  0.00000E+00 0.00000 
   98    1    1    1    1    1    1    1    9   10  7.99192E+03 0.00471 
   99    1    1    1    1    1    1    1    9   11  7.95098E+03 0.00458 
  100    1    1    1    1    1    1    1   10    1  0.00000E+00 0.00000 
  101    1    1    1    1    1    1    1   10    2  8.53443E+03 0.00442 
  102    1    1    1    1    1    1    1   10    3  8.40561E+03 0.00460 
  103    1    1    1    1    1    1    1   10    4  0.00000E+00 0.00000 
  104    1    1    1    1    1    1    1   10    5  8.27165E+03 0.00461 
  105    1    1    1    1    1    1    1   10    6  8.24982E+03 0.00444 
  106    1    1    1    1    1    1    1   10    7  0.00000E+00 0.00000 
  107    1    1    1    1    1    1    1   10    8  7.98412E+03 0.00468 
  108    1    1    1    1    1    1    1   10    9  7.87017E+03 0.00468 
  109    1    1    1    1    1    1    1   10   10  0.00000E+00 0.00000 
