
DETassem1 = [
    1    1    1    1    1    1    1    1    1    1  0.00000E+00 0.00000 
    2    1    1    1    1    1    1    1    1    2  0.00000E+00 0.00000 
    3    1    1    1    1    1    1    1    1    3  0.00000E+00 0.00000 
    4    1    1    1    1    1    1    1    1    4  0.00000E+00 0.00000 
    5    1    1    1    1    1    1    1    1    5  0.00000E+00 0.00000 
    6    1    1    1    1    1    1    1    1    6  0.00000E+00 0.00000 
    7    1    1    1    1    1    1    1    1    7  0.00000E+00 0.00000 
    8    1    1    1    1    1    1    1    1    8  1.76723E+04 0.00346 
    9    1    1    1    1    1    1    1    1    9  1.38541E+04 0.00385 
   10    1    1    1    1    1    1    1    1   10  0.00000E+00 0.00000 
   11    1    1    1    1    1    1    1    1   11  1.00654E+04 0.00435 
   12    1    1    1    1    1    1    1    2    1  1.89919E+04 0.00348 
   13    1    1    1    1    1    1    1    2    2  0.00000E+00 0.00000 
   14    1    1    1    1    1    1    1    2    3  0.00000E+00 0.00000 
   15    1    1    1    1    1    1    1    2    4  0.00000E+00 0.00000 
   16    1    1    1    1    1    1    1    2    5  0.00000E+00 0.00000 
   17    1    1    1    1    1    1    1    2    6  1.90011E+04 0.00342 
   18    1    1    1    1    1    1    1    2    7  1.55933E+04 0.00370 
   19    1    1    1    1    1    1    1    2    8  0.00000E+00 0.00000 
   20    1    1    1    1    1    1    1    2    9  1.12716E+04 0.00409 
   21    1    1    1    1    1    1    1    2   10  1.01163E+04 0.00432 
   22    1    1    1    1    1    1    1    2   11  0.00000E+00 0.00000 
   23    1    1    1    1    1    1    1    3    1  1.55294E+04 0.00375 
   24    1    1    1    1    1    1    1    3    2  1.77290E+04 0.00363 
   25    1    1    1    1    1    1    1    3    3  0.00000E+00 0.00000 
   26    1    1    1    1    1    1    1    3    4  1.77363E+04 0.00360 
   27    1    1    1    1    1    1    1    3    5  1.56221E+04 0.00379 
   28    1    1    1    1    1    1    1    3    6  0.00000E+00 0.00000 
   29    1    1    1    1    1    1    1    3    7  1.22098E+04 0.00407 
   30    1    1    1    1    1    1    1    3    8  1.08967E+04 0.00413 
   31    1    1    1    1    1    1    1    3    9  0.00000E+00 0.00000 
   32    1    1    1    1    1    1    1    3   10  9.44971E+03 0.00433 
   33    1    1    1    1    1    1    1    3   11  9.12316E+03 0.00451 
   34    1    1    1    1    1    1    1    4    1  0.00000E+00 0.00000 
   35    1    1    1    1    1    1    1    4    2  1.38378E+04 0.00390 
   36    1    1    1    1    1    1    1    4    3  1.37631E+04 0.00379 
   37    1    1    1    1    1    1    1    4    4  0.00000E+00 0.00000 
   38    1    1    1    1    1    1    1    4    5  1.21448E+04 0.00406 
   39    1    1    1    1    1    1    1    4    6  1.13216E+04 0.00413 
   40    1    1    1    1    1    1    1    4    7  0.00000E+00 0.00000 
   41    1    1    1    1    1    1    1    4    8  9.72571E+03 0.00433 
   42    1    1    1    1    1    1    1    4    9  9.40679E+03 0.00448 
   43    1    1    1    1    1    1    1    4   10  0.00000E+00 0.00000 
   44    1    1    1    1    1    1    1    4   11  8.80220E+03 0.00447 
   45    1    1    1    1    1    1    1    5    1  1.13608E+04 0.00408 
   46    1    1    1    1    1    1    1    5    2  0.00000E+00 0.00000 
   47    1    1    1    1    1    1    1    5    3  1.13610E+04 0.00406 
   48    1    1    1    1    1    1    1    5    4  1.08810E+04 0.00410 
   49    1    1    1    1    1    1    1    5    5  0.00000E+00 0.00000 
   50    1    1    1    1    1    1    1    5    6  9.97540E+03 0.00429 
   51    1    1    1    1    1    1    1    5    7  9.46924E+03 0.00429 
   52    1    1    1    1    1    1    1    5    8  0.00000E+00 0.00000 
   53    1    1    1    1    1    1    1    5    9  8.96055E+03 0.00424 
   54    1    1    1    1    1    1    1    5   10  8.73036E+03 0.00442 
   55    1    1    1    1    1    1    1    5   11  0.00000E+00 0.00000 
   56    1    1    1    1    1    1    1    6    1  1.02080E+04 0.00431 
   57    1    1    1    1    1    1    1    6    2  1.01036E+04 0.00431 
   58    1    1    1    1    1    1    1    6    3  0.00000E+00 0.00000 
   59    1    1    1    1    1    1    1    6    4  9.70545E+03 0.00432 
   60    1    1    1    1    1    1    1    6    5  9.56370E+03 0.00429 
   61    1    1    1    1    1    1    1    6    6  0.00000E+00 0.00000 
   62    1    1    1    1    1    1    1    6    7  9.05471E+03 0.00423 
   63    1    1    1    1    1    1    1    6    8  8.82865E+03 0.00436 
   64    1    1    1    1    1    1    1    6    9  0.00000E+00 0.00000 
   65    1    1    1    1    1    1    1    6   10  8.53944E+03 0.00447 
   66    1    1    1    1    1    1    1    6   11  8.43098E+03 0.00464 
   67    1    1    1    1    1    1    1    7    1  0.00000E+00 0.00000 
   68    1    1    1    1    1    1    1    7    2  9.44779E+03 0.00443 
   69    1    1    1    1    1    1    1    7    3  9.36507E+03 0.00435 
   70    1    1    1    1    1    1    1    7    4  0.00000E+00 0.00000 
   71    1    1    1    1    1    1    1    7    5  8.99448E+03 0.00448 
   72    1    1    1    1    1    1    1    7    6  8.74847E+03 0.00439 
   73    1    1    1    1    1    1    1    7    7  0.00000E+00 0.00000 
   74    1    1    1    1    1    1    1    7    8  8.42632E+03 0.00451 
   75    1    1    1    1    1    1    1    7    9  8.39043E+03 0.00454 
   76    1    1    1    1    1    1    1    7   10  0.00000E+00 0.00000 
   77    1    1    1    1    1    1    1    7   11  8.23147E+03 0.00460 
   78    1    1    1    1    1    1    1    8    1  9.14364E+03 0.00447 
   79    1    1    1    1    1    1    1    8    2  0.00000E+00 0.00000 
   80    1    1    1    1    1    1    1    8    3  8.87595E+03 0.00446 
   81    1    1    1    1    1    1    1    8    4  8.75871E+03 0.00447 
   82    1    1    1    1    1    1    1    8    5  0.00000E+00 0.00000 
   83    1    1    1    1    1    1    1    8    6  8.45746E+03 0.00451 
   84    1    1    1    1    1    1    1    8    7  8.47055E+03 0.00455 
   85    1    1    1    1    1    1    1    8    8  0.00000E+00 0.00000 
   86    1    1    1    1    1    1    1    8    9  8.28434E+03 0.00458 
   87    1    1    1    1    1    1    1    8   10  8.21777E+03 0.00465 
   88    1    1    1    1    1    1    1    8   11  0.00000E+00 0.00000 
   89    1    1    1    1    1    1    1    9    1  8.84660E+03 0.00446 
   90    1    1    1    1    1    1    1    9    2  8.78862E+03 0.00447 
   91    1    1    1    1    1    1    1    9    3  0.00000E+00 0.00000 
   92    1    1    1    1    1    1    1    9    4  8.47313E+03 0.00455 
   93    1    1    1    1    1    1    1    9    5  8.42240E+03 0.00455 
   94    1    1    1    1    1    1    1    9    6  0.00000E+00 0.00000 
   95    1    1    1    1    1    1    1    9    7  8.31058E+03 0.00459 
   96    1    1    1    1    1    1    1    9    8  8.18851E+03 0.00458 
   97    1    1    1    1    1    1    1    9    9  0.00000E+00 0.00000 
   98    1    1    1    1    1    1    1    9   10  8.00869E+03 0.00468 
   99    1    1    1    1    1    1    1    9   11  7.88357E+03 0.00476 
  100    1    1    1    1    1    1    1   10    1  0.00000E+00 0.00000 
  101    1    1    1    1    1    1    1   10    2  8.50019E+03 0.00459 
  102    1    1    1    1    1    1    1   10    3  8.34221E+03 0.00460 
  103    1    1    1    1    1    1    1   10    4  0.00000E+00 0.00000 
  104    1    1    1    1    1    1    1   10    5  8.25783E+03 0.00451 
  105    1    1    1    1    1    1    1   10    6  8.18877E+03 0.00462 
  106    1    1    1    1    1    1    1   10    7  0.00000E+00 0.00000 
  107    1    1    1    1    1    1    1   10    8  8.04036E+03 0.00468 
  108    1    1    1    1    1    1    1   10    9  7.92903E+03 0.00472 
  109    1    1    1    1    1    1    1   10   10  0.00000E+00 0.00000 
