
DETassem1 = [
    1    1    1    1    1    1    1    1    1    1  0.00000E+00 0.00000 
    2    1    1    1    1    1    1    1    1    2  0.00000E+00 0.00000 
    3    1    1    1    1    1    1    1    1    3  0.00000E+00 0.00000 
    4    1    1    1    1    1    1    1    1    4  0.00000E+00 0.00000 
    5    1    1    1    1    1    1    1    1    5  0.00000E+00 0.00000 
    6    1    1    1    1    1    1    1    1    6  0.00000E+00 0.00000 
    7    1    1    1    1    1    1    1    1    7  0.00000E+00 0.00000 
    8    1    1    1    1    1    1    1    1    8  1.83412E+04 0.00364 
    9    1    1    1    1    1    1    1    1    9  1.39877E+04 0.00412 
   10    1    1    1    1    1    1    1    1   10  0.00000E+00 0.00000 
   11    1    1    1    1    1    1    1    1   11  1.00631E+04 0.00437 
   12    1    1    1    1    1    1    1    2    1  1.98510E+04 0.00354 
   13    1    1    1    1    1    1    1    2    2  0.00000E+00 0.00000 
   14    1    1    1    1    1    1    1    2    3  0.00000E+00 0.00000 
   15    1    1    1    1    1    1    1    2    4  0.00000E+00 0.00000 
   16    1    1    1    1    1    1    1    2    5  0.00000E+00 0.00000 
   17    1    1    1    1    1    1    1    2    6  1.96018E+04 0.00352 
   18    1    1    1    1    1    1    1    2    7  1.58058E+04 0.00379 
   19    1    1    1    1    1    1    1    2    8  0.00000E+00 0.00000 
   20    1    1    1    1    1    1    1    2    9  1.13187E+04 0.00414 
   21    1    1    1    1    1    1    1    2   10  1.00663E+04 0.00444 
   22    1    1    1    1    1    1    1    2   11  0.00000E+00 0.00000 
   23    1    1    1    1    1    1    1    3    1  1.58303E+04 0.00384 
   24    1    1    1    1    1    1    1    3    2  1.83452E+04 0.00376 
   25    1    1    1    1    1    1    1    3    3  0.00000E+00 0.00000 
   26    1    1    1    1    1    1    1    3    4  1.81690E+04 0.00365 
   27    1    1    1    1    1    1    1    3    5  1.58245E+04 0.00384 
   28    1    1    1    1    1    1    1    3    6  0.00000E+00 0.00000 
   29    1    1    1    1    1    1    1    3    7  1.20363E+04 0.00416 
   30    1    1    1    1    1    1    1    3    8  1.07617E+04 0.00435 
   31    1    1    1    1    1    1    1    3    9  0.00000E+00 0.00000 
   32    1    1    1    1    1    1    1    3   10  9.30444E+03 0.00446 
   33    1    1    1    1    1    1    1    3   11  8.89826E+03 0.00453 
   34    1    1    1    1    1    1    1    4    1  0.00000E+00 0.00000 
   35    1    1    1    1    1    1    1    4    2  1.39808E+04 0.00403 
   36    1    1    1    1    1    1    1    4    3  1.39040E+04 0.00396 
   37    1    1    1    1    1    1    1    4    4  0.00000E+00 0.00000 
   38    1    1    1    1    1    1    1    4    5  1.20677E+04 0.00406 
   39    1    1    1    1    1    1    1    4    6  1.11546E+04 0.00436 
   40    1    1    1    1    1    1    1    4    7  0.00000E+00 0.00000 
   41    1    1    1    1    1    1    1    4    8  9.54991E+03 0.00439 
   42    1    1    1    1    1    1    1    4    9  9.03391E+03 0.00448 
   43    1    1    1    1    1    1    1    4   10  0.00000E+00 0.00000 
   44    1    1    1    1    1    1    1    4   11  8.56571E+03 0.00458 
   45    1    1    1    1    1    1    1    5    1  1.12577E+04 0.00427 
   46    1    1    1    1    1    1    1    5    2  0.00000E+00 0.00000 
   47    1    1    1    1    1    1    1    5    3  1.12381E+04 0.00431 
   48    1    1    1    1    1    1    1    5    4  1.07723E+04 0.00434 
   49    1    1    1    1    1    1    1    5    5  0.00000E+00 0.00000 
   50    1    1    1    1    1    1    1    5    6  9.61666E+03 0.00444 
   51    1    1    1    1    1    1    1    5    7  9.23883E+03 0.00450 
   52    1    1    1    1    1    1    1    5    8  0.00000E+00 0.00000 
   53    1    1    1    1    1    1    1    5    9  8.64589E+03 0.00450 
   54    1    1    1    1    1    1    1    5   10  8.48304E+03 0.00455 
   55    1    1    1    1    1    1    1    5   11  0.00000E+00 0.00000 
   56    1    1    1    1    1    1    1    6    1  1.00833E+04 0.00446 
   57    1    1    1    1    1    1    1    6    2  1.00609E+04 0.00445 
   58    1    1    1    1    1    1    1    6    3  0.00000E+00 0.00000 
   59    1    1    1    1    1    1    1    6    4  9.62733E+03 0.00450 
   60    1    1    1    1    1    1    1    6    5  9.23843E+03 0.00453 
   61    1    1    1    1    1    1    1    6    6  0.00000E+00 0.00000 
   62    1    1    1    1    1    1    1    6    7  8.59905E+03 0.00466 
   63    1    1    1    1    1    1    1    6    8  8.50611E+03 0.00457 
   64    1    1    1    1    1    1    1    6    9  0.00000E+00 0.00000 
   65    1    1    1    1    1    1    1    6   10  8.29390E+03 0.00462 
   66    1    1    1    1    1    1    1    6   11  8.21922E+03 0.00469 
   67    1    1    1    1    1    1    1    7    1  0.00000E+00 0.00000 
   68    1    1    1    1    1    1    1    7    2  9.17131E+03 0.00456 
   69    1    1    1    1    1    1    1    7    3  8.98601E+03 0.00457 
   70    1    1    1    1    1    1    1    7    4  0.00000E+00 0.00000 
   71    1    1    1    1    1    1    1    7    5  8.62012E+03 0.00461 
   72    1    1    1    1    1    1    1    7    6  8.53767E+03 0.00453 
   73    1    1    1    1    1    1    1    7    7  0.00000E+00 0.00000 
   74    1    1    1    1    1    1    1    7    8  8.24470E+03 0.00475 
   75    1    1    1    1    1    1    1    7    9  8.20055E+03 0.00467 
   76    1    1    1    1    1    1    1    7   10  0.00000E+00 0.00000 
   77    1    1    1    1    1    1    1    7   11  8.10358E+03 0.00482 
   78    1    1    1    1    1    1    1    8    1  8.88541E+03 0.00460 
   79    1    1    1    1    1    1    1    8    2  0.00000E+00 0.00000 
   80    1    1    1    1    1    1    1    8    3  8.64832E+03 0.00466 
   81    1    1    1    1    1    1    1    8    4  8.50335E+03 0.00476 
   82    1    1    1    1    1    1    1    8    5  0.00000E+00 0.00000 
   83    1    1    1    1    1    1    1    8    6  8.32882E+03 0.00475 
   84    1    1    1    1    1    1    1    8    7  8.22856E+03 0.00461 
   85    1    1    1    1    1    1    1    8    8  0.00000E+00 0.00000 
   86    1    1    1    1    1    1    1    8    9  8.15593E+03 0.00467 
   87    1    1    1    1    1    1    1    8   10  8.02937E+03 0.00480 
   88    1    1    1    1    1    1    1    8   11  0.00000E+00 0.00000 
   89    1    1    1    1    1    1    1    9    1  8.58295E+03 0.00455 
   90    1    1    1    1    1    1    1    9    2  8.60592E+03 0.00464 
   91    1    1    1    1    1    1    1    9    3  0.00000E+00 0.00000 
   92    1    1    1    1    1    1    1    9    4  8.24910E+03 0.00471 
   93    1    1    1    1    1    1    1    9    5  8.18815E+03 0.00467 
   94    1    1    1    1    1    1    1    9    6  0.00000E+00 0.00000 
   95    1    1    1    1    1    1    1    9    7  8.08346E+03 0.00473 
   96    1    1    1    1    1    1    1    9    8  7.97976E+03 0.00481 
   97    1    1    1    1    1    1    1    9    9  0.00000E+00 0.00000 
   98    1    1    1    1    1    1    1    9   10  7.82818E+03 0.00486 
   99    1    1    1    1    1    1    1    9   11  7.71560E+03 0.00479 
  100    1    1    1    1    1    1    1   10    1  0.00000E+00 0.00000 
  101    1    1    1    1    1    1    1   10    2  8.36238E+03 0.00469 
  102    1    1    1    1    1    1    1   10    3  8.24934E+03 0.00466 
  103    1    1    1    1    1    1    1   10    4  0.00000E+00 0.00000 
  104    1    1    1    1    1    1    1   10    5  8.11493E+03 0.00472 
  105    1    1    1    1    1    1    1   10    6  7.94312E+03 0.00475 
  106    1    1    1    1    1    1    1   10    7  0.00000E+00 0.00000 
  107    1    1    1    1    1    1    1   10    8  7.82739E+03 0.00470 
  108    1    1    1    1    1    1    1   10    9  7.69819E+03 0.00481 
  109    1    1    1    1    1    1    1   10   10  0.00000E+00 0.00000 
