
DETassem1 = [
    1    1    1    1    1    1    1    1    1    1  0.00000E+00 0.00000 
    2    1    1    1    1    1    1    1    1    2  0.00000E+00 0.00000 
    3    1    1    1    1    1    1    1    1    3  0.00000E+00 0.00000 
    4    1    1    1    1    1    1    1    1    4  0.00000E+00 0.00000 
    5    1    1    1    1    1    1    1    1    5  0.00000E+00 0.00000 
    6    1    1    1    1    1    1    1    1    6  0.00000E+00 0.00000 
    7    1    1    1    1    1    1    1    1    7  0.00000E+00 0.00000 
    8    1    1    1    1    1    1    1    1    8  1.74276E+04 0.00356 
    9    1    1    1    1    1    1    1    1    9  1.35447E+04 0.00396 
   10    1    1    1    1    1    1    1    1   10  0.00000E+00 0.00000 
   11    1    1    1    1    1    1    1    1   11  1.01019E+04 0.00433 
   12    1    1    1    1    1    1    1    2    1  1.87654E+04 0.00348 
   13    1    1    1    1    1    1    1    2    2  0.00000E+00 0.00000 
   14    1    1    1    1    1    1    1    2    3  0.00000E+00 0.00000 
   15    1    1    1    1    1    1    1    2    4  0.00000E+00 0.00000 
   16    1    1    1    1    1    1    1    2    5  0.00000E+00 0.00000 
   17    1    1    1    1    1    1    1    2    6  1.86186E+04 0.00360 
   18    1    1    1    1    1    1    1    2    7  1.51611E+04 0.00382 
   19    1    1    1    1    1    1    1    2    8  0.00000E+00 0.00000 
   20    1    1    1    1    1    1    1    2    9  1.12557E+04 0.00416 
   21    1    1    1    1    1    1    1    2   10  1.01350E+04 0.00426 
   22    1    1    1    1    1    1    1    2   11  0.00000E+00 0.00000 
   23    1    1    1    1    1    1    1    3    1  1.51333E+04 0.00371 
   24    1    1    1    1    1    1    1    3    2  1.74908E+04 0.00360 
   25    1    1    1    1    1    1    1    3    3  0.00000E+00 0.00000 
   26    1    1    1    1    1    1    1    3    4  1.74693E+04 0.00365 
   27    1    1    1    1    1    1    1    3    5  1.52212E+04 0.00374 
   28    1    1    1    1    1    1    1    3    6  0.00000E+00 0.00000 
   29    1    1    1    1    1    1    1    3    7  1.18051E+04 0.00403 
   30    1    1    1    1    1    1    1    3    8  1.08822E+04 0.00421 
   31    1    1    1    1    1    1    1    3    9  0.00000E+00 0.00000 
   32    1    1    1    1    1    1    1    3   10  9.41821E+03 0.00445 
   33    1    1    1    1    1    1    1    3   11  9.10265E+03 0.00438 
   34    1    1    1    1    1    1    1    4    1  0.00000E+00 0.00000 
   35    1    1    1    1    1    1    1    4    2  1.35209E+04 0.00377 
   36    1    1    1    1    1    1    1    4    3  1.36090E+04 0.00396 
   37    1    1    1    1    1    1    1    4    4  0.00000E+00 0.00000 
   38    1    1    1    1    1    1    1    4    5  1.19235E+04 0.00407 
   39    1    1    1    1    1    1    1    4    6  1.12167E+04 0.00410 
   40    1    1    1    1    1    1    1    4    7  0.00000E+00 0.00000 
   41    1    1    1    1    1    1    1    4    8  9.69190E+03 0.00444 
   42    1    1    1    1    1    1    1    4    9  9.34973E+03 0.00438 
   43    1    1    1    1    1    1    1    4   10  0.00000E+00 0.00000 
   44    1    1    1    1    1    1    1    4   11  8.83989E+03 0.00450 
   45    1    1    1    1    1    1    1    5    1  1.11931E+04 0.00411 
   46    1    1    1    1    1    1    1    5    2  0.00000E+00 0.00000 
   47    1    1    1    1    1    1    1    5    3  1.13051E+04 0.00409 
   48    1    1    1    1    1    1    1    5    4  1.08722E+04 0.00425 
   49    1    1    1    1    1    1    1    5    5  0.00000E+00 0.00000 
   50    1    1    1    1    1    1    1    5    6  9.78897E+03 0.00428 
   51    1    1    1    1    1    1    1    5    7  9.46032E+03 0.00436 
   52    1    1    1    1    1    1    1    5    8  0.00000E+00 0.00000 
   53    1    1    1    1    1    1    1    5    9  8.80611E+03 0.00442 
   54    1    1    1    1    1    1    1    5   10  8.74802E+03 0.00450 
   55    1    1    1    1    1    1    1    5   11  0.00000E+00 0.00000 
   56    1    1    1    1    1    1    1    6    1  1.02182E+04 0.00420 
   57    1    1    1    1    1    1    1    6    2  1.02414E+04 0.00426 
   58    1    1    1    1    1    1    1    6    3  0.00000E+00 0.00000 
   59    1    1    1    1    1    1    1    6    4  9.73784E+03 0.00432 
   60    1    1    1    1    1    1    1    6    5  9.52302E+03 0.00424 
   61    1    1    1    1    1    1    1    6    6  0.00000E+00 0.00000 
   62    1    1    1    1    1    1    1    6    7  8.93716E+03 0.00441 
   63    1    1    1    1    1    1    1    6    8  8.83563E+03 0.00443 
   64    1    1    1    1    1    1    1    6    9  0.00000E+00 0.00000 
   65    1    1    1    1    1    1    1    6   10  8.52995E+03 0.00456 
   66    1    1    1    1    1    1    1    6   11  8.39651E+03 0.00453 
   67    1    1    1    1    1    1    1    7    1  0.00000E+00 0.00000 
   68    1    1    1    1    1    1    1    7    2  9.48009E+03 0.00435 
   69    1    1    1    1    1    1    1    7    3  9.27153E+03 0.00436 
   70    1    1    1    1    1    1    1    7    4  0.00000E+00 0.00000 
   71    1    1    1    1    1    1    1    7    5  8.95528E+03 0.00431 
   72    1    1    1    1    1    1    1    7    6  8.80555E+03 0.00440 
   73    1    1    1    1    1    1    1    7    7  0.00000E+00 0.00000 
   74    1    1    1    1    1    1    1    7    8  8.45426E+03 0.00450 
   75    1    1    1    1    1    1    1    7    9  8.39624E+03 0.00448 
   76    1    1    1    1    1    1    1    7   10  0.00000E+00 0.00000 
   77    1    1    1    1    1    1    1    7   11  8.23782E+03 0.00466 
   78    1    1    1    1    1    1    1    8    1  9.09989E+03 0.00439 
   79    1    1    1    1    1    1    1    8    2  0.00000E+00 0.00000 
   80    1    1    1    1    1    1    1    8    3  8.89944E+03 0.00445 
   81    1    1    1    1    1    1    1    8    4  8.77068E+03 0.00445 
   82    1    1    1    1    1    1    1    8    5  0.00000E+00 0.00000 
   83    1    1    1    1    1    1    1    8    6  8.47399E+03 0.00458 
   84    1    1    1    1    1    1    1    8    7  8.42673E+03 0.00454 
   85    1    1    1    1    1    1    1    8    8  0.00000E+00 0.00000 
   86    1    1    1    1    1    1    1    8    9  8.28350E+03 0.00453 
   87    1    1    1    1    1    1    1    8   10  8.16646E+03 0.00461 
   88    1    1    1    1    1    1    1    8   11  0.00000E+00 0.00000 
   89    1    1    1    1    1    1    1    9    1  8.80661E+03 0.00450 
   90    1    1    1    1    1    1    1    9    2  8.70625E+03 0.00448 
   91    1    1    1    1    1    1    1    9    3  0.00000E+00 0.00000 
   92    1    1    1    1    1    1    1    9    4  8.49624E+03 0.00458 
   93    1    1    1    1    1    1    1    9    5  8.43715E+03 0.00457 
   94    1    1    1    1    1    1    1    9    6  0.00000E+00 0.00000 
   95    1    1    1    1    1    1    1    9    7  8.22233E+03 0.00445 
   96    1    1    1    1    1    1    1    9    8  8.12958E+03 0.00456 
   97    1    1    1    1    1    1    1    9    9  0.00000E+00 0.00000 
   98    1    1    1    1    1    1    1    9   10  7.98677E+03 0.00473 
   99    1    1    1    1    1    1    1    9   11  7.89272E+03 0.00472 
  100    1    1    1    1    1    1    1   10    1  0.00000E+00 0.00000 
  101    1    1    1    1    1    1    1   10    2  8.54373E+03 0.00448 
  102    1    1    1    1    1    1    1   10    3  8.37404E+03 0.00451 
  103    1    1    1    1    1    1    1   10    4  0.00000E+00 0.00000 
  104    1    1    1    1    1    1    1   10    5  8.25436E+03 0.00460 
  105    1    1    1    1    1    1    1   10    6  8.22347E+03 0.00459 
  106    1    1    1    1    1    1    1   10    7  0.00000E+00 0.00000 
  107    1    1    1    1    1    1    1   10    8  7.94507E+03 0.00467 
  108    1    1    1    1    1    1    1   10    9  7.88387E+03 0.00472 
  109    1    1    1    1    1    1    1   10   10  0.00000E+00 0.00000 
