
DETassem1 = [
    1    1    1    1    1    1    1    1    1    1  0.00000E+00 0.00000 
    2    1    1    1    1    1    1    1    1    2  0.00000E+00 0.00000 
    3    1    1    1    1    1    1    1    1    3  0.00000E+00 0.00000 
    4    1    1    1    1    1    1    1    1    4  0.00000E+00 0.00000 
    5    1    1    1    1    1    1    1    1    5  0.00000E+00 0.00000 
    6    1    1    1    1    1    1    1    1    6  0.00000E+00 0.00000 
    7    1    1    1    1    1    1    1    1    7  0.00000E+00 0.00000 
    8    1    1    1    1    1    1    1    1    8  1.79918E+04 0.00346 
    9    1    1    1    1    1    1    1    1    9  1.39932E+04 0.00386 
   10    1    1    1    1    1    1    1    1   10  0.00000E+00 0.00000 
   11    1    1    1    1    1    1    1    1   11  1.03472E+04 0.00424 
   12    1    1    1    1    1    1    1    2    1  1.92029E+04 0.00340 
   13    1    1    1    1    1    1    1    2    2  0.00000E+00 0.00000 
   14    1    1    1    1    1    1    1    2    3  0.00000E+00 0.00000 
   15    1    1    1    1    1    1    1    2    4  0.00000E+00 0.00000 
   16    1    1    1    1    1    1    1    2    5  0.00000E+00 0.00000 
   17    1    1    1    1    1    1    1    2    6  1.92125E+04 0.00344 
   18    1    1    1    1    1    1    1    2    7  1.58042E+04 0.00369 
   19    1    1    1    1    1    1    1    2    8  0.00000E+00 0.00000 
   20    1    1    1    1    1    1    1    2    9  1.15632E+04 0.00406 
   21    1    1    1    1    1    1    1    2   10  1.03826E+04 0.00423 
   22    1    1    1    1    1    1    1    2   11  0.00000E+00 0.00000 
   23    1    1    1    1    1    1    1    3    1  1.57661E+04 0.00366 
   24    1    1    1    1    1    1    1    3    2  1.80911E+04 0.00351 
   25    1    1    1    1    1    1    1    3    3  0.00000E+00 0.00000 
   26    1    1    1    1    1    1    1    3    4  1.79615E+04 0.00351 
   27    1    1    1    1    1    1    1    3    5  1.57141E+04 0.00375 
   28    1    1    1    1    1    1    1    3    6  0.00000E+00 0.00000 
   29    1    1    1    1    1    1    1    3    7  1.23133E+04 0.00398 
   30    1    1    1    1    1    1    1    3    8  1.11786E+04 0.00415 
   31    1    1    1    1    1    1    1    3    9  0.00000E+00 0.00000 
   32    1    1    1    1    1    1    1    3   10  9.59946E+03 0.00435 
   33    1    1    1    1    1    1    1    3   11  9.19474E+03 0.00439 
   34    1    1    1    1    1    1    1    4    1  0.00000E+00 0.00000 
   35    1    1    1    1    1    1    1    4    2  1.39897E+04 0.00378 
   36    1    1    1    1    1    1    1    4    3  1.40272E+04 0.00380 
   37    1    1    1    1    1    1    1    4    4  0.00000E+00 0.00000 
   38    1    1    1    1    1    1    1    4    5  1.22888E+04 0.00414 
   39    1    1    1    1    1    1    1    4    6  1.14020E+04 0.00418 
   40    1    1    1    1    1    1    1    4    7  0.00000E+00 0.00000 
   41    1    1    1    1    1    1    1    4    8  9.91176E+03 0.00434 
   42    1    1    1    1    1    1    1    4    9  9.39636E+03 0.00424 
   43    1    1    1    1    1    1    1    4   10  0.00000E+00 0.00000 
   44    1    1    1    1    1    1    1    4   11  8.89924E+03 0.00435 
   45    1    1    1    1    1    1    1    5    1  1.15233E+04 0.00403 
   46    1    1    1    1    1    1    1    5    2  0.00000E+00 0.00000 
   47    1    1    1    1    1    1    1    5    3  1.15408E+04 0.00410 
   48    1    1    1    1    1    1    1    5    4  1.11249E+04 0.00412 
   49    1    1    1    1    1    1    1    5    5  0.00000E+00 0.00000 
   50    1    1    1    1    1    1    1    5    6  1.00961E+04 0.00424 
   51    1    1    1    1    1    1    1    5    7  9.66560E+03 0.00438 
   52    1    1    1    1    1    1    1    5    8  0.00000E+00 0.00000 
   53    1    1    1    1    1    1    1    5    9  8.88379E+03 0.00441 
   54    1    1    1    1    1    1    1    5   10  8.78748E+03 0.00450 
   55    1    1    1    1    1    1    1    5   11  0.00000E+00 0.00000 
   56    1    1    1    1    1    1    1    6    1  1.03289E+04 0.00428 
   57    1    1    1    1    1    1    1    6    2  1.04614E+04 0.00416 
   58    1    1    1    1    1    1    1    6    3  0.00000E+00 0.00000 
   59    1    1    1    1    1    1    1    6    4  9.94540E+03 0.00434 
   60    1    1    1    1    1    1    1    6    5  9.65333E+03 0.00424 
   61    1    1    1    1    1    1    1    6    6  0.00000E+00 0.00000 
   62    1    1    1    1    1    1    1    6    7  9.01835E+03 0.00438 
   63    1    1    1    1    1    1    1    6    8  8.77760E+03 0.00441 
   64    1    1    1    1    1    1    1    6    9  0.00000E+00 0.00000 
   65    1    1    1    1    1    1    1    6   10  8.50950E+03 0.00447 
   66    1    1    1    1    1    1    1    6   11  8.51594E+03 0.00451 
   67    1    1    1    1    1    1    1    7    1  0.00000E+00 0.00000 
   68    1    1    1    1    1    1    1    7    2  9.56210E+03 0.00426 
   69    1    1    1    1    1    1    1    7    3  9.45869E+03 0.00443 
   70    1    1    1    1    1    1    1    7    4  0.00000E+00 0.00000 
   71    1    1    1    1    1    1    1    7    5  9.10687E+03 0.00447 
   72    1    1    1    1    1    1    1    7    6  8.88145E+03 0.00442 
   73    1    1    1    1    1    1    1    7    7  0.00000E+00 0.00000 
   74    1    1    1    1    1    1    1    7    8  8.59072E+03 0.00452 
   75    1    1    1    1    1    1    1    7    9  8.47598E+03 0.00456 
   76    1    1    1    1    1    1    1    7   10  0.00000E+00 0.00000 
   77    1    1    1    1    1    1    1    7   11  8.35452E+03 0.00465 
   78    1    1    1    1    1    1    1    8    1  9.23390E+03 0.00424 
   79    1    1    1    1    1    1    1    8    2  0.00000E+00 0.00000 
   80    1    1    1    1    1    1    1    8    3  8.91606E+03 0.00442 
   81    1    1    1    1    1    1    1    8    4  8.82246E+03 0.00446 
   82    1    1    1    1    1    1    1    8    5  0.00000E+00 0.00000 
   83    1    1    1    1    1    1    1    8    6  8.50093E+03 0.00452 
   84    1    1    1    1    1    1    1    8    7  8.43444E+03 0.00461 
   85    1    1    1    1    1    1    1    8    8  0.00000E+00 0.00000 
   86    1    1    1    1    1    1    1    8    9  8.25781E+03 0.00457 
   87    1    1    1    1    1    1    1    8   10  8.14021E+03 0.00464 
   88    1    1    1    1    1    1    1    8   11  0.00000E+00 0.00000 
   89    1    1    1    1    1    1    1    9    1  8.92990E+03 0.00454 
   90    1    1    1    1    1    1    1    9    2  8.82091E+03 0.00445 
   91    1    1    1    1    1    1    1    9    3  0.00000E+00 0.00000 
   92    1    1    1    1    1    1    1    9    4  8.52401E+03 0.00437 
   93    1    1    1    1    1    1    1    9    5  8.47768E+03 0.00444 
   94    1    1    1    1    1    1    1    9    6  0.00000E+00 0.00000 
   95    1    1    1    1    1    1    1    9    7  8.24493E+03 0.00457 
   96    1    1    1    1    1    1    1    9    8  8.28831E+03 0.00472 
   97    1    1    1    1    1    1    1    9    9  0.00000E+00 0.00000 
   98    1    1    1    1    1    1    1    9   10  8.02796E+03 0.00477 
   99    1    1    1    1    1    1    1    9   11  7.99543E+03 0.00470 
  100    1    1    1    1    1    1    1   10    1  0.00000E+00 0.00000 
  101    1    1    1    1    1    1    1   10    2  8.62835E+03 0.00456 
  102    1    1    1    1    1    1    1   10    3  8.47427E+03 0.00447 
  103    1    1    1    1    1    1    1   10    4  0.00000E+00 0.00000 
  104    1    1    1    1    1    1    1   10    5  8.25502E+03 0.00452 
  105    1    1    1    1    1    1    1   10    6  8.25637E+03 0.00460 
  106    1    1    1    1    1    1    1   10    7  0.00000E+00 0.00000 
  107    1    1    1    1    1    1    1   10    8  8.05952E+03 0.00463 
  108    1    1    1    1    1    1    1   10    9  7.94024E+03 0.00450 
  109    1    1    1    1    1    1    1   10   10  0.00000E+00 0.00000 
