
DETassem1 = [
    1    1    1    1    1    1    1    1    1    1  0.00000E+00 0.00000 
    2    1    1    1    1    1    1    1    1    2  0.00000E+00 0.00000 
    3    1    1    1    1    1    1    1    1    3  0.00000E+00 0.00000 
    4    1    1    1    1    1    1    1    1    4  0.00000E+00 0.00000 
    5    1    1    1    1    1    1    1    1    5  0.00000E+00 0.00000 
    6    1    1    1    1    1    1    1    1    6  0.00000E+00 0.00000 
    7    1    1    1    1    1    1    1    1    7  0.00000E+00 0.00000 
    8    1    1    1    1    1    1    1    1    8  1.79969E+04 0.00357 
    9    1    1    1    1    1    1    1    1    9  1.41360E+04 0.00386 
   10    1    1    1    1    1    1    1    1   10  0.00000E+00 0.00000 
   11    1    1    1    1    1    1    1    1   11  1.04346E+04 0.00428 
   12    1    1    1    1    1    1    1    2    1  1.92961E+04 0.00348 
   13    1    1    1    1    1    1    1    2    2  0.00000E+00 0.00000 
   14    1    1    1    1    1    1    1    2    3  0.00000E+00 0.00000 
   15    1    1    1    1    1    1    1    2    4  0.00000E+00 0.00000 
   16    1    1    1    1    1    1    1    2    5  0.00000E+00 0.00000 
   17    1    1    1    1    1    1    1    2    6  1.91676E+04 0.00345 
   18    1    1    1    1    1    1    1    2    7  1.56318E+04 0.00379 
   19    1    1    1    1    1    1    1    2    8  0.00000E+00 0.00000 
   20    1    1    1    1    1    1    1    2    9  1.16118E+04 0.00405 
   21    1    1    1    1    1    1    1    2   10  1.03557E+04 0.00421 
   22    1    1    1    1    1    1    1    2   11  0.00000E+00 0.00000 
   23    1    1    1    1    1    1    1    3    1  1.58125E+04 0.00378 
   24    1    1    1    1    1    1    1    3    2  1.78290E+04 0.00353 
   25    1    1    1    1    1    1    1    3    3  0.00000E+00 0.00000 
   26    1    1    1    1    1    1    1    3    4  1.79463E+04 0.00346 
   27    1    1    1    1    1    1    1    3    5  1.56763E+04 0.00377 
   28    1    1    1    1    1    1    1    3    6  0.00000E+00 0.00000 
   29    1    1    1    1    1    1    1    3    7  1.23004E+04 0.00405 
   30    1    1    1    1    1    1    1    3    8  1.10680E+04 0.00417 
   31    1    1    1    1    1    1    1    3    9  0.00000E+00 0.00000 
   32    1    1    1    1    1    1    1    3   10  9.64307E+03 0.00433 
   33    1    1    1    1    1    1    1    3   11  9.20247E+03 0.00435 
   34    1    1    1    1    1    1    1    4    1  0.00000E+00 0.00000 
   35    1    1    1    1    1    1    1    4    2  1.40478E+04 0.00379 
   36    1    1    1    1    1    1    1    4    3  1.39787E+04 0.00389 
   37    1    1    1    1    1    1    1    4    4  0.00000E+00 0.00000 
   38    1    1    1    1    1    1    1    4    5  1.22995E+04 0.00397 
   39    1    1    1    1    1    1    1    4    6  1.14316E+04 0.00416 
   40    1    1    1    1    1    1    1    4    7  0.00000E+00 0.00000 
   41    1    1    1    1    1    1    1    4    8  9.91633E+03 0.00427 
   42    1    1    1    1    1    1    1    4    9  9.41708E+03 0.00434 
   43    1    1    1    1    1    1    1    4   10  0.00000E+00 0.00000 
   44    1    1    1    1    1    1    1    4   11  8.92831E+03 0.00440 
   45    1    1    1    1    1    1    1    5    1  1.15085E+04 0.00416 
   46    1    1    1    1    1    1    1    5    2  0.00000E+00 0.00000 
   47    1    1    1    1    1    1    1    5    3  1.14922E+04 0.00417 
   48    1    1    1    1    1    1    1    5    4  1.11673E+04 0.00420 
   49    1    1    1    1    1    1    1    5    5  0.00000E+00 0.00000 
   50    1    1    1    1    1    1    1    5    6  1.00380E+04 0.00423 
   51    1    1    1    1    1    1    1    5    7  9.46917E+03 0.00425 
   52    1    1    1    1    1    1    1    5    8  0.00000E+00 0.00000 
   53    1    1    1    1    1    1    1    5    9  8.93058E+03 0.00436 
   54    1    1    1    1    1    1    1    5   10  8.84754E+03 0.00444 
   55    1    1    1    1    1    1    1    5   11  0.00000E+00 0.00000 
   56    1    1    1    1    1    1    1    6    1  1.03127E+04 0.00425 
   57    1    1    1    1    1    1    1    6    2  1.03402E+04 0.00421 
   58    1    1    1    1    1    1    1    6    3  0.00000E+00 0.00000 
   59    1    1    1    1    1    1    1    6    4  9.91458E+03 0.00429 
   60    1    1    1    1    1    1    1    6    5  9.55762E+03 0.00434 
   61    1    1    1    1    1    1    1    6    6  0.00000E+00 0.00000 
   62    1    1    1    1    1    1    1    6    7  8.99131E+03 0.00456 
   63    1    1    1    1    1    1    1    6    8  8.79250E+03 0.00441 
   64    1    1    1    1    1    1    1    6    9  0.00000E+00 0.00000 
   65    1    1    1    1    1    1    1    6   10  8.61886E+03 0.00449 
   66    1    1    1    1    1    1    1    6   11  8.56483E+03 0.00451 
   67    1    1    1    1    1    1    1    7    1  0.00000E+00 0.00000 
   68    1    1    1    1    1    1    1    7    2  9.58040E+03 0.00434 
   69    1    1    1    1    1    1    1    7    3  9.38450E+03 0.00440 
   70    1    1    1    1    1    1    1    7    4  0.00000E+00 0.00000 
   71    1    1    1    1    1    1    1    7    5  9.07159E+03 0.00441 
   72    1    1    1    1    1    1    1    7    6  8.84704E+03 0.00442 
   73    1    1    1    1    1    1    1    7    7  0.00000E+00 0.00000 
   74    1    1    1    1    1    1    1    7    8  8.49688E+03 0.00448 
   75    1    1    1    1    1    1    1    7    9  8.44214E+03 0.00446 
   76    1    1    1    1    1    1    1    7   10  0.00000E+00 0.00000 
   77    1    1    1    1    1    1    1    7   11  8.30507E+03 0.00445 
   78    1    1    1    1    1    1    1    8    1  9.15508E+03 0.00432 
   79    1    1    1    1    1    1    1    8    2  0.00000E+00 0.00000 
   80    1    1    1    1    1    1    1    8    3  8.97679E+03 0.00441 
   81    1    1    1    1    1    1    1    8    4  8.74744E+03 0.00444 
   82    1    1    1    1    1    1    1    8    5  0.00000E+00 0.00000 
   83    1    1    1    1    1    1    1    8    6  8.52815E+03 0.00448 
   84    1    1    1    1    1    1    1    8    7  8.43132E+03 0.00448 
   85    1    1    1    1    1    1    1    8    8  0.00000E+00 0.00000 
   86    1    1    1    1    1    1    1    8    9  8.38764E+03 0.00447 
   87    1    1    1    1    1    1    1    8   10  8.16972E+03 0.00470 
   88    1    1    1    1    1    1    1    8   11  0.00000E+00 0.00000 
   89    1    1    1    1    1    1    1    9    1  8.87365E+03 0.00450 
   90    1    1    1    1    1    1    1    9    2  8.74390E+03 0.00442 
   91    1    1    1    1    1    1    1    9    3  0.00000E+00 0.00000 
   92    1    1    1    1    1    1    1    9    4  8.49822E+03 0.00449 
   93    1    1    1    1    1    1    1    9    5  8.44389E+03 0.00441 
   94    1    1    1    1    1    1    1    9    6  0.00000E+00 0.00000 
   95    1    1    1    1    1    1    1    9    7  8.32083E+03 0.00452 
   96    1    1    1    1    1    1    1    9    8  8.17665E+03 0.00452 
   97    1    1    1    1    1    1    1    9    9  0.00000E+00 0.00000 
   98    1    1    1    1    1    1    1    9   10  8.01593E+03 0.00473 
   99    1    1    1    1    1    1    1    9   11  7.96314E+03 0.00465 
  100    1    1    1    1    1    1    1   10    1  0.00000E+00 0.00000 
  101    1    1    1    1    1    1    1   10    2  8.58808E+03 0.00447 
  102    1    1    1    1    1    1    1   10    3  8.50246E+03 0.00450 
  103    1    1    1    1    1    1    1   10    4  0.00000E+00 0.00000 
  104    1    1    1    1    1    1    1   10    5  8.23188E+03 0.00455 
  105    1    1    1    1    1    1    1   10    6  8.26371E+03 0.00444 
  106    1    1    1    1    1    1    1   10    7  0.00000E+00 0.00000 
  107    1    1    1    1    1    1    1   10    8  7.89934E+03 0.00465 
  108    1    1    1    1    1    1    1   10    9  7.84348E+03 0.00480 
  109    1    1    1    1    1    1    1   10   10  0.00000E+00 0.00000 
