
ZAI = [
922350
922380
666
0
];

NAMES = [
'U235            '
'U238            '
'lost            '
'total           '
];

i922350 = 1; iU235             = 1;
i922380 = 2; iU238             = 2;
iLOST    = 3;
iTOT     = 4;

MAT_un_VOLUME = [ 2.67434E+05 2.67434E+05 ];

MAT_un_BURNUP = [ 0.00000E+00 4.28619E+01 ];

MAT_un_ADENS = [
4.83387E-03 3.51021E-03 % U235
1.93936E-02 1.88554E-02 % U238
0.00000E+00 4.10698E-30 % lost data
7.26897E-02 7.38003E-02 % total
];

MAT_un_MDENS = [
1.88669E+00 1.37006E+00 % U235
7.66628E+00 7.45353E+00 % U238
0.00000E+00 0.00000E+00 % lost data
1.08000E+01 1.07986E+01 % total
];

MAT_un_A = [
4.03445E+10 2.92970E+10 % U235
2.54973E+10 2.47897E+10 % U238
0.00000E+00 0.00000E+00 % lost data
6.58419E+10 3.28229E+18 % total
];

MAT_un_H = [
3.02439E-02 2.19622E-02 % U235
1.74438E-02 1.69597E-02 % U238
0.00000E+00 0.00000E+00 % lost data
4.76877E-02 9.64611E+05 % total
];

MAT_un_SF = [
2.90481E+00 2.10938E+00 % U235
1.39215E+04 1.35352E+04 % U238
0.00000E+00 0.00000E+00 % lost data
1.39244E+04 1.03789E+08 % total
];

MAT_un_GSRC = [
5.09756E+10 3.70169E+10 % U235
2.25788E+09 2.19522E+09 % U238
0.00000E+00 0.00000E+00 % lost data
5.32335E+10 3.52840E+18 % total
];

MAT_un_ING_TOX = [
1.89619E+03 1.37696E+03 % U235
1.14738E+03 1.11554E+03 % U238
0.00000E+00 0.00000E+00 % lost data
3.04357E+03 2.23496E+09 % total
];

MAT_un_INH_TOX = [
3.42929E+05 2.49024E+05 % U235
2.03979E+05 1.98318E+05 % U238
0.00000E+00 0.00000E+00 % lost data
5.46907E+05 8.01547E+10 % total
];

TOT_VOLUME = [ 2.67434E+05 2.67434E+05 ];

TOT_BURNUP = [ 0.00000E+00 4.28619E+01 ];

TOT_ADENS = [
4.83387E-03 3.51021E-03 % U235
1.93936E-02 1.88554E-02 % U238
0.00000E+00 4.10698E-30 % lost data
7.26897E-02 7.38003E-02 % total
];

TOT_MASS = [
5.04565E+05 3.66400E+05 % U235
2.05023E+06 1.99333E+06 % U238
0.00000E+00 0.00000E+00 % lost data
2.88829E+06 2.88792E+06 % total
];

TOT_A = [
4.03445E+10 2.92970E+10 % U235
2.54973E+10 2.47897E+10 % U238
0.00000E+00 0.00000E+00 % lost data
6.58419E+10 3.28229E+18 % total
];

TOT_H = [
3.02439E-02 2.19622E-02 % U235
1.74438E-02 1.69597E-02 % U238
0.00000E+00 0.00000E+00 % lost data
4.76877E-02 9.64611E+05 % total
];

TOT_SF = [
2.90481E+00 2.10938E+00 % U235
1.39215E+04 1.35352E+04 % U238
0.00000E+00 0.00000E+00 % lost data
1.39244E+04 1.03789E+08 % total
];

TOT_GSRC = [
5.09756E+10 3.70169E+10 % U235
2.25788E+09 2.19522E+09 % U238
0.00000E+00 0.00000E+00 % lost data
5.32335E+10 3.52840E+18 % total
];

TOT_ING_TOX = [
1.89619E+03 1.37696E+03 % U235
1.14738E+03 1.11554E+03 % U238
0.00000E+00 0.00000E+00 % lost data
3.04357E+03 2.23496E+09 % total
];

TOT_INH_TOX = [
3.42929E+05 2.49024E+05 % U235
2.03979E+05 1.98318E+05 % U238
0.00000E+00 0.00000E+00 % lost data
5.46907E+05 8.01547E+10 % total
];

BU = [ 0.00000E+00 4.28607E+01 ];

DAYS = [ 0.00000E+00 7.30000E+03 ];
