
ZAI = [
922350
922380
666
0
];

NAMES = [
'U235            '
'U238            '
'lost            '
'total           '
];

i922350 = 1; iU235             = 1;
i922380 = 2; iU238             = 2;
iLOST    = 3;
iTOT     = 4;

MAT_un_VOLUME = [ 2.67470E+05 2.67470E+05 ];

MAT_un_BURNUP = [ 0.00000E+00 4.28562E+01 ];

MAT_un_ADENS = [
4.83387E-03 3.51037E-03 % U235
1.93936E-02 1.88552E-02 % U238
0.00000E+00 3.16121E-30 % lost data
7.26897E-02 7.38001E-02 % total
];

MAT_un_MDENS = [
1.88669E+00 1.37012E+00 % U235
7.66628E+00 7.45346E+00 % U238
0.00000E+00 0.00000E+00 % lost data
1.08000E+01 1.07986E+01 % total
];

MAT_un_A = [
4.03500E+10 2.93023E+10 % U235
2.55008E+10 2.47928E+10 % U238
0.00000E+00 0.00000E+00 % lost data
6.58507E+10 3.28224E+18 % total
];

MAT_un_H = [
3.02480E-02 2.19662E-02 % U235
1.74461E-02 1.69618E-02 % U238
0.00000E+00 0.00000E+00 % lost data
4.76941E-02 9.64588E+05 % total
];

MAT_un_SF = [
2.90520E+00 2.10976E+00 % U235
1.39234E+04 1.35369E+04 % U238
0.00000E+00 0.00000E+00 % lost data
1.39263E+04 1.03601E+08 % total
];

MAT_un_GSRC = [
5.09825E+10 3.70236E+10 % U235
2.25818E+09 2.19550E+09 % U238
0.00000E+00 0.00000E+00 % lost data
5.32406E+10 3.52836E+18 % total
];

MAT_un_ING_TOX = [
1.89645E+03 1.37721E+03 % U235
1.14753E+03 1.11568E+03 % U238
0.00000E+00 0.00000E+00 % lost data
3.04398E+03 2.23470E+09 % total
];

MAT_un_INH_TOX = [
3.42975E+05 2.49069E+05 % U235
2.04006E+05 1.98343E+05 % U238
0.00000E+00 0.00000E+00 % lost data
5.46981E+05 8.01026E+10 % total
];

TOT_VOLUME = [ 2.67470E+05 2.67470E+05 ];

TOT_BURNUP = [ 0.00000E+00 4.28562E+01 ];

TOT_ADENS = [
4.83387E-03 3.51037E-03 % U235
1.93936E-02 1.88552E-02 % U238
0.00000E+00 3.16121E-30 % lost data
7.26897E-02 7.38001E-02 % total
];

TOT_MASS = [
5.04633E+05 3.66466E+05 % U235
2.05050E+06 1.99358E+06 % U238
0.00000E+00 0.00000E+00 % lost data
2.88868E+06 2.88830E+06 % total
];

TOT_A = [
4.03500E+10 2.93023E+10 % U235
2.55008E+10 2.47928E+10 % U238
0.00000E+00 0.00000E+00 % lost data
6.58507E+10 3.28224E+18 % total
];

TOT_H = [
3.02480E-02 2.19662E-02 % U235
1.74461E-02 1.69618E-02 % U238
0.00000E+00 0.00000E+00 % lost data
4.76941E-02 9.64588E+05 % total
];

TOT_SF = [
2.90520E+00 2.10976E+00 % U235
1.39234E+04 1.35369E+04 % U238
0.00000E+00 0.00000E+00 % lost data
1.39263E+04 1.03601E+08 % total
];

TOT_GSRC = [
5.09825E+10 3.70236E+10 % U235
2.25818E+09 2.19550E+09 % U238
0.00000E+00 0.00000E+00 % lost data
5.32406E+10 3.52836E+18 % total
];

TOT_ING_TOX = [
1.89645E+03 1.37721E+03 % U235
1.14753E+03 1.11568E+03 % U238
0.00000E+00 0.00000E+00 % lost data
3.04398E+03 2.23470E+09 % total
];

TOT_INH_TOX = [
3.42975E+05 2.49069E+05 % U235
2.04006E+05 1.98343E+05 % U238
0.00000E+00 0.00000E+00 % lost data
5.46981E+05 8.01026E+10 % total
];

BU = [ 0.00000E+00 4.28549E+01 ];

DAYS = [ 0.00000E+00 7.30000E+03 ];
