
DETassem1 = [
    1    1    1    1    1    1    1    1    1    1  0.00000E+00 0.00000 
    2    1    1    1    1    1    1    1    1    2  0.00000E+00 0.00000 
    3    1    1    1    1    1    1    1    1    3  0.00000E+00 0.00000 
    4    1    1    1    1    1    1    1    1    4  0.00000E+00 0.00000 
    5    1    1    1    1    1    1    1    1    5  0.00000E+00 0.00000 
    6    1    1    1    1    1    1    1    1    6  0.00000E+00 0.00000 
    7    1    1    1    1    1    1    1    1    7  0.00000E+00 0.00000 
    8    1    1    1    1    1    1    1    1    8  1.76586E+04 0.00363 
    9    1    1    1    1    1    1    1    1    9  1.38372E+04 0.00390 
   10    1    1    1    1    1    1    1    1   10  0.00000E+00 0.00000 
   11    1    1    1    1    1    1    1    1   11  1.03765E+04 0.00421 
   12    1    1    1    1    1    1    1    2    1  1.90147E+04 0.00359 
   13    1    1    1    1    1    1    1    2    2  0.00000E+00 0.00000 
   14    1    1    1    1    1    1    1    2    3  0.00000E+00 0.00000 
   15    1    1    1    1    1    1    1    2    4  0.00000E+00 0.00000 
   16    1    1    1    1    1    1    1    2    5  0.00000E+00 0.00000 
   17    1    1    1    1    1    1    1    2    6  1.91023E+04 0.00352 
   18    1    1    1    1    1    1    1    2    7  1.56020E+04 0.00372 
   19    1    1    1    1    1    1    1    2    8  0.00000E+00 0.00000 
   20    1    1    1    1    1    1    1    2    9  1.14401E+04 0.00414 
   21    1    1    1    1    1    1    1    2   10  1.04055E+04 0.00424 
   22    1    1    1    1    1    1    1    2   11  0.00000E+00 0.00000 
   23    1    1    1    1    1    1    1    3    1  1.54878E+04 0.00371 
   24    1    1    1    1    1    1    1    3    2  1.75246E+04 0.00355 
   25    1    1    1    1    1    1    1    3    3  0.00000E+00 0.00000 
   26    1    1    1    1    1    1    1    3    4  1.76242E+04 0.00361 
   27    1    1    1    1    1    1    1    3    5  1.54620E+04 0.00379 
   28    1    1    1    1    1    1    1    3    6  0.00000E+00 0.00000 
   29    1    1    1    1    1    1    1    3    7  1.21957E+04 0.00399 
   30    1    1    1    1    1    1    1    3    8  1.11136E+04 0.00419 
   31    1    1    1    1    1    1    1    3    9  0.00000E+00 0.00000 
   32    1    1    1    1    1    1    1    3   10  9.60208E+03 0.00429 
   33    1    1    1    1    1    1    1    3   11  9.18986E+03 0.00429 
   34    1    1    1    1    1    1    1    4    1  0.00000E+00 0.00000 
   35    1    1    1    1    1    1    1    4    2  1.38711E+04 0.00390 
   36    1    1    1    1    1    1    1    4    3  1.38343E+04 0.00388 
   37    1    1    1    1    1    1    1    4    4  0.00000E+00 0.00000 
   38    1    1    1    1    1    1    1    4    5  1.20974E+04 0.00410 
   39    1    1    1    1    1    1    1    4    6  1.14207E+04 0.00412 
   40    1    1    1    1    1    1    1    4    7  0.00000E+00 0.00000 
   41    1    1    1    1    1    1    1    4    8  9.87227E+03 0.00426 
   42    1    1    1    1    1    1    1    4    9  9.42462E+03 0.00433 
   43    1    1    1    1    1    1    1    4   10  0.00000E+00 0.00000 
   44    1    1    1    1    1    1    1    4   11  8.90147E+03 0.00442 
   45    1    1    1    1    1    1    1    5    1  1.14030E+04 0.00409 
   46    1    1    1    1    1    1    1    5    2  0.00000E+00 0.00000 
   47    1    1    1    1    1    1    1    5    3  1.14452E+04 0.00403 
   48    1    1    1    1    1    1    1    5    4  1.11214E+04 0.00407 
   49    1    1    1    1    1    1    1    5    5  0.00000E+00 0.00000 
   50    1    1    1    1    1    1    1    5    6  9.87471E+03 0.00425 
   51    1    1    1    1    1    1    1    5    7  9.60606E+03 0.00438 
   52    1    1    1    1    1    1    1    5    8  0.00000E+00 0.00000 
   53    1    1    1    1    1    1    1    5    9  9.00759E+03 0.00445 
   54    1    1    1    1    1    1    1    5   10  8.78063E+03 0.00447 
   55    1    1    1    1    1    1    1    5   11  0.00000E+00 0.00000 
   56    1    1    1    1    1    1    1    6    1  1.03515E+04 0.00427 
   57    1    1    1    1    1    1    1    6    2  1.03506E+04 0.00417 
   58    1    1    1    1    1    1    1    6    3  0.00000E+00 0.00000 
   59    1    1    1    1    1    1    1    6    4  9.83469E+03 0.00425 
   60    1    1    1    1    1    1    1    6    5  9.56935E+03 0.00428 
   61    1    1    1    1    1    1    1    6    6  0.00000E+00 0.00000 
   62    1    1    1    1    1    1    1    6    7  9.02124E+03 0.00433 
   63    1    1    1    1    1    1    1    6    8  8.85496E+03 0.00453 
   64    1    1    1    1    1    1    1    6    9  0.00000E+00 0.00000 
   65    1    1    1    1    1    1    1    6   10  8.53522E+03 0.00459 
   66    1    1    1    1    1    1    1    6   11  8.49541E+03 0.00453 
   67    1    1    1    1    1    1    1    7    1  0.00000E+00 0.00000 
   68    1    1    1    1    1    1    1    7    2  9.66145E+03 0.00430 
   69    1    1    1    1    1    1    1    7    3  9.42384E+03 0.00438 
   70    1    1    1    1    1    1    1    7    4  0.00000E+00 0.00000 
   71    1    1    1    1    1    1    1    7    5  9.01021E+03 0.00455 
   72    1    1    1    1    1    1    1    7    6  8.84071E+03 0.00446 
   73    1    1    1    1    1    1    1    7    7  0.00000E+00 0.00000 
   74    1    1    1    1    1    1    1    7    8  8.51250E+03 0.00446 
   75    1    1    1    1    1    1    1    7    9  8.46347E+03 0.00448 
   76    1    1    1    1    1    1    1    7   10  0.00000E+00 0.00000 
   77    1    1    1    1    1    1    1    7   11  8.23224E+03 0.00455 
   78    1    1    1    1    1    1    1    8    1  9.17751E+03 0.00445 
   79    1    1    1    1    1    1    1    8    2  0.00000E+00 0.00000 
   80    1    1    1    1    1    1    1    8    3  9.01441E+03 0.00441 
   81    1    1    1    1    1    1    1    8    4  8.82050E+03 0.00440 
   82    1    1    1    1    1    1    1    8    5  0.00000E+00 0.00000 
   83    1    1    1    1    1    1    1    8    6  8.64982E+03 0.00458 
   84    1    1    1    1    1    1    1    8    7  8.42418E+03 0.00458 
   85    1    1    1    1    1    1    1    8    8  0.00000E+00 0.00000 
   86    1    1    1    1    1    1    1    8    9  8.26914E+03 0.00466 
   87    1    1    1    1    1    1    1    8   10  8.20512E+03 0.00465 
   88    1    1    1    1    1    1    1    8   11  0.00000E+00 0.00000 
   89    1    1    1    1    1    1    1    9    1  8.93850E+03 0.00443 
   90    1    1    1    1    1    1    1    9    2  8.84588E+03 0.00437 
   91    1    1    1    1    1    1    1    9    3  0.00000E+00 0.00000 
   92    1    1    1    1    1    1    1    9    4  8.56398E+03 0.00450 
   93    1    1    1    1    1    1    1    9    5  8.48144E+03 0.00450 
   94    1    1    1    1    1    1    1    9    6  0.00000E+00 0.00000 
   95    1    1    1    1    1    1    1    9    7  8.25230E+03 0.00447 
   96    1    1    1    1    1    1    1    9    8  8.17880E+03 0.00466 
   97    1    1    1    1    1    1    1    9    9  0.00000E+00 0.00000 
   98    1    1    1    1    1    1    1    9   10  8.01036E+03 0.00467 
   99    1    1    1    1    1    1    1    9   11  7.89282E+03 0.00466 
  100    1    1    1    1    1    1    1   10    1  0.00000E+00 0.00000 
  101    1    1    1    1    1    1    1   10    2  8.57959E+03 0.00447 
  102    1    1    1    1    1    1    1   10    3  8.48714E+03 0.00456 
  103    1    1    1    1    1    1    1   10    4  0.00000E+00 0.00000 
  104    1    1    1    1    1    1    1   10    5  8.22427E+03 0.00453 
  105    1    1    1    1    1    1    1   10    6  8.14243E+03 0.00457 
  106    1    1    1    1    1    1    1   10    7  0.00000E+00 0.00000 
  107    1    1    1    1    1    1    1   10    8  7.91352E+03 0.00472 
  108    1    1    1    1    1    1    1   10    9  7.88719E+03 0.00474 
  109    1    1    1    1    1    1    1   10   10  0.00000E+00 0.00000 
