
DETassem1 = [
    1    1    1    1    1    1    1    1    1    1  0.00000E+00 0.00000 
    2    1    1    1    1    1    1    1    1    2  0.00000E+00 0.00000 
    3    1    1    1    1    1    1    1    1    3  0.00000E+00 0.00000 
    4    1    1    1    1    1    1    1    1    4  0.00000E+00 0.00000 
    5    1    1    1    1    1    1    1    1    5  0.00000E+00 0.00000 
    6    1    1    1    1    1    1    1    1    6  0.00000E+00 0.00000 
    7    1    1    1    1    1    1    1    1    7  0.00000E+00 0.00000 
    8    1    1    1    1    1    1    1    1    8  1.78633E+04 0.00361 
    9    1    1    1    1    1    1    1    1    9  1.40046E+04 0.00382 
   10    1    1    1    1    1    1    1    1   10  0.00000E+00 0.00000 
   11    1    1    1    1    1    1    1    1   11  1.02949E+04 0.00429 
   12    1    1    1    1    1    1    1    2    1  1.92719E+04 0.00360 
   13    1    1    1    1    1    1    1    2    2  0.00000E+00 0.00000 
   14    1    1    1    1    1    1    1    2    3  0.00000E+00 0.00000 
   15    1    1    1    1    1    1    1    2    4  0.00000E+00 0.00000 
   16    1    1    1    1    1    1    1    2    5  0.00000E+00 0.00000 
   17    1    1    1    1    1    1    1    2    6  1.91891E+04 0.00347 
   18    1    1    1    1    1    1    1    2    7  1.55865E+04 0.00367 
   19    1    1    1    1    1    1    1    2    8  0.00000E+00 0.00000 
   20    1    1    1    1    1    1    1    2    9  1.14663E+04 0.00409 
   21    1    1    1    1    1    1    1    2   10  1.04076E+04 0.00423 
   22    1    1    1    1    1    1    1    2   11  0.00000E+00 0.00000 
   23    1    1    1    1    1    1    1    3    1  1.57571E+04 0.00363 
   24    1    1    1    1    1    1    1    3    2  1.78440E+04 0.00349 
   25    1    1    1    1    1    1    1    3    3  0.00000E+00 0.00000 
   26    1    1    1    1    1    1    1    3    4  1.79432E+04 0.00351 
   27    1    1    1    1    1    1    1    3    5  1.56334E+04 0.00373 
   28    1    1    1    1    1    1    1    3    6  0.00000E+00 0.00000 
   29    1    1    1    1    1    1    1    3    7  1.20782E+04 0.00402 
   30    1    1    1    1    1    1    1    3    8  1.10890E+04 0.00418 
   31    1    1    1    1    1    1    1    3    9  0.00000E+00 0.00000 
   32    1    1    1    1    1    1    1    3   10  9.63492E+03 0.00427 
   33    1    1    1    1    1    1    1    3   11  9.21979E+03 0.00430 
   34    1    1    1    1    1    1    1    4    1  0.00000E+00 0.00000 
   35    1    1    1    1    1    1    1    4    2  1.38965E+04 0.00384 
   36    1    1    1    1    1    1    1    4    3  1.40742E+04 0.00393 
   37    1    1    1    1    1    1    1    4    4  0.00000E+00 0.00000 
   38    1    1    1    1    1    1    1    4    5  1.21659E+04 0.00404 
   39    1    1    1    1    1    1    1    4    6  1.13132E+04 0.00403 
   40    1    1    1    1    1    1    1    4    7  0.00000E+00 0.00000 
   41    1    1    1    1    1    1    1    4    8  9.85763E+03 0.00425 
   42    1    1    1    1    1    1    1    4    9  9.57499E+03 0.00440 
   43    1    1    1    1    1    1    1    4   10  0.00000E+00 0.00000 
   44    1    1    1    1    1    1    1    4   11  8.93074E+03 0.00446 
   45    1    1    1    1    1    1    1    5    1  1.15704E+04 0.00418 
   46    1    1    1    1    1    1    1    5    2  0.00000E+00 0.00000 
   47    1    1    1    1    1    1    1    5    3  1.15155E+04 0.00416 
   48    1    1    1    1    1    1    1    5    4  1.11436E+04 0.00423 
   49    1    1    1    1    1    1    1    5    5  0.00000E+00 0.00000 
   50    1    1    1    1    1    1    1    5    6  1.00963E+04 0.00432 
   51    1    1    1    1    1    1    1    5    7  9.61288E+03 0.00425 
   52    1    1    1    1    1    1    1    5    8  0.00000E+00 0.00000 
   53    1    1    1    1    1    1    1    5    9  9.04223E+03 0.00441 
   54    1    1    1    1    1    1    1    5   10  8.87035E+03 0.00444 
   55    1    1    1    1    1    1    1    5   11  0.00000E+00 0.00000 
   56    1    1    1    1    1    1    1    6    1  1.03921E+04 0.00420 
   57    1    1    1    1    1    1    1    6    2  1.04062E+04 0.00419 
   58    1    1    1    1    1    1    1    6    3  0.00000E+00 0.00000 
   59    1    1    1    1    1    1    1    6    4  9.91984E+03 0.00426 
   60    1    1    1    1    1    1    1    6    5  9.61257E+03 0.00438 
   61    1    1    1    1    1    1    1    6    6  0.00000E+00 0.00000 
   62    1    1    1    1    1    1    1    6    7  9.01433E+03 0.00450 
   63    1    1    1    1    1    1    1    6    8  8.85665E+03 0.00444 
   64    1    1    1    1    1    1    1    6    9  0.00000E+00 0.00000 
   65    1    1    1    1    1    1    1    6   10  8.63419E+03 0.00451 
   66    1    1    1    1    1    1    1    6   11  8.46635E+03 0.00453 
   67    1    1    1    1    1    1    1    7    1  0.00000E+00 0.00000 
   68    1    1    1    1    1    1    1    7    2  9.67271E+03 0.00421 
   69    1    1    1    1    1    1    1    7    3  9.45786E+03 0.00426 
   70    1    1    1    1    1    1    1    7    4  0.00000E+00 0.00000 
   71    1    1    1    1    1    1    1    7    5  9.02537E+03 0.00441 
   72    1    1    1    1    1    1    1    7    6  8.91257E+03 0.00437 
   73    1    1    1    1    1    1    1    7    7  0.00000E+00 0.00000 
   74    1    1    1    1    1    1    1    7    8  8.59726E+03 0.00455 
   75    1    1    1    1    1    1    1    7    9  8.40032E+03 0.00455 
   76    1    1    1    1    1    1    1    7   10  0.00000E+00 0.00000 
   77    1    1    1    1    1    1    1    7   11  8.30719E+03 0.00463 
   78    1    1    1    1    1    1    1    8    1  9.18966E+03 0.00430 
   79    1    1    1    1    1    1    1    8    2  0.00000E+00 0.00000 
   80    1    1    1    1    1    1    1    8    3  9.00240E+03 0.00438 
   81    1    1    1    1    1    1    1    8    4  8.87955E+03 0.00443 
   82    1    1    1    1    1    1    1    8    5  0.00000E+00 0.00000 
   83    1    1    1    1    1    1    1    8    6  8.65534E+03 0.00440 
   84    1    1    1    1    1    1    1    8    7  8.57785E+03 0.00453 
   85    1    1    1    1    1    1    1    8    8  0.00000E+00 0.00000 
   86    1    1    1    1    1    1    1    8    9  8.30673E+03 0.00457 
   87    1    1    1    1    1    1    1    8   10  8.21136E+03 0.00461 
   88    1    1    1    1    1    1    1    8   11  0.00000E+00 0.00000 
   89    1    1    1    1    1    1    1    9    1  9.01960E+03 0.00438 
   90    1    1    1    1    1    1    1    9    2  8.84744E+03 0.00445 
   91    1    1    1    1    1    1    1    9    3  0.00000E+00 0.00000 
   92    1    1    1    1    1    1    1    9    4  8.56867E+03 0.00451 
   93    1    1    1    1    1    1    1    9    5  8.55871E+03 0.00442 
   94    1    1    1    1    1    1    1    9    6  0.00000E+00 0.00000 
   95    1    1    1    1    1    1    1    9    7  8.30806E+03 0.00463 
   96    1    1    1    1    1    1    1    9    8  8.21578E+03 0.00451 
   97    1    1    1    1    1    1    1    9    9  0.00000E+00 0.00000 
   98    1    1    1    1    1    1    1    9   10  8.08637E+03 0.00459 
   99    1    1    1    1    1    1    1    9   11  7.98317E+03 0.00466 
  100    1    1    1    1    1    1    1   10    1  0.00000E+00 0.00000 
  101    1    1    1    1    1    1    1   10    2  8.55107E+03 0.00450 
  102    1    1    1    1    1    1    1   10    3  8.44891E+03 0.00452 
  103    1    1    1    1    1    1    1   10    4  0.00000E+00 0.00000 
  104    1    1    1    1    1    1    1   10    5  8.28311E+03 0.00448 
  105    1    1    1    1    1    1    1   10    6  8.26384E+03 0.00460 
  106    1    1    1    1    1    1    1   10    7  0.00000E+00 0.00000 
  107    1    1    1    1    1    1    1   10    8  8.00704E+03 0.00462 
  108    1    1    1    1    1    1    1   10    9  7.97829E+03 0.00465 
  109    1    1    1    1    1    1    1   10   10  0.00000E+00 0.00000 
