
DETassem1 = [
    1    1    1    1    1    1    1    1    1    1  0.00000E+00 0.00000 
    2    1    1    1    1    1    1    1    1    2  0.00000E+00 0.00000 
    3    1    1    1    1    1    1    1    1    3  0.00000E+00 0.00000 
    4    1    1    1    1    1    1    1    1    4  0.00000E+00 0.00000 
    5    1    1    1    1    1    1    1    1    5  0.00000E+00 0.00000 
    6    1    1    1    1    1    1    1    1    6  0.00000E+00 0.00000 
    7    1    1    1    1    1    1    1    1    7  0.00000E+00 0.00000 
    8    1    1    1    1    1    1    1    1    8  1.83581E+04 0.00372 
    9    1    1    1    1    1    1    1    1    9  1.38689E+04 0.00401 
   10    1    1    1    1    1    1    1    1   10  0.00000E+00 0.00000 
   11    1    1    1    1    1    1    1    1   11  1.00338E+04 0.00448 
   12    1    1    1    1    1    1    1    2    1  1.96864E+04 0.00351 
   13    1    1    1    1    1    1    1    2    2  0.00000E+00 0.00000 
   14    1    1    1    1    1    1    1    2    3  0.00000E+00 0.00000 
   15    1    1    1    1    1    1    1    2    4  0.00000E+00 0.00000 
   16    1    1    1    1    1    1    1    2    5  0.00000E+00 0.00000 
   17    1    1    1    1    1    1    1    2    6  1.98711E+04 0.00358 
   18    1    1    1    1    1    1    1    2    7  1.57919E+04 0.00380 
   19    1    1    1    1    1    1    1    2    8  0.00000E+00 0.00000 
   20    1    1    1    1    1    1    1    2    9  1.12339E+04 0.00428 
   21    1    1    1    1    1    1    1    2   10  1.00852E+04 0.00446 
   22    1    1    1    1    1    1    1    2   11  0.00000E+00 0.00000 
   23    1    1    1    1    1    1    1    3    1  1.57750E+04 0.00382 
   24    1    1    1    1    1    1    1    3    2  1.82452E+04 0.00369 
   25    1    1    1    1    1    1    1    3    3  0.00000E+00 0.00000 
   26    1    1    1    1    1    1    1    3    4  1.81975E+04 0.00365 
   27    1    1    1    1    1    1    1    3    5  1.57834E+04 0.00379 
   28    1    1    1    1    1    1    1    3    6  0.00000E+00 0.00000 
   29    1    1    1    1    1    1    1    3    7  1.19421E+04 0.00410 
   30    1    1    1    1    1    1    1    3    8  1.08213E+04 0.00433 
   31    1    1    1    1    1    1    1    3    9  0.00000E+00 0.00000 
   32    1    1    1    1    1    1    1    3   10  9.19755E+03 0.00460 
   33    1    1    1    1    1    1    1    3   11  8.74069E+03 0.00446 
   34    1    1    1    1    1    1    1    4    1  0.00000E+00 0.00000 
   35    1    1    1    1    1    1    1    4    2  1.38744E+04 0.00406 
   36    1    1    1    1    1    1    1    4    3  1.39404E+04 0.00405 
   37    1    1    1    1    1    1    1    4    4  0.00000E+00 0.00000 
   38    1    1    1    1    1    1    1    4    5  1.20207E+04 0.00416 
   39    1    1    1    1    1    1    1    4    6  1.10851E+04 0.00432 
   40    1    1    1    1    1    1    1    4    7  0.00000E+00 0.00000 
   41    1    1    1    1    1    1    1    4    8  9.51134E+03 0.00462 
   42    1    1    1    1    1    1    1    4    9  9.08330E+03 0.00452 
   43    1    1    1    1    1    1    1    4   10  0.00000E+00 0.00000 
   44    1    1    1    1    1    1    1    4   11  8.48261E+03 0.00463 
   45    1    1    1    1    1    1    1    5    1  1.12345E+04 0.00427 
   46    1    1    1    1    1    1    1    5    2  0.00000E+00 0.00000 
   47    1    1    1    1    1    1    1    5    3  1.12645E+04 0.00430 
   48    1    1    1    1    1    1    1    5    4  1.07773E+04 0.00443 
   49    1    1    1    1    1    1    1    5    5  0.00000E+00 0.00000 
   50    1    1    1    1    1    1    1    5    6  9.54832E+03 0.00454 
   51    1    1    1    1    1    1    1    5    7  9.25540E+03 0.00445 
   52    1    1    1    1    1    1    1    5    8  0.00000E+00 0.00000 
   53    1    1    1    1    1    1    1    5    9  8.66639E+03 0.00459 
   54    1    1    1    1    1    1    1    5   10  8.46746E+03 0.00457 
   55    1    1    1    1    1    1    1    5   11  0.00000E+00 0.00000 
   56    1    1    1    1    1    1    1    6    1  1.00681E+04 0.00430 
   57    1    1    1    1    1    1    1    6    2  1.00397E+04 0.00440 
   58    1    1    1    1    1    1    1    6    3  0.00000E+00 0.00000 
   59    1    1    1    1    1    1    1    6    4  9.57820E+03 0.00451 
   60    1    1    1    1    1    1    1    6    5  9.24384E+03 0.00443 
   61    1    1    1    1    1    1    1    6    6  0.00000E+00 0.00000 
   62    1    1    1    1    1    1    1    6    7  8.72532E+03 0.00462 
   63    1    1    1    1    1    1    1    6    8  8.45004E+03 0.00468 
   64    1    1    1    1    1    1    1    6    9  0.00000E+00 0.00000 
   65    1    1    1    1    1    1    1    6   10  8.31739E+03 0.00480 
   66    1    1    1    1    1    1    1    6   11  8.19409E+03 0.00471 
   67    1    1    1    1    1    1    1    7    1  0.00000E+00 0.00000 
   68    1    1    1    1    1    1    1    7    2  9.18344E+03 0.00453 
   69    1    1    1    1    1    1    1    7    3  9.05463E+03 0.00448 
   70    1    1    1    1    1    1    1    7    4  0.00000E+00 0.00000 
   71    1    1    1    1    1    1    1    7    5  8.71521E+03 0.00457 
   72    1    1    1    1    1    1    1    7    6  8.60518E+03 0.00466 
   73    1    1    1    1    1    1    1    7    7  0.00000E+00 0.00000 
   74    1    1    1    1    1    1    1    7    8  8.24646E+03 0.00463 
   75    1    1    1    1    1    1    1    7    9  8.12110E+03 0.00477 
   76    1    1    1    1    1    1    1    7   10  0.00000E+00 0.00000 
   77    1    1    1    1    1    1    1    7   11  7.96971E+03 0.00477 
   78    1    1    1    1    1    1    1    8    1  8.84183E+03 0.00459 
   79    1    1    1    1    1    1    1    8    2  0.00000E+00 0.00000 
   80    1    1    1    1    1    1    1    8    3  8.68194E+03 0.00461 
   81    1    1    1    1    1    1    1    8    4  8.54944E+03 0.00458 
   82    1    1    1    1    1    1    1    8    5  0.00000E+00 0.00000 
   83    1    1    1    1    1    1    1    8    6  8.31389E+03 0.00469 
   84    1    1    1    1    1    1    1    8    7  8.18988E+03 0.00473 
   85    1    1    1    1    1    1    1    8    8  0.00000E+00 0.00000 
   86    1    1    1    1    1    1    1    8    9  8.01676E+03 0.00475 
   87    1    1    1    1    1    1    1    8   10  7.97426E+03 0.00477 
   88    1    1    1    1    1    1    1    8   11  0.00000E+00 0.00000 
   89    1    1    1    1    1    1    1    9    1  8.51485E+03 0.00468 
   90    1    1    1    1    1    1    1    9    2  8.51740E+03 0.00459 
   91    1    1    1    1    1    1    1    9    3  0.00000E+00 0.00000 
   92    1    1    1    1    1    1    1    9    4  8.31648E+03 0.00462 
   93    1    1    1    1    1    1    1    9    5  8.16578E+03 0.00471 
   94    1    1    1    1    1    1    1    9    6  0.00000E+00 0.00000 
   95    1    1    1    1    1    1    1    9    7  7.98434E+03 0.00475 
   96    1    1    1    1    1    1    1    9    8  7.90225E+03 0.00473 
   97    1    1    1    1    1    1    1    9    9  0.00000E+00 0.00000 
   98    1    1    1    1    1    1    1    9   10  7.82089E+03 0.00481 
   99    1    1    1    1    1    1    1    9   11  7.78739E+03 0.00492 
  100    1    1    1    1    1    1    1   10    1  0.00000E+00 0.00000 
  101    1    1    1    1    1    1    1   10    2  8.33115E+03 0.00463 
  102    1    1    1    1    1    1    1   10    3  8.12886E+03 0.00472 
  103    1    1    1    1    1    1    1   10    4  0.00000E+00 0.00000 
  104    1    1    1    1    1    1    1   10    5  8.10011E+03 0.00479 
  105    1    1    1    1    1    1    1   10    6  8.00353E+03 0.00480 
  106    1    1    1    1    1    1    1   10    7  0.00000E+00 0.00000 
  107    1    1    1    1    1    1    1   10    8  7.81131E+03 0.00480 
  108    1    1    1    1    1    1    1   10    9  7.69367E+03 0.00476 
  109    1    1    1    1    1    1    1   10   10  0.00000E+00 0.00000 
