
DETassem1 = [
    1    1    1    1    1    1    1    1    1    1  0.00000E+00 0.00000 
    2    1    1    1    1    1    1    1    1    2  0.00000E+00 0.00000 
    3    1    1    1    1    1    1    1    1    3  0.00000E+00 0.00000 
    4    1    1    1    1    1    1    1    1    4  0.00000E+00 0.00000 
    5    1    1    1    1    1    1    1    1    5  0.00000E+00 0.00000 
    6    1    1    1    1    1    1    1    1    6  0.00000E+00 0.00000 
    7    1    1    1    1    1    1    1    1    7  0.00000E+00 0.00000 
    8    1    1    1    1    1    1    1    1    8  1.77261E+04 0.00371 
    9    1    1    1    1    1    1    1    1    9  1.35814E+04 0.00408 
   10    1    1    1    1    1    1    1    1   10  0.00000E+00 0.00000 
   11    1    1    1    1    1    1    1    1   11  9.96900E+03 0.00444 
   12    1    1    1    1    1    1    1    2    1  1.95090E+04 0.00360 
   13    1    1    1    1    1    1    1    2    2  0.00000E+00 0.00000 
   14    1    1    1    1    1    1    1    2    3  0.00000E+00 0.00000 
   15    1    1    1    1    1    1    1    2    4  0.00000E+00 0.00000 
   16    1    1    1    1    1    1    1    2    5  0.00000E+00 0.00000 
   17    1    1    1    1    1    1    1    2    6  1.93667E+04 0.00367 
   18    1    1    1    1    1    1    1    2    7  1.54848E+04 0.00384 
   19    1    1    1    1    1    1    1    2    8  0.00000E+00 0.00000 
   20    1    1    1    1    1    1    1    2    9  1.12138E+04 0.00432 
   21    1    1    1    1    1    1    1    2   10  1.00387E+04 0.00440 
   22    1    1    1    1    1    1    1    2   11  0.00000E+00 0.00000 
   23    1    1    1    1    1    1    1    3    1  1.55778E+04 0.00379 
   24    1    1    1    1    1    1    1    3    2  1.77771E+04 0.00372 
   25    1    1    1    1    1    1    1    3    3  0.00000E+00 0.00000 
   26    1    1    1    1    1    1    1    3    4  1.77764E+04 0.00370 
   27    1    1    1    1    1    1    1    3    5  1.53745E+04 0.00387 
   28    1    1    1    1    1    1    1    3    6  0.00000E+00 0.00000 
   29    1    1    1    1    1    1    1    3    7  1.16807E+04 0.00424 
   30    1    1    1    1    1    1    1    3    8  1.06855E+04 0.00435 
   31    1    1    1    1    1    1    1    3    9  0.00000E+00 0.00000 
   32    1    1    1    1    1    1    1    3   10  9.11625E+03 0.00457 
   33    1    1    1    1    1    1    1    3   11  8.86375E+03 0.00461 
   34    1    1    1    1    1    1    1    4    1  0.00000E+00 0.00000 
   35    1    1    1    1    1    1    1    4    2  1.35940E+04 0.00405 
   36    1    1    1    1    1    1    1    4    3  1.36391E+04 0.00410 
   37    1    1    1    1    1    1    1    4    4  0.00000E+00 0.00000 
   38    1    1    1    1    1    1    1    4    5  1.17203E+04 0.00421 
   39    1    1    1    1    1    1    1    4    6  1.08915E+04 0.00433 
   40    1    1    1    1    1    1    1    4    7  0.00000E+00 0.00000 
   41    1    1    1    1    1    1    1    4    8  9.45948E+03 0.00432 
   42    1    1    1    1    1    1    1    4    9  9.04938E+03 0.00450 
   43    1    1    1    1    1    1    1    4   10  0.00000E+00 0.00000 
   44    1    1    1    1    1    1    1    4   11  8.56390E+03 0.00465 
   45    1    1    1    1    1    1    1    5    1  1.09895E+04 0.00431 
   46    1    1    1    1    1    1    1    5    2  0.00000E+00 0.00000 
   47    1    1    1    1    1    1    1    5    3  1.10604E+04 0.00427 
   48    1    1    1    1    1    1    1    5    4  1.05929E+04 0.00432 
   49    1    1    1    1    1    1    1    5    5  0.00000E+00 0.00000 
   50    1    1    1    1    1    1    1    5    6  9.60430E+03 0.00445 
   51    1    1    1    1    1    1    1    5    7  9.20440E+03 0.00456 
   52    1    1    1    1    1    1    1    5    8  0.00000E+00 0.00000 
   53    1    1    1    1    1    1    1    5    9  8.50068E+03 0.00465 
   54    1    1    1    1    1    1    1    5   10  8.44545E+03 0.00456 
   55    1    1    1    1    1    1    1    5   11  0.00000E+00 0.00000 
   56    1    1    1    1    1    1    1    6    1  9.94051E+03 0.00450 
   57    1    1    1    1    1    1    1    6    2  9.97425E+03 0.00448 
   58    1    1    1    1    1    1    1    6    3  0.00000E+00 0.00000 
   59    1    1    1    1    1    1    1    6    4  9.49407E+03 0.00444 
   60    1    1    1    1    1    1    1    6    5  9.21509E+03 0.00455 
   61    1    1    1    1    1    1    1    6    6  0.00000E+00 0.00000 
   62    1    1    1    1    1    1    1    6    7  8.65252E+03 0.00466 
   63    1    1    1    1    1    1    1    6    8  8.50490E+03 0.00464 
   64    1    1    1    1    1    1    1    6    9  0.00000E+00 0.00000 
   65    1    1    1    1    1    1    1    6   10  8.30376E+03 0.00473 
   66    1    1    1    1    1    1    1    6   11  8.23998E+03 0.00474 
   67    1    1    1    1    1    1    1    7    1  0.00000E+00 0.00000 
   68    1    1    1    1    1    1    1    7    2  9.22524E+03 0.00443 
   69    1    1    1    1    1    1    1    7    3  9.04023E+03 0.00451 
   70    1    1    1    1    1    1    1    7    4  0.00000E+00 0.00000 
   71    1    1    1    1    1    1    1    7    5  8.66955E+03 0.00465 
   72    1    1    1    1    1    1    1    7    6  8.43971E+03 0.00462 
   73    1    1    1    1    1    1    1    7    7  0.00000E+00 0.00000 
   74    1    1    1    1    1    1    1    7    8  8.24132E+03 0.00463 
   75    1    1    1    1    1    1    1    7    9  8.23477E+03 0.00472 
   76    1    1    1    1    1    1    1    7   10  0.00000E+00 0.00000 
   77    1    1    1    1    1    1    1    7   11  8.03656E+03 0.00477 
   78    1    1    1    1    1    1    1    8    1  8.91691E+03 0.00461 
   79    1    1    1    1    1    1    1    8    2  0.00000E+00 0.00000 
   80    1    1    1    1    1    1    1    8    3  8.52880E+03 0.00457 
   81    1    1    1    1    1    1    1    8    4  8.46218E+03 0.00476 
   82    1    1    1    1    1    1    1    8    5  0.00000E+00 0.00000 
   83    1    1    1    1    1    1    1    8    6  8.28843E+03 0.00476 
   84    1    1    1    1    1    1    1    8    7  8.22019E+03 0.00476 
   85    1    1    1    1    1    1    1    8    8  0.00000E+00 0.00000 
   86    1    1    1    1    1    1    1    8    9  8.05919E+03 0.00482 
   87    1    1    1    1    1    1    1    8   10  7.97578E+03 0.00475 
   88    1    1    1    1    1    1    1    8   11  0.00000E+00 0.00000 
   89    1    1    1    1    1    1    1    9    1  8.55671E+03 0.00466 
   90    1    1    1    1    1    1    1    9    2  8.50072E+03 0.00457 
   91    1    1    1    1    1    1    1    9    3  0.00000E+00 0.00000 
   92    1    1    1    1    1    1    1    9    4  8.31943E+03 0.00462 
   93    1    1    1    1    1    1    1    9    5  8.15417E+03 0.00472 
   94    1    1    1    1    1    1    1    9    6  0.00000E+00 0.00000 
   95    1    1    1    1    1    1    1    9    7  8.04193E+03 0.00475 
   96    1    1    1    1    1    1    1    9    8  7.98916E+03 0.00474 
   97    1    1    1    1    1    1    1    9    9  0.00000E+00 0.00000 
   98    1    1    1    1    1    1    1    9   10  7.80852E+03 0.00485 
   99    1    1    1    1    1    1    1    9   11  7.77813E+03 0.00476 
  100    1    1    1    1    1    1    1   10    1  0.00000E+00 0.00000 
  101    1    1    1    1    1    1    1   10    2  8.32202E+03 0.00472 
  102    1    1    1    1    1    1    1   10    3  8.15349E+03 0.00468 
  103    1    1    1    1    1    1    1   10    4  0.00000E+00 0.00000 
  104    1    1    1    1    1    1    1   10    5  8.03314E+03 0.00469 
  105    1    1    1    1    1    1    1   10    6  7.90613E+03 0.00476 
  106    1    1    1    1    1    1    1   10    7  0.00000E+00 0.00000 
  107    1    1    1    1    1    1    1   10    8  7.79089E+03 0.00489 
  108    1    1    1    1    1    1    1   10    9  7.69563E+03 0.00478 
  109    1    1    1    1    1    1    1   10   10  0.00000E+00 0.00000 
