
ZAI = [
922350
922380
666
0
];

NAMES = [
'U235            '
'U238            '
'lost            '
'total           '
];

i922350 = 1; iU235             = 1;
i922380 = 2; iU238             = 2;
iLOST    = 3;
iTOT     = 4;

MAT_un_VOLUME = [ 2.67501E+05 2.67501E+05 ];

MAT_un_BURNUP = [ 0.00000E+00 4.28513E+01 ];

MAT_un_ADENS = [
4.83387E-03 3.51042E-03 % U235
1.93936E-02 1.88552E-02 % U238
0.00000E+00 3.76386E-30 % lost data
7.26897E-02 7.38000E-02 % total
];

MAT_un_MDENS = [
1.88669E+00 1.37014E+00 % U235
7.66628E+00 7.45343E+00 % U238
0.00000E+00 0.00000E+00 % lost data
1.08000E+01 1.07986E+01 % total
];

MAT_un_A = [
4.03546E+10 2.93061E+10 % U235
2.55037E+10 2.47956E+10 % U238
0.00000E+00 0.00000E+00 % lost data
6.58583E+10 3.28257E+18 % total
];

MAT_un_H = [
3.02514E-02 2.19690E-02 % U235
1.74481E-02 1.69637E-02 % U238
0.00000E+00 0.00000E+00 % lost data
4.76996E-02 9.64631E+05 % total
];

MAT_un_SF = [
2.90553E+00 2.11004E+00 % U235
1.39250E+04 1.35384E+04 % U238
0.00000E+00 0.00000E+00 % lost data
1.39279E+04 1.03655E+08 % total
];

MAT_un_GSRC = [
5.09883E+10 3.70284E+10 % U235
2.25844E+09 2.19574E+09 % U238
0.00000E+00 0.00000E+00 % lost data
5.32468E+10 3.52874E+18 % total
];

MAT_un_ING_TOX = [
1.89667E+03 1.37738E+03 % U235
1.14767E+03 1.11580E+03 % U238
0.00000E+00 0.00000E+00 % lost data
3.04433E+03 2.23490E+09 % total
];

MAT_un_INH_TOX = [
3.43014E+05 2.49102E+05 % U235
2.04030E+05 1.98365E+05 % U238
0.00000E+00 0.00000E+00 % lost data
5.47044E+05 8.01429E+10 % total
];

TOT_VOLUME = [ 2.67501E+05 2.67501E+05 ];

TOT_BURNUP = [ 0.00000E+00 4.28513E+01 ];

TOT_ADENS = [
4.83387E-03 3.51042E-03 % U235
1.93936E-02 1.88552E-02 % U238
0.00000E+00 3.76386E-30 % lost data
7.26897E-02 7.38000E-02 % total
];

TOT_MASS = [
5.04691E+05 3.66514E+05 % U235
2.05074E+06 1.99380E+06 % U238
0.00000E+00 0.00000E+00 % lost data
2.88901E+06 2.88864E+06 % total
];

TOT_A = [
4.03546E+10 2.93061E+10 % U235
2.55037E+10 2.47956E+10 % U238
0.00000E+00 0.00000E+00 % lost data
6.58583E+10 3.28257E+18 % total
];

TOT_H = [
3.02514E-02 2.19690E-02 % U235
1.74481E-02 1.69637E-02 % U238
0.00000E+00 0.00000E+00 % lost data
4.76996E-02 9.64631E+05 % total
];

TOT_SF = [
2.90553E+00 2.11004E+00 % U235
1.39250E+04 1.35384E+04 % U238
0.00000E+00 0.00000E+00 % lost data
1.39279E+04 1.03655E+08 % total
];

TOT_GSRC = [
5.09883E+10 3.70284E+10 % U235
2.25844E+09 2.19574E+09 % U238
0.00000E+00 0.00000E+00 % lost data
5.32468E+10 3.52874E+18 % total
];

TOT_ING_TOX = [
1.89667E+03 1.37738E+03 % U235
1.14767E+03 1.11580E+03 % U238
0.00000E+00 0.00000E+00 % lost data
3.04433E+03 2.23490E+09 % total
];

TOT_INH_TOX = [
3.43014E+05 2.49102E+05 % U235
2.04030E+05 1.98365E+05 % U238
0.00000E+00 0.00000E+00 % lost data
5.47044E+05 8.01429E+10 % total
];

BU = [ 0.00000E+00 4.28500E+01 ];

DAYS = [ 0.00000E+00 7.30000E+03 ];
