
DETassem1 = [
    1    1    1    1    1    1    1    1    1    1  0.00000E+00 0.00000 
    2    1    1    1    1    1    1    1    1    2  0.00000E+00 0.00000 
    3    1    1    1    1    1    1    1    1    3  0.00000E+00 0.00000 
    4    1    1    1    1    1    1    1    1    4  0.00000E+00 0.00000 
    5    1    1    1    1    1    1    1    1    5  0.00000E+00 0.00000 
    6    1    1    1    1    1    1    1    1    6  0.00000E+00 0.00000 
    7    1    1    1    1    1    1    1    1    7  0.00000E+00 0.00000 
    8    1    1    1    1    1    1    1    1    8  1.83709E+04 0.00372 
    9    1    1    1    1    1    1    1    1    9  1.39591E+04 0.00400 
   10    1    1    1    1    1    1    1    1   10  0.00000E+00 0.00000 
   11    1    1    1    1    1    1    1    1   11  1.00354E+04 0.00443 
   12    1    1    1    1    1    1    1    2    1  1.97487E+04 0.00364 
   13    1    1    1    1    1    1    1    2    2  0.00000E+00 0.00000 
   14    1    1    1    1    1    1    1    2    3  0.00000E+00 0.00000 
   15    1    1    1    1    1    1    1    2    4  0.00000E+00 0.00000 
   16    1    1    1    1    1    1    1    2    5  0.00000E+00 0.00000 
   17    1    1    1    1    1    1    1    2    6  1.98715E+04 0.00366 
   18    1    1    1    1    1    1    1    2    7  1.59044E+04 0.00392 
   19    1    1    1    1    1    1    1    2    8  0.00000E+00 0.00000 
   20    1    1    1    1    1    1    1    2    9  1.12011E+04 0.00433 
   21    1    1    1    1    1    1    1    2   10  1.01135E+04 0.00447 
   22    1    1    1    1    1    1    1    2   11  0.00000E+00 0.00000 
   23    1    1    1    1    1    1    1    3    1  1.58286E+04 0.00382 
   24    1    1    1    1    1    1    1    3    2  1.84461E+04 0.00368 
   25    1    1    1    1    1    1    1    3    3  0.00000E+00 0.00000 
   26    1    1    1    1    1    1    1    3    4  1.83394E+04 0.00372 
   27    1    1    1    1    1    1    1    3    5  1.58555E+04 0.00376 
   28    1    1    1    1    1    1    1    3    6  0.00000E+00 0.00000 
   29    1    1    1    1    1    1    1    3    7  1.20557E+04 0.00412 
   30    1    1    1    1    1    1    1    3    8  1.08952E+04 0.00437 
   31    1    1    1    1    1    1    1    3    9  0.00000E+00 0.00000 
   32    1    1    1    1    1    1    1    3   10  9.33865E+03 0.00449 
   33    1    1    1    1    1    1    1    3   11  8.91426E+03 0.00477 
   34    1    1    1    1    1    1    1    4    1  0.00000E+00 0.00000 
   35    1    1    1    1    1    1    1    4    2  1.39662E+04 0.00394 
   36    1    1    1    1    1    1    1    4    3  1.39166E+04 0.00399 
   37    1    1    1    1    1    1    1    4    4  0.00000E+00 0.00000 
   38    1    1    1    1    1    1    1    4    5  1.19297E+04 0.00418 
   39    1    1    1    1    1    1    1    4    6  1.11275E+04 0.00429 
   40    1    1    1    1    1    1    1    4    7  0.00000E+00 0.00000 
   41    1    1    1    1    1    1    1    4    8  9.56408E+03 0.00446 
   42    1    1    1    1    1    1    1    4    9  9.09959E+03 0.00444 
   43    1    1    1    1    1    1    1    4   10  0.00000E+00 0.00000 
   44    1    1    1    1    1    1    1    4   11  8.64368E+03 0.00460 
   45    1    1    1    1    1    1    1    5    1  1.12690E+04 0.00424 
   46    1    1    1    1    1    1    1    5    2  0.00000E+00 0.00000 
   47    1    1    1    1    1    1    1    5    3  1.12077E+04 0.00433 
   48    1    1    1    1    1    1    1    5    4  1.07925E+04 0.00438 
   49    1    1    1    1    1    1    1    5    5  0.00000E+00 0.00000 
   50    1    1    1    1    1    1    1    5    6  9.72392E+03 0.00453 
   51    1    1    1    1    1    1    1    5    7  9.17820E+03 0.00451 
   52    1    1    1    1    1    1    1    5    8  0.00000E+00 0.00000 
   53    1    1    1    1    1    1    1    5    9  8.66088E+03 0.00457 
   54    1    1    1    1    1    1    1    5   10  8.53734E+03 0.00454 
   55    1    1    1    1    1    1    1    5   11  0.00000E+00 0.00000 
   56    1    1    1    1    1    1    1    6    1  1.00448E+04 0.00439 
   57    1    1    1    1    1    1    1    6    2  1.01391E+04 0.00442 
   58    1    1    1    1    1    1    1    6    3  0.00000E+00 0.00000 
   59    1    1    1    1    1    1    1    6    4  9.57207E+03 0.00451 
   60    1    1    1    1    1    1    1    6    5  9.18913E+03 0.00456 
   61    1    1    1    1    1    1    1    6    6  0.00000E+00 0.00000 
   62    1    1    1    1    1    1    1    6    7  8.71084E+03 0.00459 
   63    1    1    1    1    1    1    1    6    8  8.45922E+03 0.00457 
   64    1    1    1    1    1    1    1    6    9  0.00000E+00 0.00000 
   65    1    1    1    1    1    1    1    6   10  8.29159E+03 0.00463 
   66    1    1    1    1    1    1    1    6   11  8.30554E+03 0.00463 
   67    1    1    1    1    1    1    1    7    1  0.00000E+00 0.00000 
   68    1    1    1    1    1    1    1    7    2  9.29973E+03 0.00450 
   69    1    1    1    1    1    1    1    7    3  9.14567E+03 0.00461 
   70    1    1    1    1    1    1    1    7    4  0.00000E+00 0.00000 
   71    1    1    1    1    1    1    1    7    5  8.74177E+03 0.00455 
   72    1    1    1    1    1    1    1    7    6  8.52942E+03 0.00454 
   73    1    1    1    1    1    1    1    7    7  0.00000E+00 0.00000 
   74    1    1    1    1    1    1    1    7    8  8.24192E+03 0.00465 
   75    1    1    1    1    1    1    1    7    9  8.18244E+03 0.00468 
   76    1    1    1    1    1    1    1    7   10  0.00000E+00 0.00000 
   77    1    1    1    1    1    1    1    7   11  7.99502E+03 0.00483 
   78    1    1    1    1    1    1    1    8    1  8.91407E+03 0.00455 
   79    1    1    1    1    1    1    1    8    2  0.00000E+00 0.00000 
   80    1    1    1    1    1    1    1    8    3  8.62062E+03 0.00469 
   81    1    1    1    1    1    1    1    8    4  8.41671E+03 0.00470 
   82    1    1    1    1    1    1    1    8    5  0.00000E+00 0.00000 
   83    1    1    1    1    1    1    1    8    6  8.26736E+03 0.00473 
   84    1    1    1    1    1    1    1    8    7  8.19009E+03 0.00467 
   85    1    1    1    1    1    1    1    8    8  0.00000E+00 0.00000 
   86    1    1    1    1    1    1    1    8    9  8.11957E+03 0.00481 
   87    1    1    1    1    1    1    1    8   10  7.98915E+03 0.00479 
   88    1    1    1    1    1    1    1    8   11  0.00000E+00 0.00000 
   89    1    1    1    1    1    1    1    9    1  8.58889E+03 0.00457 
   90    1    1    1    1    1    1    1    9    2  8.55013E+03 0.00458 
   91    1    1    1    1    1    1    1    9    3  0.00000E+00 0.00000 
   92    1    1    1    1    1    1    1    9    4  8.26163E+03 0.00466 
   93    1    1    1    1    1    1    1    9    5  8.15425E+03 0.00476 
   94    1    1    1    1    1    1    1    9    6  0.00000E+00 0.00000 
   95    1    1    1    1    1    1    1    9    7  8.02050E+03 0.00479 
   96    1    1    1    1    1    1    1    9    8  7.97489E+03 0.00470 
   97    1    1    1    1    1    1    1    9    9  0.00000E+00 0.00000 
   98    1    1    1    1    1    1    1    9   10  7.78175E+03 0.00485 
   99    1    1    1    1    1    1    1    9   11  7.69258E+03 0.00481 
  100    1    1    1    1    1    1    1   10    1  0.00000E+00 0.00000 
  101    1    1    1    1    1    1    1   10    2  8.29142E+03 0.00469 
  102    1    1    1    1    1    1    1   10    3  8.20529E+03 0.00475 
  103    1    1    1    1    1    1    1   10    4  0.00000E+00 0.00000 
  104    1    1    1    1    1    1    1   10    5  8.03595E+03 0.00472 
  105    1    1    1    1    1    1    1   10    6  7.94308E+03 0.00480 
  106    1    1    1    1    1    1    1   10    7  0.00000E+00 0.00000 
  107    1    1    1    1    1    1    1   10    8  7.66681E+03 0.00485 
  108    1    1    1    1    1    1    1   10    9  7.75171E+03 0.00473 
  109    1    1    1    1    1    1    1   10   10  0.00000E+00 0.00000 
