
ZAI = [
922350
922380
666
0
];

NAMES = [
'U235            '
'U238            '
'lost            '
'total           '
];

i922350 = 1; iU235             = 1;
i922380 = 2; iU238             = 2;
iLOST    = 3;
iTOT     = 4;

MAT_un_VOLUME = [ 2.66961E+05 2.66961E+05 ];

MAT_un_BURNUP = [ 0.00000E+00 4.29380E+01 ];

MAT_un_ADENS = [
4.83387E-03 3.50790E-03 % U235
1.93936E-02 1.88535E-02 % U238
0.00000E+00 4.48855E-30 % lost data
7.26897E-02 7.38023E-02 % total
];

MAT_un_MDENS = [
1.88669E+00 1.36916E+00 % U235
7.66628E+00 7.45277E+00 % U238
0.00000E+00 0.00000E+00 % lost data
1.08000E+01 1.07986E+01 % total
];

MAT_un_A = [
4.02731E+10 2.92259E+10 % U235
2.54522E+10 2.47433E+10 % U238
0.00000E+00 0.00000E+00 % lost data
6.57253E+10 3.28311E+18 % total
];

MAT_un_H = [
3.01903E-02 2.19089E-02 % U235
1.74129E-02 1.69279E-02 % U238
0.00000E+00 0.00000E+00 % lost data
4.76032E-02 9.64621E+05 % total
];

MAT_un_SF = [
2.89966E+00 2.10426E+00 % U235
1.38969E+04 1.35098E+04 % U238
0.00000E+00 0.00000E+00 % lost data
1.38998E+04 1.04082E+08 % total
];

MAT_un_GSRC = [
5.08853E+10 3.69271E+10 % U235
2.25388E+09 2.19111E+09 % U238
0.00000E+00 0.00000E+00 % lost data
5.31392E+10 3.52938E+18 % total
];

MAT_un_ING_TOX = [
1.89284E+03 1.37362E+03 % U235
1.14535E+03 1.11345E+03 % U238
0.00000E+00 0.00000E+00 % lost data
3.03818E+03 2.23569E+09 % total
];

MAT_un_INH_TOX = [
3.42321E+05 2.48420E+05 % U235
2.03617E+05 1.97946E+05 % U238
0.00000E+00 0.00000E+00 % lost data
5.45939E+05 8.03684E+10 % total
];

TOT_VOLUME = [ 2.66961E+05 2.66961E+05 ];

TOT_BURNUP = [ 0.00000E+00 4.29380E+01 ];

TOT_ADENS = [
4.83387E-03 3.50790E-03 % U235
1.93936E-02 1.88535E-02 % U238
0.00000E+00 4.48855E-30 % lost data
7.26897E-02 7.38023E-02 % total
];

TOT_MASS = [
5.03672E+05 3.65511E+05 % U235
2.04659E+06 1.98959E+06 % U238
0.00000E+00 0.00000E+00 % lost data
2.88317E+06 2.88280E+06 % total
];

TOT_A = [
4.02731E+10 2.92259E+10 % U235
2.54522E+10 2.47433E+10 % U238
0.00000E+00 0.00000E+00 % lost data
6.57253E+10 3.28311E+18 % total
];

TOT_H = [
3.01903E-02 2.19089E-02 % U235
1.74129E-02 1.69279E-02 % U238
0.00000E+00 0.00000E+00 % lost data
4.76032E-02 9.64621E+05 % total
];

TOT_SF = [
2.89966E+00 2.10426E+00 % U235
1.38969E+04 1.35098E+04 % U238
0.00000E+00 0.00000E+00 % lost data
1.38998E+04 1.04082E+08 % total
];

TOT_GSRC = [
5.08853E+10 3.69271E+10 % U235
2.25388E+09 2.19111E+09 % U238
0.00000E+00 0.00000E+00 % lost data
5.31392E+10 3.52938E+18 % total
];

TOT_ING_TOX = [
1.89284E+03 1.37362E+03 % U235
1.14535E+03 1.11345E+03 % U238
0.00000E+00 0.00000E+00 % lost data
3.03818E+03 2.23569E+09 % total
];

TOT_INH_TOX = [
3.42321E+05 2.48420E+05 % U235
2.03617E+05 1.97946E+05 % U238
0.00000E+00 0.00000E+00 % lost data
5.45939E+05 8.03684E+10 % total
];

BU = [ 0.00000E+00 4.29367E+01 ];

DAYS = [ 0.00000E+00 7.30000E+03 ];
