
DETassem1 = [
    1    1    1    1    1    1    1    1    1    1  0.00000E+00 0.00000 
    2    1    1    1    1    1    1    1    1    2  0.00000E+00 0.00000 
    3    1    1    1    1    1    1    1    1    3  0.00000E+00 0.00000 
    4    1    1    1    1    1    1    1    1    4  0.00000E+00 0.00000 
    5    1    1    1    1    1    1    1    1    5  0.00000E+00 0.00000 
    6    1    1    1    1    1    1    1    1    6  0.00000E+00 0.00000 
    7    1    1    1    1    1    1    1    1    7  0.00000E+00 0.00000 
    8    1    1    1    1    1    1    1    1    8  1.82521E+04 0.00369 
    9    1    1    1    1    1    1    1    1    9  1.36862E+04 0.00409 
   10    1    1    1    1    1    1    1    1   10  0.00000E+00 0.00000 
   11    1    1    1    1    1    1    1    1   11  9.75705E+03 0.00447 
   12    1    1    1    1    1    1    1    2    1  1.95300E+04 0.00357 
   13    1    1    1    1    1    1    1    2    2  0.00000E+00 0.00000 
   14    1    1    1    1    1    1    1    2    3  0.00000E+00 0.00000 
   15    1    1    1    1    1    1    1    2    4  0.00000E+00 0.00000 
   16    1    1    1    1    1    1    1    2    5  0.00000E+00 0.00000 
   17    1    1    1    1    1    1    1    2    6  1.95845E+04 0.00371 
   18    1    1    1    1    1    1    1    2    7  1.56426E+04 0.00396 
   19    1    1    1    1    1    1    1    2    8  0.00000E+00 0.00000 
   20    1    1    1    1    1    1    1    2    9  1.09994E+04 0.00430 
   21    1    1    1    1    1    1    1    2   10  9.86272E+03 0.00445 
   22    1    1    1    1    1    1    1    2   11  0.00000E+00 0.00000 
   23    1    1    1    1    1    1    1    3    1  1.56111E+04 0.00388 
   24    1    1    1    1    1    1    1    3    2  1.81071E+04 0.00361 
   25    1    1    1    1    1    1    1    3    3  0.00000E+00 0.00000 
   26    1    1    1    1    1    1    1    3    4  1.81477E+04 0.00373 
   27    1    1    1    1    1    1    1    3    5  1.55971E+04 0.00384 
   28    1    1    1    1    1    1    1    3    6  0.00000E+00 0.00000 
   29    1    1    1    1    1    1    1    3    7  1.19012E+04 0.00426 
   30    1    1    1    1    1    1    1    3    8  1.05375E+04 0.00428 
   31    1    1    1    1    1    1    1    3    9  0.00000E+00 0.00000 
   32    1    1    1    1    1    1    1    3   10  9.07437E+03 0.00448 
   33    1    1    1    1    1    1    1    3   11  8.76795E+03 0.00456 
   34    1    1    1    1    1    1    1    4    1  0.00000E+00 0.00000 
   35    1    1    1    1    1    1    1    4    2  1.37997E+04 0.00404 
   36    1    1    1    1    1    1    1    4    3  1.37144E+04 0.00404 
   37    1    1    1    1    1    1    1    4    4  0.00000E+00 0.00000 
   38    1    1    1    1    1    1    1    4    5  1.18213E+04 0.00428 
   39    1    1    1    1    1    1    1    4    6  1.09720E+04 0.00433 
   40    1    1    1    1    1    1    1    4    7  0.00000E+00 0.00000 
   41    1    1    1    1    1    1    1    4    8  9.40997E+03 0.00447 
   42    1    1    1    1    1    1    1    4    9  9.10711E+03 0.00454 
   43    1    1    1    1    1    1    1    4   10  0.00000E+00 0.00000 
   44    1    1    1    1    1    1    1    4   11  8.52097E+03 0.00474 
   45    1    1    1    1    1    1    1    5    1  1.10310E+04 0.00427 
   46    1    1    1    1    1    1    1    5    2  0.00000E+00 0.00000 
   47    1    1    1    1    1    1    1    5    3  1.10262E+04 0.00439 
   48    1    1    1    1    1    1    1    5    4  1.05371E+04 0.00442 
   49    1    1    1    1    1    1    1    5    5  0.00000E+00 0.00000 
   50    1    1    1    1    1    1    1    5    6  9.64125E+03 0.00458 
   51    1    1    1    1    1    1    1    5    7  9.13056E+03 0.00447 
   52    1    1    1    1    1    1    1    5    8  0.00000E+00 0.00000 
   53    1    1    1    1    1    1    1    5    9  8.61547E+03 0.00470 
   54    1    1    1    1    1    1    1    5   10  8.35266E+03 0.00453 
   55    1    1    1    1    1    1    1    5   11  0.00000E+00 0.00000 
   56    1    1    1    1    1    1    1    6    1  9.81870E+03 0.00449 
   57    1    1    1    1    1    1    1    6    2  9.78507E+03 0.00444 
   58    1    1    1    1    1    1    1    6    3  0.00000E+00 0.00000 
   59    1    1    1    1    1    1    1    6    4  9.45848E+03 0.00439 
   60    1    1    1    1    1    1    1    6    5  9.21916E+03 0.00452 
   61    1    1    1    1    1    1    1    6    6  0.00000E+00 0.00000 
   62    1    1    1    1    1    1    1    6    7  8.51632E+03 0.00469 
   63    1    1    1    1    1    1    1    6    8  8.48489E+03 0.00462 
   64    1    1    1    1    1    1    1    6    9  0.00000E+00 0.00000 
   65    1    1    1    1    1    1    1    6   10  8.15724E+03 0.00475 
   66    1    1    1    1    1    1    1    6   11  8.15067E+03 0.00473 
   67    1    1    1    1    1    1    1    7    1  0.00000E+00 0.00000 
   68    1    1    1    1    1    1    1    7    2  9.16939E+03 0.00455 
   69    1    1    1    1    1    1    1    7    3  8.99039E+03 0.00456 
   70    1    1    1    1    1    1    1    7    4  0.00000E+00 0.00000 
   71    1    1    1    1    1    1    1    7    5  8.58738E+03 0.00456 
   72    1    1    1    1    1    1    1    7    6  8.45673E+03 0.00461 
   73    1    1    1    1    1    1    1    7    7  0.00000E+00 0.00000 
   74    1    1    1    1    1    1    1    7    8  8.22324E+03 0.00479 
   75    1    1    1    1    1    1    1    7    9  8.17673E+03 0.00462 
   76    1    1    1    1    1    1    1    7   10  0.00000E+00 0.00000 
   77    1    1    1    1    1    1    1    7   11  8.08810E+03 0.00481 
   78    1    1    1    1    1    1    1    8    1  8.76981E+03 0.00462 
   79    1    1    1    1    1    1    1    8    2  0.00000E+00 0.00000 
   80    1    1    1    1    1    1    1    8    3  8.55269E+03 0.00464 
   81    1    1    1    1    1    1    1    8    4  8.50350E+03 0.00457 
   82    1    1    1    1    1    1    1    8    5  0.00000E+00 0.00000 
   83    1    1    1    1    1    1    1    8    6  8.22487E+03 0.00464 
   84    1    1    1    1    1    1    1    8    7  8.08809E+03 0.00466 
   85    1    1    1    1    1    1    1    8    8  0.00000E+00 0.00000 
   86    1    1    1    1    1    1    1    8    9  8.00492E+03 0.00482 
   87    1    1    1    1    1    1    1    8   10  7.94068E+03 0.00473 
   88    1    1    1    1    1    1    1    8   11  0.00000E+00 0.00000 
   89    1    1    1    1    1    1    1    9    1  8.57361E+03 0.00460 
   90    1    1    1    1    1    1    1    9    2  8.45239E+03 0.00460 
   91    1    1    1    1    1    1    1    9    3  0.00000E+00 0.00000 
   92    1    1    1    1    1    1    1    9    4  8.21345E+03 0.00468 
   93    1    1    1    1    1    1    1    9    5  8.07436E+03 0.00474 
   94    1    1    1    1    1    1    1    9    6  0.00000E+00 0.00000 
   95    1    1    1    1    1    1    1    9    7  7.93039E+03 0.00486 
   96    1    1    1    1    1    1    1    9    8  7.89435E+03 0.00467 
   97    1    1    1    1    1    1    1    9    9  0.00000E+00 0.00000 
   98    1    1    1    1    1    1    1    9   10  7.73964E+03 0.00482 
   99    1    1    1    1    1    1    1    9   11  7.67286E+03 0.00485 
  100    1    1    1    1    1    1    1   10    1  0.00000E+00 0.00000 
  101    1    1    1    1    1    1    1   10    2  8.21693E+03 0.00465 
  102    1    1    1    1    1    1    1   10    3  8.03229E+03 0.00473 
  103    1    1    1    1    1    1    1   10    4  0.00000E+00 0.00000 
  104    1    1    1    1    1    1    1   10    5  7.99397E+03 0.00478 
  105    1    1    1    1    1    1    1   10    6  7.88891E+03 0.00481 
  106    1    1    1    1    1    1    1   10    7  0.00000E+00 0.00000 
  107    1    1    1    1    1    1    1   10    8  7.85786E+03 0.00475 
  108    1    1    1    1    1    1    1   10    9  7.64383E+03 0.00485 
  109    1    1    1    1    1    1    1   10   10  0.00000E+00 0.00000 
