
DETassem1 = [
    1    1    1    1    1    1    1    1    1    1  0.00000E+00 0.00000 
    2    1    1    1    1    1    1    1    1    2  0.00000E+00 0.00000 
    3    1    1    1    1    1    1    1    1    3  0.00000E+00 0.00000 
    4    1    1    1    1    1    1    1    1    4  0.00000E+00 0.00000 
    5    1    1    1    1    1    1    1    1    5  0.00000E+00 0.00000 
    6    1    1    1    1    1    1    1    1    6  0.00000E+00 0.00000 
    7    1    1    1    1    1    1    1    1    7  0.00000E+00 0.00000 
    8    1    1    1    1    1    1    1    1    8  1.82578E+04 0.00371 
    9    1    1    1    1    1    1    1    1    9  1.38484E+04 0.00406 
   10    1    1    1    1    1    1    1    1   10  0.00000E+00 0.00000 
   11    1    1    1    1    1    1    1    1   11  1.00889E+04 0.00440 
   12    1    1    1    1    1    1    1    2    1  1.96698E+04 0.00357 
   13    1    1    1    1    1    1    1    2    2  0.00000E+00 0.00000 
   14    1    1    1    1    1    1    1    2    3  0.00000E+00 0.00000 
   15    1    1    1    1    1    1    1    2    4  0.00000E+00 0.00000 
   16    1    1    1    1    1    1    1    2    5  0.00000E+00 0.00000 
   17    1    1    1    1    1    1    1    2    6  1.97144E+04 0.00352 
   18    1    1    1    1    1    1    1    2    7  1.57664E+04 0.00392 
   19    1    1    1    1    1    1    1    2    8  0.00000E+00 0.00000 
   20    1    1    1    1    1    1    1    2    9  1.11879E+04 0.00427 
   21    1    1    1    1    1    1    1    2   10  9.99507E+03 0.00447 
   22    1    1    1    1    1    1    1    2   11  0.00000E+00 0.00000 
   23    1    1    1    1    1    1    1    3    1  1.57096E+04 0.00394 
   24    1    1    1    1    1    1    1    3    2  1.82560E+04 0.00368 
   25    1    1    1    1    1    1    1    3    3  0.00000E+00 0.00000 
   26    1    1    1    1    1    1    1    3    4  1.82432E+04 0.00370 
   27    1    1    1    1    1    1    1    3    5  1.57197E+04 0.00386 
   28    1    1    1    1    1    1    1    3    6  0.00000E+00 0.00000 
   29    1    1    1    1    1    1    1    3    7  1.18839E+04 0.00421 
   30    1    1    1    1    1    1    1    3    8  1.07418E+04 0.00436 
   31    1    1    1    1    1    1    1    3    9  0.00000E+00 0.00000 
   32    1    1    1    1    1    1    1    3   10  9.28385E+03 0.00457 
   33    1    1    1    1    1    1    1    3   11  8.85695E+03 0.00453 
   34    1    1    1    1    1    1    1    4    1  0.00000E+00 0.00000 
   35    1    1    1    1    1    1    1    4    2  1.38412E+04 0.00400 
   36    1    1    1    1    1    1    1    4    3  1.40364E+04 0.00395 
   37    1    1    1    1    1    1    1    4    4  0.00000E+00 0.00000 
   38    1    1    1    1    1    1    1    4    5  1.18049E+04 0.00418 
   39    1    1    1    1    1    1    1    4    6  1.10562E+04 0.00426 
   40    1    1    1    1    1    1    1    4    7  0.00000E+00 0.00000 
   41    1    1    1    1    1    1    1    4    8  9.49755E+03 0.00449 
   42    1    1    1    1    1    1    1    4    9  9.14680E+03 0.00447 
   43    1    1    1    1    1    1    1    4   10  0.00000E+00 0.00000 
   44    1    1    1    1    1    1    1    4   11  8.58966E+03 0.00459 
   45    1    1    1    1    1    1    1    5    1  1.11630E+04 0.00439 
   46    1    1    1    1    1    1    1    5    2  0.00000E+00 0.00000 
   47    1    1    1    1    1    1    1    5    3  1.11268E+04 0.00432 
   48    1    1    1    1    1    1    1    5    4  1.08507E+04 0.00426 
   49    1    1    1    1    1    1    1    5    5  0.00000E+00 0.00000 
   50    1    1    1    1    1    1    1    5    6  9.68464E+03 0.00439 
   51    1    1    1    1    1    1    1    5    7  9.26871E+03 0.00458 
   52    1    1    1    1    1    1    1    5    8  0.00000E+00 0.00000 
   53    1    1    1    1    1    1    1    5    9  8.61808E+03 0.00458 
   54    1    1    1    1    1    1    1    5   10  8.57918E+03 0.00455 
   55    1    1    1    1    1    1    1    5   11  0.00000E+00 0.00000 
   56    1    1    1    1    1    1    1    6    1  1.00023E+04 0.00445 
   57    1    1    1    1    1    1    1    6    2  1.01200E+04 0.00436 
   58    1    1    1    1    1    1    1    6    3  0.00000E+00 0.00000 
   59    1    1    1    1    1    1    1    6    4  9.50471E+03 0.00453 
   60    1    1    1    1    1    1    1    6    5  9.33235E+03 0.00442 
   61    1    1    1    1    1    1    1    6    6  0.00000E+00 0.00000 
   62    1    1    1    1    1    1    1    6    7  8.81855E+03 0.00459 
   63    1    1    1    1    1    1    1    6    8  8.53909E+03 0.00460 
   64    1    1    1    1    1    1    1    6    9  0.00000E+00 0.00000 
   65    1    1    1    1    1    1    1    6   10  8.31131E+03 0.00461 
   66    1    1    1    1    1    1    1    6   11  8.28723E+03 0.00465 
   67    1    1    1    1    1    1    1    7    1  0.00000E+00 0.00000 
   68    1    1    1    1    1    1    1    7    2  9.25056E+03 0.00450 
   69    1    1    1    1    1    1    1    7    3  9.10695E+03 0.00447 
   70    1    1    1    1    1    1    1    7    4  0.00000E+00 0.00000 
   71    1    1    1    1    1    1    1    7    5  8.79321E+03 0.00461 
   72    1    1    1    1    1    1    1    7    6  8.57527E+03 0.00462 
   73    1    1    1    1    1    1    1    7    7  0.00000E+00 0.00000 
   74    1    1    1    1    1    1    1    7    8  8.28614E+03 0.00466 
   75    1    1    1    1    1    1    1    7    9  8.10210E+03 0.00474 
   76    1    1    1    1    1    1    1    7   10  0.00000E+00 0.00000 
   77    1    1    1    1    1    1    1    7   11  8.01703E+03 0.00476 
   78    1    1    1    1    1    1    1    8    1  8.89503E+03 0.00452 
   79    1    1    1    1    1    1    1    8    2  0.00000E+00 0.00000 
   80    1    1    1    1    1    1    1    8    3  8.66990E+03 0.00450 
   81    1    1    1    1    1    1    1    8    4  8.60778E+03 0.00462 
   82    1    1    1    1    1    1    1    8    5  0.00000E+00 0.00000 
   83    1    1    1    1    1    1    1    8    6  8.26561E+03 0.00472 
   84    1    1    1    1    1    1    1    8    7  8.16888E+03 0.00466 
   85    1    1    1    1    1    1    1    8    8  0.00000E+00 0.00000 
   86    1    1    1    1    1    1    1    8    9  8.04843E+03 0.00474 
   87    1    1    1    1    1    1    1    8   10  8.01734E+03 0.00478 
   88    1    1    1    1    1    1    1    8   11  0.00000E+00 0.00000 
   89    1    1    1    1    1    1    1    9    1  8.57440E+03 0.00460 
   90    1    1    1    1    1    1    1    9    2  8.60232E+03 0.00457 
   91    1    1    1    1    1    1    1    9    3  0.00000E+00 0.00000 
   92    1    1    1    1    1    1    1    9    4  8.26956E+03 0.00463 
   93    1    1    1    1    1    1    1    9    5  8.15680E+03 0.00470 
   94    1    1    1    1    1    1    1    9    6  0.00000E+00 0.00000 
   95    1    1    1    1    1    1    1    9    7  8.06791E+03 0.00469 
   96    1    1    1    1    1    1    1    9    8  7.95938E+03 0.00466 
   97    1    1    1    1    1    1    1    9    9  0.00000E+00 0.00000 
   98    1    1    1    1    1    1    1    9   10  7.79177E+03 0.00477 
   99    1    1    1    1    1    1    1    9   11  7.73664E+03 0.00484 
  100    1    1    1    1    1    1    1   10    1  0.00000E+00 0.00000 
  101    1    1    1    1    1    1    1   10    2  8.36165E+03 0.00468 
  102    1    1    1    1    1    1    1   10    3  8.18385E+03 0.00470 
  103    1    1    1    1    1    1    1   10    4  0.00000E+00 0.00000 
  104    1    1    1    1    1    1    1   10    5  8.08444E+03 0.00476 
  105    1    1    1    1    1    1    1   10    6  8.00737E+03 0.00470 
  106    1    1    1    1    1    1    1   10    7  0.00000E+00 0.00000 
  107    1    1    1    1    1    1    1   10    8  7.74479E+03 0.00491 
  108    1    1    1    1    1    1    1   10    9  7.64225E+03 0.00486 
  109    1    1    1    1    1    1    1   10   10  0.00000E+00 0.00000 
