
DETassem1 = [
    1    1    1    1    1    1    1    1    1    1  0.00000E+00 0.00000 
    2    1    1    1    1    1    1    1    1    2  0.00000E+00 0.00000 
    3    1    1    1    1    1    1    1    1    3  0.00000E+00 0.00000 
    4    1    1    1    1    1    1    1    1    4  0.00000E+00 0.00000 
    5    1    1    1    1    1    1    1    1    5  0.00000E+00 0.00000 
    6    1    1    1    1    1    1    1    1    6  0.00000E+00 0.00000 
    7    1    1    1    1    1    1    1    1    7  0.00000E+00 0.00000 
    8    1    1    1    1    1    1    1    1    8  1.78422E+04 0.00357 
    9    1    1    1    1    1    1    1    1    9  1.39104E+04 0.00394 
   10    1    1    1    1    1    1    1    1   10  0.00000E+00 0.00000 
   11    1    1    1    1    1    1    1    1   11  1.03186E+04 0.00428 
   12    1    1    1    1    1    1    1    2    1  1.92439E+04 0.00343 
   13    1    1    1    1    1    1    1    2    2  0.00000E+00 0.00000 
   14    1    1    1    1    1    1    1    2    3  0.00000E+00 0.00000 
   15    1    1    1    1    1    1    1    2    4  0.00000E+00 0.00000 
   16    1    1    1    1    1    1    1    2    5  0.00000E+00 0.00000 
   17    1    1    1    1    1    1    1    2    6  1.91735E+04 0.00345 
   18    1    1    1    1    1    1    1    2    7  1.56644E+04 0.00371 
   19    1    1    1    1    1    1    1    2    8  0.00000E+00 0.00000 
   20    1    1    1    1    1    1    1    2    9  1.14383E+04 0.00404 
   21    1    1    1    1    1    1    1    2   10  1.03538E+04 0.00424 
   22    1    1    1    1    1    1    1    2   11  0.00000E+00 0.00000 
   23    1    1    1    1    1    1    1    3    1  1.56641E+04 0.00367 
   24    1    1    1    1    1    1    1    3    2  1.78495E+04 0.00350 
   25    1    1    1    1    1    1    1    3    3  0.00000E+00 0.00000 
   26    1    1    1    1    1    1    1    3    4  1.79138E+04 0.00359 
   27    1    1    1    1    1    1    1    3    5  1.55699E+04 0.00378 
   28    1    1    1    1    1    1    1    3    6  0.00000E+00 0.00000 
   29    1    1    1    1    1    1    1    3    7  1.22532E+04 0.00410 
   30    1    1    1    1    1    1    1    3    8  1.10967E+04 0.00415 
   31    1    1    1    1    1    1    1    3    9  0.00000E+00 0.00000 
   32    1    1    1    1    1    1    1    3   10  9.44976E+03 0.00448 
   33    1    1    1    1    1    1    1    3   11  9.09042E+03 0.00432 
   34    1    1    1    1    1    1    1    4    1  0.00000E+00 0.00000 
   35    1    1    1    1    1    1    1    4    2  1.40648E+04 0.00384 
   36    1    1    1    1    1    1    1    4    3  1.40082E+04 0.00396 
   37    1    1    1    1    1    1    1    4    4  0.00000E+00 0.00000 
   38    1    1    1    1    1    1    1    4    5  1.21626E+04 0.00402 
   39    1    1    1    1    1    1    1    4    6  1.13433E+04 0.00404 
   40    1    1    1    1    1    1    1    4    7  0.00000E+00 0.00000 
   41    1    1    1    1    1    1    1    4    8  9.91812E+03 0.00425 
   42    1    1    1    1    1    1    1    4    9  9.30661E+03 0.00428 
   43    1    1    1    1    1    1    1    4   10  0.00000E+00 0.00000 
   44    1    1    1    1    1    1    1    4   11  8.87542E+03 0.00446 
   45    1    1    1    1    1    1    1    5    1  1.14944E+04 0.00414 
   46    1    1    1    1    1    1    1    5    2  0.00000E+00 0.00000 
   47    1    1    1    1    1    1    1    5    3  1.15379E+04 0.00415 
   48    1    1    1    1    1    1    1    5    4  1.10146E+04 0.00415 
   49    1    1    1    1    1    1    1    5    5  0.00000E+00 0.00000 
   50    1    1    1    1    1    1    1    5    6  1.00276E+04 0.00425 
   51    1    1    1    1    1    1    1    5    7  9.54398E+03 0.00424 
   52    1    1    1    1    1    1    1    5    8  0.00000E+00 0.00000 
   53    1    1    1    1    1    1    1    5    9  8.95224E+03 0.00440 
   54    1    1    1    1    1    1    1    5   10  8.80913E+03 0.00442 
   55    1    1    1    1    1    1    1    5   11  0.00000E+00 0.00000 
   56    1    1    1    1    1    1    1    6    1  1.02796E+04 0.00423 
   57    1    1    1    1    1    1    1    6    2  1.02652E+04 0.00426 
   58    1    1    1    1    1    1    1    6    3  0.00000E+00 0.00000 
   59    1    1    1    1    1    1    1    6    4  9.85348E+03 0.00428 
   60    1    1    1    1    1    1    1    6    5  9.60173E+03 0.00433 
   61    1    1    1    1    1    1    1    6    6  0.00000E+00 0.00000 
   62    1    1    1    1    1    1    1    6    7  9.08063E+03 0.00430 
   63    1    1    1    1    1    1    1    6    8  8.84611E+03 0.00451 
   64    1    1    1    1    1    1    1    6    9  0.00000E+00 0.00000 
   65    1    1    1    1    1    1    1    6   10  8.59939E+03 0.00448 
   66    1    1    1    1    1    1    1    6   11  8.44248E+03 0.00460 
   67    1    1    1    1    1    1    1    7    1  0.00000E+00 0.00000 
   68    1    1    1    1    1    1    1    7    2  9.42980E+03 0.00432 
   69    1    1    1    1    1    1    1    7    3  9.46067E+03 0.00433 
   70    1    1    1    1    1    1    1    7    4  0.00000E+00 0.00000 
   71    1    1    1    1    1    1    1    7    5  9.09050E+03 0.00444 
   72    1    1    1    1    1    1    1    7    6  8.93693E+03 0.00445 
   73    1    1    1    1    1    1    1    7    7  0.00000E+00 0.00000 
   74    1    1    1    1    1    1    1    7    8  8.52521E+03 0.00451 
   75    1    1    1    1    1    1    1    7    9  8.42974E+03 0.00450 
   76    1    1    1    1    1    1    1    7   10  0.00000E+00 0.00000 
   77    1    1    1    1    1    1    1    7   11  8.20053E+03 0.00444 
   78    1    1    1    1    1    1    1    8    1  9.04827E+03 0.00439 
   79    1    1    1    1    1    1    1    8    2  0.00000E+00 0.00000 
   80    1    1    1    1    1    1    1    8    3  8.95217E+03 0.00434 
   81    1    1    1    1    1    1    1    8    4  8.81958E+03 0.00443 
   82    1    1    1    1    1    1    1    8    5  0.00000E+00 0.00000 
   83    1    1    1    1    1    1    1    8    6  8.63504E+03 0.00461 
   84    1    1    1    1    1    1    1    8    7  8.49546E+03 0.00451 
   85    1    1    1    1    1    1    1    8    8  0.00000E+00 0.00000 
   86    1    1    1    1    1    1    1    8    9  8.26573E+03 0.00460 
   87    1    1    1    1    1    1    1    8   10  8.16208E+03 0.00449 
   88    1    1    1    1    1    1    1    8   11  0.00000E+00 0.00000 
   89    1    1    1    1    1    1    1    9    1  8.78633E+03 0.00441 
   90    1    1    1    1    1    1    1    9    2  8.74985E+03 0.00442 
   91    1    1    1    1    1    1    1    9    3  0.00000E+00 0.00000 
   92    1    1    1    1    1    1    1    9    4  8.56884E+03 0.00457 
   93    1    1    1    1    1    1    1    9    5  8.46361E+03 0.00453 
   94    1    1    1    1    1    1    1    9    6  0.00000E+00 0.00000 
   95    1    1    1    1    1    1    1    9    7  8.27408E+03 0.00448 
   96    1    1    1    1    1    1    1    9    8  8.18829E+03 0.00453 
   97    1    1    1    1    1    1    1    9    9  0.00000E+00 0.00000 
   98    1    1    1    1    1    1    1    9   10  8.02405E+03 0.00468 
   99    1    1    1    1    1    1    1    9   11  7.92659E+03 0.00473 
  100    1    1    1    1    1    1    1   10    1  0.00000E+00 0.00000 
  101    1    1    1    1    1    1    1   10    2  8.48619E+03 0.00449 
  102    1    1    1    1    1    1    1   10    3  8.52304E+03 0.00463 
  103    1    1    1    1    1    1    1   10    4  0.00000E+00 0.00000 
  104    1    1    1    1    1    1    1   10    5  8.25048E+03 0.00461 
  105    1    1    1    1    1    1    1   10    6  8.22088E+03 0.00458 
  106    1    1    1    1    1    1    1   10    7  0.00000E+00 0.00000 
  107    1    1    1    1    1    1    1   10    8  8.03504E+03 0.00455 
  108    1    1    1    1    1    1    1   10    9  7.90697E+03 0.00462 
  109    1    1    1    1    1    1    1   10   10  0.00000E+00 0.00000 
