
DETassem1 = [
    1    1    1    1    1    1    1    1    1    1  0.00000E+00 0.00000 
    2    1    1    1    1    1    1    1    1    2  0.00000E+00 0.00000 
    3    1    1    1    1    1    1    1    1    3  0.00000E+00 0.00000 
    4    1    1    1    1    1    1    1    1    4  0.00000E+00 0.00000 
    5    1    1    1    1    1    1    1    1    5  0.00000E+00 0.00000 
    6    1    1    1    1    1    1    1    1    6  0.00000E+00 0.00000 
    7    1    1    1    1    1    1    1    1    7  0.00000E+00 0.00000 
    8    1    1    1    1    1    1    1    1    8  1.80106E+04 0.00351 
    9    1    1    1    1    1    1    1    1    9  1.40182E+04 0.00385 
   10    1    1    1    1    1    1    1    1   10  0.00000E+00 0.00000 
   11    1    1    1    1    1    1    1    1   11  1.03447E+04 0.00416 
   12    1    1    1    1    1    1    1    2    1  1.93329E+04 0.00348 
   13    1    1    1    1    1    1    1    2    2  0.00000E+00 0.00000 
   14    1    1    1    1    1    1    1    2    3  0.00000E+00 0.00000 
   15    1    1    1    1    1    1    1    2    4  0.00000E+00 0.00000 
   16    1    1    1    1    1    1    1    2    5  0.00000E+00 0.00000 
   17    1    1    1    1    1    1    1    2    6  1.94041E+04 0.00345 
   18    1    1    1    1    1    1    1    2    7  1.56552E+04 0.00367 
   19    1    1    1    1    1    1    1    2    8  0.00000E+00 0.00000 
   20    1    1    1    1    1    1    1    2    9  1.15835E+04 0.00417 
   21    1    1    1    1    1    1    1    2   10  1.04720E+04 0.00416 
   22    1    1    1    1    1    1    1    2   11  0.00000E+00 0.00000 
   23    1    1    1    1    1    1    1    3    1  1.56720E+04 0.00371 
   24    1    1    1    1    1    1    1    3    2  1.79859E+04 0.00358 
   25    1    1    1    1    1    1    1    3    3  0.00000E+00 0.00000 
   26    1    1    1    1    1    1    1    3    4  1.79488E+04 0.00361 
   27    1    1    1    1    1    1    1    3    5  1.57307E+04 0.00366 
   28    1    1    1    1    1    1    1    3    6  0.00000E+00 0.00000 
   29    1    1    1    1    1    1    1    3    7  1.22938E+04 0.00391 
   30    1    1    1    1    1    1    1    3    8  1.11534E+04 0.00410 
   31    1    1    1    1    1    1    1    3    9  0.00000E+00 0.00000 
   32    1    1    1    1    1    1    1    3   10  9.58933E+03 0.00425 
   33    1    1    1    1    1    1    1    3   11  9.20729E+03 0.00444 
   34    1    1    1    1    1    1    1    4    1  0.00000E+00 0.00000 
   35    1    1    1    1    1    1    1    4    2  1.40197E+04 0.00389 
   36    1    1    1    1    1    1    1    4    3  1.40806E+04 0.00386 
   37    1    1    1    1    1    1    1    4    4  0.00000E+00 0.00000 
   38    1    1    1    1    1    1    1    4    5  1.22870E+04 0.00395 
   39    1    1    1    1    1    1    1    4    6  1.13781E+04 0.00414 
   40    1    1    1    1    1    1    1    4    7  0.00000E+00 0.00000 
   41    1    1    1    1    1    1    1    4    8  9.81503E+03 0.00426 
   42    1    1    1    1    1    1    1    4    9  9.31912E+03 0.00439 
   43    1    1    1    1    1    1    1    4   10  0.00000E+00 0.00000 
   44    1    1    1    1    1    1    1    4   11  8.95153E+03 0.00445 
   45    1    1    1    1    1    1    1    5    1  1.14375E+04 0.00399 
   46    1    1    1    1    1    1    1    5    2  0.00000E+00 0.00000 
   47    1    1    1    1    1    1    1    5    3  1.15371E+04 0.00406 
   48    1    1    1    1    1    1    1    5    4  1.10369E+04 0.00403 
   49    1    1    1    1    1    1    1    5    5  0.00000E+00 0.00000 
   50    1    1    1    1    1    1    1    5    6  9.99686E+03 0.00433 
   51    1    1    1    1    1    1    1    5    7  9.59839E+03 0.00434 
   52    1    1    1    1    1    1    1    5    8  0.00000E+00 0.00000 
   53    1    1    1    1    1    1    1    5    9  9.01915E+03 0.00440 
   54    1    1    1    1    1    1    1    5   10  8.84439E+03 0.00438 
   55    1    1    1    1    1    1    1    5   11  0.00000E+00 0.00000 
   56    1    1    1    1    1    1    1    6    1  1.03345E+04 0.00418 
   57    1    1    1    1    1    1    1    6    2  1.04132E+04 0.00418 
   58    1    1    1    1    1    1    1    6    3  0.00000E+00 0.00000 
   59    1    1    1    1    1    1    1    6    4  9.88717E+03 0.00429 
   60    1    1    1    1    1    1    1    6    5  9.63926E+03 0.00439 
   61    1    1    1    1    1    1    1    6    6  0.00000E+00 0.00000 
   62    1    1    1    1    1    1    1    6    7  8.93016E+03 0.00448 
   63    1    1    1    1    1    1    1    6    8  8.87561E+03 0.00433 
   64    1    1    1    1    1    1    1    6    9  0.00000E+00 0.00000 
   65    1    1    1    1    1    1    1    6   10  8.61680E+03 0.00453 
   66    1    1    1    1    1    1    1    6   11  8.51427E+03 0.00449 
   67    1    1    1    1    1    1    1    7    1  0.00000E+00 0.00000 
   68    1    1    1    1    1    1    1    7    2  9.65062E+03 0.00435 
   69    1    1    1    1    1    1    1    7    3  9.36636E+03 0.00438 
   70    1    1    1    1    1    1    1    7    4  0.00000E+00 0.00000 
   71    1    1    1    1    1    1    1    7    5  8.99783E+03 0.00454 
   72    1    1    1    1    1    1    1    7    6  8.83940E+03 0.00433 
   73    1    1    1    1    1    1    1    7    7  0.00000E+00 0.00000 
   74    1    1    1    1    1    1    1    7    8  8.58430E+03 0.00454 
   75    1    1    1    1    1    1    1    7    9  8.54161E+03 0.00454 
   76    1    1    1    1    1    1    1    7   10  0.00000E+00 0.00000 
   77    1    1    1    1    1    1    1    7   11  8.33210E+03 0.00455 
   78    1    1    1    1    1    1    1    8    1  9.28250E+03 0.00433 
   79    1    1    1    1    1    1    1    8    2  0.00000E+00 0.00000 
   80    1    1    1    1    1    1    1    8    3  8.97788E+03 0.00450 
   81    1    1    1    1    1    1    1    8    4  8.86929E+03 0.00434 
   82    1    1    1    1    1    1    1    8    5  0.00000E+00 0.00000 
   83    1    1    1    1    1    1    1    8    6  8.62908E+03 0.00445 
   84    1    1    1    1    1    1    1    8    7  8.44042E+03 0.00443 
   85    1    1    1    1    1    1    1    8    8  0.00000E+00 0.00000 
   86    1    1    1    1    1    1    1    8    9  8.38642E+03 0.00452 
   87    1    1    1    1    1    1    1    8   10  8.26839E+03 0.00473 
   88    1    1    1    1    1    1    1    8   11  0.00000E+00 0.00000 
   89    1    1    1    1    1    1    1    9    1  8.90575E+03 0.00448 
   90    1    1    1    1    1    1    1    9    2  8.82240E+03 0.00447 
   91    1    1    1    1    1    1    1    9    3  0.00000E+00 0.00000 
   92    1    1    1    1    1    1    1    9    4  8.50916E+03 0.00445 
   93    1    1    1    1    1    1    1    9    5  8.49119E+03 0.00455 
   94    1    1    1    1    1    1    1    9    6  0.00000E+00 0.00000 
   95    1    1    1    1    1    1    1    9    7  8.37398E+03 0.00460 
   96    1    1    1    1    1    1    1    9    8  8.33750E+03 0.00455 
   97    1    1    1    1    1    1    1    9    9  0.00000E+00 0.00000 
   98    1    1    1    1    1    1    1    9   10  8.06900E+03 0.00468 
   99    1    1    1    1    1    1    1    9   11  7.97274E+03 0.00451 
  100    1    1    1    1    1    1    1   10    1  0.00000E+00 0.00000 
  101    1    1    1    1    1    1    1   10    2  8.66917E+03 0.00447 
  102    1    1    1    1    1    1    1   10    3  8.49645E+03 0.00439 
  103    1    1    1    1    1    1    1   10    4  0.00000E+00 0.00000 
  104    1    1    1    1    1    1    1   10    5  8.28871E+03 0.00459 
  105    1    1    1    1    1    1    1   10    6  8.23551E+03 0.00457 
  106    1    1    1    1    1    1    1   10    7  0.00000E+00 0.00000 
  107    1    1    1    1    1    1    1   10    8  8.05694E+03 0.00458 
  108    1    1    1    1    1    1    1   10    9  7.97957E+03 0.00458 
  109    1    1    1    1    1    1    1   10   10  0.00000E+00 0.00000 
