
ZAI = [
922350
922380
666
0
];

NAMES = [
'U235            '
'U238            '
'lost            '
'total           '
];

i922350 = 1; iU235             = 1;
i922380 = 2; iU238             = 2;
iLOST    = 3;
iTOT     = 4;

MAT_un_VOLUME = [ 2.67394E+05 2.67394E+05 ];

MAT_un_BURNUP = [ 0.00000E+00 4.28685E+01 ];

MAT_un_ADENS = [
4.83387E-03 3.50996E-03 % U235
1.93936E-02 1.88549E-02 % U238
0.00000E+00 3.70406E-30 % lost data
7.26897E-02 7.38005E-02 % total
];

MAT_un_MDENS = [
1.88669E+00 1.36996E+00 % U235
7.66628E+00 7.45331E+00 % U238
0.00000E+00 0.00000E+00 % lost data
1.08000E+01 1.07986E+01 % total
];

MAT_un_A = [
4.03385E+10 2.92905E+10 % U235
2.54935E+10 2.47853E+10 % U238
0.00000E+00 0.00000E+00 % lost data
6.58320E+10 3.28259E+18 % total
];

MAT_un_H = [
3.02394E-02 2.19573E-02 % U235
1.74412E-02 1.69566E-02 % U238
0.00000E+00 0.00000E+00 % lost data
4.76805E-02 9.64615E+05 % total
];

MAT_un_SF = [
2.90437E+00 2.10892E+00 % U235
1.39194E+04 1.35328E+04 % U238
0.00000E+00 0.00000E+00 % lost data
1.39224E+04 1.03766E+08 % total
];

MAT_un_GSRC = [
5.09679E+10 3.70087E+10 % U235
2.25754E+09 2.19483E+09 % U238
0.00000E+00 0.00000E+00 % lost data
5.32255E+10 3.52879E+18 % total
];

MAT_un_ING_TOX = [
1.89591E+03 1.37665E+03 % U235
1.14721E+03 1.11534E+03 % U238
0.00000E+00 0.00000E+00 % lost data
3.04312E+03 2.23514E+09 % total
];

MAT_un_INH_TOX = [
3.42877E+05 2.48969E+05 % U235
2.03948E+05 1.98282E+05 % U238
0.00000E+00 0.00000E+00 % lost data
5.46825E+05 8.02041E+10 % total
];

TOT_VOLUME = [ 2.67394E+05 2.67394E+05 ];

TOT_BURNUP = [ 0.00000E+00 4.28685E+01 ];

TOT_ADENS = [
4.83387E-03 3.50996E-03 % U235
1.93936E-02 1.88549E-02 % U238
0.00000E+00 3.70406E-30 % lost data
7.26897E-02 7.38005E-02 % total
];

TOT_MASS = [
5.04489E+05 3.66319E+05 % U235
2.04992E+06 1.99297E+06 % U238
0.00000E+00 0.00000E+00 % lost data
2.88786E+06 2.88748E+06 % total
];

TOT_A = [
4.03385E+10 2.92905E+10 % U235
2.54935E+10 2.47853E+10 % U238
0.00000E+00 0.00000E+00 % lost data
6.58320E+10 3.28259E+18 % total
];

TOT_H = [
3.02394E-02 2.19573E-02 % U235
1.74412E-02 1.69566E-02 % U238
0.00000E+00 0.00000E+00 % lost data
4.76805E-02 9.64615E+05 % total
];

TOT_SF = [
2.90437E+00 2.10892E+00 % U235
1.39194E+04 1.35328E+04 % U238
0.00000E+00 0.00000E+00 % lost data
1.39224E+04 1.03766E+08 % total
];

TOT_GSRC = [
5.09679E+10 3.70087E+10 % U235
2.25754E+09 2.19483E+09 % U238
0.00000E+00 0.00000E+00 % lost data
5.32255E+10 3.52879E+18 % total
];

TOT_ING_TOX = [
1.89591E+03 1.37665E+03 % U235
1.14721E+03 1.11534E+03 % U238
0.00000E+00 0.00000E+00 % lost data
3.04312E+03 2.23514E+09 % total
];

TOT_INH_TOX = [
3.42877E+05 2.48969E+05 % U235
2.03948E+05 1.98282E+05 % U238
0.00000E+00 0.00000E+00 % lost data
5.46825E+05 8.02041E+10 % total
];

BU = [ 0.00000E+00 4.28671E+01 ];

DAYS = [ 0.00000E+00 7.30000E+03 ];
