
DETassem1 = [
    1    1    1    1    1    1    1    1    1    1  0.00000E+00 0.00000 
    2    1    1    1    1    1    1    1    1    2  0.00000E+00 0.00000 
    3    1    1    1    1    1    1    1    1    3  0.00000E+00 0.00000 
    4    1    1    1    1    1    1    1    1    4  0.00000E+00 0.00000 
    5    1    1    1    1    1    1    1    1    5  0.00000E+00 0.00000 
    6    1    1    1    1    1    1    1    1    6  0.00000E+00 0.00000 
    7    1    1    1    1    1    1    1    1    7  0.00000E+00 0.00000 
    8    1    1    1    1    1    1    1    1    8  1.80366E+04 0.00362 
    9    1    1    1    1    1    1    1    1    9  1.40679E+04 0.00387 
   10    1    1    1    1    1    1    1    1   10  0.00000E+00 0.00000 
   11    1    1    1    1    1    1    1    1   11  1.03854E+04 0.00426 
   12    1    1    1    1    1    1    1    2    1  1.92386E+04 0.00354 
   13    1    1    1    1    1    1    1    2    2  0.00000E+00 0.00000 
   14    1    1    1    1    1    1    1    2    3  0.00000E+00 0.00000 
   15    1    1    1    1    1    1    1    2    4  0.00000E+00 0.00000 
   16    1    1    1    1    1    1    1    2    5  0.00000E+00 0.00000 
   17    1    1    1    1    1    1    1    2    6  1.92264E+04 0.00338 
   18    1    1    1    1    1    1    1    2    7  1.57010E+04 0.00368 
   19    1    1    1    1    1    1    1    2    8  0.00000E+00 0.00000 
   20    1    1    1    1    1    1    1    2    9  1.15062E+04 0.00412 
   21    1    1    1    1    1    1    1    2   10  1.03527E+04 0.00435 
   22    1    1    1    1    1    1    1    2   11  0.00000E+00 0.00000 
   23    1    1    1    1    1    1    1    3    1  1.56623E+04 0.00377 
   24    1    1    1    1    1    1    1    3    2  1.79527E+04 0.00349 
   25    1    1    1    1    1    1    1    3    3  0.00000E+00 0.00000 
   26    1    1    1    1    1    1    1    3    4  1.79146E+04 0.00358 
   27    1    1    1    1    1    1    1    3    5  1.56749E+04 0.00364 
   28    1    1    1    1    1    1    1    3    6  0.00000E+00 0.00000 
   29    1    1    1    1    1    1    1    3    7  1.23485E+04 0.00406 
   30    1    1    1    1    1    1    1    3    8  1.11136E+04 0.00420 
   31    1    1    1    1    1    1    1    3    9  0.00000E+00 0.00000 
   32    1    1    1    1    1    1    1    3   10  9.58857E+03 0.00431 
   33    1    1    1    1    1    1    1    3   11  9.17365E+03 0.00438 
   34    1    1    1    1    1    1    1    4    1  0.00000E+00 0.00000 
   35    1    1    1    1    1    1    1    4    2  1.41017E+04 0.00390 
   36    1    1    1    1    1    1    1    4    3  1.40745E+04 0.00384 
   37    1    1    1    1    1    1    1    4    4  0.00000E+00 0.00000 
   38    1    1    1    1    1    1    1    4    5  1.22325E+04 0.00397 
   39    1    1    1    1    1    1    1    4    6  1.13688E+04 0.00407 
   40    1    1    1    1    1    1    1    4    7  0.00000E+00 0.00000 
   41    1    1    1    1    1    1    1    4    8  9.99410E+03 0.00427 
   42    1    1    1    1    1    1    1    4    9  9.49908E+03 0.00431 
   43    1    1    1    1    1    1    1    4   10  0.00000E+00 0.00000 
   44    1    1    1    1    1    1    1    4   11  8.82034E+03 0.00441 
   45    1    1    1    1    1    1    1    5    1  1.15758E+04 0.00413 
   46    1    1    1    1    1    1    1    5    2  0.00000E+00 0.00000 
   47    1    1    1    1    1    1    1    5    3  1.15463E+04 0.00415 
   48    1    1    1    1    1    1    1    5    4  1.10625E+04 0.00419 
   49    1    1    1    1    1    1    1    5    5  0.00000E+00 0.00000 
   50    1    1    1    1    1    1    1    5    6  9.96359E+03 0.00427 
   51    1    1    1    1    1    1    1    5    7  9.58389E+03 0.00437 
   52    1    1    1    1    1    1    1    5    8  0.00000E+00 0.00000 
   53    1    1    1    1    1    1    1    5    9  8.97404E+03 0.00443 
   54    1    1    1    1    1    1    1    5   10  8.82858E+03 0.00450 
   55    1    1    1    1    1    1    1    5   11  0.00000E+00 0.00000 
   56    1    1    1    1    1    1    1    6    1  1.03553E+04 0.00423 
   57    1    1    1    1    1    1    1    6    2  1.04628E+04 0.00416 
   58    1    1    1    1    1    1    1    6    3  0.00000E+00 0.00000 
   59    1    1    1    1    1    1    1    6    4  9.87397E+03 0.00421 
   60    1    1    1    1    1    1    1    6    5  9.66028E+03 0.00428 
   61    1    1    1    1    1    1    1    6    6  0.00000E+00 0.00000 
   62    1    1    1    1    1    1    1    6    7  9.01298E+03 0.00421 
   63    1    1    1    1    1    1    1    6    8  8.89910E+03 0.00433 
   64    1    1    1    1    1    1    1    6    9  0.00000E+00 0.00000 
   65    1    1    1    1    1    1    1    6   10  8.64820E+03 0.00446 
   66    1    1    1    1    1    1    1    6   11  8.47892E+03 0.00462 
   67    1    1    1    1    1    1    1    7    1  0.00000E+00 0.00000 
   68    1    1    1    1    1    1    1    7    2  9.64964E+03 0.00429 
   69    1    1    1    1    1    1    1    7    3  9.43147E+03 0.00439 
   70    1    1    1    1    1    1    1    7    4  0.00000E+00 0.00000 
   71    1    1    1    1    1    1    1    7    5  9.04310E+03 0.00441 
   72    1    1    1    1    1    1    1    7    6  8.88724E+03 0.00446 
   73    1    1    1    1    1    1    1    7    7  0.00000E+00 0.00000 
   74    1    1    1    1    1    1    1    7    8  8.55744E+03 0.00452 
   75    1    1    1    1    1    1    1    7    9  8.45014E+03 0.00463 
   76    1    1    1    1    1    1    1    7   10  0.00000E+00 0.00000 
   77    1    1    1    1    1    1    1    7   11  8.20644E+03 0.00459 
   78    1    1    1    1    1    1    1    8    1  9.18521E+03 0.00435 
   79    1    1    1    1    1    1    1    8    2  0.00000E+00 0.00000 
   80    1    1    1    1    1    1    1    8    3  9.00077E+03 0.00437 
   81    1    1    1    1    1    1    1    8    4  8.83815E+03 0.00438 
   82    1    1    1    1    1    1    1    8    5  0.00000E+00 0.00000 
   83    1    1    1    1    1    1    1    8    6  8.65611E+03 0.00444 
   84    1    1    1    1    1    1    1    8    7  8.46745E+03 0.00453 
   85    1    1    1    1    1    1    1    8    8  0.00000E+00 0.00000 
   86    1    1    1    1    1    1    1    8    9  8.34663E+03 0.00457 
   87    1    1    1    1    1    1    1    8   10  8.26764E+03 0.00456 
   88    1    1    1    1    1    1    1    8   11  0.00000E+00 0.00000 
   89    1    1    1    1    1    1    1    9    1  8.86982E+03 0.00447 
   90    1    1    1    1    1    1    1    9    2  8.83574E+03 0.00444 
   91    1    1    1    1    1    1    1    9    3  0.00000E+00 0.00000 
   92    1    1    1    1    1    1    1    9    4  8.58781E+03 0.00450 
   93    1    1    1    1    1    1    1    9    5  8.51879E+03 0.00448 
   94    1    1    1    1    1    1    1    9    6  0.00000E+00 0.00000 
   95    1    1    1    1    1    1    1    9    7  8.32381E+03 0.00456 
   96    1    1    1    1    1    1    1    9    8  8.27029E+03 0.00458 
   97    1    1    1    1    1    1    1    9    9  0.00000E+00 0.00000 
   98    1    1    1    1    1    1    1    9   10  8.03637E+03 0.00463 
   99    1    1    1    1    1    1    1    9   11  7.96950E+03 0.00472 
  100    1    1    1    1    1    1    1   10    1  0.00000E+00 0.00000 
  101    1    1    1    1    1    1    1   10    2  8.59677E+03 0.00452 
  102    1    1    1    1    1    1    1   10    3  8.52615E+03 0.00460 
  103    1    1    1    1    1    1    1   10    4  0.00000E+00 0.00000 
  104    1    1    1    1    1    1    1   10    5  8.30059E+03 0.00453 
  105    1    1    1    1    1    1    1   10    6  8.25653E+03 0.00451 
  106    1    1    1    1    1    1    1   10    7  0.00000E+00 0.00000 
  107    1    1    1    1    1    1    1   10    8  7.99045E+03 0.00459 
  108    1    1    1    1    1    1    1   10    9  7.90858E+03 0.00460 
  109    1    1    1    1    1    1    1   10   10  0.00000E+00 0.00000 
