
ZAI = [
922350
922380
666
0
];

NAMES = [
'U235            '
'U238            '
'lost            '
'total           '
];

i922350 = 1; iU235             = 1;
i922380 = 2; iU238             = 2;
iLOST    = 3;
iTOT     = 4;

MAT_un_VOLUME = [ 2.66651E+05 2.66651E+05 ];

MAT_un_BURNUP = [ 0.00000E+00 4.29879E+01 ];

MAT_un_ADENS = [
4.83387E-03 3.50669E-03 % U235
1.93936E-02 1.88536E-02 % U238
0.00000E+00 3.54613E-30 % lost data
7.26897E-02 7.38037E-02 % total
];

MAT_un_MDENS = [
1.88669E+00 1.36868E+00 % U235
7.66628E+00 7.45283E+00 % U238
0.00000E+00 0.00000E+00 % lost data
1.08000E+01 1.07986E+01 % total
];

MAT_un_A = [
4.02264E+10 2.91819E+10 % U235
2.54226E+10 2.47148E+10 % U238
0.00000E+00 0.00000E+00 % lost data
6.56490E+10 3.28258E+18 % total
];

MAT_un_H = [
3.01553E-02 2.18759E-02 % U235
1.73927E-02 1.69084E-02 % U238
0.00000E+00 0.00000E+00 % lost data
4.75480E-02 9.64584E+05 % total
];

MAT_un_SF = [
2.89630E+00 2.10110E+00 % U235
1.38808E+04 1.34943E+04 % U238
0.00000E+00 0.00000E+00 % lost data
1.38837E+04 1.04401E+08 % total
];

MAT_un_GSRC = [
5.08263E+10 3.68715E+10 % U235
2.25127E+09 2.18858E+09 % U238
0.00000E+00 0.00000E+00 % lost data
5.30775E+10 3.52871E+18 % total
];

MAT_un_ING_TOX = [
1.89064E+03 1.37155E+03 % U235
1.14402E+03 1.11217E+03 % U238
0.00000E+00 0.00000E+00 % lost data
3.03466E+03 2.23581E+09 % total
];

MAT_un_INH_TOX = [
3.41924E+05 2.48046E+05 % U235
2.03381E+05 1.97718E+05 % U238
0.00000E+00 0.00000E+00 % lost data
5.45305E+05 8.04239E+10 % total
];

TOT_VOLUME = [ 2.66651E+05 2.66651E+05 ];

TOT_BURNUP = [ 0.00000E+00 4.29879E+01 ];

TOT_ADENS = [
4.83387E-03 3.50669E-03 % U235
1.93936E-02 1.88536E-02 % U238
0.00000E+00 3.54613E-30 % lost data
7.26897E-02 7.38037E-02 % total
];

TOT_MASS = [
5.03087E+05 3.64961E+05 % U235
2.04422E+06 1.98730E+06 % U238
0.00000E+00 0.00000E+00 % lost data
2.87983E+06 2.87946E+06 % total
];

TOT_A = [
4.02264E+10 2.91819E+10 % U235
2.54226E+10 2.47148E+10 % U238
0.00000E+00 0.00000E+00 % lost data
6.56490E+10 3.28258E+18 % total
];

TOT_H = [
3.01553E-02 2.18759E-02 % U235
1.73927E-02 1.69084E-02 % U238
0.00000E+00 0.00000E+00 % lost data
4.75480E-02 9.64584E+05 % total
];

TOT_SF = [
2.89630E+00 2.10110E+00 % U235
1.38808E+04 1.34943E+04 % U238
0.00000E+00 0.00000E+00 % lost data
1.38837E+04 1.04401E+08 % total
];

TOT_GSRC = [
5.08263E+10 3.68715E+10 % U235
2.25127E+09 2.18858E+09 % U238
0.00000E+00 0.00000E+00 % lost data
5.30775E+10 3.52871E+18 % total
];

TOT_ING_TOX = [
1.89064E+03 1.37155E+03 % U235
1.14402E+03 1.11217E+03 % U238
0.00000E+00 0.00000E+00 % lost data
3.03466E+03 2.23581E+09 % total
];

TOT_INH_TOX = [
3.41924E+05 2.48046E+05 % U235
2.03381E+05 1.97718E+05 % U238
0.00000E+00 0.00000E+00 % lost data
5.45305E+05 8.04239E+10 % total
];

BU = [ 0.00000E+00 4.29866E+01 ];

DAYS = [ 0.00000E+00 7.30000E+03 ];
