
DETassem1 = [
    1    1    1    1    1    1    1    1    1    1  0.00000E+00 0.00000 
    2    1    1    1    1    1    1    1    1    2  0.00000E+00 0.00000 
    3    1    1    1    1    1    1    1    1    3  0.00000E+00 0.00000 
    4    1    1    1    1    1    1    1    1    4  0.00000E+00 0.00000 
    5    1    1    1    1    1    1    1    1    5  0.00000E+00 0.00000 
    6    1    1    1    1    1    1    1    1    6  0.00000E+00 0.00000 
    7    1    1    1    1    1    1    1    1    7  0.00000E+00 0.00000 
    8    1    1    1    1    1    1    1    1    8  1.80005E+04 0.00370 
    9    1    1    1    1    1    1    1    1    9  1.37103E+04 0.00400 
   10    1    1    1    1    1    1    1    1   10  0.00000E+00 0.00000 
   11    1    1    1    1    1    1    1    1   11  1.00610E+04 0.00445 
   12    1    1    1    1    1    1    1    2    1  1.96530E+04 0.00364 
   13    1    1    1    1    1    1    1    2    2  0.00000E+00 0.00000 
   14    1    1    1    1    1    1    1    2    3  0.00000E+00 0.00000 
   15    1    1    1    1    1    1    1    2    4  0.00000E+00 0.00000 
   16    1    1    1    1    1    1    1    2    5  0.00000E+00 0.00000 
   17    1    1    1    1    1    1    1    2    6  1.95318E+04 0.00363 
   18    1    1    1    1    1    1    1    2    7  1.56294E+04 0.00383 
   19    1    1    1    1    1    1    1    2    8  0.00000E+00 0.00000 
   20    1    1    1    1    1    1    1    2    9  1.13087E+04 0.00423 
   21    1    1    1    1    1    1    1    2   10  1.00271E+04 0.00441 
   22    1    1    1    1    1    1    1    2   11  0.00000E+00 0.00000 
   23    1    1    1    1    1    1    1    3    1  1.56288E+04 0.00386 
   24    1    1    1    1    1    1    1    3    2  1.79352E+04 0.00370 
   25    1    1    1    1    1    1    1    3    3  0.00000E+00 0.00000 
   26    1    1    1    1    1    1    1    3    4  1.80470E+04 0.00372 
   27    1    1    1    1    1    1    1    3    5  1.56633E+04 0.00389 
   28    1    1    1    1    1    1    1    3    6  0.00000E+00 0.00000 
   29    1    1    1    1    1    1    1    3    7  1.19418E+04 0.00422 
   30    1    1    1    1    1    1    1    3    8  1.06892E+04 0.00436 
   31    1    1    1    1    1    1    1    3    9  0.00000E+00 0.00000 
   32    1    1    1    1    1    1    1    3   10  9.20949E+03 0.00450 
   33    1    1    1    1    1    1    1    3   11  8.93694E+03 0.00467 
   34    1    1    1    1    1    1    1    4    1  0.00000E+00 0.00000 
   35    1    1    1    1    1    1    1    4    2  1.38742E+04 0.00400 
   36    1    1    1    1    1    1    1    4    3  1.39155E+04 0.00401 
   37    1    1    1    1    1    1    1    4    4  0.00000E+00 0.00000 
   38    1    1    1    1    1    1    1    4    5  1.19323E+04 0.00418 
   39    1    1    1    1    1    1    1    4    6  1.11144E+04 0.00426 
   40    1    1    1    1    1    1    1    4    7  0.00000E+00 0.00000 
   41    1    1    1    1    1    1    1    4    8  9.58778E+03 0.00447 
   42    1    1    1    1    1    1    1    4    9  9.12693E+03 0.00445 
   43    1    1    1    1    1    1    1    4   10  0.00000E+00 0.00000 
   44    1    1    1    1    1    1    1    4   11  8.63301E+03 0.00462 
   45    1    1    1    1    1    1    1    5    1  1.12196E+04 0.00421 
   46    1    1    1    1    1    1    1    5    2  0.00000E+00 0.00000 
   47    1    1    1    1    1    1    1    5    3  1.10878E+04 0.00433 
   48    1    1    1    1    1    1    1    5    4  1.07149E+04 0.00424 
   49    1    1    1    1    1    1    1    5    5  0.00000E+00 0.00000 
   50    1    1    1    1    1    1    1    5    6  9.61049E+03 0.00455 
   51    1    1    1    1    1    1    1    5    7  9.27896E+03 0.00457 
   52    1    1    1    1    1    1    1    5    8  0.00000E+00 0.00000 
   53    1    1    1    1    1    1    1    5    9  8.71181E+03 0.00454 
   54    1    1    1    1    1    1    1    5   10  8.56310E+03 0.00465 
   55    1    1    1    1    1    1    1    5   11  0.00000E+00 0.00000 
   56    1    1    1    1    1    1    1    6    1  1.00278E+04 0.00441 
   57    1    1    1    1    1    1    1    6    2  1.00245E+04 0.00440 
   58    1    1    1    1    1    1    1    6    3  0.00000E+00 0.00000 
   59    1    1    1    1    1    1    1    6    4  9.56521E+03 0.00453 
   60    1    1    1    1    1    1    1    6    5  9.25463E+03 0.00448 
   61    1    1    1    1    1    1    1    6    6  0.00000E+00 0.00000 
   62    1    1    1    1    1    1    1    6    7  8.79519E+03 0.00468 
   63    1    1    1    1    1    1    1    6    8  8.49850E+03 0.00458 
   64    1    1    1    1    1    1    1    6    9  0.00000E+00 0.00000 
   65    1    1    1    1    1    1    1    6   10  8.29885E+03 0.00468 
   66    1    1    1    1    1    1    1    6   11  8.22819E+03 0.00468 
   67    1    1    1    1    1    1    1    7    1  0.00000E+00 0.00000 
   68    1    1    1    1    1    1    1    7    2  9.23666E+03 0.00448 
   69    1    1    1    1    1    1    1    7    3  9.05833E+03 0.00442 
   70    1    1    1    1    1    1    1    7    4  0.00000E+00 0.00000 
   71    1    1    1    1    1    1    1    7    5  8.75158E+03 0.00451 
   72    1    1    1    1    1    1    1    7    6  8.53167E+03 0.00457 
   73    1    1    1    1    1    1    1    7    7  0.00000E+00 0.00000 
   74    1    1    1    1    1    1    1    7    8  8.28874E+03 0.00468 
   75    1    1    1    1    1    1    1    7    9  8.24398E+03 0.00472 
   76    1    1    1    1    1    1    1    7   10  0.00000E+00 0.00000 
   77    1    1    1    1    1    1    1    7   11  8.00052E+03 0.00475 
   78    1    1    1    1    1    1    1    8    1  8.87151E+03 0.00468 
   79    1    1    1    1    1    1    1    8    2  0.00000E+00 0.00000 
   80    1    1    1    1    1    1    1    8    3  8.66472E+03 0.00461 
   81    1    1    1    1    1    1    1    8    4  8.55511E+03 0.00468 
   82    1    1    1    1    1    1    1    8    5  0.00000E+00 0.00000 
   83    1    1    1    1    1    1    1    8    6  8.27954E+03 0.00469 
   84    1    1    1    1    1    1    1    8    7  8.17728E+03 0.00479 
   85    1    1    1    1    1    1    1    8    8  0.00000E+00 0.00000 
   86    1    1    1    1    1    1    1    8    9  8.06191E+03 0.00464 
   87    1    1    1    1    1    1    1    8   10  7.98138E+03 0.00478 
   88    1    1    1    1    1    1    1    8   11  0.00000E+00 0.00000 
   89    1    1    1    1    1    1    1    9    1  8.61090E+03 0.00465 
   90    1    1    1    1    1    1    1    9    2  8.48982E+03 0.00462 
   91    1    1    1    1    1    1    1    9    3  0.00000E+00 0.00000 
   92    1    1    1    1    1    1    1    9    4  8.33894E+03 0.00471 
   93    1    1    1    1    1    1    1    9    5  8.14813E+03 0.00473 
   94    1    1    1    1    1    1    1    9    6  0.00000E+00 0.00000 
   95    1    1    1    1    1    1    1    9    7  7.95548E+03 0.00470 
   96    1    1    1    1    1    1    1    9    8  7.99873E+03 0.00477 
   97    1    1    1    1    1    1    1    9    9  0.00000E+00 0.00000 
   98    1    1    1    1    1    1    1    9   10  7.80793E+03 0.00477 
   99    1    1    1    1    1    1    1    9   11  7.66510E+03 0.00476 
  100    1    1    1    1    1    1    1   10    1  0.00000E+00 0.00000 
  101    1    1    1    1    1    1    1   10    2  8.25867E+03 0.00460 
  102    1    1    1    1    1    1    1   10    3  8.21566E+03 0.00463 
  103    1    1    1    1    1    1    1   10    4  0.00000E+00 0.00000 
  104    1    1    1    1    1    1    1   10    5  7.96482E+03 0.00476 
  105    1    1    1    1    1    1    1   10    6  7.85482E+03 0.00477 
  106    1    1    1    1    1    1    1   10    7  0.00000E+00 0.00000 
  107    1    1    1    1    1    1    1   10    8  7.70856E+03 0.00486 
  108    1    1    1    1    1    1    1   10    9  7.67035E+03 0.00493 
  109    1    1    1    1    1    1    1   10   10  0.00000E+00 0.00000 
