
ZAI = [
922350
922380
666
0
];

NAMES = [
'U235            '
'U238            '
'lost            '
'total           '
];

i922350 = 1; iU235             = 1;
i922380 = 2; iU238             = 2;
iLOST    = 3;
iTOT     = 4;

MAT_un_VOLUME = [ 2.66761E+05 2.66761E+05 ];

MAT_un_BURNUP = [ 0.00000E+00 4.29702E+01 ];

MAT_un_ADENS = [
4.83387E-03 3.50723E-03 % U235
1.93936E-02 1.88539E-02 % U238
0.00000E+00 3.98121E-30 % lost data
7.26897E-02 7.38031E-02 % total
];

MAT_un_MDENS = [
1.88669E+00 1.36889E+00 % U235
7.66628E+00 7.45294E+00 % U238
0.00000E+00 0.00000E+00 % lost data
1.08000E+01 1.07986E+01 % total
];

MAT_un_A = [
4.02429E+10 2.91984E+10 % U235
2.54331E+10 2.47254E+10 % U238
0.00000E+00 0.00000E+00 % lost data
6.56761E+10 3.28205E+18 % total
];

MAT_un_H = [
3.01677E-02 2.18883E-02 % U235
1.73999E-02 1.69157E-02 % U238
0.00000E+00 0.00000E+00 % lost data
4.75676E-02 9.64484E+05 % total
];

MAT_un_SF = [
2.89749E+00 2.10229E+00 % U235
1.38865E+04 1.35000E+04 % U238
0.00000E+00 0.00000E+00 % lost data
1.38894E+04 1.04259E+08 % total
];

MAT_un_GSRC = [
5.08472E+10 3.68924E+10 % U235
2.25219E+09 2.18952E+09 % U238
0.00000E+00 0.00000E+00 % lost data
5.30994E+10 3.52812E+18 % total
];

MAT_un_ING_TOX = [
1.89142E+03 1.37233E+03 % U235
1.14449E+03 1.11264E+03 % U238
0.00000E+00 0.00000E+00 % lost data
3.03591E+03 2.23535E+09 % total
];

MAT_un_INH_TOX = [
3.42065E+05 2.48187E+05 % U235
2.03465E+05 1.97803E+05 % U238
0.00000E+00 0.00000E+00 % lost data
5.45530E+05 8.03740E+10 % total
];

TOT_VOLUME = [ 2.66761E+05 2.66761E+05 ];

TOT_BURNUP = [ 0.00000E+00 4.29702E+01 ];

TOT_ADENS = [
4.83387E-03 3.50723E-03 % U235
1.93936E-02 1.88539E-02 % U238
0.00000E+00 3.98121E-30 % lost data
7.26897E-02 7.38031E-02 % total
];

TOT_MASS = [
5.03295E+05 3.65167E+05 % U235
2.04506E+06 1.98815E+06 % U238
0.00000E+00 0.00000E+00 % lost data
2.88102E+06 2.88064E+06 % total
];

TOT_A = [
4.02429E+10 2.91984E+10 % U235
2.54331E+10 2.47254E+10 % U238
0.00000E+00 0.00000E+00 % lost data
6.56761E+10 3.28205E+18 % total
];

TOT_H = [
3.01677E-02 2.18883E-02 % U235
1.73999E-02 1.69157E-02 % U238
0.00000E+00 0.00000E+00 % lost data
4.75676E-02 9.64484E+05 % total
];

TOT_SF = [
2.89749E+00 2.10229E+00 % U235
1.38865E+04 1.35000E+04 % U238
0.00000E+00 0.00000E+00 % lost data
1.38894E+04 1.04259E+08 % total
];

TOT_GSRC = [
5.08472E+10 3.68924E+10 % U235
2.25219E+09 2.18952E+09 % U238
0.00000E+00 0.00000E+00 % lost data
5.30994E+10 3.52812E+18 % total
];

TOT_ING_TOX = [
1.89142E+03 1.37233E+03 % U235
1.14449E+03 1.11264E+03 % U238
0.00000E+00 0.00000E+00 % lost data
3.03591E+03 2.23535E+09 % total
];

TOT_INH_TOX = [
3.42065E+05 2.48187E+05 % U235
2.03465E+05 1.97803E+05 % U238
0.00000E+00 0.00000E+00 % lost data
5.45530E+05 8.03740E+10 % total
];

BU = [ 0.00000E+00 4.29689E+01 ];

DAYS = [ 0.00000E+00 7.30000E+03 ];
