
DETassem1 = [
    1    1    1    1    1    1    1    1    1    1  0.00000E+00 0.00000 
    2    1    1    1    1    1    1    1    1    2  0.00000E+00 0.00000 
    3    1    1    1    1    1    1    1    1    3  0.00000E+00 0.00000 
    4    1    1    1    1    1    1    1    1    4  0.00000E+00 0.00000 
    5    1    1    1    1    1    1    1    1    5  0.00000E+00 0.00000 
    6    1    1    1    1    1    1    1    1    6  0.00000E+00 0.00000 
    7    1    1    1    1    1    1    1    1    7  0.00000E+00 0.00000 
    8    1    1    1    1    1    1    1    1    8  1.77559E+04 0.00377 
    9    1    1    1    1    1    1    1    1    9  1.34623E+04 0.00407 
   10    1    1    1    1    1    1    1    1   10  0.00000E+00 0.00000 
   11    1    1    1    1    1    1    1    1   11  9.88404E+03 0.00458 
   12    1    1    1    1    1    1    1    2    1  1.92797E+04 0.00369 
   13    1    1    1    1    1    1    1    2    2  0.00000E+00 0.00000 
   14    1    1    1    1    1    1    1    2    3  0.00000E+00 0.00000 
   15    1    1    1    1    1    1    1    2    4  0.00000E+00 0.00000 
   16    1    1    1    1    1    1    1    2    5  0.00000E+00 0.00000 
   17    1    1    1    1    1    1    1    2    6  1.93477E+04 0.00351 
   18    1    1    1    1    1    1    1    2    7  1.53139E+04 0.00382 
   19    1    1    1    1    1    1    1    2    8  0.00000E+00 0.00000 
   20    1    1    1    1    1    1    1    2    9  1.10058E+04 0.00438 
   21    1    1    1    1    1    1    1    2   10  9.85665E+03 0.00448 
   22    1    1    1    1    1    1    1    2   11  0.00000E+00 0.00000 
   23    1    1    1    1    1    1    1    3    1  1.52611E+04 0.00395 
   24    1    1    1    1    1    1    1    3    2  1.78341E+04 0.00380 
   25    1    1    1    1    1    1    1    3    3  0.00000E+00 0.00000 
   26    1    1    1    1    1    1    1    3    4  1.78101E+04 0.00375 
   27    1    1    1    1    1    1    1    3    5  1.53544E+04 0.00389 
   28    1    1    1    1    1    1    1    3    6  0.00000E+00 0.00000 
   29    1    1    1    1    1    1    1    3    7  1.16920E+04 0.00426 
   30    1    1    1    1    1    1    1    3    8  1.05670E+04 0.00435 
   31    1    1    1    1    1    1    1    3    9  0.00000E+00 0.00000 
   32    1    1    1    1    1    1    1    3   10  9.11052E+03 0.00465 
   33    1    1    1    1    1    1    1    3   11  8.71482E+03 0.00465 
   34    1    1    1    1    1    1    1    4    1  0.00000E+00 0.00000 
   35    1    1    1    1    1    1    1    4    2  1.35114E+04 0.00406 
   36    1    1    1    1    1    1    1    4    3  1.34629E+04 0.00403 
   37    1    1    1    1    1    1    1    4    4  0.00000E+00 0.00000 
   38    1    1    1    1    1    1    1    4    5  1.18229E+04 0.00425 
   39    1    1    1    1    1    1    1    4    6  1.08599E+04 0.00436 
   40    1    1    1    1    1    1    1    4    7  0.00000E+00 0.00000 
   41    1    1    1    1    1    1    1    4    8  9.55805E+03 0.00443 
   42    1    1    1    1    1    1    1    4    9  9.04634E+03 0.00455 
   43    1    1    1    1    1    1    1    4   10  0.00000E+00 0.00000 
   44    1    1    1    1    1    1    1    4   11  8.60937E+03 0.00466 
   45    1    1    1    1    1    1    1    5    1  1.09580E+04 0.00431 
   46    1    1    1    1    1    1    1    5    2  0.00000E+00 0.00000 
   47    1    1    1    1    1    1    1    5    3  1.08524E+04 0.00433 
   48    1    1    1    1    1    1    1    5    4  1.05960E+04 0.00439 
   49    1    1    1    1    1    1    1    5    5  0.00000E+00 0.00000 
   50    1    1    1    1    1    1    1    5    6  9.41781E+03 0.00453 
   51    1    1    1    1    1    1    1    5    7  9.10096E+03 0.00449 
   52    1    1    1    1    1    1    1    5    8  0.00000E+00 0.00000 
   53    1    1    1    1    1    1    1    5    9  8.61522E+03 0.00462 
   54    1    1    1    1    1    1    1    5   10  8.50179E+03 0.00459 
   55    1    1    1    1    1    1    1    5   11  0.00000E+00 0.00000 
   56    1    1    1    1    1    1    1    6    1  9.87325E+03 0.00456 
   57    1    1    1    1    1    1    1    6    2  9.92589E+03 0.00450 
   58    1    1    1    1    1    1    1    6    3  0.00000E+00 0.00000 
   59    1    1    1    1    1    1    1    6    4  9.35665E+03 0.00449 
   60    1    1    1    1    1    1    1    6    5  9.14614E+03 0.00459 
   61    1    1    1    1    1    1    1    6    6  0.00000E+00 0.00000 
   62    1    1    1    1    1    1    1    6    7  8.65851E+03 0.00461 
   63    1    1    1    1    1    1    1    6    8  8.55231E+03 0.00457 
   64    1    1    1    1    1    1    1    6    9  0.00000E+00 0.00000 
   65    1    1    1    1    1    1    1    6   10  8.19506E+03 0.00466 
   66    1    1    1    1    1    1    1    6   11  8.18305E+03 0.00473 
   67    1    1    1    1    1    1    1    7    1  0.00000E+00 0.00000 
   68    1    1    1    1    1    1    1    7    2  9.08741E+03 0.00446 
   69    1    1    1    1    1    1    1    7    3  9.00211E+03 0.00447 
   70    1    1    1    1    1    1    1    7    4  0.00000E+00 0.00000 
   71    1    1    1    1    1    1    1    7    5  8.64299E+03 0.00458 
   72    1    1    1    1    1    1    1    7    6  8.48216E+03 0.00467 
   73    1    1    1    1    1    1    1    7    7  0.00000E+00 0.00000 
   74    1    1    1    1    1    1    1    7    8  8.23328E+03 0.00470 
   75    1    1    1    1    1    1    1    7    9  8.13447E+03 0.00465 
   76    1    1    1    1    1    1    1    7   10  0.00000E+00 0.00000 
   77    1    1    1    1    1    1    1    7   11  7.99528E+03 0.00483 
   78    1    1    1    1    1    1    1    8    1  8.79364E+03 0.00461 
   79    1    1    1    1    1    1    1    8    2  0.00000E+00 0.00000 
   80    1    1    1    1    1    1    1    8    3  8.58987E+03 0.00458 
   81    1    1    1    1    1    1    1    8    4  8.55494E+03 0.00472 
   82    1    1    1    1    1    1    1    8    5  0.00000E+00 0.00000 
   83    1    1    1    1    1    1    1    8    6  8.26171E+03 0.00470 
   84    1    1    1    1    1    1    1    8    7  8.13479E+03 0.00471 
   85    1    1    1    1    1    1    1    8    8  0.00000E+00 0.00000 
   86    1    1    1    1    1    1    1    8    9  8.06181E+03 0.00486 
   87    1    1    1    1    1    1    1    8   10  7.93379E+03 0.00480 
   88    1    1    1    1    1    1    1    8   11  0.00000E+00 0.00000 
   89    1    1    1    1    1    1    1    9    1  8.52328E+03 0.00468 
   90    1    1    1    1    1    1    1    9    2  8.43640E+03 0.00462 
   91    1    1    1    1    1    1    1    9    3  0.00000E+00 0.00000 
   92    1    1    1    1    1    1    1    9    4  8.18283E+03 0.00470 
   93    1    1    1    1    1    1    1    9    5  8.12448E+03 0.00470 
   94    1    1    1    1    1    1    1    9    6  0.00000E+00 0.00000 
   95    1    1    1    1    1    1    1    9    7  8.04869E+03 0.00475 
   96    1    1    1    1    1    1    1    9    8  7.94229E+03 0.00480 
   97    1    1    1    1    1    1    1    9    9  0.00000E+00 0.00000 
   98    1    1    1    1    1    1    1    9   10  7.80955E+03 0.00474 
   99    1    1    1    1    1    1    1    9   11  7.66650E+03 0.00488 
  100    1    1    1    1    1    1    1   10    1  0.00000E+00 0.00000 
  101    1    1    1    1    1    1    1   10    2  8.24714E+03 0.00458 
  102    1    1    1    1    1    1    1   10    3  8.17824E+03 0.00463 
  103    1    1    1    1    1    1    1   10    4  0.00000E+00 0.00000 
  104    1    1    1    1    1    1    1   10    5  7.93850E+03 0.00477 
  105    1    1    1    1    1    1    1   10    6  7.86115E+03 0.00474 
  106    1    1    1    1    1    1    1   10    7  0.00000E+00 0.00000 
  107    1    1    1    1    1    1    1   10    8  7.72711E+03 0.00484 
  108    1    1    1    1    1    1    1   10    9  7.61027E+03 0.00486 
  109    1    1    1    1    1    1    1   10   10  0.00000E+00 0.00000 
