
DETassem1 = [
    1    1    1    1    1    1    1    1    1    1  0.00000E+00 0.00000 
    2    1    1    1    1    1    1    1    1    2  0.00000E+00 0.00000 
    3    1    1    1    1    1    1    1    1    3  0.00000E+00 0.00000 
    4    1    1    1    1    1    1    1    1    4  0.00000E+00 0.00000 
    5    1    1    1    1    1    1    1    1    5  0.00000E+00 0.00000 
    6    1    1    1    1    1    1    1    1    6  0.00000E+00 0.00000 
    7    1    1    1    1    1    1    1    1    7  0.00000E+00 0.00000 
    8    1    1    1    1    1    1    1    1    8  1.80361E+04 0.00373 
    9    1    1    1    1    1    1    1    1    9  1.37693E+04 0.00410 
   10    1    1    1    1    1    1    1    1   10  0.00000E+00 0.00000 
   11    1    1    1    1    1    1    1    1   11  9.86804E+03 0.00445 
   12    1    1    1    1    1    1    1    2    1  1.93473E+04 0.00355 
   13    1    1    1    1    1    1    1    2    2  0.00000E+00 0.00000 
   14    1    1    1    1    1    1    1    2    3  0.00000E+00 0.00000 
   15    1    1    1    1    1    1    1    2    4  0.00000E+00 0.00000 
   16    1    1    1    1    1    1    1    2    5  0.00000E+00 0.00000 
   17    1    1    1    1    1    1    1    2    6  1.93433E+04 0.00364 
   18    1    1    1    1    1    1    1    2    7  1.52972E+04 0.00387 
   19    1    1    1    1    1    1    1    2    8  0.00000E+00 0.00000 
   20    1    1    1    1    1    1    1    2    9  1.10416E+04 0.00437 
   21    1    1    1    1    1    1    1    2   10  9.90972E+03 0.00447 
   22    1    1    1    1    1    1    1    2   11  0.00000E+00 0.00000 
   23    1    1    1    1    1    1    1    3    1  1.53402E+04 0.00398 
   24    1    1    1    1    1    1    1    3    2  1.79207E+04 0.00378 
   25    1    1    1    1    1    1    1    3    3  0.00000E+00 0.00000 
   26    1    1    1    1    1    1    1    3    4  1.79245E+04 0.00379 
   27    1    1    1    1    1    1    1    3    5  1.53146E+04 0.00396 
   28    1    1    1    1    1    1    1    3    6  0.00000E+00 0.00000 
   29    1    1    1    1    1    1    1    3    7  1.16881E+04 0.00427 
   30    1    1    1    1    1    1    1    3    8  1.04664E+04 0.00430 
   31    1    1    1    1    1    1    1    3    9  0.00000E+00 0.00000 
   32    1    1    1    1    1    1    1    3   10  9.13501E+03 0.00453 
   33    1    1    1    1    1    1    1    3   11  8.76972E+03 0.00461 
   34    1    1    1    1    1    1    1    4    1  0.00000E+00 0.00000 
   35    1    1    1    1    1    1    1    4    2  1.37203E+04 0.00416 
   36    1    1    1    1    1    1    1    4    3  1.36165E+04 0.00406 
   37    1    1    1    1    1    1    1    4    4  0.00000E+00 0.00000 
   38    1    1    1    1    1    1    1    4    5  1.16805E+04 0.00421 
   39    1    1    1    1    1    1    1    4    6  1.08378E+04 0.00433 
   40    1    1    1    1    1    1    1    4    7  0.00000E+00 0.00000 
   41    1    1    1    1    1    1    1    4    8  9.41433E+03 0.00459 
   42    1    1    1    1    1    1    1    4    9  8.97354E+03 0.00459 
   43    1    1    1    1    1    1    1    4   10  0.00000E+00 0.00000 
   44    1    1    1    1    1    1    1    4   11  8.56885E+03 0.00465 
   45    1    1    1    1    1    1    1    5    1  1.10562E+04 0.00428 
   46    1    1    1    1    1    1    1    5    2  0.00000E+00 0.00000 
   47    1    1    1    1    1    1    1    5    3  1.10895E+04 0.00429 
   48    1    1    1    1    1    1    1    5    4  1.05238E+04 0.00431 
   49    1    1    1    1    1    1    1    5    5  0.00000E+00 0.00000 
   50    1    1    1    1    1    1    1    5    6  9.54863E+03 0.00458 
   51    1    1    1    1    1    1    1    5    7  9.18092E+03 0.00463 
   52    1    1    1    1    1    1    1    5    8  0.00000E+00 0.00000 
   53    1    1    1    1    1    1    1    5    9  8.53149E+03 0.00460 
   54    1    1    1    1    1    1    1    5   10  8.46537E+03 0.00467 
   55    1    1    1    1    1    1    1    5   11  0.00000E+00 0.00000 
   56    1    1    1    1    1    1    1    6    1  9.87417E+03 0.00446 
   57    1    1    1    1    1    1    1    6    2  9.89636E+03 0.00441 
   58    1    1    1    1    1    1    1    6    3  0.00000E+00 0.00000 
   59    1    1    1    1    1    1    1    6    4  9.35814E+03 0.00447 
   60    1    1    1    1    1    1    1    6    5  9.05930E+03 0.00460 
   61    1    1    1    1    1    1    1    6    6  0.00000E+00 0.00000 
   62    1    1    1    1    1    1    1    6    7  8.66854E+03 0.00462 
   63    1    1    1    1    1    1    1    6    8  8.39803E+03 0.00466 
   64    1    1    1    1    1    1    1    6    9  0.00000E+00 0.00000 
   65    1    1    1    1    1    1    1    6   10  8.17843E+03 0.00471 
   66    1    1    1    1    1    1    1    6   11  8.14911E+03 0.00473 
   67    1    1    1    1    1    1    1    7    1  0.00000E+00 0.00000 
   68    1    1    1    1    1    1    1    7    2  9.03755E+03 0.00455 
   69    1    1    1    1    1    1    1    7    3  8.93639E+03 0.00457 
   70    1    1    1    1    1    1    1    7    4  0.00000E+00 0.00000 
   71    1    1    1    1    1    1    1    7    5  8.70127E+03 0.00464 
   72    1    1    1    1    1    1    1    7    6  8.55245E+03 0.00467 
   73    1    1    1    1    1    1    1    7    7  0.00000E+00 0.00000 
   74    1    1    1    1    1    1    1    7    8  8.20997E+03 0.00466 
   75    1    1    1    1    1    1    1    7    9  8.14298E+03 0.00466 
   76    1    1    1    1    1    1    1    7   10  0.00000E+00 0.00000 
   77    1    1    1    1    1    1    1    7   11  8.06330E+03 0.00473 
   78    1    1    1    1    1    1    1    8    1  8.85943E+03 0.00467 
   79    1    1    1    1    1    1    1    8    2  0.00000E+00 0.00000 
   80    1    1    1    1    1    1    1    8    3  8.55129E+03 0.00462 
   81    1    1    1    1    1    1    1    8    4  8.43209E+03 0.00474 
   82    1    1    1    1    1    1    1    8    5  0.00000E+00 0.00000 
   83    1    1    1    1    1    1    1    8    6  8.21784E+03 0.00462 
   84    1    1    1    1    1    1    1    8    7  8.16992E+03 0.00474 
   85    1    1    1    1    1    1    1    8    8  0.00000E+00 0.00000 
   86    1    1    1    1    1    1    1    8    9  8.01149E+03 0.00470 
   87    1    1    1    1    1    1    1    8   10  7.95050E+03 0.00478 
   88    1    1    1    1    1    1    1    8   11  0.00000E+00 0.00000 
   89    1    1    1    1    1    1    1    9    1  8.49439E+03 0.00464 
   90    1    1    1    1    1    1    1    9    2  8.45532E+03 0.00465 
   91    1    1    1    1    1    1    1    9    3  0.00000E+00 0.00000 
   92    1    1    1    1    1    1    1    9    4  8.21293E+03 0.00468 
   93    1    1    1    1    1    1    1    9    5  8.12692E+03 0.00474 
   94    1    1    1    1    1    1    1    9    6  0.00000E+00 0.00000 
   95    1    1    1    1    1    1    1    9    7  7.94064E+03 0.00475 
   96    1    1    1    1    1    1    1    9    8  7.89299E+03 0.00488 
   97    1    1    1    1    1    1    1    9    9  0.00000E+00 0.00000 
   98    1    1    1    1    1    1    1    9   10  7.83949E+03 0.00497 
   99    1    1    1    1    1    1    1    9   11  7.74631E+03 0.00481 
  100    1    1    1    1    1    1    1   10    1  0.00000E+00 0.00000 
  101    1    1    1    1    1    1    1   10    2  8.23349E+03 0.00470 
  102    1    1    1    1    1    1    1   10    3  8.12575E+03 0.00482 
  103    1    1    1    1    1    1    1   10    4  0.00000E+00 0.00000 
  104    1    1    1    1    1    1    1   10    5  7.98482E+03 0.00469 
  105    1    1    1    1    1    1    1   10    6  7.97443E+03 0.00481 
  106    1    1    1    1    1    1    1   10    7  0.00000E+00 0.00000 
  107    1    1    1    1    1    1    1   10    8  7.66406E+03 0.00494 
  108    1    1    1    1    1    1    1   10    9  7.63176E+03 0.00482 
  109    1    1    1    1    1    1    1   10   10  0.00000E+00 0.00000 
