
DETassem1 = [
    1    1    1    1    1    1    1    1    1    1  0.00000E+00 0.00000 
    2    1    1    1    1    1    1    1    1    2  0.00000E+00 0.00000 
    3    1    1    1    1    1    1    1    1    3  0.00000E+00 0.00000 
    4    1    1    1    1    1    1    1    1    4  0.00000E+00 0.00000 
    5    1    1    1    1    1    1    1    1    5  0.00000E+00 0.00000 
    6    1    1    1    1    1    1    1    1    6  0.00000E+00 0.00000 
    7    1    1    1    1    1    1    1    1    7  0.00000E+00 0.00000 
    8    1    1    1    1    1    1    1    1    8  1.81914E+04 0.00375 
    9    1    1    1    1    1    1    1    1    9  1.39524E+04 0.00407 
   10    1    1    1    1    1    1    1    1   10  0.00000E+00 0.00000 
   11    1    1    1    1    1    1    1    1   11  9.98875E+03 0.00444 
   12    1    1    1    1    1    1    1    2    1  1.96548E+04 0.00356 
   13    1    1    1    1    1    1    1    2    2  0.00000E+00 0.00000 
   14    1    1    1    1    1    1    1    2    3  0.00000E+00 0.00000 
   15    1    1    1    1    1    1    1    2    4  0.00000E+00 0.00000 
   16    1    1    1    1    1    1    1    2    5  0.00000E+00 0.00000 
   17    1    1    1    1    1    1    1    2    6  1.97450E+04 0.00362 
   18    1    1    1    1    1    1    1    2    7  1.57301E+04 0.00391 
   19    1    1    1    1    1    1    1    2    8  0.00000E+00 0.00000 
   20    1    1    1    1    1    1    1    2    9  1.12074E+04 0.00432 
   21    1    1    1    1    1    1    1    2   10  1.00311E+04 0.00443 
   22    1    1    1    1    1    1    1    2   11  0.00000E+00 0.00000 
   23    1    1    1    1    1    1    1    3    1  1.57904E+04 0.00399 
   24    1    1    1    1    1    1    1    3    2  1.83745E+04 0.00362 
   25    1    1    1    1    1    1    1    3    3  0.00000E+00 0.00000 
   26    1    1    1    1    1    1    1    3    4  1.82711E+04 0.00366 
   27    1    1    1    1    1    1    1    3    5  1.58879E+04 0.00377 
   28    1    1    1    1    1    1    1    3    6  0.00000E+00 0.00000 
   29    1    1    1    1    1    1    1    3    7  1.19812E+04 0.00419 
   30    1    1    1    1    1    1    1    3    8  1.08409E+04 0.00427 
   31    1    1    1    1    1    1    1    3    9  0.00000E+00 0.00000 
   32    1    1    1    1    1    1    1    3   10  9.32531E+03 0.00450 
   33    1    1    1    1    1    1    1    3   11  8.88822E+03 0.00466 
   34    1    1    1    1    1    1    1    4    1  0.00000E+00 0.00000 
   35    1    1    1    1    1    1    1    4    2  1.40737E+04 0.00394 
   36    1    1    1    1    1    1    1    4    3  1.38174E+04 0.00400 
   37    1    1    1    1    1    1    1    4    4  0.00000E+00 0.00000 
   38    1    1    1    1    1    1    1    4    5  1.20201E+04 0.00425 
   39    1    1    1    1    1    1    1    4    6  1.11091E+04 0.00421 
   40    1    1    1    1    1    1    1    4    7  0.00000E+00 0.00000 
   41    1    1    1    1    1    1    1    4    8  9.52836E+03 0.00451 
   42    1    1    1    1    1    1    1    4    9  9.07151E+03 0.00447 
   43    1    1    1    1    1    1    1    4   10  0.00000E+00 0.00000 
   44    1    1    1    1    1    1    1    4   11  8.65635E+03 0.00452 
   45    1    1    1    1    1    1    1    5    1  1.12674E+04 0.00432 
   46    1    1    1    1    1    1    1    5    2  0.00000E+00 0.00000 
   47    1    1    1    1    1    1    1    5    3  1.12333E+04 0.00427 
   48    1    1    1    1    1    1    1    5    4  1.07987E+04 0.00429 
   49    1    1    1    1    1    1    1    5    5  0.00000E+00 0.00000 
   50    1    1    1    1    1    1    1    5    6  9.67197E+03 0.00444 
   51    1    1    1    1    1    1    1    5    7  9.31657E+03 0.00449 
   52    1    1    1    1    1    1    1    5    8  0.00000E+00 0.00000 
   53    1    1    1    1    1    1    1    5    9  8.57989E+03 0.00468 
   54    1    1    1    1    1    1    1    5   10  8.52302E+03 0.00463 
   55    1    1    1    1    1    1    1    5   11  0.00000E+00 0.00000 
   56    1    1    1    1    1    1    1    6    1  1.00403E+04 0.00447 
   57    1    1    1    1    1    1    1    6    2  1.00637E+04 0.00447 
   58    1    1    1    1    1    1    1    6    3  0.00000E+00 0.00000 
   59    1    1    1    1    1    1    1    6    4  9.56341E+03 0.00450 
   60    1    1    1    1    1    1    1    6    5  9.28475E+03 0.00456 
   61    1    1    1    1    1    1    1    6    6  0.00000E+00 0.00000 
   62    1    1    1    1    1    1    1    6    7  8.66756E+03 0.00466 
   63    1    1    1    1    1    1    1    6    8  8.51489E+03 0.00462 
   64    1    1    1    1    1    1    1    6    9  0.00000E+00 0.00000 
   65    1    1    1    1    1    1    1    6   10  8.38554E+03 0.00470 
   66    1    1    1    1    1    1    1    6   11  8.21026E+03 0.00472 
   67    1    1    1    1    1    1    1    7    1  0.00000E+00 0.00000 
   68    1    1    1    1    1    1    1    7    2  9.28620E+03 0.00452 
   69    1    1    1    1    1    1    1    7    3  9.11848E+03 0.00457 
   70    1    1    1    1    1    1    1    7    4  0.00000E+00 0.00000 
   71    1    1    1    1    1    1    1    7    5  8.71033E+03 0.00451 
   72    1    1    1    1    1    1    1    7    6  8.52214E+03 0.00450 
   73    1    1    1    1    1    1    1    7    7  0.00000E+00 0.00000 
   74    1    1    1    1    1    1    1    7    8  8.23369E+03 0.00475 
   75    1    1    1    1    1    1    1    7    9  8.18668E+03 0.00472 
   76    1    1    1    1    1    1    1    7   10  0.00000E+00 0.00000 
   77    1    1    1    1    1    1    1    7   11  8.15643E+03 0.00476 
   78    1    1    1    1    1    1    1    8    1  8.95140E+03 0.00461 
   79    1    1    1    1    1    1    1    8    2  0.00000E+00 0.00000 
   80    1    1    1    1    1    1    1    8    3  8.54462E+03 0.00460 
   81    1    1    1    1    1    1    1    8    4  8.47531E+03 0.00461 
   82    1    1    1    1    1    1    1    8    5  0.00000E+00 0.00000 
   83    1    1    1    1    1    1    1    8    6  8.28052E+03 0.00467 
   84    1    1    1    1    1    1    1    8    7  8.17842E+03 0.00477 
   85    1    1    1    1    1    1    1    8    8  0.00000E+00 0.00000 
   86    1    1    1    1    1    1    1    8    9  8.07008E+03 0.00477 
   87    1    1    1    1    1    1    1    8   10  7.88665E+03 0.00475 
   88    1    1    1    1    1    1    1    8   11  0.00000E+00 0.00000 
   89    1    1    1    1    1    1    1    9    1  8.58546E+03 0.00467 
   90    1    1    1    1    1    1    1    9    2  8.46581E+03 0.00457 
   91    1    1    1    1    1    1    1    9    3  0.00000E+00 0.00000 
   92    1    1    1    1    1    1    1    9    4  8.31112E+03 0.00462 
   93    1    1    1    1    1    1    1    9    5  8.26347E+03 0.00463 
   94    1    1    1    1    1    1    1    9    6  0.00000E+00 0.00000 
   95    1    1    1    1    1    1    1    9    7  8.01865E+03 0.00487 
   96    1    1    1    1    1    1    1    9    8  8.00003E+03 0.00473 
   97    1    1    1    1    1    1    1    9    9  0.00000E+00 0.00000 
   98    1    1    1    1    1    1    1    9   10  7.80083E+03 0.00475 
   99    1    1    1    1    1    1    1    9   11  7.71630E+03 0.00482 
  100    1    1    1    1    1    1    1   10    1  0.00000E+00 0.00000 
  101    1    1    1    1    1    1    1   10    2  8.27871E+03 0.00461 
  102    1    1    1    1    1    1    1   10    3  8.29228E+03 0.00469 
  103    1    1    1    1    1    1    1   10    4  0.00000E+00 0.00000 
  104    1    1    1    1    1    1    1   10    5  8.07525E+03 0.00464 
  105    1    1    1    1    1    1    1   10    6  8.02388E+03 0.00471 
  106    1    1    1    1    1    1    1   10    7  0.00000E+00 0.00000 
  107    1    1    1    1    1    1    1   10    8  7.82066E+03 0.00484 
  108    1    1    1    1    1    1    1   10    9  7.69857E+03 0.00483 
  109    1    1    1    1    1    1    1   10   10  0.00000E+00 0.00000 
