
DETassem1 = [
    1    1    1    1    1    1    1    1    1    1  0.00000E+00 0.00000 
    2    1    1    1    1    1    1    1    1    2  0.00000E+00 0.00000 
    3    1    1    1    1    1    1    1    1    3  0.00000E+00 0.00000 
    4    1    1    1    1    1    1    1    1    4  0.00000E+00 0.00000 
    5    1    1    1    1    1    1    1    1    5  0.00000E+00 0.00000 
    6    1    1    1    1    1    1    1    1    6  0.00000E+00 0.00000 
    7    1    1    1    1    1    1    1    1    7  0.00000E+00 0.00000 
    8    1    1    1    1    1    1    1    1    8  1.81807E+04 0.00371 
    9    1    1    1    1    1    1    1    1    9  1.39213E+04 0.00401 
   10    1    1    1    1    1    1    1    1   10  0.00000E+00 0.00000 
   11    1    1    1    1    1    1    1    1   11  1.00225E+04 0.00437 
   12    1    1    1    1    1    1    1    2    1  1.97081E+04 0.00356 
   13    1    1    1    1    1    1    1    2    2  0.00000E+00 0.00000 
   14    1    1    1    1    1    1    1    2    3  0.00000E+00 0.00000 
   15    1    1    1    1    1    1    1    2    4  0.00000E+00 0.00000 
   16    1    1    1    1    1    1    1    2    5  0.00000E+00 0.00000 
   17    1    1    1    1    1    1    1    2    6  1.99828E+04 0.00360 
   18    1    1    1    1    1    1    1    2    7  1.57870E+04 0.00386 
   19    1    1    1    1    1    1    1    2    8  0.00000E+00 0.00000 
   20    1    1    1    1    1    1    1    2    9  1.11762E+04 0.00431 
   21    1    1    1    1    1    1    1    2   10  1.00401E+04 0.00443 
   22    1    1    1    1    1    1    1    2   11  0.00000E+00 0.00000 
   23    1    1    1    1    1    1    1    3    1  1.58058E+04 0.00395 
   24    1    1    1    1    1    1    1    3    2  1.82987E+04 0.00368 
   25    1    1    1    1    1    1    1    3    3  0.00000E+00 0.00000 
   26    1    1    1    1    1    1    1    3    4  1.83457E+04 0.00365 
   27    1    1    1    1    1    1    1    3    5  1.58096E+04 0.00390 
   28    1    1    1    1    1    1    1    3    6  0.00000E+00 0.00000 
   29    1    1    1    1    1    1    1    3    7  1.18910E+04 0.00421 
   30    1    1    1    1    1    1    1    3    8  1.07408E+04 0.00432 
   31    1    1    1    1    1    1    1    3    9  0.00000E+00 0.00000 
   32    1    1    1    1    1    1    1    3   10  9.12180E+03 0.00437 
   33    1    1    1    1    1    1    1    3   11  8.70930E+03 0.00454 
   34    1    1    1    1    1    1    1    4    1  0.00000E+00 0.00000 
   35    1    1    1    1    1    1    1    4    2  1.39264E+04 0.00404 
   36    1    1    1    1    1    1    1    4    3  1.39344E+04 0.00409 
   37    1    1    1    1    1    1    1    4    4  0.00000E+00 0.00000 
   38    1    1    1    1    1    1    1    4    5  1.20376E+04 0.00419 
   39    1    1    1    1    1    1    1    4    6  1.11097E+04 0.00438 
   40    1    1    1    1    1    1    1    4    7  0.00000E+00 0.00000 
   41    1    1    1    1    1    1    1    4    8  9.56669E+03 0.00449 
   42    1    1    1    1    1    1    1    4    9  9.03628E+03 0.00448 
   43    1    1    1    1    1    1    1    4   10  0.00000E+00 0.00000 
   44    1    1    1    1    1    1    1    4   11  8.56717E+03 0.00471 
   45    1    1    1    1    1    1    1    5    1  1.11461E+04 0.00427 
   46    1    1    1    1    1    1    1    5    2  0.00000E+00 0.00000 
   47    1    1    1    1    1    1    1    5    3  1.11418E+04 0.00431 
   48    1    1    1    1    1    1    1    5    4  1.07891E+04 0.00437 
   49    1    1    1    1    1    1    1    5    5  0.00000E+00 0.00000 
   50    1    1    1    1    1    1    1    5    6  9.74105E+03 0.00446 
   51    1    1    1    1    1    1    1    5    7  9.27495E+03 0.00456 
   52    1    1    1    1    1    1    1    5    8  0.00000E+00 0.00000 
   53    1    1    1    1    1    1    1    5    9  8.67799E+03 0.00463 
   54    1    1    1    1    1    1    1    5   10  8.55462E+03 0.00460 
   55    1    1    1    1    1    1    1    5   11  0.00000E+00 0.00000 
   56    1    1    1    1    1    1    1    6    1  1.00239E+04 0.00447 
   57    1    1    1    1    1    1    1    6    2  9.95219E+03 0.00434 
   58    1    1    1    1    1    1    1    6    3  0.00000E+00 0.00000 
   59    1    1    1    1    1    1    1    6    4  9.54342E+03 0.00452 
   60    1    1    1    1    1    1    1    6    5  9.34835E+03 0.00441 
   61    1    1    1    1    1    1    1    6    6  0.00000E+00 0.00000 
   62    1    1    1    1    1    1    1    6    7  8.63698E+03 0.00465 
   63    1    1    1    1    1    1    1    6    8  8.54043E+03 0.00462 
   64    1    1    1    1    1    1    1    6    9  0.00000E+00 0.00000 
   65    1    1    1    1    1    1    1    6   10  8.33963E+03 0.00475 
   66    1    1    1    1    1    1    1    6   11  8.22169E+03 0.00466 
   67    1    1    1    1    1    1    1    7    1  0.00000E+00 0.00000 
   68    1    1    1    1    1    1    1    7    2  9.14678E+03 0.00448 
   69    1    1    1    1    1    1    1    7    3  9.05413E+03 0.00443 
   70    1    1    1    1    1    1    1    7    4  0.00000E+00 0.00000 
   71    1    1    1    1    1    1    1    7    5  8.73963E+03 0.00459 
   72    1    1    1    1    1    1    1    7    6  8.60751E+03 0.00460 
   73    1    1    1    1    1    1    1    7    7  0.00000E+00 0.00000 
   74    1    1    1    1    1    1    1    7    8  8.26514E+03 0.00470 
   75    1    1    1    1    1    1    1    7    9  8.17343E+03 0.00466 
   76    1    1    1    1    1    1    1    7   10  0.00000E+00 0.00000 
   77    1    1    1    1    1    1    1    7   11  7.97342E+03 0.00474 
   78    1    1    1    1    1    1    1    8    1  8.76243E+03 0.00450 
   79    1    1    1    1    1    1    1    8    2  0.00000E+00 0.00000 
   80    1    1    1    1    1    1    1    8    3  8.59804E+03 0.00469 
   81    1    1    1    1    1    1    1    8    4  8.55425E+03 0.00462 
   82    1    1    1    1    1    1    1    8    5  0.00000E+00 0.00000 
   83    1    1    1    1    1    1    1    8    6  8.30192E+03 0.00450 
   84    1    1    1    1    1    1    1    8    7  8.16992E+03 0.00462 
   85    1    1    1    1    1    1    1    8    8  0.00000E+00 0.00000 
   86    1    1    1    1    1    1    1    8    9  8.07854E+03 0.00475 
   87    1    1    1    1    1    1    1    8   10  7.96999E+03 0.00474 
   88    1    1    1    1    1    1    1    8   11  0.00000E+00 0.00000 
   89    1    1    1    1    1    1    1    9    1  8.51057E+03 0.00464 
   90    1    1    1    1    1    1    1    9    2  8.45151E+03 0.00463 
   91    1    1    1    1    1    1    1    9    3  0.00000E+00 0.00000 
   92    1    1    1    1    1    1    1    9    4  8.33393E+03 0.00462 
   93    1    1    1    1    1    1    1    9    5  8.23362E+03 0.00466 
   94    1    1    1    1    1    1    1    9    6  0.00000E+00 0.00000 
   95    1    1    1    1    1    1    1    9    7  8.07540E+03 0.00483 
   96    1    1    1    1    1    1    1    9    8  8.03502E+03 0.00473 
   97    1    1    1    1    1    1    1    9    9  0.00000E+00 0.00000 
   98    1    1    1    1    1    1    1    9   10  7.81606E+03 0.00478 
   99    1    1    1    1    1    1    1    9   11  7.77506E+03 0.00481 
  100    1    1    1    1    1    1    1   10    1  0.00000E+00 0.00000 
  101    1    1    1    1    1    1    1   10    2  8.31454E+03 0.00463 
  102    1    1    1    1    1    1    1   10    3  8.20427E+03 0.00466 
  103    1    1    1    1    1    1    1   10    4  0.00000E+00 0.00000 
  104    1    1    1    1    1    1    1   10    5  8.03787E+03 0.00464 
  105    1    1    1    1    1    1    1   10    6  7.97177E+03 0.00472 
  106    1    1    1    1    1    1    1   10    7  0.00000E+00 0.00000 
  107    1    1    1    1    1    1    1   10    8  7.80768E+03 0.00480 
  108    1    1    1    1    1    1    1   10    9  7.75743E+03 0.00493 
  109    1    1    1    1    1    1    1   10   10  0.00000E+00 0.00000 
