
DETassem1 = [
    1    1    1    1    1    1    1    1    1    1  0.00000E+00 0.00000 
    2    1    1    1    1    1    1    1    1    2  0.00000E+00 0.00000 
    3    1    1    1    1    1    1    1    1    3  0.00000E+00 0.00000 
    4    1    1    1    1    1    1    1    1    4  0.00000E+00 0.00000 
    5    1    1    1    1    1    1    1    1    5  0.00000E+00 0.00000 
    6    1    1    1    1    1    1    1    1    6  0.00000E+00 0.00000 
    7    1    1    1    1    1    1    1    1    7  0.00000E+00 0.00000 
    8    1    1    1    1    1    1    1    1    8  1.73901E+04 0.00365 
    9    1    1    1    1    1    1    1    1    9  1.37365E+04 0.00402 
   10    1    1    1    1    1    1    1    1   10  0.00000E+00 0.00000 
   11    1    1    1    1    1    1    1    1   11  1.03819E+04 0.00426 
   12    1    1    1    1    1    1    1    2    1  1.89385E+04 0.00357 
   13    1    1    1    1    1    1    1    2    2  0.00000E+00 0.00000 
   14    1    1    1    1    1    1    1    2    3  0.00000E+00 0.00000 
   15    1    1    1    1    1    1    1    2    4  0.00000E+00 0.00000 
   16    1    1    1    1    1    1    1    2    5  0.00000E+00 0.00000 
   17    1    1    1    1    1    1    1    2    6  1.88426E+04 0.00353 
   18    1    1    1    1    1    1    1    2    7  1.54492E+04 0.00376 
   19    1    1    1    1    1    1    1    2    8  0.00000E+00 0.00000 
   20    1    1    1    1    1    1    1    2    9  1.14299E+04 0.00409 
   21    1    1    1    1    1    1    1    2   10  1.03316E+04 0.00424 
   22    1    1    1    1    1    1    1    2   11  0.00000E+00 0.00000 
   23    1    1    1    1    1    1    1    3    1  1.53482E+04 0.00380 
   24    1    1    1    1    1    1    1    3    2  1.74792E+04 0.00362 
   25    1    1    1    1    1    1    1    3    3  0.00000E+00 0.00000 
   26    1    1    1    1    1    1    1    3    4  1.74123E+04 0.00353 
   27    1    1    1    1    1    1    1    3    5  1.54226E+04 0.00381 
   28    1    1    1    1    1    1    1    3    6  0.00000E+00 0.00000 
   29    1    1    1    1    1    1    1    3    7  1.20065E+04 0.00402 
   30    1    1    1    1    1    1    1    3    8  1.10975E+04 0.00416 
   31    1    1    1    1    1    1    1    3    9  0.00000E+00 0.00000 
   32    1    1    1    1    1    1    1    3   10  9.59055E+03 0.00429 
   33    1    1    1    1    1    1    1    3   11  9.13375E+03 0.00444 
   34    1    1    1    1    1    1    1    4    1  0.00000E+00 0.00000 
   35    1    1    1    1    1    1    1    4    2  1.37906E+04 0.00386 
   36    1    1    1    1    1    1    1    4    3  1.37393E+04 0.00396 
   37    1    1    1    1    1    1    1    4    4  0.00000E+00 0.00000 
   38    1    1    1    1    1    1    1    4    5  1.19158E+04 0.00407 
   39    1    1    1    1    1    1    1    4    6  1.11453E+04 0.00415 
   40    1    1    1    1    1    1    1    4    7  0.00000E+00 0.00000 
   41    1    1    1    1    1    1    1    4    8  9.73735E+03 0.00440 
   42    1    1    1    1    1    1    1    4    9  9.32497E+03 0.00444 
   43    1    1    1    1    1    1    1    4   10  0.00000E+00 0.00000 
   44    1    1    1    1    1    1    1    4   11  8.92117E+03 0.00448 
   45    1    1    1    1    1    1    1    5    1  1.13552E+04 0.00409 
   46    1    1    1    1    1    1    1    5    2  0.00000E+00 0.00000 
   47    1    1    1    1    1    1    1    5    3  1.13492E+04 0.00415 
   48    1    1    1    1    1    1    1    5    4  1.09471E+04 0.00423 
   49    1    1    1    1    1    1    1    5    5  0.00000E+00 0.00000 
   50    1    1    1    1    1    1    1    5    6  9.89296E+03 0.00434 
   51    1    1    1    1    1    1    1    5    7  9.55410E+03 0.00442 
   52    1    1    1    1    1    1    1    5    8  0.00000E+00 0.00000 
   53    1    1    1    1    1    1    1    5    9  8.90128E+03 0.00445 
   54    1    1    1    1    1    1    1    5   10  8.74423E+03 0.00437 
   55    1    1    1    1    1    1    1    5   11  0.00000E+00 0.00000 
   56    1    1    1    1    1    1    1    6    1  1.03119E+04 0.00428 
   57    1    1    1    1    1    1    1    6    2  1.02799E+04 0.00426 
   58    1    1    1    1    1    1    1    6    3  0.00000E+00 0.00000 
   59    1    1    1    1    1    1    1    6    4  9.87054E+03 0.00429 
   60    1    1    1    1    1    1    1    6    5  9.55882E+03 0.00437 
   61    1    1    1    1    1    1    1    6    6  0.00000E+00 0.00000 
   62    1    1    1    1    1    1    1    6    7  9.00245E+03 0.00449 
   63    1    1    1    1    1    1    1    6    8  8.85078E+03 0.00436 
   64    1    1    1    1    1    1    1    6    9  0.00000E+00 0.00000 
   65    1    1    1    1    1    1    1    6   10  8.65418E+03 0.00446 
   66    1    1    1    1    1    1    1    6   11  8.46528E+03 0.00454 
   67    1    1    1    1    1    1    1    7    1  0.00000E+00 0.00000 
   68    1    1    1    1    1    1    1    7    2  9.61966E+03 0.00430 
   69    1    1    1    1    1    1    1    7    3  9.40678E+03 0.00433 
   70    1    1    1    1    1    1    1    7    4  0.00000E+00 0.00000 
   71    1    1    1    1    1    1    1    7    5  8.98138E+03 0.00438 
   72    1    1    1    1    1    1    1    7    6  8.72213E+03 0.00448 
   73    1    1    1    1    1    1    1    7    7  0.00000E+00 0.00000 
   74    1    1    1    1    1    1    1    7    8  8.53981E+03 0.00456 
   75    1    1    1    1    1    1    1    7    9  8.46340E+03 0.00462 
   76    1    1    1    1    1    1    1    7   10  0.00000E+00 0.00000 
   77    1    1    1    1    1    1    1    7   11  8.31724E+03 0.00467 
   78    1    1    1    1    1    1    1    8    1  9.23074E+03 0.00438 
   79    1    1    1    1    1    1    1    8    2  0.00000E+00 0.00000 
   80    1    1    1    1    1    1    1    8    3  8.88547E+03 0.00439 
   81    1    1    1    1    1    1    1    8    4  8.85223E+03 0.00452 
   82    1    1    1    1    1    1    1    8    5  0.00000E+00 0.00000 
   83    1    1    1    1    1    1    1    8    6  8.56242E+03 0.00449 
   84    1    1    1    1    1    1    1    8    7  8.48635E+03 0.00453 
   85    1    1    1    1    1    1    1    8    8  0.00000E+00 0.00000 
   86    1    1    1    1    1    1    1    8    9  8.30030E+03 0.00455 
   87    1    1    1    1    1    1    1    8   10  8.25840E+03 0.00452 
   88    1    1    1    1    1    1    1    8   11  0.00000E+00 0.00000 
   89    1    1    1    1    1    1    1    9    1  8.89626E+03 0.00452 
   90    1    1    1    1    1    1    1    9    2  8.79503E+03 0.00436 
   91    1    1    1    1    1    1    1    9    3  0.00000E+00 0.00000 
   92    1    1    1    1    1    1    1    9    4  8.53767E+03 0.00450 
   93    1    1    1    1    1    1    1    9    5  8.42057E+03 0.00452 
   94    1    1    1    1    1    1    1    9    6  0.00000E+00 0.00000 
   95    1    1    1    1    1    1    1    9    7  8.29076E+03 0.00450 
   96    1    1    1    1    1    1    1    9    8  8.24733E+03 0.00455 
   97    1    1    1    1    1    1    1    9    9  0.00000E+00 0.00000 
   98    1    1    1    1    1    1    1    9   10  8.10051E+03 0.00459 
   99    1    1    1    1    1    1    1    9   11  7.97102E+03 0.00457 
  100    1    1    1    1    1    1    1   10    1  0.00000E+00 0.00000 
  101    1    1    1    1    1    1    1   10    2  8.55966E+03 0.00464 
  102    1    1    1    1    1    1    1   10    3  8.46197E+03 0.00448 
  103    1    1    1    1    1    1    1   10    4  0.00000E+00 0.00000 
  104    1    1    1    1    1    1    1   10    5  8.28287E+03 0.00459 
  105    1    1    1    1    1    1    1   10    6  8.26819E+03 0.00453 
  106    1    1    1    1    1    1    1   10    7  0.00000E+00 0.00000 
  107    1    1    1    1    1    1    1   10    8  8.03087E+03 0.00468 
  108    1    1    1    1    1    1    1   10    9  7.93894E+03 0.00474 
  109    1    1    1    1    1    1    1   10   10  0.00000E+00 0.00000 
