
DETassem1 = [
    1    1    1    1    1    1    1    1    1    1  0.00000E+00 0.00000 
    2    1    1    1    1    1    1    1    1    2  0.00000E+00 0.00000 
    3    1    1    1    1    1    1    1    1    3  0.00000E+00 0.00000 
    4    1    1    1    1    1    1    1    1    4  0.00000E+00 0.00000 
    5    1    1    1    1    1    1    1    1    5  0.00000E+00 0.00000 
    6    1    1    1    1    1    1    1    1    6  0.00000E+00 0.00000 
    7    1    1    1    1    1    1    1    1    7  0.00000E+00 0.00000 
    8    1    1    1    1    1    1    1    1    8  1.75174E+04 0.00358 
    9    1    1    1    1    1    1    1    1    9  1.37317E+04 0.00382 
   10    1    1    1    1    1    1    1    1   10  0.00000E+00 0.00000 
   11    1    1    1    1    1    1    1    1   11  1.02120E+04 0.00432 
   12    1    1    1    1    1    1    1    2    1  1.88332E+04 0.00351 
   13    1    1    1    1    1    1    1    2    2  0.00000E+00 0.00000 
   14    1    1    1    1    1    1    1    2    3  0.00000E+00 0.00000 
   15    1    1    1    1    1    1    1    2    4  0.00000E+00 0.00000 
   16    1    1    1    1    1    1    1    2    5  0.00000E+00 0.00000 
   17    1    1    1    1    1    1    1    2    6  1.87301E+04 0.00346 
   18    1    1    1    1    1    1    1    2    7  1.51643E+04 0.00374 
   19    1    1    1    1    1    1    1    2    8  0.00000E+00 0.00000 
   20    1    1    1    1    1    1    1    2    9  1.12054E+04 0.00417 
   21    1    1    1    1    1    1    1    2   10  1.01305E+04 0.00429 
   22    1    1    1    1    1    1    1    2   11  0.00000E+00 0.00000 
   23    1    1    1    1    1    1    1    3    1  1.52612E+04 0.00379 
   24    1    1    1    1    1    1    1    3    2  1.75221E+04 0.00360 
   25    1    1    1    1    1    1    1    3    3  0.00000E+00 0.00000 
   26    1    1    1    1    1    1    1    3    4  1.75485E+04 0.00362 
   27    1    1    1    1    1    1    1    3    5  1.52242E+04 0.00380 
   28    1    1    1    1    1    1    1    3    6  0.00000E+00 0.00000 
   29    1    1    1    1    1    1    1    3    7  1.19521E+04 0.00406 
   30    1    1    1    1    1    1    1    3    8  1.07522E+04 0.00423 
   31    1    1    1    1    1    1    1    3    9  0.00000E+00 0.00000 
   32    1    1    1    1    1    1    1    3   10  9.35465E+03 0.00434 
   33    1    1    1    1    1    1    1    3   11  9.07453E+03 0.00439 
   34    1    1    1    1    1    1    1    4    1  0.00000E+00 0.00000 
   35    1    1    1    1    1    1    1    4    2  1.37707E+04 0.00393 
   36    1    1    1    1    1    1    1    4    3  1.37210E+04 0.00390 
   37    1    1    1    1    1    1    1    4    4  0.00000E+00 0.00000 
   38    1    1    1    1    1    1    1    4    5  1.19382E+04 0.00412 
   39    1    1    1    1    1    1    1    4    6  1.10939E+04 0.00416 
   40    1    1    1    1    1    1    1    4    7  0.00000E+00 0.00000 
   41    1    1    1    1    1    1    1    4    8  9.71562E+03 0.00425 
   42    1    1    1    1    1    1    1    4    9  9.31389E+03 0.00435 
   43    1    1    1    1    1    1    1    4   10  0.00000E+00 0.00000 
   44    1    1    1    1    1    1    1    4   11  8.78369E+03 0.00448 
   45    1    1    1    1    1    1    1    5    1  1.12063E+04 0.00426 
   46    1    1    1    1    1    1    1    5    2  0.00000E+00 0.00000 
   47    1    1    1    1    1    1    1    5    3  1.12721E+04 0.00419 
   48    1    1    1    1    1    1    1    5    4  1.07134E+04 0.00425 
   49    1    1    1    1    1    1    1    5    5  0.00000E+00 0.00000 
   50    1    1    1    1    1    1    1    5    6  9.83576E+03 0.00424 
   51    1    1    1    1    1    1    1    5    7  9.52115E+03 0.00436 
   52    1    1    1    1    1    1    1    5    8  0.00000E+00 0.00000 
   53    1    1    1    1    1    1    1    5    9  8.88716E+03 0.00455 
   54    1    1    1    1    1    1    1    5   10  8.77420E+03 0.00446 
   55    1    1    1    1    1    1    1    5   11  0.00000E+00 0.00000 
   56    1    1    1    1    1    1    1    6    1  1.01906E+04 0.00422 
   57    1    1    1    1    1    1    1    6    2  1.01475E+04 0.00427 
   58    1    1    1    1    1    1    1    6    3  0.00000E+00 0.00000 
   59    1    1    1    1    1    1    1    6    4  9.82242E+03 0.00419 
   60    1    1    1    1    1    1    1    6    5  9.55416E+03 0.00434 
   61    1    1    1    1    1    1    1    6    6  0.00000E+00 0.00000 
   62    1    1    1    1    1    1    1    6    7  8.98186E+03 0.00431 
   63    1    1    1    1    1    1    1    6    8  8.80453E+03 0.00444 
   64    1    1    1    1    1    1    1    6    9  0.00000E+00 0.00000 
   65    1    1    1    1    1    1    1    6   10  8.57167E+03 0.00456 
   66    1    1    1    1    1    1    1    6   11  8.38901E+03 0.00454 
   67    1    1    1    1    1    1    1    7    1  0.00000E+00 0.00000 
   68    1    1    1    1    1    1    1    7    2  9.35075E+03 0.00434 
   69    1    1    1    1    1    1    1    7    3  9.26547E+03 0.00432 
   70    1    1    1    1    1    1    1    7    4  0.00000E+00 0.00000 
   71    1    1    1    1    1    1    1    7    5  8.96760E+03 0.00440 
   72    1    1    1    1    1    1    1    7    6  8.81651E+03 0.00449 
   73    1    1    1    1    1    1    1    7    7  0.00000E+00 0.00000 
   74    1    1    1    1    1    1    1    7    8  8.55554E+03 0.00453 
   75    1    1    1    1    1    1    1    7    9  8.45144E+03 0.00443 
   76    1    1    1    1    1    1    1    7   10  0.00000E+00 0.00000 
   77    1    1    1    1    1    1    1    7   11  8.26624E+03 0.00459 
   78    1    1    1    1    1    1    1    8    1  9.11968E+03 0.00448 
   79    1    1    1    1    1    1    1    8    2  0.00000E+00 0.00000 
   80    1    1    1    1    1    1    1    8    3  8.94552E+03 0.00442 
   81    1    1    1    1    1    1    1    8    4  8.76075E+03 0.00449 
   82    1    1    1    1    1    1    1    8    5  0.00000E+00 0.00000 
   83    1    1    1    1    1    1    1    8    6  8.57348E+03 0.00449 
   84    1    1    1    1    1    1    1    8    7  8.46720E+03 0.00461 
   85    1    1    1    1    1    1    1    8    8  0.00000E+00 0.00000 
   86    1    1    1    1    1    1    1    8    9  8.25850E+03 0.00471 
   87    1    1    1    1    1    1    1    8   10  8.19169E+03 0.00461 
   88    1    1    1    1    1    1    1    8   11  0.00000E+00 0.00000 
   89    1    1    1    1    1    1    1    9    1  8.82485E+03 0.00447 
   90    1    1    1    1    1    1    1    9    2  8.78788E+03 0.00435 
   91    1    1    1    1    1    1    1    9    3  0.00000E+00 0.00000 
   92    1    1    1    1    1    1    1    9    4  8.54276E+03 0.00448 
   93    1    1    1    1    1    1    1    9    5  8.42632E+03 0.00440 
   94    1    1    1    1    1    1    1    9    6  0.00000E+00 0.00000 
   95    1    1    1    1    1    1    1    9    7  8.20197E+03 0.00446 
   96    1    1    1    1    1    1    1    9    8  8.19912E+03 0.00457 
   97    1    1    1    1    1    1    1    9    9  0.00000E+00 0.00000 
   98    1    1    1    1    1    1    1    9   10  7.97557E+03 0.00457 
   99    1    1    1    1    1    1    1    9   11  7.94150E+03 0.00470 
  100    1    1    1    1    1    1    1   10    1  0.00000E+00 0.00000 
  101    1    1    1    1    1    1    1   10    2  8.57428E+03 0.00447 
  102    1    1    1    1    1    1    1   10    3  8.50358E+03 0.00447 
  103    1    1    1    1    1    1    1   10    4  0.00000E+00 0.00000 
  104    1    1    1    1    1    1    1   10    5  8.28322E+03 0.00456 
  105    1    1    1    1    1    1    1   10    6  8.19881E+03 0.00453 
  106    1    1    1    1    1    1    1   10    7  0.00000E+00 0.00000 
  107    1    1    1    1    1    1    1   10    8  8.00271E+03 0.00465 
  108    1    1    1    1    1    1    1   10    9  7.87402E+03 0.00459 
  109    1    1    1    1    1    1    1   10   10  0.00000E+00 0.00000 
