
ZAI = [
922350
922380
666
0
];

NAMES = [
'U235            '
'U238            '
'lost            '
'total           '
];

i922350 = 1; iU235             = 1;
i922380 = 2; iU238             = 2;
iLOST    = 3;
iTOT     = 4;

MAT_un_VOLUME = [ 2.66917E+05 2.66917E+05 ];

MAT_un_BURNUP = [ 0.00000E+00 4.29450E+01 ];

MAT_un_ADENS = [
4.83387E-03 3.50766E-03 % U235
1.93936E-02 1.88531E-02 % U238
0.00000E+00 4.12572E-30 % lost data
7.26897E-02 7.38025E-02 % total
];

MAT_un_MDENS = [
1.88669E+00 1.36906E+00 % U235
7.66628E+00 7.45262E+00 % U238
0.00000E+00 0.00000E+00 % lost data
1.08000E+01 1.07986E+01 % total
];

MAT_un_A = [
4.02665E+10 2.92191E+10 % U235
2.54480E+10 2.47388E+10 % U238
0.00000E+00 0.00000E+00 % lost data
6.57146E+10 3.28348E+18 % total
];

MAT_un_H = [
3.01854E-02 2.19038E-02 % U235
1.74101E-02 1.69248E-02 % U238
0.00000E+00 0.00000E+00 % lost data
4.75955E-02 9.64658E+05 % total
];

MAT_un_SF = [
2.89919E+00 2.10378E+00 % U235
1.38946E+04 1.35074E+04 % U238
0.00000E+00 0.00000E+00 % lost data
1.38975E+04 1.04131E+08 % total
];

MAT_un_GSRC = [
5.08771E+10 3.69185E+10 % U235
2.25352E+09 2.19071E+09 % U238
0.00000E+00 0.00000E+00 % lost data
5.31306E+10 3.52982E+18 % total
];

MAT_un_ING_TOX = [
1.89253E+03 1.37330E+03 % U235
1.14516E+03 1.11325E+03 % U238
0.00000E+00 0.00000E+00 % lost data
3.03769E+03 2.23611E+09 % total
];

MAT_un_INH_TOX = [
3.42266E+05 2.48362E+05 % U235
2.03584E+05 1.97910E+05 % U238
0.00000E+00 0.00000E+00 % lost data
5.45850E+05 8.04064E+10 % total
];

TOT_VOLUME = [ 2.66917E+05 2.66917E+05 ];

TOT_BURNUP = [ 0.00000E+00 4.29450E+01 ];

TOT_ADENS = [
4.83387E-03 3.50766E-03 % U235
1.93936E-02 1.88531E-02 % U238
0.00000E+00 4.12572E-30 % lost data
7.26897E-02 7.38025E-02 % total
];

TOT_MASS = [
5.03590E+05 3.65426E+05 % U235
2.04626E+06 1.98923E+06 % U238
0.00000E+00 0.00000E+00 % lost data
2.88271E+06 2.88233E+06 % total
];

TOT_A = [
4.02665E+10 2.92191E+10 % U235
2.54480E+10 2.47388E+10 % U238
0.00000E+00 0.00000E+00 % lost data
6.57146E+10 3.28348E+18 % total
];

TOT_H = [
3.01854E-02 2.19038E-02 % U235
1.74101E-02 1.69248E-02 % U238
0.00000E+00 0.00000E+00 % lost data
4.75955E-02 9.64658E+05 % total
];

TOT_SF = [
2.89919E+00 2.10378E+00 % U235
1.38946E+04 1.35074E+04 % U238
0.00000E+00 0.00000E+00 % lost data
1.38975E+04 1.04131E+08 % total
];

TOT_GSRC = [
5.08771E+10 3.69185E+10 % U235
2.25352E+09 2.19071E+09 % U238
0.00000E+00 0.00000E+00 % lost data
5.31306E+10 3.52982E+18 % total
];

TOT_ING_TOX = [
1.89253E+03 1.37330E+03 % U235
1.14516E+03 1.11325E+03 % U238
0.00000E+00 0.00000E+00 % lost data
3.03769E+03 2.23611E+09 % total
];

TOT_INH_TOX = [
3.42266E+05 2.48362E+05 % U235
2.03584E+05 1.97910E+05 % U238
0.00000E+00 0.00000E+00 % lost data
5.45850E+05 8.04064E+10 % total
];

BU = [ 0.00000E+00 4.29437E+01 ];

DAYS = [ 0.00000E+00 7.30000E+03 ];
