
DETassem1 = [
    1    1    1    1    1    1    1    1    1    1  0.00000E+00 0.00000 
    2    1    1    1    1    1    1    1    1    2  0.00000E+00 0.00000 
    3    1    1    1    1    1    1    1    1    3  0.00000E+00 0.00000 
    4    1    1    1    1    1    1    1    1    4  0.00000E+00 0.00000 
    5    1    1    1    1    1    1    1    1    5  0.00000E+00 0.00000 
    6    1    1    1    1    1    1    1    1    6  0.00000E+00 0.00000 
    7    1    1    1    1    1    1    1    1    7  0.00000E+00 0.00000 
    8    1    1    1    1    1    1    1    1    8  1.78446E+04 0.00353 
    9    1    1    1    1    1    1    1    1    9  1.40227E+04 0.00384 
   10    1    1    1    1    1    1    1    1   10  0.00000E+00 0.00000 
   11    1    1    1    1    1    1    1    1   11  1.03053E+04 0.00422 
   12    1    1    1    1    1    1    1    2    1  1.90646E+04 0.00348 
   13    1    1    1    1    1    1    1    2    2  0.00000E+00 0.00000 
   14    1    1    1    1    1    1    1    2    3  0.00000E+00 0.00000 
   15    1    1    1    1    1    1    1    2    4  0.00000E+00 0.00000 
   16    1    1    1    1    1    1    1    2    5  0.00000E+00 0.00000 
   17    1    1    1    1    1    1    1    2    6  1.92924E+04 0.00356 
   18    1    1    1    1    1    1    1    2    7  1.56795E+04 0.00367 
   19    1    1    1    1    1    1    1    2    8  0.00000E+00 0.00000 
   20    1    1    1    1    1    1    1    2    9  1.15258E+04 0.00417 
   21    1    1    1    1    1    1    1    2   10  1.01928E+04 0.00421 
   22    1    1    1    1    1    1    1    2   11  0.00000E+00 0.00000 
   23    1    1    1    1    1    1    1    3    1  1.57232E+04 0.00372 
   24    1    1    1    1    1    1    1    3    2  1.79175E+04 0.00356 
   25    1    1    1    1    1    1    1    3    3  0.00000E+00 0.00000 
   26    1    1    1    1    1    1    1    3    4  1.78863E+04 0.00355 
   27    1    1    1    1    1    1    1    3    5  1.56964E+04 0.00376 
   28    1    1    1    1    1    1    1    3    6  0.00000E+00 0.00000 
   29    1    1    1    1    1    1    1    3    7  1.22995E+04 0.00402 
   30    1    1    1    1    1    1    1    3    8  1.10263E+04 0.00411 
   31    1    1    1    1    1    1    1    3    9  0.00000E+00 0.00000 
   32    1    1    1    1    1    1    1    3   10  9.58249E+03 0.00428 
   33    1    1    1    1    1    1    1    3   11  9.25912E+03 0.00441 
   34    1    1    1    1    1    1    1    4    1  0.00000E+00 0.00000 
   35    1    1    1    1    1    1    1    4    2  1.39753E+04 0.00387 
   36    1    1    1    1    1    1    1    4    3  1.40003E+04 0.00384 
   37    1    1    1    1    1    1    1    4    4  0.00000E+00 0.00000 
   38    1    1    1    1    1    1    1    4    5  1.22708E+04 0.00407 
   39    1    1    1    1    1    1    1    4    6  1.13958E+04 0.00414 
   40    1    1    1    1    1    1    1    4    7  0.00000E+00 0.00000 
   41    1    1    1    1    1    1    1    4    8  9.90140E+03 0.00436 
   42    1    1    1    1    1    1    1    4    9  9.42800E+03 0.00434 
   43    1    1    1    1    1    1    1    4   10  0.00000E+00 0.00000 
   44    1    1    1    1    1    1    1    4   11  8.90236E+03 0.00442 
   45    1    1    1    1    1    1    1    5    1  1.14539E+04 0.00414 
   46    1    1    1    1    1    1    1    5    2  0.00000E+00 0.00000 
   47    1    1    1    1    1    1    1    5    3  1.14618E+04 0.00409 
   48    1    1    1    1    1    1    1    5    4  1.10888E+04 0.00423 
   49    1    1    1    1    1    1    1    5    5  0.00000E+00 0.00000 
   50    1    1    1    1    1    1    1    5    6  1.00204E+04 0.00423 
   51    1    1    1    1    1    1    1    5    7  9.69361E+03 0.00428 
   52    1    1    1    1    1    1    1    5    8  0.00000E+00 0.00000 
   53    1    1    1    1    1    1    1    5    9  8.94378E+03 0.00453 
   54    1    1    1    1    1    1    1    5   10  8.67410E+03 0.00435 
   55    1    1    1    1    1    1    1    5   11  0.00000E+00 0.00000 
   56    1    1    1    1    1    1    1    6    1  1.02712E+04 0.00413 
   57    1    1    1    1    1    1    1    6    2  1.02068E+04 0.00424 
   58    1    1    1    1    1    1    1    6    3  0.00000E+00 0.00000 
   59    1    1    1    1    1    1    1    6    4  9.90558E+03 0.00432 
   60    1    1    1    1    1    1    1    6    5  9.59843E+03 0.00435 
   61    1    1    1    1    1    1    1    6    6  0.00000E+00 0.00000 
   62    1    1    1    1    1    1    1    6    7  9.01496E+03 0.00432 
   63    1    1    1    1    1    1    1    6    8  8.85065E+03 0.00442 
   64    1    1    1    1    1    1    1    6    9  0.00000E+00 0.00000 
   65    1    1    1    1    1    1    1    6   10  8.51942E+03 0.00450 
   66    1    1    1    1    1    1    1    6   11  8.38415E+03 0.00465 
   67    1    1    1    1    1    1    1    7    1  0.00000E+00 0.00000 
   68    1    1    1    1    1    1    1    7    2  9.62664E+03 0.00425 
   69    1    1    1    1    1    1    1    7    3  9.39350E+03 0.00435 
   70    1    1    1    1    1    1    1    7    4  0.00000E+00 0.00000 
   71    1    1    1    1    1    1    1    7    5  9.03992E+03 0.00437 
   72    1    1    1    1    1    1    1    7    6  8.85867E+03 0.00431 
   73    1    1    1    1    1    1    1    7    7  0.00000E+00 0.00000 
   74    1    1    1    1    1    1    1    7    8  8.49598E+03 0.00454 
   75    1    1    1    1    1    1    1    7    9  8.39537E+03 0.00460 
   76    1    1    1    1    1    1    1    7   10  0.00000E+00 0.00000 
   77    1    1    1    1    1    1    1    7   11  8.23389E+03 0.00463 
   78    1    1    1    1    1    1    1    8    1  9.15838E+03 0.00436 
   79    1    1    1    1    1    1    1    8    2  0.00000E+00 0.00000 
   80    1    1    1    1    1    1    1    8    3  8.91679E+03 0.00441 
   81    1    1    1    1    1    1    1    8    4  8.80658E+03 0.00455 
   82    1    1    1    1    1    1    1    8    5  0.00000E+00 0.00000 
   83    1    1    1    1    1    1    1    8    6  8.58386E+03 0.00450 
   84    1    1    1    1    1    1    1    8    7  8.39118E+03 0.00460 
   85    1    1    1    1    1    1    1    8    8  0.00000E+00 0.00000 
   86    1    1    1    1    1    1    1    8    9  8.30096E+03 0.00463 
   87    1    1    1    1    1    1    1    8   10  8.16271E+03 0.00460 
   88    1    1    1    1    1    1    1    8   11  0.00000E+00 0.00000 
   89    1    1    1    1    1    1    1    9    1  8.89055E+03 0.00443 
   90    1    1    1    1    1    1    1    9    2  8.75274E+03 0.00454 
   91    1    1    1    1    1    1    1    9    3  0.00000E+00 0.00000 
   92    1    1    1    1    1    1    1    9    4  8.45593E+03 0.00449 
   93    1    1    1    1    1    1    1    9    5  8.39402E+03 0.00460 
   94    1    1    1    1    1    1    1    9    6  0.00000E+00 0.00000 
   95    1    1    1    1    1    1    1    9    7  8.15005E+03 0.00456 
   96    1    1    1    1    1    1    1    9    8  8.12925E+03 0.00464 
   97    1    1    1    1    1    1    1    9    9  0.00000E+00 0.00000 
   98    1    1    1    1    1    1    1    9   10  7.94814E+03 0.00473 
   99    1    1    1    1    1    1    1    9   11  7.92844E+03 0.00469 
  100    1    1    1    1    1    1    1   10    1  0.00000E+00 0.00000 
  101    1    1    1    1    1    1    1   10    2  8.55460E+03 0.00449 
  102    1    1    1    1    1    1    1   10    3  8.45849E+03 0.00437 
  103    1    1    1    1    1    1    1   10    4  0.00000E+00 0.00000 
  104    1    1    1    1    1    1    1   10    5  8.15810E+03 0.00458 
  105    1    1    1    1    1    1    1   10    6  8.05957E+03 0.00460 
  106    1    1    1    1    1    1    1   10    7  0.00000E+00 0.00000 
  107    1    1    1    1    1    1    1   10    8  7.98548E+03 0.00465 
  108    1    1    1    1    1    1    1   10    9  7.88193E+03 0.00479 
  109    1    1    1    1    1    1    1   10   10  0.00000E+00 0.00000 
