
DETassem1 = [
    1    1    1    1    1    1    1    1    1    1  0.00000E+00 0.00000 
    2    1    1    1    1    1    1    1    1    2  0.00000E+00 0.00000 
    3    1    1    1    1    1    1    1    1    3  0.00000E+00 0.00000 
    4    1    1    1    1    1    1    1    1    4  0.00000E+00 0.00000 
    5    1    1    1    1    1    1    1    1    5  0.00000E+00 0.00000 
    6    1    1    1    1    1    1    1    1    6  0.00000E+00 0.00000 
    7    1    1    1    1    1    1    1    1    7  0.00000E+00 0.00000 
    8    1    1    1    1    1    1    1    1    8  1.73570E+04 0.00353 
    9    1    1    1    1    1    1    1    1    9  1.36471E+04 0.00386 
   10    1    1    1    1    1    1    1    1   10  0.00000E+00 0.00000 
   11    1    1    1    1    1    1    1    1   11  1.01287E+04 0.00430 
   12    1    1    1    1    1    1    1    2    1  1.89111E+04 0.00347 
   13    1    1    1    1    1    1    1    2    2  0.00000E+00 0.00000 
   14    1    1    1    1    1    1    1    2    3  0.00000E+00 0.00000 
   15    1    1    1    1    1    1    1    2    4  0.00000E+00 0.00000 
   16    1    1    1    1    1    1    1    2    5  0.00000E+00 0.00000 
   17    1    1    1    1    1    1    1    2    6  1.87457E+04 0.00357 
   18    1    1    1    1    1    1    1    2    7  1.53802E+04 0.00376 
   19    1    1    1    1    1    1    1    2    8  0.00000E+00 0.00000 
   20    1    1    1    1    1    1    1    2    9  1.12629E+04 0.00417 
   21    1    1    1    1    1    1    1    2   10  1.02167E+04 0.00420 
   22    1    1    1    1    1    1    1    2   11  0.00000E+00 0.00000 
   23    1    1    1    1    1    1    1    3    1  1.53626E+04 0.00370 
   24    1    1    1    1    1    1    1    3    2  1.74496E+04 0.00356 
   25    1    1    1    1    1    1    1    3    3  0.00000E+00 0.00000 
   26    1    1    1    1    1    1    1    3    4  1.74853E+04 0.00350 
   27    1    1    1    1    1    1    1    3    5  1.53458E+04 0.00376 
   28    1    1    1    1    1    1    1    3    6  0.00000E+00 0.00000 
   29    1    1    1    1    1    1    1    3    7  1.20071E+04 0.00412 
   30    1    1    1    1    1    1    1    3    8  1.08439E+04 0.00423 
   31    1    1    1    1    1    1    1    3    9  0.00000E+00 0.00000 
   32    1    1    1    1    1    1    1    3   10  9.48762E+03 0.00427 
   33    1    1    1    1    1    1    1    3   11  9.12626E+03 0.00435 
   34    1    1    1    1    1    1    1    4    1  0.00000E+00 0.00000 
   35    1    1    1    1    1    1    1    4    2  1.37500E+04 0.00394 
   36    1    1    1    1    1    1    1    4    3  1.37718E+04 0.00395 
   37    1    1    1    1    1    1    1    4    4  0.00000E+00 0.00000 
   38    1    1    1    1    1    1    1    4    5  1.19625E+04 0.00406 
   39    1    1    1    1    1    1    1    4    6  1.11543E+04 0.00420 
   40    1    1    1    1    1    1    1    4    7  0.00000E+00 0.00000 
   41    1    1    1    1    1    1    1    4    8  9.66370E+03 0.00427 
   42    1    1    1    1    1    1    1    4    9  9.25101E+03 0.00445 
   43    1    1    1    1    1    1    1    4   10  0.00000E+00 0.00000 
   44    1    1    1    1    1    1    1    4   11  8.70843E+03 0.00459 
   45    1    1    1    1    1    1    1    5    1  1.12595E+04 0.00422 
   46    1    1    1    1    1    1    1    5    2  0.00000E+00 0.00000 
   47    1    1    1    1    1    1    1    5    3  1.12947E+04 0.00411 
   48    1    1    1    1    1    1    1    5    4  1.08531E+04 0.00421 
   49    1    1    1    1    1    1    1    5    5  0.00000E+00 0.00000 
   50    1    1    1    1    1    1    1    5    6  9.88421E+03 0.00427 
   51    1    1    1    1    1    1    1    5    7  9.41918E+03 0.00437 
   52    1    1    1    1    1    1    1    5    8  0.00000E+00 0.00000 
   53    1    1    1    1    1    1    1    5    9  8.73978E+03 0.00441 
   54    1    1    1    1    1    1    1    5   10  8.64205E+03 0.00444 
   55    1    1    1    1    1    1    1    5   11  0.00000E+00 0.00000 
   56    1    1    1    1    1    1    1    6    1  1.02058E+04 0.00431 
   57    1    1    1    1    1    1    1    6    2  1.01802E+04 0.00429 
   58    1    1    1    1    1    1    1    6    3  0.00000E+00 0.00000 
   59    1    1    1    1    1    1    1    6    4  9.64792E+03 0.00427 
   60    1    1    1    1    1    1    1    6    5  9.46401E+03 0.00433 
   61    1    1    1    1    1    1    1    6    6  0.00000E+00 0.00000 
   62    1    1    1    1    1    1    1    6    7  8.86246E+03 0.00449 
   63    1    1    1    1    1    1    1    6    8  8.65488E+03 0.00443 
   64    1    1    1    1    1    1    1    6    9  0.00000E+00 0.00000 
   65    1    1    1    1    1    1    1    6   10  8.46483E+03 0.00456 
   66    1    1    1    1    1    1    1    6   11  8.35036E+03 0.00453 
   67    1    1    1    1    1    1    1    7    1  0.00000E+00 0.00000 
   68    1    1    1    1    1    1    1    7    2  9.39599E+03 0.00436 
   69    1    1    1    1    1    1    1    7    3  9.19247E+03 0.00436 
   70    1    1    1    1    1    1    1    7    4  0.00000E+00 0.00000 
   71    1    1    1    1    1    1    1    7    5  8.89221E+03 0.00431 
   72    1    1    1    1    1    1    1    7    6  8.71904E+03 0.00448 
   73    1    1    1    1    1    1    1    7    7  0.00000E+00 0.00000 
   74    1    1    1    1    1    1    1    7    8  8.34053E+03 0.00440 
   75    1    1    1    1    1    1    1    7    9  8.25153E+03 0.00454 
   76    1    1    1    1    1    1    1    7   10  0.00000E+00 0.00000 
   77    1    1    1    1    1    1    1    7   11  8.20358E+03 0.00460 
   78    1    1    1    1    1    1    1    8    1  9.14712E+03 0.00450 
   79    1    1    1    1    1    1    1    8    2  0.00000E+00 0.00000 
   80    1    1    1    1    1    1    1    8    3  8.87318E+03 0.00439 
   81    1    1    1    1    1    1    1    8    4  8.74980E+03 0.00437 
   82    1    1    1    1    1    1    1    8    5  0.00000E+00 0.00000 
   83    1    1    1    1    1    1    1    8    6  8.38302E+03 0.00446 
   84    1    1    1    1    1    1    1    8    7  8.26622E+03 0.00449 
   85    1    1    1    1    1    1    1    8    8  0.00000E+00 0.00000 
   86    1    1    1    1    1    1    1    8    9  8.17638E+03 0.00454 
   87    1    1    1    1    1    1    1    8   10  8.12345E+03 0.00464 
   88    1    1    1    1    1    1    1    8   11  0.00000E+00 0.00000 
   89    1    1    1    1    1    1    1    9    1  8.83064E+03 0.00447 
   90    1    1    1    1    1    1    1    9    2  8.70710E+03 0.00446 
   91    1    1    1    1    1    1    1    9    3  0.00000E+00 0.00000 
   92    1    1    1    1    1    1    1    9    4  8.45294E+03 0.00452 
   93    1    1    1    1    1    1    1    9    5  8.17428E+03 0.00453 
   94    1    1    1    1    1    1    1    9    6  0.00000E+00 0.00000 
   95    1    1    1    1    1    1    1    9    7  8.07921E+03 0.00455 
   96    1    1    1    1    1    1    1    9    8  8.02595E+03 0.00466 
   97    1    1    1    1    1    1    1    9    9  0.00000E+00 0.00000 
   98    1    1    1    1    1    1    1    9   10  7.87836E+03 0.00476 
   99    1    1    1    1    1    1    1    9   11  7.83874E+03 0.00469 
  100    1    1    1    1    1    1    1   10    1  0.00000E+00 0.00000 
  101    1    1    1    1    1    1    1   10    2  8.53544E+03 0.00452 
  102    1    1    1    1    1    1    1   10    3  8.29024E+03 0.00447 
  103    1    1    1    1    1    1    1   10    4  0.00000E+00 0.00000 
  104    1    1    1    1    1    1    1   10    5  8.09957E+03 0.00456 
  105    1    1    1    1    1    1    1   10    6  8.04397E+03 0.00461 
  106    1    1    1    1    1    1    1   10    7  0.00000E+00 0.00000 
  107    1    1    1    1    1    1    1   10    8  7.86135E+03 0.00472 
  108    1    1    1    1    1    1    1   10    9  7.72417E+03 0.00474 
  109    1    1    1    1    1    1    1   10   10  0.00000E+00 0.00000 
