
ZAI = [
922350
922380
666
0
];

NAMES = [
'U235            '
'U238            '
'lost            '
'total           '
];

i922350 = 1; iU235             = 1;
i922380 = 2; iU238             = 2;
iLOST    = 3;
iTOT     = 4;

MAT_un_VOLUME = [ 2.67434E+05 2.67434E+05 ];

MAT_un_BURNUP = [ 0.00000E+00 4.28621E+01 ];

MAT_un_ADENS = [
4.83387E-03 3.51017E-03 % U235
1.93936E-02 1.88547E-02 % U238
0.00000E+00 3.51913E-30 % lost data
7.26897E-02 7.38002E-02 % total
];

MAT_un_MDENS = [
1.88669E+00 1.37004E+00 % U235
7.66628E+00 7.45324E+00 % U238
0.00000E+00 0.00000E+00 % lost data
1.08000E+01 1.07986E+01 % total
];

MAT_un_A = [
4.03444E+10 2.92966E+10 % U235
2.54973E+10 2.47887E+10 % U238
0.00000E+00 0.00000E+00 % lost data
6.58417E+10 3.28258E+18 % total
];

MAT_un_H = [
3.02438E-02 2.19619E-02 % U235
1.74437E-02 1.69590E-02 % U238
0.00000E+00 0.00000E+00 % lost data
4.76876E-02 9.64577E+05 % total
];

MAT_un_SF = [
2.90480E+00 2.10936E+00 % U235
1.39215E+04 1.35346E+04 % U238
0.00000E+00 0.00000E+00 % lost data
1.39244E+04 1.03602E+08 % total
];

MAT_un_GSRC = [
5.09755E+10 3.70165E+10 % U235
2.25787E+09 2.19513E+09 % U238
0.00000E+00 0.00000E+00 % lost data
5.32333E+10 3.52879E+18 % total
];

MAT_un_ING_TOX = [
1.89619E+03 1.37694E+03 % U235
1.14738E+03 1.11549E+03 % U238
0.00000E+00 0.00000E+00 % lost data
3.04357E+03 2.23486E+09 % total
];

MAT_un_INH_TOX = [
3.42928E+05 2.49021E+05 % U235
2.03978E+05 1.98310E+05 % U238
0.00000E+00 0.00000E+00 % lost data
5.46906E+05 8.01699E+10 % total
];

TOT_VOLUME = [ 2.67434E+05 2.67434E+05 ];

TOT_BURNUP = [ 0.00000E+00 4.28621E+01 ];

TOT_ADENS = [
4.83387E-03 3.51017E-03 % U235
1.93936E-02 1.88547E-02 % U238
0.00000E+00 3.51913E-30 % lost data
7.26897E-02 7.38002E-02 % total
];

TOT_MASS = [
5.04564E+05 3.66395E+05 % U235
2.05022E+06 1.99325E+06 % U238
0.00000E+00 0.00000E+00 % lost data
2.88828E+06 2.88791E+06 % total
];

TOT_A = [
4.03444E+10 2.92966E+10 % U235
2.54973E+10 2.47887E+10 % U238
0.00000E+00 0.00000E+00 % lost data
6.58417E+10 3.28258E+18 % total
];

TOT_H = [
3.02438E-02 2.19619E-02 % U235
1.74437E-02 1.69590E-02 % U238
0.00000E+00 0.00000E+00 % lost data
4.76876E-02 9.64577E+05 % total
];

TOT_SF = [
2.90480E+00 2.10936E+00 % U235
1.39215E+04 1.35346E+04 % U238
0.00000E+00 0.00000E+00 % lost data
1.39244E+04 1.03602E+08 % total
];

TOT_GSRC = [
5.09755E+10 3.70165E+10 % U235
2.25787E+09 2.19513E+09 % U238
0.00000E+00 0.00000E+00 % lost data
5.32333E+10 3.52879E+18 % total
];

TOT_ING_TOX = [
1.89619E+03 1.37694E+03 % U235
1.14738E+03 1.11549E+03 % U238
0.00000E+00 0.00000E+00 % lost data
3.04357E+03 2.23486E+09 % total
];

TOT_INH_TOX = [
3.42928E+05 2.49021E+05 % U235
2.03978E+05 1.98310E+05 % U238
0.00000E+00 0.00000E+00 % lost data
5.46906E+05 8.01699E+10 % total
];

BU = [ 0.00000E+00 4.28608E+01 ];

DAYS = [ 0.00000E+00 7.30000E+03 ];
