
DETassem1 = [
    1    1    1    1    1    1    1    1    1    1  0.00000E+00 0.00000 
    2    1    1    1    1    1    1    1    1    2  0.00000E+00 0.00000 
    3    1    1    1    1    1    1    1    1    3  0.00000E+00 0.00000 
    4    1    1    1    1    1    1    1    1    4  0.00000E+00 0.00000 
    5    1    1    1    1    1    1    1    1    5  0.00000E+00 0.00000 
    6    1    1    1    1    1    1    1    1    6  0.00000E+00 0.00000 
    7    1    1    1    1    1    1    1    1    7  0.00000E+00 0.00000 
    8    1    1    1    1    1    1    1    1    8  1.81809E+04 0.00371 
    9    1    1    1    1    1    1    1    1    9  1.38334E+04 0.00398 
   10    1    1    1    1    1    1    1    1   10  0.00000E+00 0.00000 
   11    1    1    1    1    1    1    1    1   11  1.00594E+04 0.00440 
   12    1    1    1    1    1    1    1    2    1  1.95101E+04 0.00358 
   13    1    1    1    1    1    1    1    2    2  0.00000E+00 0.00000 
   14    1    1    1    1    1    1    1    2    3  0.00000E+00 0.00000 
   15    1    1    1    1    1    1    1    2    4  0.00000E+00 0.00000 
   16    1    1    1    1    1    1    1    2    5  0.00000E+00 0.00000 
   17    1    1    1    1    1    1    1    2    6  1.95529E+04 0.00355 
   18    1    1    1    1    1    1    1    2    7  1.56747E+04 0.00385 
   19    1    1    1    1    1    1    1    2    8  0.00000E+00 0.00000 
   20    1    1    1    1    1    1    1    2    9  1.11836E+04 0.00436 
   21    1    1    1    1    1    1    1    2   10  9.92415E+03 0.00449 
   22    1    1    1    1    1    1    1    2   11  0.00000E+00 0.00000 
   23    1    1    1    1    1    1    1    3    1  1.56990E+04 0.00387 
   24    1    1    1    1    1    1    1    3    2  1.83481E+04 0.00368 
   25    1    1    1    1    1    1    1    3    3  0.00000E+00 0.00000 
   26    1    1    1    1    1    1    1    3    4  1.82423E+04 0.00365 
   27    1    1    1    1    1    1    1    3    5  1.56805E+04 0.00395 
   28    1    1    1    1    1    1    1    3    6  0.00000E+00 0.00000 
   29    1    1    1    1    1    1    1    3    7  1.17819E+04 0.00427 
   30    1    1    1    1    1    1    1    3    8  1.06596E+04 0.00430 
   31    1    1    1    1    1    1    1    3    9  0.00000E+00 0.00000 
   32    1    1    1    1    1    1    1    3   10  9.15599E+03 0.00454 
   33    1    1    1    1    1    1    1    3   11  8.83894E+03 0.00462 
   34    1    1    1    1    1    1    1    4    1  0.00000E+00 0.00000 
   35    1    1    1    1    1    1    1    4    2  1.38468E+04 0.00396 
   36    1    1    1    1    1    1    1    4    3  1.38877E+04 0.00409 
   37    1    1    1    1    1    1    1    4    4  0.00000E+00 0.00000 
   38    1    1    1    1    1    1    1    4    5  1.18696E+04 0.00424 
   39    1    1    1    1    1    1    1    4    6  1.10398E+04 0.00429 
   40    1    1    1    1    1    1    1    4    7  0.00000E+00 0.00000 
   41    1    1    1    1    1    1    1    4    8  9.57340E+03 0.00452 
   42    1    1    1    1    1    1    1    4    9  9.08480E+03 0.00464 
   43    1    1    1    1    1    1    1    4   10  0.00000E+00 0.00000 
   44    1    1    1    1    1    1    1    4   11  8.53286E+03 0.00462 
   45    1    1    1    1    1    1    1    5    1  1.12328E+04 0.00427 
   46    1    1    1    1    1    1    1    5    2  0.00000E+00 0.00000 
   47    1    1    1    1    1    1    1    5    3  1.12306E+04 0.00435 
   48    1    1    1    1    1    1    1    5    4  1.07358E+04 0.00426 
   49    1    1    1    1    1    1    1    5    5  0.00000E+00 0.00000 
   50    1    1    1    1    1    1    1    5    6  9.70501E+03 0.00447 
   51    1    1    1    1    1    1    1    5    7  9.23975E+03 0.00466 
   52    1    1    1    1    1    1    1    5    8  0.00000E+00 0.00000 
   53    1    1    1    1    1    1    1    5    9  8.63881E+03 0.00461 
   54    1    1    1    1    1    1    1    5   10  8.55179E+03 0.00467 
   55    1    1    1    1    1    1    1    5   11  0.00000E+00 0.00000 
   56    1    1    1    1    1    1    1    6    1  1.00424E+04 0.00444 
   57    1    1    1    1    1    1    1    6    2  1.00796E+04 0.00438 
   58    1    1    1    1    1    1    1    6    3  0.00000E+00 0.00000 
   59    1    1    1    1    1    1    1    6    4  9.50047E+03 0.00440 
   60    1    1    1    1    1    1    1    6    5  9.33764E+03 0.00451 
   61    1    1    1    1    1    1    1    6    6  0.00000E+00 0.00000 
   62    1    1    1    1    1    1    1    6    7  8.72082E+03 0.00447 
   63    1    1    1    1    1    1    1    6    8  8.47368E+03 0.00445 
   64    1    1    1    1    1    1    1    6    9  0.00000E+00 0.00000 
   65    1    1    1    1    1    1    1    6   10  8.29959E+03 0.00459 
   66    1    1    1    1    1    1    1    6   11  8.18111E+03 0.00470 
   67    1    1    1    1    1    1    1    7    1  0.00000E+00 0.00000 
   68    1    1    1    1    1    1    1    7    2  9.23290E+03 0.00453 
   69    1    1    1    1    1    1    1    7    3  9.14781E+03 0.00459 
   70    1    1    1    1    1    1    1    7    4  0.00000E+00 0.00000 
   71    1    1    1    1    1    1    1    7    5  8.63105E+03 0.00461 
   72    1    1    1    1    1    1    1    7    6  8.52992E+03 0.00465 
   73    1    1    1    1    1    1    1    7    7  0.00000E+00 0.00000 
   74    1    1    1    1    1    1    1    7    8  8.26024E+03 0.00468 
   75    1    1    1    1    1    1    1    7    9  8.22544E+03 0.00480 
   76    1    1    1    1    1    1    1    7   10  0.00000E+00 0.00000 
   77    1    1    1    1    1    1    1    7   11  7.91021E+03 0.00469 
   78    1    1    1    1    1    1    1    8    1  8.86692E+03 0.00466 
   79    1    1    1    1    1    1    1    8    2  0.00000E+00 0.00000 
   80    1    1    1    1    1    1    1    8    3  8.60798E+03 0.00455 
   81    1    1    1    1    1    1    1    8    4  8.55252E+03 0.00463 
   82    1    1    1    1    1    1    1    8    5  0.00000E+00 0.00000 
   83    1    1    1    1    1    1    1    8    6  8.26663E+03 0.00465 
   84    1    1    1    1    1    1    1    8    7  8.16302E+03 0.00466 
   85    1    1    1    1    1    1    1    8    8  0.00000E+00 0.00000 
   86    1    1    1    1    1    1    1    8    9  8.08414E+03 0.00472 
   87    1    1    1    1    1    1    1    8   10  7.96265E+03 0.00477 
   88    1    1    1    1    1    1    1    8   11  0.00000E+00 0.00000 
   89    1    1    1    1    1    1    1    9    1  8.50879E+03 0.00464 
   90    1    1    1    1    1    1    1    9    2  8.52610E+03 0.00462 
   91    1    1    1    1    1    1    1    9    3  0.00000E+00 0.00000 
   92    1    1    1    1    1    1    1    9    4  8.23283E+03 0.00468 
   93    1    1    1    1    1    1    1    9    5  8.20835E+03 0.00467 
   94    1    1    1    1    1    1    1    9    6  0.00000E+00 0.00000 
   95    1    1    1    1    1    1    1    9    7  8.03514E+03 0.00480 
   96    1    1    1    1    1    1    1    9    8  7.92223E+03 0.00474 
   97    1    1    1    1    1    1    1    9    9  0.00000E+00 0.00000 
   98    1    1    1    1    1    1    1    9   10  7.84583E+03 0.00491 
   99    1    1    1    1    1    1    1    9   11  7.73127E+03 0.00484 
  100    1    1    1    1    1    1    1   10    1  0.00000E+00 0.00000 
  101    1    1    1    1    1    1    1   10    2  8.29939E+03 0.00476 
  102    1    1    1    1    1    1    1   10    3  8.19138E+03 0.00467 
  103    1    1    1    1    1    1    1   10    4  0.00000E+00 0.00000 
  104    1    1    1    1    1    1    1   10    5  7.99205E+03 0.00473 
  105    1    1    1    1    1    1    1   10    6  8.01938E+03 0.00483 
  106    1    1    1    1    1    1    1   10    7  0.00000E+00 0.00000 
  107    1    1    1    1    1    1    1   10    8  7.80166E+03 0.00485 
  108    1    1    1    1    1    1    1   10    9  7.73561E+03 0.00482 
  109    1    1    1    1    1    1    1   10   10  0.00000E+00 0.00000 
