
ZAI = [
922350
922380
666
0
];

NAMES = [
'U235            '
'U238            '
'lost            '
'total           '
];

i922350 = 1; iU235             = 1;
i922380 = 2; iU238             = 2;
iLOST    = 3;
iTOT     = 4;

MAT_un_VOLUME = [ 2.67264E+05 2.67264E+05 ];

MAT_un_BURNUP = [ 0.00000E+00 4.28893E+01 ];

MAT_un_ADENS = [
4.83387E-03 3.50957E-03 % U235
1.93936E-02 1.88550E-02 % U238
0.00000E+00 4.89650E-30 % lost data
7.26897E-02 7.38010E-02 % total
];

MAT_un_MDENS = [
1.88669E+00 1.36981E+00 % U235
7.66628E+00 7.45338E+00 % U238
0.00000E+00 0.00000E+00 % lost data
1.08000E+01 1.07986E+01 % total
];

MAT_un_A = [
4.03189E+10 2.92731E+10 % U235
2.54811E+10 2.47735E+10 % U238
0.00000E+00 0.00000E+00 % lost data
6.58000E+10 3.28212E+18 % total
];

MAT_un_H = [
3.02247E-02 2.19443E-02 % U235
1.74327E-02 1.69486E-02 % U238
0.00000E+00 0.00000E+00 % lost data
4.76574E-02 9.64552E+05 % total
];

MAT_un_SF = [
2.90296E+00 2.10766E+00 % U235
1.39127E+04 1.35263E+04 % U238
0.00000E+00 0.00000E+00 % lost data
1.39156E+04 1.03821E+08 % total
];

MAT_un_GSRC = [
5.09432E+10 3.69867E+10 % U235
2.25644E+09 2.19378E+09 % U238
0.00000E+00 0.00000E+00 % lost data
5.31996E+10 3.52821E+18 % total
];

MAT_un_ING_TOX = [
1.89499E+03 1.37583E+03 % U235
1.14665E+03 1.11481E+03 % U238
0.00000E+00 0.00000E+00 % lost data
3.04164E+03 2.23491E+09 % total
];

MAT_un_INH_TOX = [
3.42711E+05 2.48821E+05 % U235
2.03849E+05 1.98188E+05 % U238
0.00000E+00 0.00000E+00 % lost data
5.46560E+05 8.01772E+10 % total
];

TOT_VOLUME = [ 2.67264E+05 2.67264E+05 ];

TOT_BURNUP = [ 0.00000E+00 4.28893E+01 ];

TOT_ADENS = [
4.83387E-03 3.50957E-03 % U235
1.93936E-02 1.88550E-02 % U238
0.00000E+00 4.89650E-30 % lost data
7.26897E-02 7.38010E-02 % total
];

TOT_MASS = [
5.04244E+05 3.66101E+05 % U235
2.04892E+06 1.99202E+06 % U238
0.00000E+00 0.00000E+00 % lost data
2.88645E+06 2.88608E+06 % total
];

TOT_A = [
4.03189E+10 2.92731E+10 % U235
2.54811E+10 2.47735E+10 % U238
0.00000E+00 0.00000E+00 % lost data
6.58000E+10 3.28212E+18 % total
];

TOT_H = [
3.02247E-02 2.19443E-02 % U235
1.74327E-02 1.69486E-02 % U238
0.00000E+00 0.00000E+00 % lost data
4.76574E-02 9.64552E+05 % total
];

TOT_SF = [
2.90296E+00 2.10766E+00 % U235
1.39127E+04 1.35263E+04 % U238
0.00000E+00 0.00000E+00 % lost data
1.39156E+04 1.03821E+08 % total
];

TOT_GSRC = [
5.09432E+10 3.69867E+10 % U235
2.25644E+09 2.19378E+09 % U238
0.00000E+00 0.00000E+00 % lost data
5.31996E+10 3.52821E+18 % total
];

TOT_ING_TOX = [
1.89499E+03 1.37583E+03 % U235
1.14665E+03 1.11481E+03 % U238
0.00000E+00 0.00000E+00 % lost data
3.04164E+03 2.23491E+09 % total
];

TOT_INH_TOX = [
3.42711E+05 2.48821E+05 % U235
2.03849E+05 1.98188E+05 % U238
0.00000E+00 0.00000E+00 % lost data
5.46560E+05 8.01772E+10 % total
];

BU = [ 0.00000E+00 4.28879E+01 ];

DAYS = [ 0.00000E+00 7.30000E+03 ];
