
DETassem1 = [
    1    1    1    1    1    1    1    1    1    1  0.00000E+00 0.00000 
    2    1    1    1    1    1    1    1    1    2  0.00000E+00 0.00000 
    3    1    1    1    1    1    1    1    1    3  0.00000E+00 0.00000 
    4    1    1    1    1    1    1    1    1    4  0.00000E+00 0.00000 
    5    1    1    1    1    1    1    1    1    5  0.00000E+00 0.00000 
    6    1    1    1    1    1    1    1    1    6  0.00000E+00 0.00000 
    7    1    1    1    1    1    1    1    1    7  0.00000E+00 0.00000 
    8    1    1    1    1    1    1    1    1    8  1.79706E+04 0.00354 
    9    1    1    1    1    1    1    1    1    9  1.39992E+04 0.00387 
   10    1    1    1    1    1    1    1    1   10  0.00000E+00 0.00000 
   11    1    1    1    1    1    1    1    1   11  1.04014E+04 0.00424 
   12    1    1    1    1    1    1    1    2    1  1.91271E+04 0.00345 
   13    1    1    1    1    1    1    1    2    2  0.00000E+00 0.00000 
   14    1    1    1    1    1    1    1    2    3  0.00000E+00 0.00000 
   15    1    1    1    1    1    1    1    2    4  0.00000E+00 0.00000 
   16    1    1    1    1    1    1    1    2    5  0.00000E+00 0.00000 
   17    1    1    1    1    1    1    1    2    6  1.92548E+04 0.00348 
   18    1    1    1    1    1    1    1    2    7  1.58319E+04 0.00376 
   19    1    1    1    1    1    1    1    2    8  0.00000E+00 0.00000 
   20    1    1    1    1    1    1    1    2    9  1.14809E+04 0.00408 
   21    1    1    1    1    1    1    1    2   10  1.03798E+04 0.00428 
   22    1    1    1    1    1    1    1    2   11  0.00000E+00 0.00000 
   23    1    1    1    1    1    1    1    3    1  1.57636E+04 0.00382 
   24    1    1    1    1    1    1    1    3    2  1.78719E+04 0.00359 
   25    1    1    1    1    1    1    1    3    3  0.00000E+00 0.00000 
   26    1    1    1    1    1    1    1    3    4  1.79716E+04 0.00354 
   27    1    1    1    1    1    1    1    3    5  1.56609E+04 0.00363 
   28    1    1    1    1    1    1    1    3    6  0.00000E+00 0.00000 
   29    1    1    1    1    1    1    1    3    7  1.22158E+04 0.00415 
   30    1    1    1    1    1    1    1    3    8  1.10406E+04 0.00417 
   31    1    1    1    1    1    1    1    3    9  0.00000E+00 0.00000 
   32    1    1    1    1    1    1    1    3   10  9.63523E+03 0.00434 
   33    1    1    1    1    1    1    1    3   11  9.18082E+03 0.00437 
   34    1    1    1    1    1    1    1    4    1  0.00000E+00 0.00000 
   35    1    1    1    1    1    1    1    4    2  1.39750E+04 0.00394 
   36    1    1    1    1    1    1    1    4    3  1.38870E+04 0.00395 
   37    1    1    1    1    1    1    1    4    4  0.00000E+00 0.00000 
   38    1    1    1    1    1    1    1    4    5  1.22118E+04 0.00404 
   39    1    1    1    1    1    1    1    4    6  1.13803E+04 0.00411 
   40    1    1    1    1    1    1    1    4    7  0.00000E+00 0.00000 
   41    1    1    1    1    1    1    1    4    8  9.79758E+03 0.00439 
   42    1    1    1    1    1    1    1    4    9  9.37278E+03 0.00441 
   43    1    1    1    1    1    1    1    4   10  0.00000E+00 0.00000 
   44    1    1    1    1    1    1    1    4   11  8.88514E+03 0.00444 
   45    1    1    1    1    1    1    1    5    1  1.14463E+04 0.00408 
   46    1    1    1    1    1    1    1    5    2  0.00000E+00 0.00000 
   47    1    1    1    1    1    1    1    5    3  1.15333E+04 0.00413 
   48    1    1    1    1    1    1    1    5    4  1.10752E+04 0.00411 
   49    1    1    1    1    1    1    1    5    5  0.00000E+00 0.00000 
   50    1    1    1    1    1    1    1    5    6  9.92114E+03 0.00422 
   51    1    1    1    1    1    1    1    5    7  9.58993E+03 0.00441 
   52    1    1    1    1    1    1    1    5    8  0.00000E+00 0.00000 
   53    1    1    1    1    1    1    1    5    9  9.02399E+03 0.00441 
   54    1    1    1    1    1    1    1    5   10  8.61202E+03 0.00441 
   55    1    1    1    1    1    1    1    5   11  0.00000E+00 0.00000 
   56    1    1    1    1    1    1    1    6    1  1.03207E+04 0.00433 
   57    1    1    1    1    1    1    1    6    2  1.03861E+04 0.00425 
   58    1    1    1    1    1    1    1    6    3  0.00000E+00 0.00000 
   59    1    1    1    1    1    1    1    6    4  9.86287E+03 0.00426 
   60    1    1    1    1    1    1    1    6    5  9.57953E+03 0.00429 
   61    1    1    1    1    1    1    1    6    6  0.00000E+00 0.00000 
   62    1    1    1    1    1    1    1    6    7  9.07713E+03 0.00441 
   63    1    1    1    1    1    1    1    6    8  8.80335E+03 0.00442 
   64    1    1    1    1    1    1    1    6    9  0.00000E+00 0.00000 
   65    1    1    1    1    1    1    1    6   10  8.61947E+03 0.00445 
   66    1    1    1    1    1    1    1    6   11  8.46992E+03 0.00453 
   67    1    1    1    1    1    1    1    7    1  0.00000E+00 0.00000 
   68    1    1    1    1    1    1    1    7    2  9.56285E+03 0.00431 
   69    1    1    1    1    1    1    1    7    3  9.43209E+03 0.00445 
   70    1    1    1    1    1    1    1    7    4  0.00000E+00 0.00000 
   71    1    1    1    1    1    1    1    7    5  9.05633E+03 0.00433 
   72    1    1    1    1    1    1    1    7    6  8.90443E+03 0.00445 
   73    1    1    1    1    1    1    1    7    7  0.00000E+00 0.00000 
   74    1    1    1    1    1    1    1    7    8  8.51608E+03 0.00445 
   75    1    1    1    1    1    1    1    7    9  8.41367E+03 0.00452 
   76    1    1    1    1    1    1    1    7   10  0.00000E+00 0.00000 
   77    1    1    1    1    1    1    1    7   11  8.34169E+03 0.00459 
   78    1    1    1    1    1    1    1    8    1  9.14851E+03 0.00441 
   79    1    1    1    1    1    1    1    8    2  0.00000E+00 0.00000 
   80    1    1    1    1    1    1    1    8    3  8.95782E+03 0.00440 
   81    1    1    1    1    1    1    1    8    4  8.84320E+03 0.00445 
   82    1    1    1    1    1    1    1    8    5  0.00000E+00 0.00000 
   83    1    1    1    1    1    1    1    8    6  8.59961E+03 0.00446 
   84    1    1    1    1    1    1    1    8    7  8.46847E+03 0.00450 
   85    1    1    1    1    1    1    1    8    8  0.00000E+00 0.00000 
   86    1    1    1    1    1    1    1    8    9  8.29133E+03 0.00449 
   87    1    1    1    1    1    1    1    8   10  8.20117E+03 0.00466 
   88    1    1    1    1    1    1    1    8   11  0.00000E+00 0.00000 
   89    1    1    1    1    1    1    1    9    1  8.84473E+03 0.00450 
   90    1    1    1    1    1    1    1    9    2  8.78073E+03 0.00443 
   91    1    1    1    1    1    1    1    9    3  0.00000E+00 0.00000 
   92    1    1    1    1    1    1    1    9    4  8.56309E+03 0.00455 
   93    1    1    1    1    1    1    1    9    5  8.46822E+03 0.00460 
   94    1    1    1    1    1    1    1    9    6  0.00000E+00 0.00000 
   95    1    1    1    1    1    1    1    9    7  8.33305E+03 0.00463 
   96    1    1    1    1    1    1    1    9    8  8.21039E+03 0.00462 
   97    1    1    1    1    1    1    1    9    9  0.00000E+00 0.00000 
   98    1    1    1    1    1    1    1    9   10  7.95489E+03 0.00473 
   99    1    1    1    1    1    1    1    9   11  7.91027E+03 0.00464 
  100    1    1    1    1    1    1    1   10    1  0.00000E+00 0.00000 
  101    1    1    1    1    1    1    1   10    2  8.60615E+03 0.00456 
  102    1    1    1    1    1    1    1   10    3  8.54828E+03 0.00450 
  103    1    1    1    1    1    1    1   10    4  0.00000E+00 0.00000 
  104    1    1    1    1    1    1    1   10    5  8.30044E+03 0.00444 
  105    1    1    1    1    1    1    1   10    6  8.18304E+03 0.00458 
  106    1    1    1    1    1    1    1   10    7  0.00000E+00 0.00000 
  107    1    1    1    1    1    1    1   10    8  7.96347E+03 0.00473 
  108    1    1    1    1    1    1    1   10    9  7.91091E+03 0.00479 
  109    1    1    1    1    1    1    1   10   10  0.00000E+00 0.00000 
