
DETassem1 = [
    1    1    1    1    1    1    1    1    1    1  0.00000E+00 0.00000 
    2    1    1    1    1    1    1    1    1    2  0.00000E+00 0.00000 
    3    1    1    1    1    1    1    1    1    3  0.00000E+00 0.00000 
    4    1    1    1    1    1    1    1    1    4  0.00000E+00 0.00000 
    5    1    1    1    1    1    1    1    1    5  0.00000E+00 0.00000 
    6    1    1    1    1    1    1    1    1    6  0.00000E+00 0.00000 
    7    1    1    1    1    1    1    1    1    7  0.00000E+00 0.00000 
    8    1    1    1    1    1    1    1    1    8  1.78002E+04 0.00359 
    9    1    1    1    1    1    1    1    1    9  1.41067E+04 0.00382 
   10    1    1    1    1    1    1    1    1   10  0.00000E+00 0.00000 
   11    1    1    1    1    1    1    1    1   11  1.03987E+04 0.00423 
   12    1    1    1    1    1    1    1    2    1  1.91761E+04 0.00349 
   13    1    1    1    1    1    1    1    2    2  0.00000E+00 0.00000 
   14    1    1    1    1    1    1    1    2    3  0.00000E+00 0.00000 
   15    1    1    1    1    1    1    1    2    4  0.00000E+00 0.00000 
   16    1    1    1    1    1    1    1    2    5  0.00000E+00 0.00000 
   17    1    1    1    1    1    1    1    2    6  1.91661E+04 0.00345 
   18    1    1    1    1    1    1    1    2    7  1.56717E+04 0.00370 
   19    1    1    1    1    1    1    1    2    8  0.00000E+00 0.00000 
   20    1    1    1    1    1    1    1    2    9  1.15211E+04 0.00420 
   21    1    1    1    1    1    1    1    2   10  1.04414E+04 0.00414 
   22    1    1    1    1    1    1    1    2   11  0.00000E+00 0.00000 
   23    1    1    1    1    1    1    1    3    1  1.55387E+04 0.00378 
   24    1    1    1    1    1    1    1    3    2  1.78821E+04 0.00357 
   25    1    1    1    1    1    1    1    3    3  0.00000E+00 0.00000 
   26    1    1    1    1    1    1    1    3    4  1.79446E+04 0.00351 
   27    1    1    1    1    1    1    1    3    5  1.57496E+04 0.00370 
   28    1    1    1    1    1    1    1    3    6  0.00000E+00 0.00000 
   29    1    1    1    1    1    1    1    3    7  1.22349E+04 0.00399 
   30    1    1    1    1    1    1    1    3    8  1.10884E+04 0.00416 
   31    1    1    1    1    1    1    1    3    9  0.00000E+00 0.00000 
   32    1    1    1    1    1    1    1    3   10  9.54697E+03 0.00422 
   33    1    1    1    1    1    1    1    3   11  9.17941E+03 0.00439 
   34    1    1    1    1    1    1    1    4    1  0.00000E+00 0.00000 
   35    1    1    1    1    1    1    1    4    2  1.39994E+04 0.00386 
   36    1    1    1    1    1    1    1    4    3  1.40380E+04 0.00384 
   37    1    1    1    1    1    1    1    4    4  0.00000E+00 0.00000 
   38    1    1    1    1    1    1    1    4    5  1.22052E+04 0.00404 
   39    1    1    1    1    1    1    1    4    6  1.11095E+04 0.00412 
   40    1    1    1    1    1    1    1    4    7  0.00000E+00 0.00000 
   41    1    1    1    1    1    1    1    4    8  9.81711E+03 0.00430 
   42    1    1    1    1    1    1    1    4    9  9.40057E+03 0.00427 
   43    1    1    1    1    1    1    1    4   10  0.00000E+00 0.00000 
   44    1    1    1    1    1    1    1    4   11  9.01334E+03 0.00442 
   45    1    1    1    1    1    1    1    5    1  1.15740E+04 0.00413 
   46    1    1    1    1    1    1    1    5    2  0.00000E+00 0.00000 
   47    1    1    1    1    1    1    1    5    3  1.14586E+04 0.00417 
   48    1    1    1    1    1    1    1    5    4  1.10745E+04 0.00405 
   49    1    1    1    1    1    1    1    5    5  0.00000E+00 0.00000 
   50    1    1    1    1    1    1    1    5    6  9.95460E+03 0.00422 
   51    1    1    1    1    1    1    1    5    7  9.57699E+03 0.00443 
   52    1    1    1    1    1    1    1    5    8  0.00000E+00 0.00000 
   53    1    1    1    1    1    1    1    5    9  8.96532E+03 0.00435 
   54    1    1    1    1    1    1    1    5   10  8.78215E+03 0.00439 
   55    1    1    1    1    1    1    1    5   11  0.00000E+00 0.00000 
   56    1    1    1    1    1    1    1    6    1  1.04194E+04 0.00422 
   57    1    1    1    1    1    1    1    6    2  1.03794E+04 0.00417 
   58    1    1    1    1    1    1    1    6    3  0.00000E+00 0.00000 
   59    1    1    1    1    1    1    1    6    4  9.79018E+03 0.00428 
   60    1    1    1    1    1    1    1    6    5  9.50764E+03 0.00432 
   61    1    1    1    1    1    1    1    6    6  0.00000E+00 0.00000 
   62    1    1    1    1    1    1    1    6    7  8.91880E+03 0.00439 
   63    1    1    1    1    1    1    1    6    8  8.83676E+03 0.00445 
   64    1    1    1    1    1    1    1    6    9  0.00000E+00 0.00000 
   65    1    1    1    1    1    1    1    6   10  8.57465E+03 0.00451 
   66    1    1    1    1    1    1    1    6   11  8.40140E+03 0.00453 
   67    1    1    1    1    1    1    1    7    1  0.00000E+00 0.00000 
   68    1    1    1    1    1    1    1    7    2  9.53750E+03 0.00443 
   69    1    1    1    1    1    1    1    7    3  9.43170E+03 0.00435 
   70    1    1    1    1    1    1    1    7    4  0.00000E+00 0.00000 
   71    1    1    1    1    1    1    1    7    5  9.01072E+03 0.00435 
   72    1    1    1    1    1    1    1    7    6  8.78487E+03 0.00440 
   73    1    1    1    1    1    1    1    7    7  0.00000E+00 0.00000 
   74    1    1    1    1    1    1    1    7    8  8.55899E+03 0.00440 
   75    1    1    1    1    1    1    1    7    9  8.44241E+03 0.00451 
   76    1    1    1    1    1    1    1    7   10  0.00000E+00 0.00000 
   77    1    1    1    1    1    1    1    7   11  8.27868E+03 0.00459 
   78    1    1    1    1    1    1    1    8    1  9.17999E+03 0.00440 
   79    1    1    1    1    1    1    1    8    2  0.00000E+00 0.00000 
   80    1    1    1    1    1    1    1    8    3  8.90662E+03 0.00443 
   81    1    1    1    1    1    1    1    8    4  8.85434E+03 0.00452 
   82    1    1    1    1    1    1    1    8    5  0.00000E+00 0.00000 
   83    1    1    1    1    1    1    1    8    6  8.50153E+03 0.00451 
   84    1    1    1    1    1    1    1    8    7  8.42899E+03 0.00452 
   85    1    1    1    1    1    1    1    8    8  0.00000E+00 0.00000 
   86    1    1    1    1    1    1    1    8    9  8.32902E+03 0.00462 
   87    1    1    1    1    1    1    1    8   10  8.26041E+03 0.00450 
   88    1    1    1    1    1    1    1    8   11  0.00000E+00 0.00000 
   89    1    1    1    1    1    1    1    9    1  8.97458E+03 0.00441 
   90    1    1    1    1    1    1    1    9    2  8.77445E+03 0.00443 
   91    1    1    1    1    1    1    1    9    3  0.00000E+00 0.00000 
   92    1    1    1    1    1    1    1    9    4  8.55764E+03 0.00448 
   93    1    1    1    1    1    1    1    9    5  8.34897E+03 0.00449 
   94    1    1    1    1    1    1    1    9    6  0.00000E+00 0.00000 
   95    1    1    1    1    1    1    1    9    7  8.20510E+03 0.00453 
   96    1    1    1    1    1    1    1    9    8  8.13968E+03 0.00449 
   97    1    1    1    1    1    1    1    9    9  0.00000E+00 0.00000 
   98    1    1    1    1    1    1    1    9   10  8.06090E+03 0.00463 
   99    1    1    1    1    1    1    1    9   11  7.87421E+03 0.00469 
  100    1    1    1    1    1    1    1   10    1  0.00000E+00 0.00000 
  101    1    1    1    1    1    1    1   10    2  8.52217E+03 0.00453 
  102    1    1    1    1    1    1    1   10    3  8.53718E+03 0.00454 
  103    1    1    1    1    1    1    1   10    4  0.00000E+00 0.00000 
  104    1    1    1    1    1    1    1   10    5  8.28638E+03 0.00463 
  105    1    1    1    1    1    1    1   10    6  8.07946E+03 0.00458 
  106    1    1    1    1    1    1    1   10    7  0.00000E+00 0.00000 
  107    1    1    1    1    1    1    1   10    8  8.01255E+03 0.00471 
  108    1    1    1    1    1    1    1   10    9  7.87073E+03 0.00476 
  109    1    1    1    1    1    1    1   10   10  0.00000E+00 0.00000 
