
ZAI = [
922350
922380
666
0
];

NAMES = [
'U235            '
'U238            '
'lost            '
'total           '
];

i922350 = 1; iU235             = 1;
i922380 = 2; iU238             = 2;
iLOST    = 3;
iTOT     = 4;

MAT_un_VOLUME = [ 2.67006E+05 2.67006E+05 ];

MAT_un_BURNUP = [ 0.00000E+00 4.29307E+01 ];

MAT_un_ADENS = [
4.83387E-03 3.50797E-03 % U235
1.93936E-02 1.88527E-02 % U238
0.00000E+00 4.62231E-30 % lost data
7.26897E-02 7.38021E-02 % total
];

MAT_un_MDENS = [
1.88669E+00 1.36918E+00 % U235
7.66628E+00 7.45246E+00 % U238
0.00000E+00 0.00000E+00 % lost data
1.08000E+01 1.07986E+01 % total
];

MAT_un_A = [
4.02799E+10 2.92314E+10 % U235
2.54565E+10 2.47465E+10 % U238
0.00000E+00 0.00000E+00 % lost data
6.57364E+10 3.28402E+18 % total
];

MAT_un_H = [
3.01955E-02 2.19131E-02 % U235
1.74159E-02 1.69301E-02 % U238
0.00000E+00 0.00000E+00 % lost data
4.76113E-02 9.64699E+05 % total
];

MAT_un_SF = [
2.90016E+00 2.10466E+00 % U235
1.38992E+04 1.35116E+04 % U238
0.00000E+00 0.00000E+00 % lost data
1.39022E+04 1.04100E+08 % total
];

MAT_un_GSRC = [
5.08940E+10 3.69341E+10 % U235
2.25427E+09 2.19139E+09 % U238
0.00000E+00 0.00000E+00 % lost data
5.31482E+10 3.53049E+18 % total
];

MAT_un_ING_TOX = [
1.89316E+03 1.37388E+03 % U235
1.14554E+03 1.11359E+03 % U238
0.00000E+00 0.00000E+00 % lost data
3.03870E+03 2.23651E+09 % total
];

MAT_un_INH_TOX = [
3.42380E+05 2.48467E+05 % U235
2.03652E+05 1.97972E+05 % U238
0.00000E+00 0.00000E+00 % lost data
5.46032E+05 8.04617E+10 % total
];

TOT_VOLUME = [ 2.67006E+05 2.67006E+05 ];

TOT_BURNUP = [ 0.00000E+00 4.29307E+01 ];

TOT_ADENS = [
4.83387E-03 3.50797E-03 % U235
1.93936E-02 1.88527E-02 % U238
0.00000E+00 4.62231E-30 % lost data
7.26897E-02 7.38021E-02 % total
];

TOT_MASS = [
5.03757E+05 3.65580E+05 % U235
2.04694E+06 1.98985E+06 % U238
0.00000E+00 0.00000E+00 % lost data
2.88367E+06 2.88329E+06 % total
];

TOT_A = [
4.02799E+10 2.92314E+10 % U235
2.54565E+10 2.47465E+10 % U238
0.00000E+00 0.00000E+00 % lost data
6.57364E+10 3.28402E+18 % total
];

TOT_H = [
3.01955E-02 2.19131E-02 % U235
1.74159E-02 1.69301E-02 % U238
0.00000E+00 0.00000E+00 % lost data
4.76113E-02 9.64699E+05 % total
];

TOT_SF = [
2.90016E+00 2.10466E+00 % U235
1.38992E+04 1.35116E+04 % U238
0.00000E+00 0.00000E+00 % lost data
1.39022E+04 1.04100E+08 % total
];

TOT_GSRC = [
5.08940E+10 3.69341E+10 % U235
2.25427E+09 2.19139E+09 % U238
0.00000E+00 0.00000E+00 % lost data
5.31482E+10 3.53049E+18 % total
];

TOT_ING_TOX = [
1.89316E+03 1.37388E+03 % U235
1.14554E+03 1.11359E+03 % U238
0.00000E+00 0.00000E+00 % lost data
3.03870E+03 2.23651E+09 % total
];

TOT_INH_TOX = [
3.42380E+05 2.48467E+05 % U235
2.03652E+05 1.97972E+05 % U238
0.00000E+00 0.00000E+00 % lost data
5.46032E+05 8.04617E+10 % total
];

BU = [ 0.00000E+00 4.29294E+01 ];

DAYS = [ 0.00000E+00 7.30000E+03 ];
