
DETassem1 = [
    1    1    1    1    1    1    1    1    1    1  0.00000E+00 0.00000 
    2    1    1    1    1    1    1    1    1    2  0.00000E+00 0.00000 
    3    1    1    1    1    1    1    1    1    3  0.00000E+00 0.00000 
    4    1    1    1    1    1    1    1    1    4  0.00000E+00 0.00000 
    5    1    1    1    1    1    1    1    1    5  0.00000E+00 0.00000 
    6    1    1    1    1    1    1    1    1    6  0.00000E+00 0.00000 
    7    1    1    1    1    1    1    1    1    7  0.00000E+00 0.00000 
    8    1    1    1    1    1    1    1    1    8  1.78069E+04 0.00359 
    9    1    1    1    1    1    1    1    1    9  1.39228E+04 0.00380 
   10    1    1    1    1    1    1    1    1   10  0.00000E+00 0.00000 
   11    1    1    1    1    1    1    1    1   11  1.02832E+04 0.00423 
   12    1    1    1    1    1    1    1    2    1  1.91128E+04 0.00353 
   13    1    1    1    1    1    1    1    2    2  0.00000E+00 0.00000 
   14    1    1    1    1    1    1    1    2    3  0.00000E+00 0.00000 
   15    1    1    1    1    1    1    1    2    4  0.00000E+00 0.00000 
   16    1    1    1    1    1    1    1    2    5  0.00000E+00 0.00000 
   17    1    1    1    1    1    1    1    2    6  1.91543E+04 0.00342 
   18    1    1    1    1    1    1    1    2    7  1.57287E+04 0.00358 
   19    1    1    1    1    1    1    1    2    8  0.00000E+00 0.00000 
   20    1    1    1    1    1    1    1    2    9  1.13747E+04 0.00411 
   21    1    1    1    1    1    1    1    2   10  1.02746E+04 0.00422 
   22    1    1    1    1    1    1    1    2   11  0.00000E+00 0.00000 
   23    1    1    1    1    1    1    1    3    1  1.55810E+04 0.00371 
   24    1    1    1    1    1    1    1    3    2  1.76897E+04 0.00362 
   25    1    1    1    1    1    1    1    3    3  0.00000E+00 0.00000 
   26    1    1    1    1    1    1    1    3    4  1.77372E+04 0.00352 
   27    1    1    1    1    1    1    1    3    5  1.55381E+04 0.00373 
   28    1    1    1    1    1    1    1    3    6  0.00000E+00 0.00000 
   29    1    1    1    1    1    1    1    3    7  1.22849E+04 0.00399 
   30    1    1    1    1    1    1    1    3    8  1.09581E+04 0.00422 
   31    1    1    1    1    1    1    1    3    9  0.00000E+00 0.00000 
   32    1    1    1    1    1    1    1    3   10  9.43744E+03 0.00428 
   33    1    1    1    1    1    1    1    3   11  9.05741E+03 0.00443 
   34    1    1    1    1    1    1    1    4    1  0.00000E+00 0.00000 
   35    1    1    1    1    1    1    1    4    2  1.38524E+04 0.00393 
   36    1    1    1    1    1    1    1    4    3  1.38417E+04 0.00392 
   37    1    1    1    1    1    1    1    4    4  0.00000E+00 0.00000 
   38    1    1    1    1    1    1    1    4    5  1.22080E+04 0.00396 
   39    1    1    1    1    1    1    1    4    6  1.12971E+04 0.00411 
   40    1    1    1    1    1    1    1    4    7  0.00000E+00 0.00000 
   41    1    1    1    1    1    1    1    4    8  9.85253E+03 0.00424 
   42    1    1    1    1    1    1    1    4    9  9.34811E+03 0.00435 
   43    1    1    1    1    1    1    1    4   10  0.00000E+00 0.00000 
   44    1    1    1    1    1    1    1    4   11  8.67489E+03 0.00447 
   45    1    1    1    1    1    1    1    5    1  1.13046E+04 0.00407 
   46    1    1    1    1    1    1    1    5    2  0.00000E+00 0.00000 
   47    1    1    1    1    1    1    1    5    3  1.12806E+04 0.00406 
   48    1    1    1    1    1    1    1    5    4  1.09003E+04 0.00417 
   49    1    1    1    1    1    1    1    5    5  0.00000E+00 0.00000 
   50    1    1    1    1    1    1    1    5    6  9.95009E+03 0.00435 
   51    1    1    1    1    1    1    1    5    7  9.60478E+03 0.00416 
   52    1    1    1    1    1    1    1    5    8  0.00000E+00 0.00000 
   53    1    1    1    1    1    1    1    5    9  8.95501E+03 0.00440 
   54    1    1    1    1    1    1    1    5   10  8.72947E+03 0.00440 
   55    1    1    1    1    1    1    1    5   11  0.00000E+00 0.00000 
   56    1    1    1    1    1    1    1    6    1  1.02027E+04 0.00418 
   57    1    1    1    1    1    1    1    6    2  1.02079E+04 0.00418 
   58    1    1    1    1    1    1    1    6    3  0.00000E+00 0.00000 
   59    1    1    1    1    1    1    1    6    4  9.84908E+03 0.00429 
   60    1    1    1    1    1    1    1    6    5  9.58024E+03 0.00425 
   61    1    1    1    1    1    1    1    6    6  0.00000E+00 0.00000 
   62    1    1    1    1    1    1    1    6    7  9.02248E+03 0.00441 
   63    1    1    1    1    1    1    1    6    8  8.81829E+03 0.00445 
   64    1    1    1    1    1    1    1    6    9  0.00000E+00 0.00000 
   65    1    1    1    1    1    1    1    6   10  8.49213E+03 0.00449 
   66    1    1    1    1    1    1    1    6   11  8.37552E+03 0.00458 
   67    1    1    1    1    1    1    1    7    1  0.00000E+00 0.00000 
   68    1    1    1    1    1    1    1    7    2  9.46033E+03 0.00432 
   69    1    1    1    1    1    1    1    7    3  9.34941E+03 0.00432 
   70    1    1    1    1    1    1    1    7    4  0.00000E+00 0.00000 
   71    1    1    1    1    1    1    1    7    5  9.03006E+03 0.00452 
   72    1    1    1    1    1    1    1    7    6  8.83356E+03 0.00443 
   73    1    1    1    1    1    1    1    7    7  0.00000E+00 0.00000 
   74    1    1    1    1    1    1    1    7    8  8.51932E+03 0.00449 
   75    1    1    1    1    1    1    1    7    9  8.41976E+03 0.00459 
   76    1    1    1    1    1    1    1    7   10  0.00000E+00 0.00000 
   77    1    1    1    1    1    1    1    7   11  8.23737E+03 0.00455 
   78    1    1    1    1    1    1    1    8    1  8.96297E+03 0.00438 
   79    1    1    1    1    1    1    1    8    2  0.00000E+00 0.00000 
   80    1    1    1    1    1    1    1    8    3  8.96448E+03 0.00433 
   81    1    1    1    1    1    1    1    8    4  8.83894E+03 0.00459 
   82    1    1    1    1    1    1    1    8    5  0.00000E+00 0.00000 
   83    1    1    1    1    1    1    1    8    6  8.53847E+03 0.00443 
   84    1    1    1    1    1    1    1    8    7  8.37468E+03 0.00448 
   85    1    1    1    1    1    1    1    8    8  0.00000E+00 0.00000 
   86    1    1    1    1    1    1    1    8    9  8.19103E+03 0.00459 
   87    1    1    1    1    1    1    1    8   10  8.15430E+03 0.00459 
   88    1    1    1    1    1    1    1    8   11  0.00000E+00 0.00000 
   89    1    1    1    1    1    1    1    9    1  8.74778E+03 0.00450 
   90    1    1    1    1    1    1    1    9    2  8.74309E+03 0.00446 
   91    1    1    1    1    1    1    1    9    3  0.00000E+00 0.00000 
   92    1    1    1    1    1    1    1    9    4  8.55943E+03 0.00452 
   93    1    1    1    1    1    1    1    9    5  8.36296E+03 0.00456 
   94    1    1    1    1    1    1    1    9    6  0.00000E+00 0.00000 
   95    1    1    1    1    1    1    1    9    7  8.20718E+03 0.00463 
   96    1    1    1    1    1    1    1    9    8  8.07589E+03 0.00461 
   97    1    1    1    1    1    1    1    9    9  0.00000E+00 0.00000 
   98    1    1    1    1    1    1    1    9   10  8.01534E+03 0.00473 
   99    1    1    1    1    1    1    1    9   11  7.95746E+03 0.00472 
  100    1    1    1    1    1    1    1   10    1  0.00000E+00 0.00000 
  101    1    1    1    1    1    1    1   10    2  8.46237E+03 0.00447 
  102    1    1    1    1    1    1    1   10    3  8.38143E+03 0.00459 
  103    1    1    1    1    1    1    1   10    4  0.00000E+00 0.00000 
  104    1    1    1    1    1    1    1   10    5  8.22217E+03 0.00462 
  105    1    1    1    1    1    1    1   10    6  8.16558E+03 0.00459 
  106    1    1    1    1    1    1    1   10    7  0.00000E+00 0.00000 
  107    1    1    1    1    1    1    1   10    8  7.98537E+03 0.00473 
  108    1    1    1    1    1    1    1   10    9  7.83980E+03 0.00458 
  109    1    1    1    1    1    1    1   10   10  0.00000E+00 0.00000 
