
DETassem1 = [
    1    1    1    1    1    1    1    1    1    1  0.00000E+00 0.00000 
    2    1    1    1    1    1    1    1    1    2  0.00000E+00 0.00000 
    3    1    1    1    1    1    1    1    1    3  0.00000E+00 0.00000 
    4    1    1    1    1    1    1    1    1    4  0.00000E+00 0.00000 
    5    1    1    1    1    1    1    1    1    5  0.00000E+00 0.00000 
    6    1    1    1    1    1    1    1    1    6  0.00000E+00 0.00000 
    7    1    1    1    1    1    1    1    1    7  0.00000E+00 0.00000 
    8    1    1    1    1    1    1    1    1    8  1.82966E+04 0.00357 
    9    1    1    1    1    1    1    1    1    9  1.39626E+04 0.00392 
   10    1    1    1    1    1    1    1    1   10  0.00000E+00 0.00000 
   11    1    1    1    1    1    1    1    1   11  1.00720E+04 0.00448 
   12    1    1    1    1    1    1    1    2    1  1.98745E+04 0.00354 
   13    1    1    1    1    1    1    1    2    2  0.00000E+00 0.00000 
   14    1    1    1    1    1    1    1    2    3  0.00000E+00 0.00000 
   15    1    1    1    1    1    1    1    2    4  0.00000E+00 0.00000 
   16    1    1    1    1    1    1    1    2    5  0.00000E+00 0.00000 
   17    1    1    1    1    1    1    1    2    6  1.98016E+04 0.00356 
   18    1    1    1    1    1    1    1    2    7  1.58547E+04 0.00387 
   19    1    1    1    1    1    1    1    2    8  0.00000E+00 0.00000 
   20    1    1    1    1    1    1    1    2    9  1.13081E+04 0.00424 
   21    1    1    1    1    1    1    1    2   10  9.97379E+03 0.00439 
   22    1    1    1    1    1    1    1    2   11  0.00000E+00 0.00000 
   23    1    1    1    1    1    1    1    3    1  1.58156E+04 0.00384 
   24    1    1    1    1    1    1    1    3    2  1.83108E+04 0.00366 
   25    1    1    1    1    1    1    1    3    3  0.00000E+00 0.00000 
   26    1    1    1    1    1    1    1    3    4  1.83089E+04 0.00362 
   27    1    1    1    1    1    1    1    3    5  1.58679E+04 0.00388 
   28    1    1    1    1    1    1    1    3    6  0.00000E+00 0.00000 
   29    1    1    1    1    1    1    1    3    7  1.20486E+04 0.00434 
   30    1    1    1    1    1    1    1    3    8  1.07271E+04 0.00437 
   31    1    1    1    1    1    1    1    3    9  0.00000E+00 0.00000 
   32    1    1    1    1    1    1    1    3   10  9.20136E+03 0.00447 
   33    1    1    1    1    1    1    1    3   11  8.85241E+03 0.00463 
   34    1    1    1    1    1    1    1    4    1  0.00000E+00 0.00000 
   35    1    1    1    1    1    1    1    4    2  1.39511E+04 0.00407 
   36    1    1    1    1    1    1    1    4    3  1.39827E+04 0.00411 
   37    1    1    1    1    1    1    1    4    4  0.00000E+00 0.00000 
   38    1    1    1    1    1    1    1    4    5  1.20120E+04 0.00419 
   39    1    1    1    1    1    1    1    4    6  1.10449E+04 0.00431 
   40    1    1    1    1    1    1    1    4    7  0.00000E+00 0.00000 
   41    1    1    1    1    1    1    1    4    8  9.54791E+03 0.00445 
   42    1    1    1    1    1    1    1    4    9  9.14478E+03 0.00451 
   43    1    1    1    1    1    1    1    4   10  0.00000E+00 0.00000 
   44    1    1    1    1    1    1    1    4   11  8.52190E+03 0.00460 
   45    1    1    1    1    1    1    1    5    1  1.12469E+04 0.00422 
   46    1    1    1    1    1    1    1    5    2  0.00000E+00 0.00000 
   47    1    1    1    1    1    1    1    5    3  1.12826E+04 0.00426 
   48    1    1    1    1    1    1    1    5    4  1.07852E+04 0.00433 
   49    1    1    1    1    1    1    1    5    5  0.00000E+00 0.00000 
   50    1    1    1    1    1    1    1    5    6  9.57602E+03 0.00451 
   51    1    1    1    1    1    1    1    5    7  9.28582E+03 0.00454 
   52    1    1    1    1    1    1    1    5    8  0.00000E+00 0.00000 
   53    1    1    1    1    1    1    1    5    9  8.59625E+03 0.00456 
   54    1    1    1    1    1    1    1    5   10  8.44559E+03 0.00465 
   55    1    1    1    1    1    1    1    5   11  0.00000E+00 0.00000 
   56    1    1    1    1    1    1    1    6    1  1.00454E+04 0.00431 
   57    1    1    1    1    1    1    1    6    2  1.00471E+04 0.00444 
   58    1    1    1    1    1    1    1    6    3  0.00000E+00 0.00000 
   59    1    1    1    1    1    1    1    6    4  9.48165E+03 0.00447 
   60    1    1    1    1    1    1    1    6    5  9.20848E+03 0.00463 
   61    1    1    1    1    1    1    1    6    6  0.00000E+00 0.00000 
   62    1    1    1    1    1    1    1    6    7  8.69236E+03 0.00478 
   63    1    1    1    1    1    1    1    6    8  8.56506E+03 0.00455 
   64    1    1    1    1    1    1    1    6    9  0.00000E+00 0.00000 
   65    1    1    1    1    1    1    1    6   10  8.34643E+03 0.00472 
   66    1    1    1    1    1    1    1    6   11  8.26791E+03 0.00480 
   67    1    1    1    1    1    1    1    7    1  0.00000E+00 0.00000 
   68    1    1    1    1    1    1    1    7    2  9.23162E+03 0.00461 
   69    1    1    1    1    1    1    1    7    3  9.08173E+03 0.00453 
   70    1    1    1    1    1    1    1    7    4  0.00000E+00 0.00000 
   71    1    1    1    1    1    1    1    7    5  8.73233E+03 0.00460 
   72    1    1    1    1    1    1    1    7    6  8.54947E+03 0.00470 
   73    1    1    1    1    1    1    1    7    7  0.00000E+00 0.00000 
   74    1    1    1    1    1    1    1    7    8  8.28841E+03 0.00468 
   75    1    1    1    1    1    1    1    7    9  8.15227E+03 0.00481 
   76    1    1    1    1    1    1    1    7   10  0.00000E+00 0.00000 
   77    1    1    1    1    1    1    1    7   11  8.13910E+03 0.00476 
   78    1    1    1    1    1    1    1    8    1  8.94382E+03 0.00454 
   79    1    1    1    1    1    1    1    8    2  0.00000E+00 0.00000 
   80    1    1    1    1    1    1    1    8    3  8.69332E+03 0.00455 
   81    1    1    1    1    1    1    1    8    4  8.46440E+03 0.00467 
   82    1    1    1    1    1    1    1    8    5  0.00000E+00 0.00000 
   83    1    1    1    1    1    1    1    8    6  8.24891E+03 0.00479 
   84    1    1    1    1    1    1    1    8    7  8.24819E+03 0.00468 
   85    1    1    1    1    1    1    1    8    8  0.00000E+00 0.00000 
   86    1    1    1    1    1    1    1    8    9  8.00785E+03 0.00482 
   87    1    1    1    1    1    1    1    8   10  7.96782E+03 0.00468 
   88    1    1    1    1    1    1    1    8   11  0.00000E+00 0.00000 
   89    1    1    1    1    1    1    1    9    1  8.49274E+03 0.00456 
   90    1    1    1    1    1    1    1    9    2  8.45649E+03 0.00461 
   91    1    1    1    1    1    1    1    9    3  0.00000E+00 0.00000 
   92    1    1    1    1    1    1    1    9    4  8.30614E+03 0.00457 
   93    1    1    1    1    1    1    1    9    5  8.19020E+03 0.00476 
   94    1    1    1    1    1    1    1    9    6  0.00000E+00 0.00000 
   95    1    1    1    1    1    1    1    9    7  8.01174E+03 0.00473 
   96    1    1    1    1    1    1    1    9    8  8.01431E+03 0.00474 
   97    1    1    1    1    1    1    1    9    9  0.00000E+00 0.00000 
   98    1    1    1    1    1    1    1    9   10  7.84508E+03 0.00484 
   99    1    1    1    1    1    1    1    9   11  7.78513E+03 0.00486 
  100    1    1    1    1    1    1    1   10    1  0.00000E+00 0.00000 
  101    1    1    1    1    1    1    1   10    2  8.30190E+03 0.00461 
  102    1    1    1    1    1    1    1   10    3  8.20274E+03 0.00469 
  103    1    1    1    1    1    1    1   10    4  0.00000E+00 0.00000 
  104    1    1    1    1    1    1    1   10    5  8.06128E+03 0.00476 
  105    1    1    1    1    1    1    1   10    6  7.94620E+03 0.00485 
  106    1    1    1    1    1    1    1   10    7  0.00000E+00 0.00000 
  107    1    1    1    1    1    1    1   10    8  7.78483E+03 0.00484 
  108    1    1    1    1    1    1    1   10    9  7.64674E+03 0.00482 
  109    1    1    1    1    1    1    1   10   10  0.00000E+00 0.00000 
