
ZAI = [
922350
922380
666
0
];

NAMES = [
'U235            '
'U238            '
'lost            '
'total           '
];

i922350 = 1; iU235             = 1;
i922380 = 2; iU238             = 2;
iLOST    = 3;
iTOT     = 4;

MAT_un_VOLUME = [ 2.67397E+05 2.67397E+05 ];

MAT_un_BURNUP = [ 0.00000E+00 4.28679E+01 ];

MAT_un_ADENS = [
4.83387E-03 3.50982E-03 % U235
1.93936E-02 1.88538E-02 % U238
0.00000E+00 3.36256E-30 % lost data
7.26897E-02 7.38004E-02 % total
];

MAT_un_MDENS = [
1.88669E+00 1.36991E+00 % U235
7.66628E+00 7.45290E+00 % U238
0.00000E+00 0.00000E+00 % lost data
1.08000E+01 1.07986E+01 % total
];

MAT_un_A = [
4.03390E+10 2.92897E+10 % U235
2.54938E+10 2.47842E+10 % U238
0.00000E+00 0.00000E+00 % lost data
6.58328E+10 3.28313E+18 % total
];

MAT_un_H = [
3.02397E-02 2.19567E-02 % U235
1.74414E-02 1.69559E-02 % U238
0.00000E+00 0.00000E+00 % lost data
4.76811E-02 9.64581E+05 % total
];

MAT_un_SF = [
2.90441E+00 2.10886E+00 % U235
1.39196E+04 1.35322E+04 % U238
0.00000E+00 0.00000E+00 % lost data
1.39225E+04 1.03672E+08 % total
];

MAT_un_GSRC = [
5.09685E+10 3.70077E+10 % U235
2.25757E+09 2.19473E+09 % U238
0.00000E+00 0.00000E+00 % lost data
5.32261E+10 3.52948E+18 % total
];

MAT_un_ING_TOX = [
1.89593E+03 1.37662E+03 % U235
1.14722E+03 1.11529E+03 % U238
0.00000E+00 0.00000E+00 % lost data
3.04315E+03 2.23548E+09 % total
];

MAT_un_INH_TOX = [
3.42881E+05 2.48963E+05 % U235
2.03950E+05 1.98274E+05 % U238
0.00000E+00 0.00000E+00 % lost data
5.46832E+05 8.02733E+10 % total
];

TOT_VOLUME = [ 2.67397E+05 2.67397E+05 ];

TOT_BURNUP = [ 0.00000E+00 4.28679E+01 ];

TOT_ADENS = [
4.83387E-03 3.50982E-03 % U235
1.93936E-02 1.88538E-02 % U238
0.00000E+00 3.36256E-30 % lost data
7.26897E-02 7.38004E-02 % total
];

TOT_MASS = [
5.04495E+05 3.66309E+05 % U235
2.04994E+06 1.99288E+06 % U238
0.00000E+00 0.00000E+00 % lost data
2.88789E+06 2.88752E+06 % total
];

TOT_A = [
4.03390E+10 2.92897E+10 % U235
2.54938E+10 2.47842E+10 % U238
0.00000E+00 0.00000E+00 % lost data
6.58328E+10 3.28313E+18 % total
];

TOT_H = [
3.02397E-02 2.19567E-02 % U235
1.74414E-02 1.69559E-02 % U238
0.00000E+00 0.00000E+00 % lost data
4.76811E-02 9.64581E+05 % total
];

TOT_SF = [
2.90441E+00 2.10886E+00 % U235
1.39196E+04 1.35322E+04 % U238
0.00000E+00 0.00000E+00 % lost data
1.39225E+04 1.03672E+08 % total
];

TOT_GSRC = [
5.09685E+10 3.70077E+10 % U235
2.25757E+09 2.19473E+09 % U238
0.00000E+00 0.00000E+00 % lost data
5.32261E+10 3.52948E+18 % total
];

TOT_ING_TOX = [
1.89593E+03 1.37662E+03 % U235
1.14722E+03 1.11529E+03 % U238
0.00000E+00 0.00000E+00 % lost data
3.04315E+03 2.23548E+09 % total
];

TOT_INH_TOX = [
3.42881E+05 2.48963E+05 % U235
2.03950E+05 1.98274E+05 % U238
0.00000E+00 0.00000E+00 % lost data
5.46832E+05 8.02733E+10 % total
];

BU = [ 0.00000E+00 4.28666E+01 ];

DAYS = [ 0.00000E+00 7.30000E+03 ];
