
DETassem1 = [
    1    1    1    1    1    1    1    1    1    1  0.00000E+00 0.00000 
    2    1    1    1    1    1    1    1    1    2  0.00000E+00 0.00000 
    3    1    1    1    1    1    1    1    1    3  0.00000E+00 0.00000 
    4    1    1    1    1    1    1    1    1    4  0.00000E+00 0.00000 
    5    1    1    1    1    1    1    1    1    5  0.00000E+00 0.00000 
    6    1    1    1    1    1    1    1    1    6  0.00000E+00 0.00000 
    7    1    1    1    1    1    1    1    1    7  0.00000E+00 0.00000 
    8    1    1    1    1    1    1    1    1    8  1.81187E+04 0.00368 
    9    1    1    1    1    1    1    1    1    9  1.38869E+04 0.00403 
   10    1    1    1    1    1    1    1    1   10  0.00000E+00 0.00000 
   11    1    1    1    1    1    1    1    1   11  9.96247E+03 0.00457 
   12    1    1    1    1    1    1    1    2    1  1.96505E+04 0.00358 
   13    1    1    1    1    1    1    1    2    2  0.00000E+00 0.00000 
   14    1    1    1    1    1    1    1    2    3  0.00000E+00 0.00000 
   15    1    1    1    1    1    1    1    2    4  0.00000E+00 0.00000 
   16    1    1    1    1    1    1    1    2    5  0.00000E+00 0.00000 
   17    1    1    1    1    1    1    1    2    6  1.97121E+04 0.00361 
   18    1    1    1    1    1    1    1    2    7  1.56974E+04 0.00392 
   19    1    1    1    1    1    1    1    2    8  0.00000E+00 0.00000 
   20    1    1    1    1    1    1    1    2    9  1.10997E+04 0.00435 
   21    1    1    1    1    1    1    1    2   10  9.91474E+03 0.00450 
   22    1    1    1    1    1    1    1    2   11  0.00000E+00 0.00000 
   23    1    1    1    1    1    1    1    3    1  1.56883E+04 0.00390 
   24    1    1    1    1    1    1    1    3    2  1.82361E+04 0.00367 
   25    1    1    1    1    1    1    1    3    3  0.00000E+00 0.00000 
   26    1    1    1    1    1    1    1    3    4  1.82205E+04 0.00360 
   27    1    1    1    1    1    1    1    3    5  1.57197E+04 0.00376 
   28    1    1    1    1    1    1    1    3    6  0.00000E+00 0.00000 
   29    1    1    1    1    1    1    1    3    7  1.18986E+04 0.00427 
   30    1    1    1    1    1    1    1    3    8  1.06249E+04 0.00436 
   31    1    1    1    1    1    1    1    3    9  0.00000E+00 0.00000 
   32    1    1    1    1    1    1    1    3   10  9.18586E+03 0.00448 
   33    1    1    1    1    1    1    1    3   11  8.77901E+03 0.00458 
   34    1    1    1    1    1    1    1    4    1  0.00000E+00 0.00000 
   35    1    1    1    1    1    1    1    4    2  1.37816E+04 0.00409 
   36    1    1    1    1    1    1    1    4    3  1.39763E+04 0.00393 
   37    1    1    1    1    1    1    1    4    4  0.00000E+00 0.00000 
   38    1    1    1    1    1    1    1    4    5  1.19207E+04 0.00422 
   39    1    1    1    1    1    1    1    4    6  1.09949E+04 0.00427 
   40    1    1    1    1    1    1    1    4    7  0.00000E+00 0.00000 
   41    1    1    1    1    1    1    1    4    8  9.41157E+03 0.00444 
   42    1    1    1    1    1    1    1    4    9  9.07360E+03 0.00459 
   43    1    1    1    1    1    1    1    4   10  0.00000E+00 0.00000 
   44    1    1    1    1    1    1    1    4   11  8.53880E+03 0.00466 
   45    1    1    1    1    1    1    1    5    1  1.10861E+04 0.00423 
   46    1    1    1    1    1    1    1    5    2  0.00000E+00 0.00000 
   47    1    1    1    1    1    1    1    5    3  1.11585E+04 0.00424 
   48    1    1    1    1    1    1    1    5    4  1.05828E+04 0.00441 
   49    1    1    1    1    1    1    1    5    5  0.00000E+00 0.00000 
   50    1    1    1    1    1    1    1    5    6  9.51178E+03 0.00456 
   51    1    1    1    1    1    1    1    5    7  9.17226E+03 0.00450 
   52    1    1    1    1    1    1    1    5    8  0.00000E+00 0.00000 
   53    1    1    1    1    1    1    1    5    9  8.56833E+03 0.00464 
   54    1    1    1    1    1    1    1    5   10  8.44847E+03 0.00463 
   55    1    1    1    1    1    1    1    5   11  0.00000E+00 0.00000 
   56    1    1    1    1    1    1    1    6    1  9.92741E+03 0.00439 
   57    1    1    1    1    1    1    1    6    2  9.92783E+03 0.00439 
   58    1    1    1    1    1    1    1    6    3  0.00000E+00 0.00000 
   59    1    1    1    1    1    1    1    6    4  9.49133E+03 0.00436 
   60    1    1    1    1    1    1    1    6    5  9.24515E+03 0.00455 
   61    1    1    1    1    1    1    1    6    6  0.00000E+00 0.00000 
   62    1    1    1    1    1    1    1    6    7  8.62541E+03 0.00470 
   63    1    1    1    1    1    1    1    6    8  8.46394E+03 0.00465 
   64    1    1    1    1    1    1    1    6    9  0.00000E+00 0.00000 
   65    1    1    1    1    1    1    1    6   10  8.34063E+03 0.00475 
   66    1    1    1    1    1    1    1    6   11  8.16686E+03 0.00467 
   67    1    1    1    1    1    1    1    7    1  0.00000E+00 0.00000 
   68    1    1    1    1    1    1    1    7    2  9.19530E+03 0.00449 
   69    1    1    1    1    1    1    1    7    3  9.08716E+03 0.00453 
   70    1    1    1    1    1    1    1    7    4  0.00000E+00 0.00000 
   71    1    1    1    1    1    1    1    7    5  8.63808E+03 0.00450 
   72    1    1    1    1    1    1    1    7    6  8.40859E+03 0.00467 
   73    1    1    1    1    1    1    1    7    7  0.00000E+00 0.00000 
   74    1    1    1    1    1    1    1    7    8  8.26396E+03 0.00467 
   75    1    1    1    1    1    1    1    7    9  8.17813E+03 0.00475 
   76    1    1    1    1    1    1    1    7   10  0.00000E+00 0.00000 
   77    1    1    1    1    1    1    1    7   11  8.02741E+03 0.00478 
   78    1    1    1    1    1    1    1    8    1  8.70203E+03 0.00462 
   79    1    1    1    1    1    1    1    8    2  0.00000E+00 0.00000 
   80    1    1    1    1    1    1    1    8    3  8.61703E+03 0.00459 
   81    1    1    1    1    1    1    1    8    4  8.49723E+03 0.00454 
   82    1    1    1    1    1    1    1    8    5  0.00000E+00 0.00000 
   83    1    1    1    1    1    1    1    8    6  8.21767E+03 0.00474 
   84    1    1    1    1    1    1    1    8    7  8.15133E+03 0.00462 
   85    1    1    1    1    1    1    1    8    8  0.00000E+00 0.00000 
   86    1    1    1    1    1    1    1    8    9  7.99820E+03 0.00477 
   87    1    1    1    1    1    1    1    8   10  7.86169E+03 0.00477 
   88    1    1    1    1    1    1    1    8   11  0.00000E+00 0.00000 
   89    1    1    1    1    1    1    1    9    1  8.54905E+03 0.00465 
   90    1    1    1    1    1    1    1    9    2  8.43563E+03 0.00473 
   91    1    1    1    1    1    1    1    9    3  0.00000E+00 0.00000 
   92    1    1    1    1    1    1    1    9    4  8.24052E+03 0.00480 
   93    1    1    1    1    1    1    1    9    5  8.17569E+03 0.00472 
   94    1    1    1    1    1    1    1    9    6  0.00000E+00 0.00000 
   95    1    1    1    1    1    1    1    9    7  7.97972E+03 0.00471 
   96    1    1    1    1    1    1    1    9    8  7.89889E+03 0.00478 
   97    1    1    1    1    1    1    1    9    9  0.00000E+00 0.00000 
   98    1    1    1    1    1    1    1    9   10  7.80532E+03 0.00481 
   99    1    1    1    1    1    1    1    9   11  7.75287E+03 0.00490 
  100    1    1    1    1    1    1    1   10    1  0.00000E+00 0.00000 
  101    1    1    1    1    1    1    1   10    2  8.31044E+03 0.00477 
  102    1    1    1    1    1    1    1   10    3  8.10870E+03 0.00476 
  103    1    1    1    1    1    1    1   10    4  0.00000E+00 0.00000 
  104    1    1    1    1    1    1    1   10    5  7.97062E+03 0.00478 
  105    1    1    1    1    1    1    1   10    6  7.97129E+03 0.00488 
  106    1    1    1    1    1    1    1   10    7  0.00000E+00 0.00000 
  107    1    1    1    1    1    1    1   10    8  7.74857E+03 0.00481 
  108    1    1    1    1    1    1    1   10    9  7.61261E+03 0.00480 
  109    1    1    1    1    1    1    1   10   10  0.00000E+00 0.00000 
