
DETassem1 = [
    1    1    1    1    1    1    1    1    1    1  0.00000E+00 0.00000 
    2    1    1    1    1    1    1    1    1    2  0.00000E+00 0.00000 
    3    1    1    1    1    1    1    1    1    3  0.00000E+00 0.00000 
    4    1    1    1    1    1    1    1    1    4  0.00000E+00 0.00000 
    5    1    1    1    1    1    1    1    1    5  0.00000E+00 0.00000 
    6    1    1    1    1    1    1    1    1    6  0.00000E+00 0.00000 
    7    1    1    1    1    1    1    1    1    7  0.00000E+00 0.00000 
    8    1    1    1    1    1    1    1    1    8  1.77801E+04 0.00357 
    9    1    1    1    1    1    1    1    1    9  1.38215E+04 0.00394 
   10    1    1    1    1    1    1    1    1   10  0.00000E+00 0.00000 
   11    1    1    1    1    1    1    1    1   11  1.02554E+04 0.00427 
   12    1    1    1    1    1    1    1    2    1  1.90320E+04 0.00349 
   13    1    1    1    1    1    1    1    2    2  0.00000E+00 0.00000 
   14    1    1    1    1    1    1    1    2    3  0.00000E+00 0.00000 
   15    1    1    1    1    1    1    1    2    4  0.00000E+00 0.00000 
   16    1    1    1    1    1    1    1    2    5  0.00000E+00 0.00000 
   17    1    1    1    1    1    1    1    2    6  1.90364E+04 0.00353 
   18    1    1    1    1    1    1    1    2    7  1.55712E+04 0.00375 
   19    1    1    1    1    1    1    1    2    8  0.00000E+00 0.00000 
   20    1    1    1    1    1    1    1    2    9  1.13600E+04 0.00413 
   21    1    1    1    1    1    1    1    2   10  1.01888E+04 0.00430 
   22    1    1    1    1    1    1    1    2   11  0.00000E+00 0.00000 
   23    1    1    1    1    1    1    1    3    1  1.56423E+04 0.00369 
   24    1    1    1    1    1    1    1    3    2  1.78504E+04 0.00353 
   25    1    1    1    1    1    1    1    3    3  0.00000E+00 0.00000 
   26    1    1    1    1    1    1    1    3    4  1.78122E+04 0.00357 
   27    1    1    1    1    1    1    1    3    5  1.56590E+04 0.00373 
   28    1    1    1    1    1    1    1    3    6  0.00000E+00 0.00000 
   29    1    1    1    1    1    1    1    3    7  1.21119E+04 0.00408 
   30    1    1    1    1    1    1    1    3    8  1.07841E+04 0.00423 
   31    1    1    1    1    1    1    1    3    9  0.00000E+00 0.00000 
   32    1    1    1    1    1    1    1    3   10  9.44714E+03 0.00428 
   33    1    1    1    1    1    1    1    3   11  9.03492E+03 0.00438 
   34    1    1    1    1    1    1    1    4    1  0.00000E+00 0.00000 
   35    1    1    1    1    1    1    1    4    2  1.38826E+04 0.00388 
   36    1    1    1    1    1    1    1    4    3  1.38950E+04 0.00387 
   37    1    1    1    1    1    1    1    4    4  0.00000E+00 0.00000 
   38    1    1    1    1    1    1    1    4    5  1.21121E+04 0.00400 
   39    1    1    1    1    1    1    1    4    6  1.12793E+04 0.00414 
   40    1    1    1    1    1    1    1    4    7  0.00000E+00 0.00000 
   41    1    1    1    1    1    1    1    4    8  9.75962E+03 0.00435 
   42    1    1    1    1    1    1    1    4    9  9.29219E+03 0.00434 
   43    1    1    1    1    1    1    1    4   10  0.00000E+00 0.00000 
   44    1    1    1    1    1    1    1    4   11  8.75063E+03 0.00442 
   45    1    1    1    1    1    1    1    5    1  1.13678E+04 0.00418 
   46    1    1    1    1    1    1    1    5    2  0.00000E+00 0.00000 
   47    1    1    1    1    1    1    1    5    3  1.14032E+04 0.00410 
   48    1    1    1    1    1    1    1    5    4  1.09955E+04 0.00415 
   49    1    1    1    1    1    1    1    5    5  0.00000E+00 0.00000 
   50    1    1    1    1    1    1    1    5    6  9.87688E+03 0.00426 
   51    1    1    1    1    1    1    1    5    7  9.46486E+03 0.00430 
   52    1    1    1    1    1    1    1    5    8  0.00000E+00 0.00000 
   53    1    1    1    1    1    1    1    5    9  8.92279E+03 0.00448 
   54    1    1    1    1    1    1    1    5   10  8.76330E+03 0.00456 
   55    1    1    1    1    1    1    1    5   11  0.00000E+00 0.00000 
   56    1    1    1    1    1    1    1    6    1  1.02852E+04 0.00437 
   57    1    1    1    1    1    1    1    6    2  1.03303E+04 0.00423 
   58    1    1    1    1    1    1    1    6    3  0.00000E+00 0.00000 
   59    1    1    1    1    1    1    1    6    4  9.83706E+03 0.00428 
   60    1    1    1    1    1    1    1    6    5  9.51818E+03 0.00432 
   61    1    1    1    1    1    1    1    6    6  0.00000E+00 0.00000 
   62    1    1    1    1    1    1    1    6    7  8.99601E+03 0.00441 
   63    1    1    1    1    1    1    1    6    8  8.85360E+03 0.00450 
   64    1    1    1    1    1    1    1    6    9  0.00000E+00 0.00000 
   65    1    1    1    1    1    1    1    6   10  8.54569E+03 0.00448 
   66    1    1    1    1    1    1    1    6   11  8.41924E+03 0.00451 
   67    1    1    1    1    1    1    1    7    1  0.00000E+00 0.00000 
   68    1    1    1    1    1    1    1    7    2  9.46094E+03 0.00438 
   69    1    1    1    1    1    1    1    7    3  9.31479E+03 0.00445 
   70    1    1    1    1    1    1    1    7    4  0.00000E+00 0.00000 
   71    1    1    1    1    1    1    1    7    5  8.97996E+03 0.00438 
   72    1    1    1    1    1    1    1    7    6  8.78835E+03 0.00441 
   73    1    1    1    1    1    1    1    7    7  0.00000E+00 0.00000 
   74    1    1    1    1    1    1    1    7    8  8.54753E+03 0.00450 
   75    1    1    1    1    1    1    1    7    9  8.41127E+03 0.00449 
   76    1    1    1    1    1    1    1    7   10  0.00000E+00 0.00000 
   77    1    1    1    1    1    1    1    7   11  8.27127E+03 0.00443 
   78    1    1    1    1    1    1    1    8    1  9.03216E+03 0.00438 
   79    1    1    1    1    1    1    1    8    2  0.00000E+00 0.00000 
   80    1    1    1    1    1    1    1    8    3  8.90914E+03 0.00444 
   81    1    1    1    1    1    1    1    8    4  8.74953E+03 0.00439 
   82    1    1    1    1    1    1    1    8    5  0.00000E+00 0.00000 
   83    1    1    1    1    1    1    1    8    6  8.52902E+03 0.00461 
   84    1    1    1    1    1    1    1    8    7  8.47555E+03 0.00446 
   85    1    1    1    1    1    1    1    8    8  0.00000E+00 0.00000 
   86    1    1    1    1    1    1    1    8    9  8.30597E+03 0.00463 
   87    1    1    1    1    1    1    1    8   10  8.07477E+03 0.00467 
   88    1    1    1    1    1    1    1    8   11  0.00000E+00 0.00000 
   89    1    1    1    1    1    1    1    9    1  8.73412E+03 0.00451 
   90    1    1    1    1    1    1    1    9    2  8.68275E+03 0.00437 
   91    1    1    1    1    1    1    1    9    3  0.00000E+00 0.00000 
   92    1    1    1    1    1    1    1    9    4  8.52502E+03 0.00450 
   93    1    1    1    1    1    1    1    9    5  8.41822E+03 0.00457 
   94    1    1    1    1    1    1    1    9    6  0.00000E+00 0.00000 
   95    1    1    1    1    1    1    1    9    7  8.24902E+03 0.00457 
   96    1    1    1    1    1    1    1    9    8  8.15545E+03 0.00454 
   97    1    1    1    1    1    1    1    9    9  0.00000E+00 0.00000 
   98    1    1    1    1    1    1    1    9   10  7.96636E+03 0.00457 
   99    1    1    1    1    1    1    1    9   11  7.87359E+03 0.00448 
  100    1    1    1    1    1    1    1   10    1  0.00000E+00 0.00000 
  101    1    1    1    1    1    1    1   10    2  8.52293E+03 0.00454 
  102    1    1    1    1    1    1    1   10    3  8.36860E+03 0.00468 
  103    1    1    1    1    1    1    1   10    4  0.00000E+00 0.00000 
  104    1    1    1    1    1    1    1   10    5  8.22761E+03 0.00455 
  105    1    1    1    1    1    1    1   10    6  8.16845E+03 0.00458 
  106    1    1    1    1    1    1    1   10    7  0.00000E+00 0.00000 
  107    1    1    1    1    1    1    1   10    8  7.88025E+03 0.00459 
  108    1    1    1    1    1    1    1   10    9  7.88241E+03 0.00472 
  109    1    1    1    1    1    1    1   10   10  0.00000E+00 0.00000 
