
DETassem1 = [
    1    1    1    1    1    1    1    1    1    1  0.00000E+00 0.00000 
    2    1    1    1    1    1    1    1    1    2  0.00000E+00 0.00000 
    3    1    1    1    1    1    1    1    1    3  0.00000E+00 0.00000 
    4    1    1    1    1    1    1    1    1    4  0.00000E+00 0.00000 
    5    1    1    1    1    1    1    1    1    5  0.00000E+00 0.00000 
    6    1    1    1    1    1    1    1    1    6  0.00000E+00 0.00000 
    7    1    1    1    1    1    1    1    1    7  0.00000E+00 0.00000 
    8    1    1    1    1    1    1    1    1    8  1.83460E+04 0.00368 
    9    1    1    1    1    1    1    1    1    9  1.39904E+04 0.00409 
   10    1    1    1    1    1    1    1    1   10  0.00000E+00 0.00000 
   11    1    1    1    1    1    1    1    1   11  1.00629E+04 0.00447 
   12    1    1    1    1    1    1    1    2    1  1.97193E+04 0.00354 
   13    1    1    1    1    1    1    1    2    2  0.00000E+00 0.00000 
   14    1    1    1    1    1    1    1    2    3  0.00000E+00 0.00000 
   15    1    1    1    1    1    1    1    2    4  0.00000E+00 0.00000 
   16    1    1    1    1    1    1    1    2    5  0.00000E+00 0.00000 
   17    1    1    1    1    1    1    1    2    6  1.97601E+04 0.00357 
   18    1    1    1    1    1    1    1    2    7  1.57689E+04 0.00385 
   19    1    1    1    1    1    1    1    2    8  0.00000E+00 0.00000 
   20    1    1    1    1    1    1    1    2    9  1.12131E+04 0.00423 
   21    1    1    1    1    1    1    1    2   10  1.00384E+04 0.00440 
   22    1    1    1    1    1    1    1    2   11  0.00000E+00 0.00000 
   23    1    1    1    1    1    1    1    3    1  1.58480E+04 0.00398 
   24    1    1    1    1    1    1    1    3    2  1.83046E+04 0.00356 
   25    1    1    1    1    1    1    1    3    3  0.00000E+00 0.00000 
   26    1    1    1    1    1    1    1    3    4  1.84229E+04 0.00365 
   27    1    1    1    1    1    1    1    3    5  1.58453E+04 0.00390 
   28    1    1    1    1    1    1    1    3    6  0.00000E+00 0.00000 
   29    1    1    1    1    1    1    1    3    7  1.20517E+04 0.00420 
   30    1    1    1    1    1    1    1    3    8  1.08651E+04 0.00441 
   31    1    1    1    1    1    1    1    3    9  0.00000E+00 0.00000 
   32    1    1    1    1    1    1    1    3   10  9.22733E+03 0.00449 
   33    1    1    1    1    1    1    1    3   11  8.86410E+03 0.00455 
   34    1    1    1    1    1    1    1    4    1  0.00000E+00 0.00000 
   35    1    1    1    1    1    1    1    4    2  1.39840E+04 0.00403 
   36    1    1    1    1    1    1    1    4    3  1.39613E+04 0.00393 
   37    1    1    1    1    1    1    1    4    4  0.00000E+00 0.00000 
   38    1    1    1    1    1    1    1    4    5  1.19637E+04 0.00425 
   39    1    1    1    1    1    1    1    4    6  1.10825E+04 0.00427 
   40    1    1    1    1    1    1    1    4    7  0.00000E+00 0.00000 
   41    1    1    1    1    1    1    1    4    8  9.50613E+03 0.00447 
   42    1    1    1    1    1    1    1    4    9  9.05548E+03 0.00441 
   43    1    1    1    1    1    1    1    4   10  0.00000E+00 0.00000 
   44    1    1    1    1    1    1    1    4   11  8.57462E+03 0.00473 
   45    1    1    1    1    1    1    1    5    1  1.12706E+04 0.00433 
   46    1    1    1    1    1    1    1    5    2  0.00000E+00 0.00000 
   47    1    1    1    1    1    1    1    5    3  1.12725E+04 0.00413 
   48    1    1    1    1    1    1    1    5    4  1.08799E+04 0.00430 
   49    1    1    1    1    1    1    1    5    5  0.00000E+00 0.00000 
   50    1    1    1    1    1    1    1    5    6  9.70314E+03 0.00446 
   51    1    1    1    1    1    1    1    5    7  9.27470E+03 0.00455 
   52    1    1    1    1    1    1    1    5    8  0.00000E+00 0.00000 
   53    1    1    1    1    1    1    1    5    9  8.64409E+03 0.00454 
   54    1    1    1    1    1    1    1    5   10  8.45641E+03 0.00465 
   55    1    1    1    1    1    1    1    5   11  0.00000E+00 0.00000 
   56    1    1    1    1    1    1    1    6    1  1.00919E+04 0.00448 
   57    1    1    1    1    1    1    1    6    2  1.00635E+04 0.00445 
   58    1    1    1    1    1    1    1    6    3  0.00000E+00 0.00000 
   59    1    1    1    1    1    1    1    6    4  9.69115E+03 0.00448 
   60    1    1    1    1    1    1    1    6    5  9.27261E+03 0.00451 
   61    1    1    1    1    1    1    1    6    6  0.00000E+00 0.00000 
   62    1    1    1    1    1    1    1    6    7  8.63389E+03 0.00456 
   63    1    1    1    1    1    1    1    6    8  8.47990E+03 0.00466 
   64    1    1    1    1    1    1    1    6    9  0.00000E+00 0.00000 
   65    1    1    1    1    1    1    1    6   10  8.24699E+03 0.00477 
   66    1    1    1    1    1    1    1    6   11  8.22581E+03 0.00470 
   67    1    1    1    1    1    1    1    7    1  0.00000E+00 0.00000 
   68    1    1    1    1    1    1    1    7    2  9.24767E+03 0.00448 
   69    1    1    1    1    1    1    1    7    3  9.08336E+03 0.00447 
   70    1    1    1    1    1    1    1    7    4  0.00000E+00 0.00000 
   71    1    1    1    1    1    1    1    7    5  8.63240E+03 0.00459 
   72    1    1    1    1    1    1    1    7    6  8.52312E+03 0.00461 
   73    1    1    1    1    1    1    1    7    7  0.00000E+00 0.00000 
   74    1    1    1    1    1    1    1    7    8  8.28055E+03 0.00474 
   75    1    1    1    1    1    1    1    7    9  8.18020E+03 0.00464 
   76    1    1    1    1    1    1    1    7   10  0.00000E+00 0.00000 
   77    1    1    1    1    1    1    1    7   11  8.03652E+03 0.00475 
   78    1    1    1    1    1    1    1    8    1  8.92722E+03 0.00452 
   79    1    1    1    1    1    1    1    8    2  0.00000E+00 0.00000 
   80    1    1    1    1    1    1    1    8    3  8.69568E+03 0.00460 
   81    1    1    1    1    1    1    1    8    4  8.50021E+03 0.00459 
   82    1    1    1    1    1    1    1    8    5  0.00000E+00 0.00000 
   83    1    1    1    1    1    1    1    8    6  8.27147E+03 0.00471 
   84    1    1    1    1    1    1    1    8    7  8.22989E+03 0.00463 
   85    1    1    1    1    1    1    1    8    8  0.00000E+00 0.00000 
   86    1    1    1    1    1    1    1    8    9  8.07304E+03 0.00471 
   87    1    1    1    1    1    1    1    8   10  7.94007E+03 0.00474 
   88    1    1    1    1    1    1    1    8   11  0.00000E+00 0.00000 
   89    1    1    1    1    1    1    1    9    1  8.55169E+03 0.00461 
   90    1    1    1    1    1    1    1    9    2  8.51395E+03 0.00465 
   91    1    1    1    1    1    1    1    9    3  0.00000E+00 0.00000 
   92    1    1    1    1    1    1    1    9    4  8.25364E+03 0.00474 
   93    1    1    1    1    1    1    1    9    5  8.19366E+03 0.00468 
   94    1    1    1    1    1    1    1    9    6  0.00000E+00 0.00000 
   95    1    1    1    1    1    1    1    9    7  7.99727E+03 0.00476 
   96    1    1    1    1    1    1    1    9    8  8.00640E+03 0.00486 
   97    1    1    1    1    1    1    1    9    9  0.00000E+00 0.00000 
   98    1    1    1    1    1    1    1    9   10  7.77351E+03 0.00487 
   99    1    1    1    1    1    1    1    9   11  7.73161E+03 0.00489 
  100    1    1    1    1    1    1    1   10    1  0.00000E+00 0.00000 
  101    1    1    1    1    1    1    1   10    2  8.23481E+03 0.00465 
  102    1    1    1    1    1    1    1   10    3  8.23468E+03 0.00473 
  103    1    1    1    1    1    1    1   10    4  0.00000E+00 0.00000 
  104    1    1    1    1    1    1    1   10    5  8.06120E+03 0.00475 
  105    1    1    1    1    1    1    1   10    6  7.98300E+03 0.00463 
  106    1    1    1    1    1    1    1   10    7  0.00000E+00 0.00000 
  107    1    1    1    1    1    1    1   10    8  7.80058E+03 0.00497 
  108    1    1    1    1    1    1    1   10    9  7.58959E+03 0.00480 
  109    1    1    1    1    1    1    1   10   10  0.00000E+00 0.00000 
