
ZAI = [
922350
922380
666
0
];

NAMES = [
'U235            '
'U238            '
'lost            '
'total           '
];

i922350 = 1; iU235             = 1;
i922380 = 2; iU238             = 2;
iLOST    = 3;
iTOT     = 4;

MAT_un_VOLUME = [ 2.67166E+05 2.67166E+05 ];

MAT_un_BURNUP = [ 0.00000E+00 4.29050E+01 ];

MAT_un_ADENS = [
4.83387E-03 3.50887E-03 % U235
1.93936E-02 1.88541E-02 % U238
0.00000E+00 3.72528E-30 % lost data
7.26897E-02 7.38014E-02 % total
];

MAT_un_MDENS = [
1.88669E+00 1.36953E+00 % U235
7.66628E+00 7.45300E+00 % U238
0.00000E+00 0.00000E+00 % lost data
1.08000E+01 1.07986E+01 % total
];

MAT_un_A = [
4.03041E+10 2.92565E+10 % U235
2.54718E+10 2.47631E+10 % U238
0.00000E+00 0.00000E+00 % lost data
6.57758E+10 3.28272E+18 % total
];

MAT_un_H = [
3.02136E-02 2.19318E-02 % U235
1.74263E-02 1.69415E-02 % U238
0.00000E+00 0.00000E+00 % lost data
4.76399E-02 9.64576E+05 % total
];

MAT_un_SF = [
2.90189E+00 2.10647E+00 % U235
1.39076E+04 1.35207E+04 % U238
0.00000E+00 0.00000E+00 % lost data
1.39105E+04 1.03821E+08 % total
];

MAT_un_GSRC = [
5.09245E+10 3.69657E+10 % U235
2.25562E+09 2.19286E+09 % U238
0.00000E+00 0.00000E+00 % lost data
5.31801E+10 3.52895E+18 % total
];

MAT_un_ING_TOX = [
1.89429E+03 1.37505E+03 % U235
1.14623E+03 1.11434E+03 % U238
0.00000E+00 0.00000E+00 % lost data
3.04052E+03 2.23531E+09 % total
];

MAT_un_INH_TOX = [
3.42585E+05 2.48680E+05 % U235
2.03774E+05 1.98105E+05 % U238
0.00000E+00 0.00000E+00 % lost data
5.46359E+05 8.02597E+10 % total
];

TOT_VOLUME = [ 2.67166E+05 2.67166E+05 ];

TOT_BURNUP = [ 0.00000E+00 4.29050E+01 ];

TOT_ADENS = [
4.83387E-03 3.50887E-03 % U235
1.93936E-02 1.88541E-02 % U238
0.00000E+00 3.72528E-30 % lost data
7.26897E-02 7.38014E-02 % total
];

TOT_MASS = [
5.04059E+05 3.65893E+05 % U235
2.04817E+06 1.99119E+06 % U238
0.00000E+00 0.00000E+00 % lost data
2.88539E+06 2.88502E+06 % total
];

TOT_A = [
4.03041E+10 2.92565E+10 % U235
2.54718E+10 2.47631E+10 % U238
0.00000E+00 0.00000E+00 % lost data
6.57758E+10 3.28272E+18 % total
];

TOT_H = [
3.02136E-02 2.19318E-02 % U235
1.74263E-02 1.69415E-02 % U238
0.00000E+00 0.00000E+00 % lost data
4.76399E-02 9.64576E+05 % total
];

TOT_SF = [
2.90189E+00 2.10647E+00 % U235
1.39076E+04 1.35207E+04 % U238
0.00000E+00 0.00000E+00 % lost data
1.39105E+04 1.03821E+08 % total
];

TOT_GSRC = [
5.09245E+10 3.69657E+10 % U235
2.25562E+09 2.19286E+09 % U238
0.00000E+00 0.00000E+00 % lost data
5.31801E+10 3.52895E+18 % total
];

TOT_ING_TOX = [
1.89429E+03 1.37505E+03 % U235
1.14623E+03 1.11434E+03 % U238
0.00000E+00 0.00000E+00 % lost data
3.04052E+03 2.23531E+09 % total
];

TOT_INH_TOX = [
3.42585E+05 2.48680E+05 % U235
2.03774E+05 1.98105E+05 % U238
0.00000E+00 0.00000E+00 % lost data
5.46359E+05 8.02597E+10 % total
];

BU = [ 0.00000E+00 4.29037E+01 ];

DAYS = [ 0.00000E+00 7.30000E+03 ];
