
DETassem1 = [
    1    1    1    1    1    1    1    1    1    1  0.00000E+00 0.00000 
    2    1    1    1    1    1    1    1    1    2  0.00000E+00 0.00000 
    3    1    1    1    1    1    1    1    1    3  0.00000E+00 0.00000 
    4    1    1    1    1    1    1    1    1    4  0.00000E+00 0.00000 
    5    1    1    1    1    1    1    1    1    5  0.00000E+00 0.00000 
    6    1    1    1    1    1    1    1    1    6  0.00000E+00 0.00000 
    7    1    1    1    1    1    1    1    1    7  0.00000E+00 0.00000 
    8    1    1    1    1    1    1    1    1    8  1.81967E+04 0.00368 
    9    1    1    1    1    1    1    1    1    9  1.38316E+04 0.00409 
   10    1    1    1    1    1    1    1    1   10  0.00000E+00 0.00000 
   11    1    1    1    1    1    1    1    1   11  9.93997E+03 0.00443 
   12    1    1    1    1    1    1    1    2    1  1.96932E+04 0.00353 
   13    1    1    1    1    1    1    1    2    2  0.00000E+00 0.00000 
   14    1    1    1    1    1    1    1    2    3  0.00000E+00 0.00000 
   15    1    1    1    1    1    1    1    2    4  0.00000E+00 0.00000 
   16    1    1    1    1    1    1    1    2    5  0.00000E+00 0.00000 
   17    1    1    1    1    1    1    1    2    6  1.96811E+04 0.00363 
   18    1    1    1    1    1    1    1    2    7  1.56562E+04 0.00383 
   19    1    1    1    1    1    1    1    2    8  0.00000E+00 0.00000 
   20    1    1    1    1    1    1    1    2    9  1.11151E+04 0.00430 
   21    1    1    1    1    1    1    1    2   10  9.89641E+03 0.00446 
   22    1    1    1    1    1    1    1    2   11  0.00000E+00 0.00000 
   23    1    1    1    1    1    1    1    3    1  1.58152E+04 0.00397 
   24    1    1    1    1    1    1    1    3    2  1.82315E+04 0.00357 
   25    1    1    1    1    1    1    1    3    3  0.00000E+00 0.00000 
   26    1    1    1    1    1    1    1    3    4  1.83225E+04 0.00368 
   27    1    1    1    1    1    1    1    3    5  1.57456E+04 0.00385 
   28    1    1    1    1    1    1    1    3    6  0.00000E+00 0.00000 
   29    1    1    1    1    1    1    1    3    7  1.19836E+04 0.00424 
   30    1    1    1    1    1    1    1    3    8  1.07711E+04 0.00435 
   31    1    1    1    1    1    1    1    3    9  0.00000E+00 0.00000 
   32    1    1    1    1    1    1    1    3   10  9.17614E+03 0.00456 
   33    1    1    1    1    1    1    1    3   11  8.87526E+03 0.00454 
   34    1    1    1    1    1    1    1    4    1  0.00000E+00 0.00000 
   35    1    1    1    1    1    1    1    4    2  1.38691E+04 0.00404 
   36    1    1    1    1    1    1    1    4    3  1.39392E+04 0.00397 
   37    1    1    1    1    1    1    1    4    4  0.00000E+00 0.00000 
   38    1    1    1    1    1    1    1    4    5  1.20283E+04 0.00421 
   39    1    1    1    1    1    1    1    4    6  1.11270E+04 0.00428 
   40    1    1    1    1    1    1    1    4    7  0.00000E+00 0.00000 
   41    1    1    1    1    1    1    1    4    8  9.53489E+03 0.00453 
   42    1    1    1    1    1    1    1    4    9  9.10938E+03 0.00458 
   43    1    1    1    1    1    1    1    4   10  0.00000E+00 0.00000 
   44    1    1    1    1    1    1    1    4   11  8.58787E+03 0.00464 
   45    1    1    1    1    1    1    1    5    1  1.11240E+04 0.00430 
   46    1    1    1    1    1    1    1    5    2  0.00000E+00 0.00000 
   47    1    1    1    1    1    1    1    5    3  1.12501E+04 0.00429 
   48    1    1    1    1    1    1    1    5    4  1.07615E+04 0.00433 
   49    1    1    1    1    1    1    1    5    5  0.00000E+00 0.00000 
   50    1    1    1    1    1    1    1    5    6  9.67457E+03 0.00446 
   51    1    1    1    1    1    1    1    5    7  9.22961E+03 0.00466 
   52    1    1    1    1    1    1    1    5    8  0.00000E+00 0.00000 
   53    1    1    1    1    1    1    1    5    9  8.59058E+03 0.00465 
   54    1    1    1    1    1    1    1    5   10  8.39615E+03 0.00470 
   55    1    1    1    1    1    1    1    5   11  0.00000E+00 0.00000 
   56    1    1    1    1    1    1    1    6    1  9.95310E+03 0.00451 
   57    1    1    1    1    1    1    1    6    2  9.87831E+03 0.00441 
   58    1    1    1    1    1    1    1    6    3  0.00000E+00 0.00000 
   59    1    1    1    1    1    1    1    6    4  9.59680E+03 0.00449 
   60    1    1    1    1    1    1    1    6    5  9.23411E+03 0.00451 
   61    1    1    1    1    1    1    1    6    6  0.00000E+00 0.00000 
   62    1    1    1    1    1    1    1    6    7  8.73331E+03 0.00461 
   63    1    1    1    1    1    1    1    6    8  8.45291E+03 0.00475 
   64    1    1    1    1    1    1    1    6    9  0.00000E+00 0.00000 
   65    1    1    1    1    1    1    1    6   10  8.23601E+03 0.00474 
   66    1    1    1    1    1    1    1    6   11  8.10366E+03 0.00466 
   67    1    1    1    1    1    1    1    7    1  0.00000E+00 0.00000 
   68    1    1    1    1    1    1    1    7    2  9.18303E+03 0.00457 
   69    1    1    1    1    1    1    1    7    3  9.08246E+03 0.00451 
   70    1    1    1    1    1    1    1    7    4  0.00000E+00 0.00000 
   71    1    1    1    1    1    1    1    7    5  8.73776E+03 0.00460 
   72    1    1    1    1    1    1    1    7    6  8.50961E+03 0.00464 
   73    1    1    1    1    1    1    1    7    7  0.00000E+00 0.00000 
   74    1    1    1    1    1    1    1    7    8  8.15286E+03 0.00463 
   75    1    1    1    1    1    1    1    7    9  8.17773E+03 0.00469 
   76    1    1    1    1    1    1    1    7   10  0.00000E+00 0.00000 
   77    1    1    1    1    1    1    1    7   11  7.92549E+03 0.00479 
   78    1    1    1    1    1    1    1    8    1  8.88830E+03 0.00449 
   79    1    1    1    1    1    1    1    8    2  0.00000E+00 0.00000 
   80    1    1    1    1    1    1    1    8    3  8.61594E+03 0.00456 
   81    1    1    1    1    1    1    1    8    4  8.50400E+03 0.00464 
   82    1    1    1    1    1    1    1    8    5  0.00000E+00 0.00000 
   83    1    1    1    1    1    1    1    8    6  8.25608E+03 0.00480 
   84    1    1    1    1    1    1    1    8    7  8.13301E+03 0.00475 
   85    1    1    1    1    1    1    1    8    8  0.00000E+00 0.00000 
   86    1    1    1    1    1    1    1    8    9  7.94918E+03 0.00469 
   87    1    1    1    1    1    1    1    8   10  7.85360E+03 0.00474 
   88    1    1    1    1    1    1    1    8   11  0.00000E+00 0.00000 
   89    1    1    1    1    1    1    1    9    1  8.61726E+03 0.00464 
   90    1    1    1    1    1    1    1    9    2  8.49251E+03 0.00459 
   91    1    1    1    1    1    1    1    9    3  0.00000E+00 0.00000 
   92    1    1    1    1    1    1    1    9    4  8.18483E+03 0.00467 
   93    1    1    1    1    1    1    1    9    5  8.07549E+03 0.00472 
   94    1    1    1    1    1    1    1    9    6  0.00000E+00 0.00000 
   95    1    1    1    1    1    1    1    9    7  7.80542E+03 0.00476 
   96    1    1    1    1    1    1    1    9    8  7.91051E+03 0.00482 
   97    1    1    1    1    1    1    1    9    9  0.00000E+00 0.00000 
   98    1    1    1    1    1    1    1    9   10  7.70491E+03 0.00477 
   99    1    1    1    1    1    1    1    9   11  7.71102E+03 0.00483 
  100    1    1    1    1    1    1    1   10    1  0.00000E+00 0.00000 
  101    1    1    1    1    1    1    1   10    2  8.32653E+03 0.00470 
  102    1    1    1    1    1    1    1   10    3  8.20216E+03 0.00462 
  103    1    1    1    1    1    1    1   10    4  0.00000E+00 0.00000 
  104    1    1    1    1    1    1    1   10    5  7.87823E+03 0.00470 
  105    1    1    1    1    1    1    1   10    6  7.85259E+03 0.00478 
  106    1    1    1    1    1    1    1   10    7  0.00000E+00 0.00000 
  107    1    1    1    1    1    1    1   10    8  7.73320E+03 0.00474 
  108    1    1    1    1    1    1    1   10    9  7.70412E+03 0.00477 
  109    1    1    1    1    1    1    1   10   10  0.00000E+00 0.00000 
