
DETassem1 = [
    1    1    1    1    1    1    1    1    1    1  0.00000E+00 0.00000 
    2    1    1    1    1    1    1    1    1    2  0.00000E+00 0.00000 
    3    1    1    1    1    1    1    1    1    3  0.00000E+00 0.00000 
    4    1    1    1    1    1    1    1    1    4  0.00000E+00 0.00000 
    5    1    1    1    1    1    1    1    1    5  0.00000E+00 0.00000 
    6    1    1    1    1    1    1    1    1    6  0.00000E+00 0.00000 
    7    1    1    1    1    1    1    1    1    7  0.00000E+00 0.00000 
    8    1    1    1    1    1    1    1    1    8  1.80171E+04 0.00350 
    9    1    1    1    1    1    1    1    1    9  1.39534E+04 0.00386 
   10    1    1    1    1    1    1    1    1   10  0.00000E+00 0.00000 
   11    1    1    1    1    1    1    1    1   11  1.04880E+04 0.00428 
   12    1    1    1    1    1    1    1    2    1  1.93224E+04 0.00346 
   13    1    1    1    1    1    1    1    2    2  0.00000E+00 0.00000 
   14    1    1    1    1    1    1    1    2    3  0.00000E+00 0.00000 
   15    1    1    1    1    1    1    1    2    4  0.00000E+00 0.00000 
   16    1    1    1    1    1    1    1    2    5  0.00000E+00 0.00000 
   17    1    1    1    1    1    1    1    2    6  1.91929E+04 0.00343 
   18    1    1    1    1    1    1    1    2    7  1.55689E+04 0.00373 
   19    1    1    1    1    1    1    1    2    8  0.00000E+00 0.00000 
   20    1    1    1    1    1    1    1    2    9  1.15097E+04 0.00411 
   21    1    1    1    1    1    1    1    2   10  1.04833E+04 0.00426 
   22    1    1    1    1    1    1    1    2   11  0.00000E+00 0.00000 
   23    1    1    1    1    1    1    1    3    1  1.57573E+04 0.00364 
   24    1    1    1    1    1    1    1    3    2  1.79151E+04 0.00357 
   25    1    1    1    1    1    1    1    3    3  0.00000E+00 0.00000 
   26    1    1    1    1    1    1    1    3    4  1.79677E+04 0.00356 
   27    1    1    1    1    1    1    1    3    5  1.57579E+04 0.00368 
   28    1    1    1    1    1    1    1    3    6  0.00000E+00 0.00000 
   29    1    1    1    1    1    1    1    3    7  1.22675E+04 0.00405 
   30    1    1    1    1    1    1    1    3    8  1.11227E+04 0.00411 
   31    1    1    1    1    1    1    1    3    9  0.00000E+00 0.00000 
   32    1    1    1    1    1    1    1    3   10  9.63615E+03 0.00442 
   33    1    1    1    1    1    1    1    3   11  9.20876E+03 0.00434 
   34    1    1    1    1    1    1    1    4    1  0.00000E+00 0.00000 
   35    1    1    1    1    1    1    1    4    2  1.39656E+04 0.00381 
   36    1    1    1    1    1    1    1    4    3  1.40453E+04 0.00387 
   37    1    1    1    1    1    1    1    4    4  0.00000E+00 0.00000 
   38    1    1    1    1    1    1    1    4    5  1.23082E+04 0.00405 
   39    1    1    1    1    1    1    1    4    6  1.13928E+04 0.00413 
   40    1    1    1    1    1    1    1    4    7  0.00000E+00 0.00000 
   41    1    1    1    1    1    1    1    4    8  9.80339E+03 0.00426 
   42    1    1    1    1    1    1    1    4    9  9.40510E+03 0.00437 
   43    1    1    1    1    1    1    1    4   10  0.00000E+00 0.00000 
   44    1    1    1    1    1    1    1    4   11  8.96210E+03 0.00445 
   45    1    1    1    1    1    1    1    5    1  1.15732E+04 0.00413 
   46    1    1    1    1    1    1    1    5    2  0.00000E+00 0.00000 
   47    1    1    1    1    1    1    1    5    3  1.17356E+04 0.00410 
   48    1    1    1    1    1    1    1    5    4  1.11657E+04 0.00414 
   49    1    1    1    1    1    1    1    5    5  0.00000E+00 0.00000 
   50    1    1    1    1    1    1    1    5    6  1.00362E+04 0.00421 
   51    1    1    1    1    1    1    1    5    7  9.57437E+03 0.00425 
   52    1    1    1    1    1    1    1    5    8  0.00000E+00 0.00000 
   53    1    1    1    1    1    1    1    5    9  8.96052E+03 0.00449 
   54    1    1    1    1    1    1    1    5   10  8.85730E+03 0.00442 
   55    1    1    1    1    1    1    1    5   11  0.00000E+00 0.00000 
   56    1    1    1    1    1    1    1    6    1  1.04520E+04 0.00420 
   57    1    1    1    1    1    1    1    6    2  1.05200E+04 0.00425 
   58    1    1    1    1    1    1    1    6    3  0.00000E+00 0.00000 
   59    1    1    1    1    1    1    1    6    4  9.92192E+03 0.00421 
   60    1    1    1    1    1    1    1    6    5  9.65425E+03 0.00438 
   61    1    1    1    1    1    1    1    6    6  0.00000E+00 0.00000 
   62    1    1    1    1    1    1    1    6    7  9.03370E+03 0.00435 
   63    1    1    1    1    1    1    1    6    8  8.88273E+03 0.00440 
   64    1    1    1    1    1    1    1    6    9  0.00000E+00 0.00000 
   65    1    1    1    1    1    1    1    6   10  8.60307E+03 0.00440 
   66    1    1    1    1    1    1    1    6   11  8.38944E+03 0.00455 
   67    1    1    1    1    1    1    1    7    1  0.00000E+00 0.00000 
   68    1    1    1    1    1    1    1    7    2  9.66092E+03 0.00443 
   69    1    1    1    1    1    1    1    7    3  9.42232E+03 0.00440 
   70    1    1    1    1    1    1    1    7    4  0.00000E+00 0.00000 
   71    1    1    1    1    1    1    1    7    5  8.99435E+03 0.00441 
   72    1    1    1    1    1    1    1    7    6  8.88389E+03 0.00441 
   73    1    1    1    1    1    1    1    7    7  0.00000E+00 0.00000 
   74    1    1    1    1    1    1    1    7    8  8.55465E+03 0.00439 
   75    1    1    1    1    1    1    1    7    9  8.40696E+03 0.00451 
   76    1    1    1    1    1    1    1    7   10  0.00000E+00 0.00000 
   77    1    1    1    1    1    1    1    7   11  8.31933E+03 0.00457 
   78    1    1    1    1    1    1    1    8    1  9.22988E+03 0.00439 
   79    1    1    1    1    1    1    1    8    2  0.00000E+00 0.00000 
   80    1    1    1    1    1    1    1    8    3  9.02172E+03 0.00435 
   81    1    1    1    1    1    1    1    8    4  8.86576E+03 0.00438 
   82    1    1    1    1    1    1    1    8    5  0.00000E+00 0.00000 
   83    1    1    1    1    1    1    1    8    6  8.60431E+03 0.00446 
   84    1    1    1    1    1    1    1    8    7  8.42934E+03 0.00446 
   85    1    1    1    1    1    1    1    8    8  0.00000E+00 0.00000 
   86    1    1    1    1    1    1    1    8    9  8.31569E+03 0.00456 
   87    1    1    1    1    1    1    1    8   10  8.20272E+03 0.00453 
   88    1    1    1    1    1    1    1    8   11  0.00000E+00 0.00000 
   89    1    1    1    1    1    1    1    9    1  8.83703E+03 0.00442 
   90    1    1    1    1    1    1    1    9    2  8.79888E+03 0.00445 
   91    1    1    1    1    1    1    1    9    3  0.00000E+00 0.00000 
   92    1    1    1    1    1    1    1    9    4  8.58748E+03 0.00448 
   93    1    1    1    1    1    1    1    9    5  8.49557E+03 0.00444 
   94    1    1    1    1    1    1    1    9    6  0.00000E+00 0.00000 
   95    1    1    1    1    1    1    1    9    7  8.32168E+03 0.00460 
   96    1    1    1    1    1    1    1    9    8  8.27815E+03 0.00448 
   97    1    1    1    1    1    1    1    9    9  0.00000E+00 0.00000 
   98    1    1    1    1    1    1    1    9   10  8.03194E+03 0.00466 
   99    1    1    1    1    1    1    1    9   11  7.88410E+03 0.00461 
  100    1    1    1    1    1    1    1   10    1  0.00000E+00 0.00000 
  101    1    1    1    1    1    1    1   10    2  8.44804E+03 0.00451 
  102    1    1    1    1    1    1    1   10    3  8.48289E+03 0.00454 
  103    1    1    1    1    1    1    1   10    4  0.00000E+00 0.00000 
  104    1    1    1    1    1    1    1   10    5  8.31067E+03 0.00446 
  105    1    1    1    1    1    1    1   10    6  8.30206E+03 0.00447 
  106    1    1    1    1    1    1    1   10    7  0.00000E+00 0.00000 
  107    1    1    1    1    1    1    1   10    8  7.99209E+03 0.00459 
  108    1    1    1    1    1    1    1   10    9  7.87495E+03 0.00467 
  109    1    1    1    1    1    1    1   10   10  0.00000E+00 0.00000 
