
DETassem1 = [
    1    1    1    1    1    1    1    1    1    1  0.00000E+00 0.00000 
    2    1    1    1    1    1    1    1    1    2  0.00000E+00 0.00000 
    3    1    1    1    1    1    1    1    1    3  0.00000E+00 0.00000 
    4    1    1    1    1    1    1    1    1    4  0.00000E+00 0.00000 
    5    1    1    1    1    1    1    1    1    5  0.00000E+00 0.00000 
    6    1    1    1    1    1    1    1    1    6  0.00000E+00 0.00000 
    7    1    1    1    1    1    1    1    1    7  0.00000E+00 0.00000 
    8    1    1    1    1    1    1    1    1    8  1.78375E+04 0.00357 
    9    1    1    1    1    1    1    1    1    9  1.40252E+04 0.00391 
   10    1    1    1    1    1    1    1    1   10  0.00000E+00 0.00000 
   11    1    1    1    1    1    1    1    1   11  1.02018E+04 0.00432 
   12    1    1    1    1    1    1    1    2    1  1.90472E+04 0.00345 
   13    1    1    1    1    1    1    1    2    2  0.00000E+00 0.00000 
   14    1    1    1    1    1    1    1    2    3  0.00000E+00 0.00000 
   15    1    1    1    1    1    1    1    2    4  0.00000E+00 0.00000 
   16    1    1    1    1    1    1    1    2    5  0.00000E+00 0.00000 
   17    1    1    1    1    1    1    1    2    6  1.90635E+04 0.00355 
   18    1    1    1    1    1    1    1    2    7  1.54997E+04 0.00373 
   19    1    1    1    1    1    1    1    2    8  0.00000E+00 0.00000 
   20    1    1    1    1    1    1    1    2    9  1.14026E+04 0.00406 
   21    1    1    1    1    1    1    1    2   10  1.02510E+04 0.00420 
   22    1    1    1    1    1    1    1    2   11  0.00000E+00 0.00000 
   23    1    1    1    1    1    1    1    3    1  1.54124E+04 0.00377 
   24    1    1    1    1    1    1    1    3    2  1.77948E+04 0.00359 
   25    1    1    1    1    1    1    1    3    3  0.00000E+00 0.00000 
   26    1    1    1    1    1    1    1    3    4  1.76702E+04 0.00360 
   27    1    1    1    1    1    1    1    3    5  1.53767E+04 0.00383 
   28    1    1    1    1    1    1    1    3    6  0.00000E+00 0.00000 
   29    1    1    1    1    1    1    1    3    7  1.20674E+04 0.00404 
   30    1    1    1    1    1    1    1    3    8  1.10257E+04 0.00423 
   31    1    1    1    1    1    1    1    3    9  0.00000E+00 0.00000 
   32    1    1    1    1    1    1    1    3   10  9.52653E+03 0.00440 
   33    1    1    1    1    1    1    1    3   11  9.14165E+03 0.00434 
   34    1    1    1    1    1    1    1    4    1  0.00000E+00 0.00000 
   35    1    1    1    1    1    1    1    4    2  1.38263E+04 0.00388 
   36    1    1    1    1    1    1    1    4    3  1.38923E+04 0.00392 
   37    1    1    1    1    1    1    1    4    4  0.00000E+00 0.00000 
   38    1    1    1    1    1    1    1    4    5  1.21186E+04 0.00412 
   39    1    1    1    1    1    1    1    4    6  1.12488E+04 0.00409 
   40    1    1    1    1    1    1    1    4    7  0.00000E+00 0.00000 
   41    1    1    1    1    1    1    1    4    8  9.90460E+03 0.00432 
   42    1    1    1    1    1    1    1    4    9  9.42876E+03 0.00425 
   43    1    1    1    1    1    1    1    4   10  0.00000E+00 0.00000 
   44    1    1    1    1    1    1    1    4   11  8.94573E+03 0.00448 
   45    1    1    1    1    1    1    1    5    1  1.13877E+04 0.00410 
   46    1    1    1    1    1    1    1    5    2  0.00000E+00 0.00000 
   47    1    1    1    1    1    1    1    5    3  1.13992E+04 0.00419 
   48    1    1    1    1    1    1    1    5    4  1.10530E+04 0.00410 
   49    1    1    1    1    1    1    1    5    5  0.00000E+00 0.00000 
   50    1    1    1    1    1    1    1    5    6  1.00133E+04 0.00437 
   51    1    1    1    1    1    1    1    5    7  9.39119E+03 0.00433 
   52    1    1    1    1    1    1    1    5    8  0.00000E+00 0.00000 
   53    1    1    1    1    1    1    1    5    9  8.89790E+03 0.00438 
   54    1    1    1    1    1    1    1    5   10  8.80827E+03 0.00444 
   55    1    1    1    1    1    1    1    5   11  0.00000E+00 0.00000 
   56    1    1    1    1    1    1    1    6    1  1.03099E+04 0.00423 
   57    1    1    1    1    1    1    1    6    2  1.03102E+04 0.00421 
   58    1    1    1    1    1    1    1    6    3  0.00000E+00 0.00000 
   59    1    1    1    1    1    1    1    6    4  9.85284E+03 0.00435 
   60    1    1    1    1    1    1    1    6    5  9.50097E+03 0.00441 
   61    1    1    1    1    1    1    1    6    6  0.00000E+00 0.00000 
   62    1    1    1    1    1    1    1    6    7  9.10144E+03 0.00435 
   63    1    1    1    1    1    1    1    6    8  8.85278E+03 0.00441 
   64    1    1    1    1    1    1    1    6    9  0.00000E+00 0.00000 
   65    1    1    1    1    1    1    1    6   10  8.60398E+03 0.00455 
   66    1    1    1    1    1    1    1    6   11  8.59511E+03 0.00451 
   67    1    1    1    1    1    1    1    7    1  0.00000E+00 0.00000 
   68    1    1    1    1    1    1    1    7    2  9.57152E+03 0.00433 
   69    1    1    1    1    1    1    1    7    3  9.51318E+03 0.00439 
   70    1    1    1    1    1    1    1    7    4  0.00000E+00 0.00000 
   71    1    1    1    1    1    1    1    7    5  9.03885E+03 0.00441 
   72    1    1    1    1    1    1    1    7    6  8.85453E+03 0.00440 
   73    1    1    1    1    1    1    1    7    7  0.00000E+00 0.00000 
   74    1    1    1    1    1    1    1    7    8  8.62374E+03 0.00459 
   75    1    1    1    1    1    1    1    7    9  8.56153E+03 0.00442 
   76    1    1    1    1    1    1    1    7   10  0.00000E+00 0.00000 
   77    1    1    1    1    1    1    1    7   11  8.36422E+03 0.00463 
   78    1    1    1    1    1    1    1    8    1  9.29242E+03 0.00431 
   79    1    1    1    1    1    1    1    8    2  0.00000E+00 0.00000 
   80    1    1    1    1    1    1    1    8    3  9.01499E+03 0.00434 
   81    1    1    1    1    1    1    1    8    4  8.90946E+03 0.00450 
   82    1    1    1    1    1    1    1    8    5  0.00000E+00 0.00000 
   83    1    1    1    1    1    1    1    8    6  8.59107E+03 0.00450 
   84    1    1    1    1    1    1    1    8    7  8.55837E+03 0.00453 
   85    1    1    1    1    1    1    1    8    8  0.00000E+00 0.00000 
   86    1    1    1    1    1    1    1    8    9  8.40118E+03 0.00451 
   87    1    1    1    1    1    1    1    8   10  8.27755E+03 0.00461 
   88    1    1    1    1    1    1    1    8   11  0.00000E+00 0.00000 
   89    1    1    1    1    1    1    1    9    1  8.90827E+03 0.00438 
   90    1    1    1    1    1    1    1    9    2  8.89283E+03 0.00441 
   91    1    1    1    1    1    1    1    9    3  0.00000E+00 0.00000 
   92    1    1    1    1    1    1    1    9    4  8.56797E+03 0.00447 
   93    1    1    1    1    1    1    1    9    5  8.43861E+03 0.00449 
   94    1    1    1    1    1    1    1    9    6  0.00000E+00 0.00000 
   95    1    1    1    1    1    1    1    9    7  8.34873E+03 0.00447 
   96    1    1    1    1    1    1    1    9    8  8.30876E+03 0.00463 
   97    1    1    1    1    1    1    1    9    9  0.00000E+00 0.00000 
   98    1    1    1    1    1    1    1    9   10  8.11021E+03 0.00459 
   99    1    1    1    1    1    1    1    9   11  7.97549E+03 0.00466 
  100    1    1    1    1    1    1    1   10    1  0.00000E+00 0.00000 
  101    1    1    1    1    1    1    1   10    2  8.64578E+03 0.00452 
  102    1    1    1    1    1    1    1   10    3  8.55764E+03 0.00446 
  103    1    1    1    1    1    1    1   10    4  0.00000E+00 0.00000 
  104    1    1    1    1    1    1    1   10    5  8.32344E+03 0.00464 
  105    1    1    1    1    1    1    1   10    6  8.30957E+03 0.00455 
  106    1    1    1    1    1    1    1   10    7  0.00000E+00 0.00000 
  107    1    1    1    1    1    1    1   10    8  8.04303E+03 0.00459 
  108    1    1    1    1    1    1    1   10    9  7.93802E+03 0.00478 
  109    1    1    1    1    1    1    1   10   10  0.00000E+00 0.00000 
