
ZAI = [
922350
922380
666
0
];

NAMES = [
'U235            '
'U238            '
'lost            '
'total           '
];

i922350 = 1; iU235             = 1;
i922380 = 2; iU238             = 2;
iLOST    = 3;
iTOT     = 4;

MAT_un_VOLUME = [ 2.67676E+05 2.67676E+05 ];

MAT_un_BURNUP = [ 0.00000E+00 4.28233E+01 ];

MAT_un_ADENS = [
4.83387E-03 3.51123E-03 % U235
1.93936E-02 1.88554E-02 % U238
0.00000E+00 4.12047E-30 % lost data
7.26897E-02 7.37993E-02 % total
];

MAT_un_MDENS = [
1.88669E+00 1.37046E+00 % U235
7.66628E+00 7.45353E+00 % U238
0.00000E+00 0.00000E+00 % lost data
1.08000E+01 1.07986E+01 % total
];

MAT_un_A = [
4.03810E+10 2.93320E+10 % U235
2.55204E+10 2.48122E+10 % U238
0.00000E+00 0.00000E+00 % lost data
6.59014E+10 3.28241E+18 % total
];

MAT_un_H = [
3.02713E-02 2.19885E-02 % U235
1.74596E-02 1.69750E-02 % U238
0.00000E+00 0.00000E+00 % lost data
4.77308E-02 9.64603E+05 % total
];

MAT_un_SF = [
2.90744E+00 2.11191E+00 % U235
1.39341E+04 1.35474E+04 % U238
0.00000E+00 0.00000E+00 % lost data
1.39370E+04 1.03401E+08 % total
];

MAT_un_GSRC = [
5.10217E+10 3.70612E+10 % U235
2.25992E+09 2.19721E+09 % U238
0.00000E+00 0.00000E+00 % lost data
5.32816E+10 3.52859E+18 % total
];

MAT_un_ING_TOX = [
1.89791E+03 1.37861E+03 % U235
1.14842E+03 1.11655E+03 % U238
0.00000E+00 0.00000E+00 % lost data
3.04633E+03 2.23457E+09 % total
];

MAT_un_INH_TOX = [
3.43239E+05 2.49322E+05 % U235
2.04163E+05 1.98497E+05 % U238
0.00000E+00 0.00000E+00 % lost data
5.47402E+05 8.00422E+10 % total
];

TOT_VOLUME = [ 2.67676E+05 2.67676E+05 ];

TOT_BURNUP = [ 0.00000E+00 4.28233E+01 ];

TOT_ADENS = [
4.83387E-03 3.51123E-03 % U235
1.93936E-02 1.88554E-02 % U238
0.00000E+00 4.12047E-30 % lost data
7.26897E-02 7.37993E-02 % total
];

TOT_MASS = [
5.05022E+05 3.66839E+05 % U235
2.05208E+06 1.99513E+06 % U238
0.00000E+00 0.00000E+00 % lost data
2.89090E+06 2.89053E+06 % total
];

TOT_A = [
4.03810E+10 2.93320E+10 % U235
2.55204E+10 2.48122E+10 % U238
0.00000E+00 0.00000E+00 % lost data
6.59014E+10 3.28241E+18 % total
];

TOT_H = [
3.02713E-02 2.19885E-02 % U235
1.74596E-02 1.69750E-02 % U238
0.00000E+00 0.00000E+00 % lost data
4.77308E-02 9.64603E+05 % total
];

TOT_SF = [
2.90744E+00 2.11191E+00 % U235
1.39341E+04 1.35474E+04 % U238
0.00000E+00 0.00000E+00 % lost data
1.39370E+04 1.03401E+08 % total
];

TOT_GSRC = [
5.10217E+10 3.70612E+10 % U235
2.25992E+09 2.19721E+09 % U238
0.00000E+00 0.00000E+00 % lost data
5.32816E+10 3.52859E+18 % total
];

TOT_ING_TOX = [
1.89791E+03 1.37861E+03 % U235
1.14842E+03 1.11655E+03 % U238
0.00000E+00 0.00000E+00 % lost data
3.04633E+03 2.23457E+09 % total
];

TOT_INH_TOX = [
3.43239E+05 2.49322E+05 % U235
2.04163E+05 1.98497E+05 % U238
0.00000E+00 0.00000E+00 % lost data
5.47402E+05 8.00422E+10 % total
];

BU = [ 0.00000E+00 4.28219E+01 ];

DAYS = [ 0.00000E+00 7.30000E+03 ];
