
ZAI = [
922350
922380
666
0
];

NAMES = [
'U235            '
'U238            '
'lost            '
'total           '
];

i922350 = 1; iU235             = 1;
i922380 = 2; iU238             = 2;
iLOST    = 3;
iTOT     = 4;

MAT_un_VOLUME = [ 2.67179E+05 2.67179E+05 ];

MAT_un_BURNUP = [ 0.00000E+00 4.29030E+01 ];

MAT_un_ADENS = [
4.83387E-03 3.50891E-03 % U235
1.93936E-02 1.88541E-02 % U238
0.00000E+00 4.10664E-30 % lost data
7.26897E-02 7.38013E-02 % total
];

MAT_un_MDENS = [
1.88669E+00 1.36955E+00 % U235
7.66628E+00 7.45300E+00 % U238
0.00000E+00 0.00000E+00 % lost data
1.08000E+01 1.07986E+01 % total
];

MAT_un_A = [
4.03060E+10 2.92582E+10 % U235
2.54730E+10 2.47643E+10 % U238
0.00000E+00 0.00000E+00 % lost data
6.57790E+10 3.28289E+18 % total
];

MAT_un_H = [
3.02150E-02 2.19331E-02 % U235
1.74271E-02 1.69423E-02 % U238
0.00000E+00 0.00000E+00 % lost data
4.76422E-02 9.64610E+05 % total
];

MAT_un_SF = [
2.90203E+00 2.10659E+00 % U235
1.39083E+04 1.35213E+04 % U238
0.00000E+00 0.00000E+00 % lost data
1.39112E+04 1.03640E+08 % total
];

MAT_un_GSRC = [
5.09269E+10 3.69679E+10 % U235
2.25572E+09 2.19297E+09 % U238
0.00000E+00 0.00000E+00 % lost data
5.31827E+10 3.52915E+18 % total
];

MAT_un_ING_TOX = [
1.89438E+03 1.37514E+03 % U235
1.14628E+03 1.11439E+03 % U238
0.00000E+00 0.00000E+00 % lost data
3.04067E+03 2.23518E+09 % total
];

MAT_un_INH_TOX = [
3.42601E+05 2.48695E+05 % U235
2.03784E+05 1.98115E+05 % U238
0.00000E+00 0.00000E+00 % lost data
5.46385E+05 8.01992E+10 % total
];

TOT_VOLUME = [ 2.67179E+05 2.67179E+05 ];

TOT_BURNUP = [ 0.00000E+00 4.29030E+01 ];

TOT_ADENS = [
4.83387E-03 3.50891E-03 % U235
1.93936E-02 1.88541E-02 % U238
0.00000E+00 4.10664E-30 % lost data
7.26897E-02 7.38013E-02 % total
];

TOT_MASS = [
5.04084E+05 3.65915E+05 % U235
2.04827E+06 1.99129E+06 % U238
0.00000E+00 0.00000E+00 % lost data
2.88553E+06 2.88516E+06 % total
];

TOT_A = [
4.03060E+10 2.92582E+10 % U235
2.54730E+10 2.47643E+10 % U238
0.00000E+00 0.00000E+00 % lost data
6.57790E+10 3.28289E+18 % total
];

TOT_H = [
3.02150E-02 2.19331E-02 % U235
1.74271E-02 1.69423E-02 % U238
0.00000E+00 0.00000E+00 % lost data
4.76422E-02 9.64610E+05 % total
];

TOT_SF = [
2.90203E+00 2.10659E+00 % U235
1.39083E+04 1.35213E+04 % U238
0.00000E+00 0.00000E+00 % lost data
1.39112E+04 1.03640E+08 % total
];

TOT_GSRC = [
5.09269E+10 3.69679E+10 % U235
2.25572E+09 2.19297E+09 % U238
0.00000E+00 0.00000E+00 % lost data
5.31827E+10 3.52915E+18 % total
];

TOT_ING_TOX = [
1.89438E+03 1.37514E+03 % U235
1.14628E+03 1.11439E+03 % U238
0.00000E+00 0.00000E+00 % lost data
3.04067E+03 2.23518E+09 % total
];

TOT_INH_TOX = [
3.42601E+05 2.48695E+05 % U235
2.03784E+05 1.98115E+05 % U238
0.00000E+00 0.00000E+00 % lost data
5.46385E+05 8.01992E+10 % total
];

BU = [ 0.00000E+00 4.29016E+01 ];

DAYS = [ 0.00000E+00 7.30000E+03 ];
