
DETassem1 = [
    1    1    1    1    1    1    1    1    1    1  0.00000E+00 0.00000 
    2    1    1    1    1    1    1    1    1    2  0.00000E+00 0.00000 
    3    1    1    1    1    1    1    1    1    3  0.00000E+00 0.00000 
    4    1    1    1    1    1    1    1    1    4  0.00000E+00 0.00000 
    5    1    1    1    1    1    1    1    1    5  0.00000E+00 0.00000 
    6    1    1    1    1    1    1    1    1    6  0.00000E+00 0.00000 
    7    1    1    1    1    1    1    1    1    7  0.00000E+00 0.00000 
    8    1    1    1    1    1    1    1    1    8  1.82619E+04 0.00361 
    9    1    1    1    1    1    1    1    1    9  1.38695E+04 0.00403 
   10    1    1    1    1    1    1    1    1   10  0.00000E+00 0.00000 
   11    1    1    1    1    1    1    1    1   11  9.97499E+03 0.00439 
   12    1    1    1    1    1    1    1    2    1  1.95906E+04 0.00358 
   13    1    1    1    1    1    1    1    2    2  0.00000E+00 0.00000 
   14    1    1    1    1    1    1    1    2    3  0.00000E+00 0.00000 
   15    1    1    1    1    1    1    1    2    4  0.00000E+00 0.00000 
   16    1    1    1    1    1    1    1    2    5  0.00000E+00 0.00000 
   17    1    1    1    1    1    1    1    2    6  1.96703E+04 0.00362 
   18    1    1    1    1    1    1    1    2    7  1.57237E+04 0.00382 
   19    1    1    1    1    1    1    1    2    8  0.00000E+00 0.00000 
   20    1    1    1    1    1    1    1    2    9  1.11059E+04 0.00436 
   21    1    1    1    1    1    1    1    2   10  1.00543E+04 0.00436 
   22    1    1    1    1    1    1    1    2   11  0.00000E+00 0.00000 
   23    1    1    1    1    1    1    1    3    1  1.56940E+04 0.00390 
   24    1    1    1    1    1    1    1    3    2  1.81961E+04 0.00367 
   25    1    1    1    1    1    1    1    3    3  0.00000E+00 0.00000 
   26    1    1    1    1    1    1    1    3    4  1.81381E+04 0.00370 
   27    1    1    1    1    1    1    1    3    5  1.56210E+04 0.00393 
   28    1    1    1    1    1    1    1    3    6  0.00000E+00 0.00000 
   29    1    1    1    1    1    1    1    3    7  1.19383E+04 0.00422 
   30    1    1    1    1    1    1    1    3    8  1.07372E+04 0.00436 
   31    1    1    1    1    1    1    1    3    9  0.00000E+00 0.00000 
   32    1    1    1    1    1    1    1    3   10  9.15808E+03 0.00448 
   33    1    1    1    1    1    1    1    3   11  8.65143E+03 0.00467 
   34    1    1    1    1    1    1    1    4    1  0.00000E+00 0.00000 
   35    1    1    1    1    1    1    1    4    2  1.37652E+04 0.00407 
   36    1    1    1    1    1    1    1    4    3  1.38443E+04 0.00395 
   37    1    1    1    1    1    1    1    4    4  0.00000E+00 0.00000 
   38    1    1    1    1    1    1    1    4    5  1.20490E+04 0.00419 
   39    1    1    1    1    1    1    1    4    6  1.10217E+04 0.00430 
   40    1    1    1    1    1    1    1    4    7  0.00000E+00 0.00000 
   41    1    1    1    1    1    1    1    4    8  9.51599E+03 0.00444 
   42    1    1    1    1    1    1    1    4    9  9.03042E+03 0.00461 
   43    1    1    1    1    1    1    1    4   10  0.00000E+00 0.00000 
   44    1    1    1    1    1    1    1    4   11  8.56718E+03 0.00460 
   45    1    1    1    1    1    1    1    5    1  1.10753E+04 0.00432 
   46    1    1    1    1    1    1    1    5    2  0.00000E+00 0.00000 
   47    1    1    1    1    1    1    1    5    3  1.10659E+04 0.00433 
   48    1    1    1    1    1    1    1    5    4  1.06989E+04 0.00436 
   49    1    1    1    1    1    1    1    5    5  0.00000E+00 0.00000 
   50    1    1    1    1    1    1    1    5    6  9.66809E+03 0.00446 
   51    1    1    1    1    1    1    1    5    7  9.20430E+03 0.00457 
   52    1    1    1    1    1    1    1    5    8  0.00000E+00 0.00000 
   53    1    1    1    1    1    1    1    5    9  8.63165E+03 0.00458 
   54    1    1    1    1    1    1    1    5   10  8.45740E+03 0.00471 
   55    1    1    1    1    1    1    1    5   11  0.00000E+00 0.00000 
   56    1    1    1    1    1    1    1    6    1  9.95345E+03 0.00443 
   57    1    1    1    1    1    1    1    6    2  9.92254E+03 0.00445 
   58    1    1    1    1    1    1    1    6    3  0.00000E+00 0.00000 
   59    1    1    1    1    1    1    1    6    4  9.53763E+03 0.00452 
   60    1    1    1    1    1    1    1    6    5  9.18918E+03 0.00455 
   61    1    1    1    1    1    1    1    6    6  0.00000E+00 0.00000 
   62    1    1    1    1    1    1    1    6    7  8.69535E+03 0.00458 
   63    1    1    1    1    1    1    1    6    8  8.54029E+03 0.00459 
   64    1    1    1    1    1    1    1    6    9  0.00000E+00 0.00000 
   65    1    1    1    1    1    1    1    6   10  8.33914E+03 0.00474 
   66    1    1    1    1    1    1    1    6   11  8.19883E+03 0.00467 
   67    1    1    1    1    1    1    1    7    1  0.00000E+00 0.00000 
   68    1    1    1    1    1    1    1    7    2  9.17339E+03 0.00452 
   69    1    1    1    1    1    1    1    7    3  9.05251E+03 0.00441 
   70    1    1    1    1    1    1    1    7    4  0.00000E+00 0.00000 
   71    1    1    1    1    1    1    1    7    5  8.67688E+03 0.00463 
   72    1    1    1    1    1    1    1    7    6  8.53121E+03 0.00449 
   73    1    1    1    1    1    1    1    7    7  0.00000E+00 0.00000 
   74    1    1    1    1    1    1    1    7    8  8.24783E+03 0.00470 
   75    1    1    1    1    1    1    1    7    9  8.15153E+03 0.00468 
   76    1    1    1    1    1    1    1    7   10  0.00000E+00 0.00000 
   77    1    1    1    1    1    1    1    7   11  8.00050E+03 0.00476 
   78    1    1    1    1    1    1    1    8    1  8.72975E+03 0.00456 
   79    1    1    1    1    1    1    1    8    2  0.00000E+00 0.00000 
   80    1    1    1    1    1    1    1    8    3  8.60876E+03 0.00465 
   81    1    1    1    1    1    1    1    8    4  8.49499E+03 0.00457 
   82    1    1    1    1    1    1    1    8    5  0.00000E+00 0.00000 
   83    1    1    1    1    1    1    1    8    6  8.28121E+03 0.00456 
   84    1    1    1    1    1    1    1    8    7  8.17216E+03 0.00463 
   85    1    1    1    1    1    1    1    8    8  0.00000E+00 0.00000 
   86    1    1    1    1    1    1    1    8    9  7.98408E+03 0.00469 
   87    1    1    1    1    1    1    1    8   10  7.98181E+03 0.00478 
   88    1    1    1    1    1    1    1    8   11  0.00000E+00 0.00000 
   89    1    1    1    1    1    1    1    9    1  8.57197E+03 0.00453 
   90    1    1    1    1    1    1    1    9    2  8.50788E+03 0.00476 
   91    1    1    1    1    1    1    1    9    3  0.00000E+00 0.00000 
   92    1    1    1    1    1    1    1    9    4  8.24893E+03 0.00469 
   93    1    1    1    1    1    1    1    9    5  8.17297E+03 0.00465 
   94    1    1    1    1    1    1    1    9    6  0.00000E+00 0.00000 
   95    1    1    1    1    1    1    1    9    7  7.99022E+03 0.00475 
   96    1    1    1    1    1    1    1    9    8  7.90115E+03 0.00472 
   97    1    1    1    1    1    1    1    9    9  0.00000E+00 0.00000 
   98    1    1    1    1    1    1    1    9   10  7.75747E+03 0.00485 
   99    1    1    1    1    1    1    1    9   11  7.78017E+03 0.00477 
  100    1    1    1    1    1    1    1   10    1  0.00000E+00 0.00000 
  101    1    1    1    1    1    1    1   10    2  8.29111E+03 0.00473 
  102    1    1    1    1    1    1    1   10    3  8.13460E+03 0.00471 
  103    1    1    1    1    1    1    1   10    4  0.00000E+00 0.00000 
  104    1    1    1    1    1    1    1   10    5  7.99445E+03 0.00484 
  105    1    1    1    1    1    1    1   10    6  7.93902E+03 0.00472 
  106    1    1    1    1    1    1    1   10    7  0.00000E+00 0.00000 
  107    1    1    1    1    1    1    1   10    8  7.70664E+03 0.00483 
  108    1    1    1    1    1    1    1   10    9  7.68193E+03 0.00485 
  109    1    1    1    1    1    1    1   10   10  0.00000E+00 0.00000 
