
DETassem1 = [
    1    1    1    1    1    1    1    1    1    1  0.00000E+00 0.00000 
    2    1    1    1    1    1    1    1    1    2  0.00000E+00 0.00000 
    3    1    1    1    1    1    1    1    1    3  0.00000E+00 0.00000 
    4    1    1    1    1    1    1    1    1    4  0.00000E+00 0.00000 
    5    1    1    1    1    1    1    1    1    5  0.00000E+00 0.00000 
    6    1    1    1    1    1    1    1    1    6  0.00000E+00 0.00000 
    7    1    1    1    1    1    1    1    1    7  0.00000E+00 0.00000 
    8    1    1    1    1    1    1    1    1    8  1.81312E+04 0.00361 
    9    1    1    1    1    1    1    1    1    9  1.38034E+04 0.00404 
   10    1    1    1    1    1    1    1    1   10  0.00000E+00 0.00000 
   11    1    1    1    1    1    1    1    1   11  9.83627E+03 0.00449 
   12    1    1    1    1    1    1    1    2    1  1.94954E+04 0.00359 
   13    1    1    1    1    1    1    1    2    2  0.00000E+00 0.00000 
   14    1    1    1    1    1    1    1    2    3  0.00000E+00 0.00000 
   15    1    1    1    1    1    1    1    2    4  0.00000E+00 0.00000 
   16    1    1    1    1    1    1    1    2    5  0.00000E+00 0.00000 
   17    1    1    1    1    1    1    1    2    6  1.95499E+04 0.00357 
   18    1    1    1    1    1    1    1    2    7  1.56204E+04 0.00389 
   19    1    1    1    1    1    1    1    2    8  0.00000E+00 0.00000 
   20    1    1    1    1    1    1    1    2    9  1.11118E+04 0.00437 
   21    1    1    1    1    1    1    1    2   10  9.94317E+03 0.00443 
   22    1    1    1    1    1    1    1    2   11  0.00000E+00 0.00000 
   23    1    1    1    1    1    1    1    3    1  1.55692E+04 0.00392 
   24    1    1    1    1    1    1    1    3    2  1.81074E+04 0.00367 
   25    1    1    1    1    1    1    1    3    3  0.00000E+00 0.00000 
   26    1    1    1    1    1    1    1    3    4  1.80955E+04 0.00365 
   27    1    1    1    1    1    1    1    3    5  1.55287E+04 0.00385 
   28    1    1    1    1    1    1    1    3    6  0.00000E+00 0.00000 
   29    1    1    1    1    1    1    1    3    7  1.19035E+04 0.00422 
   30    1    1    1    1    1    1    1    3    8  1.07325E+04 0.00430 
   31    1    1    1    1    1    1    1    3    9  0.00000E+00 0.00000 
   32    1    1    1    1    1    1    1    3   10  9.17697E+03 0.00456 
   33    1    1    1    1    1    1    1    3   11  8.93403E+03 0.00453 
   34    1    1    1    1    1    1    1    4    1  0.00000E+00 0.00000 
   35    1    1    1    1    1    1    1    4    2  1.38234E+04 0.00400 
   36    1    1    1    1    1    1    1    4    3  1.39194E+04 0.00405 
   37    1    1    1    1    1    1    1    4    4  0.00000E+00 0.00000 
   38    1    1    1    1    1    1    1    4    5  1.19377E+04 0.00423 
   39    1    1    1    1    1    1    1    4    6  1.09955E+04 0.00430 
   40    1    1    1    1    1    1    1    4    7  0.00000E+00 0.00000 
   41    1    1    1    1    1    1    1    4    8  9.52139E+03 0.00446 
   42    1    1    1    1    1    1    1    4    9  9.00945E+03 0.00448 
   43    1    1    1    1    1    1    1    4   10  0.00000E+00 0.00000 
   44    1    1    1    1    1    1    1    4   11  8.61862E+03 0.00470 
   45    1    1    1    1    1    1    1    5    1  1.11408E+04 0.00435 
   46    1    1    1    1    1    1    1    5    2  0.00000E+00 0.00000 
   47    1    1    1    1    1    1    1    5    3  1.11713E+04 0.00429 
   48    1    1    1    1    1    1    1    5    4  1.07517E+04 0.00436 
   49    1    1    1    1    1    1    1    5    5  0.00000E+00 0.00000 
   50    1    1    1    1    1    1    1    5    6  9.71072E+03 0.00442 
   51    1    1    1    1    1    1    1    5    7  9.16419E+03 0.00447 
   52    1    1    1    1    1    1    1    5    8  0.00000E+00 0.00000 
   53    1    1    1    1    1    1    1    5    9  8.65433E+03 0.00459 
   54    1    1    1    1    1    1    1    5   10  8.45620E+03 0.00471 
   55    1    1    1    1    1    1    1    5   11  0.00000E+00 0.00000 
   56    1    1    1    1    1    1    1    6    1  9.92857E+03 0.00437 
   57    1    1    1    1    1    1    1    6    2  9.81270E+03 0.00453 
   58    1    1    1    1    1    1    1    6    3  0.00000E+00 0.00000 
   59    1    1    1    1    1    1    1    6    4  9.59604E+03 0.00462 
   60    1    1    1    1    1    1    1    6    5  9.07637E+03 0.00461 
   61    1    1    1    1    1    1    1    6    6  0.00000E+00 0.00000 
   62    1    1    1    1    1    1    1    6    7  8.70287E+03 0.00452 
   63    1    1    1    1    1    1    1    6    8  8.50232E+03 0.00456 
   64    1    1    1    1    1    1    1    6    9  0.00000E+00 0.00000 
   65    1    1    1    1    1    1    1    6   10  8.30171E+03 0.00465 
   66    1    1    1    1    1    1    1    6   11  8.30003E+03 0.00467 
   67    1    1    1    1    1    1    1    7    1  0.00000E+00 0.00000 
   68    1    1    1    1    1    1    1    7    2  9.22850E+03 0.00449 
   69    1    1    1    1    1    1    1    7    3  9.01132E+03 0.00459 
   70    1    1    1    1    1    1    1    7    4  0.00000E+00 0.00000 
   71    1    1    1    1    1    1    1    7    5  8.66591E+03 0.00462 
   72    1    1    1    1    1    1    1    7    6  8.55391E+03 0.00455 
   73    1    1    1    1    1    1    1    7    7  0.00000E+00 0.00000 
   74    1    1    1    1    1    1    1    7    8  8.25561E+03 0.00475 
   75    1    1    1    1    1    1    1    7    9  8.15321E+03 0.00472 
   76    1    1    1    1    1    1    1    7   10  0.00000E+00 0.00000 
   77    1    1    1    1    1    1    1    7   11  8.11335E+03 0.00482 
   78    1    1    1    1    1    1    1    8    1  8.88894E+03 0.00455 
   79    1    1    1    1    1    1    1    8    2  0.00000E+00 0.00000 
   80    1    1    1    1    1    1    1    8    3  8.70006E+03 0.00456 
   81    1    1    1    1    1    1    1    8    4  8.54845E+03 0.00457 
   82    1    1    1    1    1    1    1    8    5  0.00000E+00 0.00000 
   83    1    1    1    1    1    1    1    8    6  8.32545E+03 0.00465 
   84    1    1    1    1    1    1    1    8    7  8.16744E+03 0.00476 
   85    1    1    1    1    1    1    1    8    8  0.00000E+00 0.00000 
   86    1    1    1    1    1    1    1    8    9  8.18579E+03 0.00465 
   87    1    1    1    1    1    1    1    8   10  8.01365E+03 0.00476 
   88    1    1    1    1    1    1    1    8   11  0.00000E+00 0.00000 
   89    1    1    1    1    1    1    1    9    1  8.64525E+03 0.00469 
   90    1    1    1    1    1    1    1    9    2  8.49493E+03 0.00473 
   91    1    1    1    1    1    1    1    9    3  0.00000E+00 0.00000 
   92    1    1    1    1    1    1    1    9    4  8.39701E+03 0.00468 
   93    1    1    1    1    1    1    1    9    5  8.18961E+03 0.00485 
   94    1    1    1    1    1    1    1    9    6  0.00000E+00 0.00000 
   95    1    1    1    1    1    1    1    9    7  8.12808E+03 0.00475 
   96    1    1    1    1    1    1    1    9    8  8.03298E+03 0.00471 
   97    1    1    1    1    1    1    1    9    9  0.00000E+00 0.00000 
   98    1    1    1    1    1    1    1    9   10  7.88972E+03 0.00479 
   99    1    1    1    1    1    1    1    9   11  7.78493E+03 0.00483 
  100    1    1    1    1    1    1    1   10    1  0.00000E+00 0.00000 
  101    1    1    1    1    1    1    1   10    2  8.33654E+03 0.00464 
  102    1    1    1    1    1    1    1   10    3  8.25056E+03 0.00469 
  103    1    1    1    1    1    1    1   10    4  0.00000E+00 0.00000 
  104    1    1    1    1    1    1    1   10    5  8.05387E+03 0.00470 
  105    1    1    1    1    1    1    1   10    6  8.02416E+03 0.00463 
  106    1    1    1    1    1    1    1   10    7  0.00000E+00 0.00000 
  107    1    1    1    1    1    1    1   10    8  7.81952E+03 0.00486 
  108    1    1    1    1    1    1    1   10    9  7.74083E+03 0.00478 
  109    1    1    1    1    1    1    1   10   10  0.00000E+00 0.00000 
