
DETassem1 = [
    1    1    1    1    1    1    1    1    1    1  0.00000E+00 0.00000 
    2    1    1    1    1    1    1    1    1    2  0.00000E+00 0.00000 
    3    1    1    1    1    1    1    1    1    3  0.00000E+00 0.00000 
    4    1    1    1    1    1    1    1    1    4  0.00000E+00 0.00000 
    5    1    1    1    1    1    1    1    1    5  0.00000E+00 0.00000 
    6    1    1    1    1    1    1    1    1    6  0.00000E+00 0.00000 
    7    1    1    1    1    1    1    1    1    7  0.00000E+00 0.00000 
    8    1    1    1    1    1    1    1    1    8  1.80233E+04 0.00356 
    9    1    1    1    1    1    1    1    1    9  1.41066E+04 0.00389 
   10    1    1    1    1    1    1    1    1   10  0.00000E+00 0.00000 
   11    1    1    1    1    1    1    1    1   11  1.04038E+04 0.00412 
   12    1    1    1    1    1    1    1    2    1  1.91143E+04 0.00340 
   13    1    1    1    1    1    1    1    2    2  0.00000E+00 0.00000 
   14    1    1    1    1    1    1    1    2    3  0.00000E+00 0.00000 
   15    1    1    1    1    1    1    1    2    4  0.00000E+00 0.00000 
   16    1    1    1    1    1    1    1    2    5  0.00000E+00 0.00000 
   17    1    1    1    1    1    1    1    2    6  1.93266E+04 0.00343 
   18    1    1    1    1    1    1    1    2    7  1.57472E+04 0.00372 
   19    1    1    1    1    1    1    1    2    8  0.00000E+00 0.00000 
   20    1    1    1    1    1    1    1    2    9  1.16666E+04 0.00411 
   21    1    1    1    1    1    1    1    2   10  1.03655E+04 0.00427 
   22    1    1    1    1    1    1    1    2   11  0.00000E+00 0.00000 
   23    1    1    1    1    1    1    1    3    1  1.58550E+04 0.00376 
   24    1    1    1    1    1    1    1    3    2  1.79410E+04 0.00344 
   25    1    1    1    1    1    1    1    3    3  0.00000E+00 0.00000 
   26    1    1    1    1    1    1    1    3    4  1.81201E+04 0.00357 
   27    1    1    1    1    1    1    1    3    5  1.57756E+04 0.00377 
   28    1    1    1    1    1    1    1    3    6  0.00000E+00 0.00000 
   29    1    1    1    1    1    1    1    3    7  1.23334E+04 0.00411 
   30    1    1    1    1    1    1    1    3    8  1.10924E+04 0.00414 
   31    1    1    1    1    1    1    1    3    9  0.00000E+00 0.00000 
   32    1    1    1    1    1    1    1    3   10  9.56053E+03 0.00429 
   33    1    1    1    1    1    1    1    3   11  9.01989E+03 0.00436 
   34    1    1    1    1    1    1    1    4    1  0.00000E+00 0.00000 
   35    1    1    1    1    1    1    1    4    2  1.40737E+04 0.00390 
   36    1    1    1    1    1    1    1    4    3  1.40160E+04 0.00389 
   37    1    1    1    1    1    1    1    4    4  0.00000E+00 0.00000 
   38    1    1    1    1    1    1    1    4    5  1.22354E+04 0.00410 
   39    1    1    1    1    1    1    1    4    6  1.15251E+04 0.00411 
   40    1    1    1    1    1    1    1    4    7  0.00000E+00 0.00000 
   41    1    1    1    1    1    1    1    4    8  9.98281E+03 0.00420 
   42    1    1    1    1    1    1    1    4    9  9.41677E+03 0.00432 
   43    1    1    1    1    1    1    1    4   10  0.00000E+00 0.00000 
   44    1    1    1    1    1    1    1    4   11  8.81560E+03 0.00447 
   45    1    1    1    1    1    1    1    5    1  1.16734E+04 0.00415 
   46    1    1    1    1    1    1    1    5    2  0.00000E+00 0.00000 
   47    1    1    1    1    1    1    1    5    3  1.15908E+04 0.00413 
   48    1    1    1    1    1    1    1    5    4  1.12139E+04 0.00417 
   49    1    1    1    1    1    1    1    5    5  0.00000E+00 0.00000 
   50    1    1    1    1    1    1    1    5    6  1.01289E+04 0.00426 
   51    1    1    1    1    1    1    1    5    7  9.69875E+03 0.00439 
   52    1    1    1    1    1    1    1    5    8  0.00000E+00 0.00000 
   53    1    1    1    1    1    1    1    5    9  8.93731E+03 0.00440 
   54    1    1    1    1    1    1    1    5   10  8.73371E+03 0.00446 
   55    1    1    1    1    1    1    1    5   11  0.00000E+00 0.00000 
   56    1    1    1    1    1    1    1    6    1  1.03400E+04 0.00425 
   57    1    1    1    1    1    1    1    6    2  1.05165E+04 0.00414 
   58    1    1    1    1    1    1    1    6    3  0.00000E+00 0.00000 
   59    1    1    1    1    1    1    1    6    4  9.97572E+03 0.00430 
   60    1    1    1    1    1    1    1    6    5  9.65957E+03 0.00428 
   61    1    1    1    1    1    1    1    6    6  0.00000E+00 0.00000 
   62    1    1    1    1    1    1    1    6    7  9.02421E+03 0.00447 
   63    1    1    1    1    1    1    1    6    8  8.77375E+03 0.00438 
   64    1    1    1    1    1    1    1    6    9  0.00000E+00 0.00000 
   65    1    1    1    1    1    1    1    6   10  8.46755E+03 0.00450 
   66    1    1    1    1    1    1    1    6   11  8.46697E+03 0.00459 
   67    1    1    1    1    1    1    1    7    1  0.00000E+00 0.00000 
   68    1    1    1    1    1    1    1    7    2  9.56179E+03 0.00439 
   69    1    1    1    1    1    1    1    7    3  9.52864E+03 0.00429 
   70    1    1    1    1    1    1    1    7    4  0.00000E+00 0.00000 
   71    1    1    1    1    1    1    1    7    5  9.03098E+03 0.00439 
   72    1    1    1    1    1    1    1    7    6  8.84317E+03 0.00440 
   73    1    1    1    1    1    1    1    7    7  0.00000E+00 0.00000 
   74    1    1    1    1    1    1    1    7    8  8.62691E+03 0.00442 
   75    1    1    1    1    1    1    1    7    9  8.39204E+03 0.00457 
   76    1    1    1    1    1    1    1    7   10  0.00000E+00 0.00000 
   77    1    1    1    1    1    1    1    7   11  8.21626E+03 0.00456 
   78    1    1    1    1    1    1    1    8    1  9.05166E+03 0.00435 
   79    1    1    1    1    1    1    1    8    2  0.00000E+00 0.00000 
   80    1    1    1    1    1    1    1    8    3  9.01967E+03 0.00453 
   81    1    1    1    1    1    1    1    8    4  8.81943E+03 0.00441 
   82    1    1    1    1    1    1    1    8    5  0.00000E+00 0.00000 
   83    1    1    1    1    1    1    1    8    6  8.47907E+03 0.00453 
   84    1    1    1    1    1    1    1    8    7  8.35394E+03 0.00446 
   85    1    1    1    1    1    1    1    8    8  0.00000E+00 0.00000 
   86    1    1    1    1    1    1    1    8    9  8.32274E+03 0.00447 
   87    1    1    1    1    1    1    1    8   10  8.08831E+03 0.00466 
   88    1    1    1    1    1    1    1    8   11  0.00000E+00 0.00000 
   89    1    1    1    1    1    1    1    9    1  8.77960E+03 0.00427 
   90    1    1    1    1    1    1    1    9    2  8.69717E+03 0.00444 
   91    1    1    1    1    1    1    1    9    3  0.00000E+00 0.00000 
   92    1    1    1    1    1    1    1    9    4  8.48746E+03 0.00446 
   93    1    1    1    1    1    1    1    9    5  8.48691E+03 0.00455 
   94    1    1    1    1    1    1    1    9    6  0.00000E+00 0.00000 
   95    1    1    1    1    1    1    1    9    7  8.26433E+03 0.00453 
   96    1    1    1    1    1    1    1    9    8  8.16742E+03 0.00457 
   97    1    1    1    1    1    1    1    9    9  0.00000E+00 0.00000 
   98    1    1    1    1    1    1    1    9   10  8.02336E+03 0.00470 
   99    1    1    1    1    1    1    1    9   11  7.91121E+03 0.00465 
  100    1    1    1    1    1    1    1   10    1  0.00000E+00 0.00000 
  101    1    1    1    1    1    1    1   10    2  8.47891E+03 0.00448 
  102    1    1    1    1    1    1    1   10    3  8.30751E+03 0.00445 
  103    1    1    1    1    1    1    1   10    4  0.00000E+00 0.00000 
  104    1    1    1    1    1    1    1   10    5  8.25721E+03 0.00459 
  105    1    1    1    1    1    1    1   10    6  8.26259E+03 0.00454 
  106    1    1    1    1    1    1    1   10    7  0.00000E+00 0.00000 
  107    1    1    1    1    1    1    1   10    8  8.01828E+03 0.00457 
  108    1    1    1    1    1    1    1   10    9  7.93192E+03 0.00466 
  109    1    1    1    1    1    1    1   10   10  0.00000E+00 0.00000 
