
DETassem1 = [
    1    1    1    1    1    1    1    1    1    1  0.00000E+00 0.00000 
    2    1    1    1    1    1    1    1    1    2  0.00000E+00 0.00000 
    3    1    1    1    1    1    1    1    1    3  0.00000E+00 0.00000 
    4    1    1    1    1    1    1    1    1    4  0.00000E+00 0.00000 
    5    1    1    1    1    1    1    1    1    5  0.00000E+00 0.00000 
    6    1    1    1    1    1    1    1    1    6  0.00000E+00 0.00000 
    7    1    1    1    1    1    1    1    1    7  0.00000E+00 0.00000 
    8    1    1    1    1    1    1    1    1    8  1.76757E+04 0.00372 
    9    1    1    1    1    1    1    1    1    9  1.36848E+04 0.00410 
   10    1    1    1    1    1    1    1    1   10  0.00000E+00 0.00000 
   11    1    1    1    1    1    1    1    1   11  9.87252E+03 0.00437 
   12    1    1    1    1    1    1    1    2    1  1.93462E+04 0.00368 
   13    1    1    1    1    1    1    1    2    2  0.00000E+00 0.00000 
   14    1    1    1    1    1    1    1    2    3  0.00000E+00 0.00000 
   15    1    1    1    1    1    1    1    2    4  0.00000E+00 0.00000 
   16    1    1    1    1    1    1    1    2    5  0.00000E+00 0.00000 
   17    1    1    1    1    1    1    1    2    6  1.94140E+04 0.00354 
   18    1    1    1    1    1    1    1    2    7  1.54985E+04 0.00382 
   19    1    1    1    1    1    1    1    2    8  0.00000E+00 0.00000 
   20    1    1    1    1    1    1    1    2    9  1.09312E+04 0.00426 
   21    1    1    1    1    1    1    1    2   10  9.86593E+03 0.00436 
   22    1    1    1    1    1    1    1    2   11  0.00000E+00 0.00000 
   23    1    1    1    1    1    1    1    3    1  1.54999E+04 0.00385 
   24    1    1    1    1    1    1    1    3    2  1.77558E+04 0.00370 
   25    1    1    1    1    1    1    1    3    3  0.00000E+00 0.00000 
   26    1    1    1    1    1    1    1    3    4  1.77395E+04 0.00371 
   27    1    1    1    1    1    1    1    3    5  1.54074E+04 0.00396 
   28    1    1    1    1    1    1    1    3    6  0.00000E+00 0.00000 
   29    1    1    1    1    1    1    1    3    7  1.17894E+04 0.00433 
   30    1    1    1    1    1    1    1    3    8  1.05369E+04 0.00438 
   31    1    1    1    1    1    1    1    3    9  0.00000E+00 0.00000 
   32    1    1    1    1    1    1    1    3   10  9.10383E+03 0.00454 
   33    1    1    1    1    1    1    1    3   11  8.78667E+03 0.00461 
   34    1    1    1    1    1    1    1    4    1  0.00000E+00 0.00000 
   35    1    1    1    1    1    1    1    4    2  1.36858E+04 0.00410 
   36    1    1    1    1    1    1    1    4    3  1.36199E+04 0.00397 
   37    1    1    1    1    1    1    1    4    4  0.00000E+00 0.00000 
   38    1    1    1    1    1    1    1    4    5  1.17273E+04 0.00437 
   39    1    1    1    1    1    1    1    4    6  1.08817E+04 0.00435 
   40    1    1    1    1    1    1    1    4    7  0.00000E+00 0.00000 
   41    1    1    1    1    1    1    1    4    8  9.28241E+03 0.00458 
   42    1    1    1    1    1    1    1    4    9  8.86036E+03 0.00465 
   43    1    1    1    1    1    1    1    4   10  0.00000E+00 0.00000 
   44    1    1    1    1    1    1    1    4   11  8.45023E+03 0.00463 
   45    1    1    1    1    1    1    1    5    1  1.09264E+04 0.00427 
   46    1    1    1    1    1    1    1    5    2  0.00000E+00 0.00000 
   47    1    1    1    1    1    1    1    5    3  1.10602E+04 0.00432 
   48    1    1    1    1    1    1    1    5    4  1.05287E+04 0.00434 
   49    1    1    1    1    1    1    1    5    5  0.00000E+00 0.00000 
   50    1    1    1    1    1    1    1    5    6  9.53182E+03 0.00449 
   51    1    1    1    1    1    1    1    5    7  9.15152E+03 0.00458 
   52    1    1    1    1    1    1    1    5    8  0.00000E+00 0.00000 
   53    1    1    1    1    1    1    1    5    9  8.52413E+03 0.00472 
   54    1    1    1    1    1    1    1    5   10  8.41504E+03 0.00461 
   55    1    1    1    1    1    1    1    5   11  0.00000E+00 0.00000 
   56    1    1    1    1    1    1    1    6    1  9.85560E+03 0.00446 
   57    1    1    1    1    1    1    1    6    2  9.89285E+03 0.00439 
   58    1    1    1    1    1    1    1    6    3  0.00000E+00 0.00000 
   59    1    1    1    1    1    1    1    6    4  9.32867E+03 0.00454 
   60    1    1    1    1    1    1    1    6    5  9.11311E+03 0.00457 
   61    1    1    1    1    1    1    1    6    6  0.00000E+00 0.00000 
   62    1    1    1    1    1    1    1    6    7  8.55469E+03 0.00461 
   63    1    1    1    1    1    1    1    6    8  8.40141E+03 0.00467 
   64    1    1    1    1    1    1    1    6    9  0.00000E+00 0.00000 
   65    1    1    1    1    1    1    1    6   10  8.14497E+03 0.00471 
   66    1    1    1    1    1    1    1    6   11  8.16538E+03 0.00485 
   67    1    1    1    1    1    1    1    7    1  0.00000E+00 0.00000 
   68    1    1    1    1    1    1    1    7    2  9.14637E+03 0.00468 
   69    1    1    1    1    1    1    1    7    3  8.90208E+03 0.00451 
   70    1    1    1    1    1    1    1    7    4  0.00000E+00 0.00000 
   71    1    1    1    1    1    1    1    7    5  8.57922E+03 0.00450 
   72    1    1    1    1    1    1    1    7    6  8.46575E+03 0.00471 
   73    1    1    1    1    1    1    1    7    7  0.00000E+00 0.00000 
   74    1    1    1    1    1    1    1    7    8  8.13752E+03 0.00465 
   75    1    1    1    1    1    1    1    7    9  8.04047E+03 0.00478 
   76    1    1    1    1    1    1    1    7   10  0.00000E+00 0.00000 
   77    1    1    1    1    1    1    1    7   11  8.01201E+03 0.00473 
   78    1    1    1    1    1    1    1    8    1  8.80884E+03 0.00462 
   79    1    1    1    1    1    1    1    8    2  0.00000E+00 0.00000 
   80    1    1    1    1    1    1    1    8    3  8.51514E+03 0.00465 
   81    1    1    1    1    1    1    1    8    4  8.32337E+03 0.00462 
   82    1    1    1    1    1    1    1    8    5  0.00000E+00 0.00000 
   83    1    1    1    1    1    1    1    8    6  8.14590E+03 0.00463 
   84    1    1    1    1    1    1    1    8    7  7.90934E+03 0.00490 
   85    1    1    1    1    1    1    1    8    8  0.00000E+00 0.00000 
   86    1    1    1    1    1    1    1    8    9  7.92153E+03 0.00475 
   87    1    1    1    1    1    1    1    8   10  7.96523E+03 0.00489 
   88    1    1    1    1    1    1    1    8   11  0.00000E+00 0.00000 
   89    1    1    1    1    1    1    1    9    1  8.51330E+03 0.00468 
   90    1    1    1    1    1    1    1    9    2  8.34937E+03 0.00460 
   91    1    1    1    1    1    1    1    9    3  0.00000E+00 0.00000 
   92    1    1    1    1    1    1    1    9    4  8.15429E+03 0.00474 
   93    1    1    1    1    1    1    1    9    5  7.96679E+03 0.00487 
   94    1    1    1    1    1    1    1    9    6  0.00000E+00 0.00000 
   95    1    1    1    1    1    1    1    9    7  7.74433E+03 0.00477 
   96    1    1    1    1    1    1    1    9    8  7.71082E+03 0.00472 
   97    1    1    1    1    1    1    1    9    9  0.00000E+00 0.00000 
   98    1    1    1    1    1    1    1    9   10  7.71103E+03 0.00478 
   99    1    1    1    1    1    1    1    9   11  7.60801E+03 0.00491 
  100    1    1    1    1    1    1    1   10    1  0.00000E+00 0.00000 
  101    1    1    1    1    1    1    1   10    2  8.09889E+03 0.00466 
  102    1    1    1    1    1    1    1   10    3  7.96758E+03 0.00470 
  103    1    1    1    1    1    1    1   10    4  0.00000E+00 0.00000 
  104    1    1    1    1    1    1    1   10    5  7.77425E+03 0.00470 
  105    1    1    1    1    1    1    1   10    6  7.83668E+03 0.00482 
  106    1    1    1    1    1    1    1   10    7  0.00000E+00 0.00000 
  107    1    1    1    1    1    1    1   10    8  7.58429E+03 0.00481 
  108    1    1    1    1    1    1    1   10    9  7.46729E+03 0.00489 
  109    1    1    1    1    1    1    1   10   10  0.00000E+00 0.00000 
