
ZAI = [
922350
922380
666
0
];

NAMES = [
'U235            '
'U238            '
'lost            '
'total           '
];

i922350 = 1; iU235             = 1;
i922380 = 2; iU238             = 2;
iLOST    = 3;
iTOT     = 4;

MAT_un_VOLUME = [ 2.67099E+05 2.67099E+05 ];

MAT_un_BURNUP = [ 0.00000E+00 4.29158E+01 ];

MAT_un_ADENS = [
4.83387E-03 3.50851E-03 % U235
1.93936E-02 1.88536E-02 % U238
0.00000E+00 3.84639E-30 % lost data
7.26897E-02 7.38017E-02 % total
];

MAT_un_MDENS = [
1.88669E+00 1.36939E+00 % U235
7.66628E+00 7.45281E+00 % U238
0.00000E+00 0.00000E+00 % lost data
1.08000E+01 1.07986E+01 % total
];

MAT_un_A = [
4.02940E+10 2.92461E+10 % U235
2.54654E+10 2.47563E+10 % U238
0.00000E+00 0.00000E+00 % lost data
6.57593E+10 3.28353E+18 % total
];

MAT_un_H = [
3.02060E-02 2.19241E-02 % U235
1.74219E-02 1.69368E-02 % U238
0.00000E+00 0.00000E+00 % lost data
4.76279E-02 9.64698E+05 % total
];

MAT_un_SF = [
2.90117E+00 2.10572E+00 % U235
1.39041E+04 1.35169E+04 % U238
0.00000E+00 0.00000E+00 % lost data
1.39070E+04 1.03767E+08 % total
];

MAT_un_GSRC = [
5.09117E+10 3.69527E+10 % U235
2.25505E+09 2.19226E+09 % U238
0.00000E+00 0.00000E+00 % lost data
5.31667E+10 3.52990E+18 % total
];

MAT_un_ING_TOX = [
1.89382E+03 1.37457E+03 % U235
1.14594E+03 1.11403E+03 % U238
0.00000E+00 0.00000E+00 % lost data
3.03976E+03 2.23572E+09 % total
];

MAT_un_INH_TOX = [
3.42499E+05 2.48592E+05 % U235
2.03723E+05 1.98050E+05 % U238
0.00000E+00 0.00000E+00 % lost data
5.46222E+05 8.02590E+10 % total
];

TOT_VOLUME = [ 2.67099E+05 2.67099E+05 ];

TOT_BURNUP = [ 0.00000E+00 4.29158E+01 ];

TOT_ADENS = [
4.83387E-03 3.50851E-03 % U235
1.93936E-02 1.88536E-02 % U238
0.00000E+00 3.84639E-30 % lost data
7.26897E-02 7.38017E-02 % total
];

TOT_MASS = [
5.03933E+05 3.65764E+05 % U235
2.04766E+06 1.99064E+06 % U238
0.00000E+00 0.00000E+00 % lost data
2.88467E+06 2.88430E+06 % total
];

TOT_A = [
4.02940E+10 2.92461E+10 % U235
2.54654E+10 2.47563E+10 % U238
0.00000E+00 0.00000E+00 % lost data
6.57593E+10 3.28353E+18 % total
];

TOT_H = [
3.02060E-02 2.19241E-02 % U235
1.74219E-02 1.69368E-02 % U238
0.00000E+00 0.00000E+00 % lost data
4.76279E-02 9.64698E+05 % total
];

TOT_SF = [
2.90117E+00 2.10572E+00 % U235
1.39041E+04 1.35169E+04 % U238
0.00000E+00 0.00000E+00 % lost data
1.39070E+04 1.03767E+08 % total
];

TOT_GSRC = [
5.09117E+10 3.69527E+10 % U235
2.25505E+09 2.19226E+09 % U238
0.00000E+00 0.00000E+00 % lost data
5.31667E+10 3.52990E+18 % total
];

TOT_ING_TOX = [
1.89382E+03 1.37457E+03 % U235
1.14594E+03 1.11403E+03 % U238
0.00000E+00 0.00000E+00 % lost data
3.03976E+03 2.23572E+09 % total
];

TOT_INH_TOX = [
3.42499E+05 2.48592E+05 % U235
2.03723E+05 1.98050E+05 % U238
0.00000E+00 0.00000E+00 % lost data
5.46222E+05 8.02590E+10 % total
];

BU = [ 0.00000E+00 4.29145E+01 ];

DAYS = [ 0.00000E+00 7.30000E+03 ];
