
DETassem1 = [
    1    1    1    1    1    1    1    1    1    1  0.00000E+00 0.00000 
    2    1    1    1    1    1    1    1    1    2  0.00000E+00 0.00000 
    3    1    1    1    1    1    1    1    1    3  0.00000E+00 0.00000 
    4    1    1    1    1    1    1    1    1    4  0.00000E+00 0.00000 
    5    1    1    1    1    1    1    1    1    5  0.00000E+00 0.00000 
    6    1    1    1    1    1    1    1    1    6  0.00000E+00 0.00000 
    7    1    1    1    1    1    1    1    1    7  0.00000E+00 0.00000 
    8    1    1    1    1    1    1    1    1    8  1.83906E+04 0.00360 
    9    1    1    1    1    1    1    1    1    9  1.40278E+04 0.00397 
   10    1    1    1    1    1    1    1    1   10  0.00000E+00 0.00000 
   11    1    1    1    1    1    1    1    1   11  1.00861E+04 0.00457 
   12    1    1    1    1    1    1    1    2    1  1.99574E+04 0.00357 
   13    1    1    1    1    1    1    1    2    2  0.00000E+00 0.00000 
   14    1    1    1    1    1    1    1    2    3  0.00000E+00 0.00000 
   15    1    1    1    1    1    1    1    2    4  0.00000E+00 0.00000 
   16    1    1    1    1    1    1    1    2    5  0.00000E+00 0.00000 
   17    1    1    1    1    1    1    1    2    6  1.99473E+04 0.00355 
   18    1    1    1    1    1    1    1    2    7  1.57994E+04 0.00385 
   19    1    1    1    1    1    1    1    2    8  0.00000E+00 0.00000 
   20    1    1    1    1    1    1    1    2    9  1.13360E+04 0.00426 
   21    1    1    1    1    1    1    1    2   10  9.99438E+03 0.00438 
   22    1    1    1    1    1    1    1    2   11  0.00000E+00 0.00000 
   23    1    1    1    1    1    1    1    3    1  1.59638E+04 0.00387 
   24    1    1    1    1    1    1    1    3    2  1.84326E+04 0.00364 
   25    1    1    1    1    1    1    1    3    3  0.00000E+00 0.00000 
   26    1    1    1    1    1    1    1    3    4  1.84028E+04 0.00369 
   27    1    1    1    1    1    1    1    3    5  1.59671E+04 0.00380 
   28    1    1    1    1    1    1    1    3    6  0.00000E+00 0.00000 
   29    1    1    1    1    1    1    1    3    7  1.20908E+04 0.00414 
   30    1    1    1    1    1    1    1    3    8  1.07876E+04 0.00432 
   31    1    1    1    1    1    1    1    3    9  0.00000E+00 0.00000 
   32    1    1    1    1    1    1    1    3   10  9.16669E+03 0.00468 
   33    1    1    1    1    1    1    1    3   11  8.75561E+03 0.00468 
   34    1    1    1    1    1    1    1    4    1  0.00000E+00 0.00000 
   35    1    1    1    1    1    1    1    4    2  1.39137E+04 0.00405 
   36    1    1    1    1    1    1    1    4    3  1.39773E+04 0.00410 
   37    1    1    1    1    1    1    1    4    4  0.00000E+00 0.00000 
   38    1    1    1    1    1    1    1    4    5  1.20467E+04 0.00416 
   39    1    1    1    1    1    1    1    4    6  1.11711E+04 0.00435 
   40    1    1    1    1    1    1    1    4    7  0.00000E+00 0.00000 
   41    1    1    1    1    1    1    1    4    8  9.63349E+03 0.00444 
   42    1    1    1    1    1    1    1    4    9  9.04727E+03 0.00447 
   43    1    1    1    1    1    1    1    4   10  0.00000E+00 0.00000 
   44    1    1    1    1    1    1    1    4   11  8.44801E+03 0.00461 
   45    1    1    1    1    1    1    1    5    1  1.12126E+04 0.00417 
   46    1    1    1    1    1    1    1    5    2  0.00000E+00 0.00000 
   47    1    1    1    1    1    1    1    5    3  1.12113E+04 0.00426 
   48    1    1    1    1    1    1    1    5    4  1.08047E+04 0.00424 
   49    1    1    1    1    1    1    1    5    5  0.00000E+00 0.00000 
   50    1    1    1    1    1    1    1    5    6  9.75820E+03 0.00439 
   51    1    1    1    1    1    1    1    5    7  9.24494E+03 0.00457 
   52    1    1    1    1    1    1    1    5    8  0.00000E+00 0.00000 
   53    1    1    1    1    1    1    1    5    9  8.64263E+03 0.00469 
   54    1    1    1    1    1    1    1    5   10  8.40354E+03 0.00463 
   55    1    1    1    1    1    1    1    5   11  0.00000E+00 0.00000 
   56    1    1    1    1    1    1    1    6    1  1.00026E+04 0.00437 
   57    1    1    1    1    1    1    1    6    2  1.00930E+04 0.00441 
   58    1    1    1    1    1    1    1    6    3  0.00000E+00 0.00000 
   59    1    1    1    1    1    1    1    6    4  9.58573E+03 0.00460 
   60    1    1    1    1    1    1    1    6    5  9.31565E+03 0.00455 
   61    1    1    1    1    1    1    1    6    6  0.00000E+00 0.00000 
   62    1    1    1    1    1    1    1    6    7  8.76379E+03 0.00464 
   63    1    1    1    1    1    1    1    6    8  8.48107E+03 0.00463 
   64    1    1    1    1    1    1    1    6    9  0.00000E+00 0.00000 
   65    1    1    1    1    1    1    1    6   10  8.20040E+03 0.00478 
   66    1    1    1    1    1    1    1    6   11  8.21189E+03 0.00480 
   67    1    1    1    1    1    1    1    7    1  0.00000E+00 0.00000 
   68    1    1    1    1    1    1    1    7    2  9.23570E+03 0.00445 
   69    1    1    1    1    1    1    1    7    3  9.11192E+03 0.00459 
   70    1    1    1    1    1    1    1    7    4  0.00000E+00 0.00000 
   71    1    1    1    1    1    1    1    7    5  8.82435E+03 0.00462 
   72    1    1    1    1    1    1    1    7    6  8.60220E+03 0.00465 
   73    1    1    1    1    1    1    1    7    7  0.00000E+00 0.00000 
   74    1    1    1    1    1    1    1    7    8  8.24055E+03 0.00462 
   75    1    1    1    1    1    1    1    7    9  8.09899E+03 0.00474 
   76    1    1    1    1    1    1    1    7   10  0.00000E+00 0.00000 
   77    1    1    1    1    1    1    1    7   11  8.04854E+03 0.00478 
   78    1    1    1    1    1    1    1    8    1  8.75851E+03 0.00456 
   79    1    1    1    1    1    1    1    8    2  0.00000E+00 0.00000 
   80    1    1    1    1    1    1    1    8    3  8.64611E+03 0.00455 
   81    1    1    1    1    1    1    1    8    4  8.52429E+03 0.00458 
   82    1    1    1    1    1    1    1    8    5  0.00000E+00 0.00000 
   83    1    1    1    1    1    1    1    8    6  8.19151E+03 0.00463 
   84    1    1    1    1    1    1    1    8    7  8.18887E+03 0.00463 
   85    1    1    1    1    1    1    1    8    8  0.00000E+00 0.00000 
   86    1    1    1    1    1    1    1    8    9  8.00151E+03 0.00479 
   87    1    1    1    1    1    1    1    8   10  7.90580E+03 0.00468 
   88    1    1    1    1    1    1    1    8   11  0.00000E+00 0.00000 
   89    1    1    1    1    1    1    1    9    1  8.45152E+03 0.00473 
   90    1    1    1    1    1    1    1    9    2  8.45781E+03 0.00462 
   91    1    1    1    1    1    1    1    9    3  0.00000E+00 0.00000 
   92    1    1    1    1    1    1    1    9    4  8.23376E+03 0.00461 
   93    1    1    1    1    1    1    1    9    5  8.24464E+03 0.00459 
   94    1    1    1    1    1    1    1    9    6  0.00000E+00 0.00000 
   95    1    1    1    1    1    1    1    9    7  8.03881E+03 0.00478 
   96    1    1    1    1    1    1    1    9    8  7.96225E+03 0.00473 
   97    1    1    1    1    1    1    1    9    9  0.00000E+00 0.00000 
   98    1    1    1    1    1    1    1    9   10  7.78788E+03 0.00490 
   99    1    1    1    1    1    1    1    9   11  7.70159E+03 0.00487 
  100    1    1    1    1    1    1    1   10    1  0.00000E+00 0.00000 
  101    1    1    1    1    1    1    1   10    2  8.23839E+03 0.00473 
  102    1    1    1    1    1    1    1   10    3  8.09581E+03 0.00470 
  103    1    1    1    1    1    1    1   10    4  0.00000E+00 0.00000 
  104    1    1    1    1    1    1    1   10    5  8.07517E+03 0.00479 
  105    1    1    1    1    1    1    1   10    6  7.98075E+03 0.00480 
  106    1    1    1    1    1    1    1   10    7  0.00000E+00 0.00000 
  107    1    1    1    1    1    1    1   10    8  7.77533E+03 0.00480 
  108    1    1    1    1    1    1    1   10    9  7.70456E+03 0.00489 
  109    1    1    1    1    1    1    1   10   10  0.00000E+00 0.00000 
