
ZAI = [
922350
922380
666
0
];

NAMES = [
'U235            '
'U238            '
'lost            '
'total           '
];

i922350 = 1; iU235             = 1;
i922380 = 2; iU238             = 2;
iLOST    = 3;
iTOT     = 4;

MAT_un_VOLUME = [ 2.67651E+05 2.67651E+05 ];

MAT_un_BURNUP = [ 0.00000E+00 4.28272E+01 ];

MAT_un_ADENS = [
4.83387E-03 3.51098E-03 % U235
1.93936E-02 1.88551E-02 % U238
0.00000E+00 3.14323E-30 % lost data
7.26897E-02 7.37994E-02 % total
];

MAT_un_MDENS = [
1.88669E+00 1.37036E+00 % U235
7.66628E+00 7.45339E+00 % U238
0.00000E+00 0.00000E+00 % lost data
1.08000E+01 1.07986E+01 % total
];

MAT_un_A = [
4.03772E+10 2.93272E+10 % U235
2.55180E+10 2.48094E+10 % U238
0.00000E+00 0.00000E+00 % lost data
6.58952E+10 3.28293E+18 % total
];

MAT_un_H = [
3.02684E-02 2.19848E-02 % U235
1.74579E-02 1.69731E-02 % U238
0.00000E+00 0.00000E+00 % lost data
4.77263E-02 9.64668E+05 % total
];

MAT_un_SF = [
2.90716E+00 2.11156E+00 % U235
1.39328E+04 1.35459E+04 % U238
0.00000E+00 0.00000E+00 % lost data
1.39357E+04 1.03372E+08 % total
];

MAT_un_GSRC = [
5.10169E+10 3.70551E+10 % U235
2.25971E+09 2.19696E+09 % U238
0.00000E+00 0.00000E+00 % lost data
5.32766E+10 3.52921E+18 % total
];

MAT_un_ING_TOX = [
1.89773E+03 1.37838E+03 % U235
1.14831E+03 1.11642E+03 % U238
0.00000E+00 0.00000E+00 % lost data
3.04604E+03 2.23492E+09 % total
];

MAT_un_INH_TOX = [
3.43207E+05 2.49281E+05 % U235
2.04144E+05 1.98475E+05 % U238
0.00000E+00 0.00000E+00 % lost data
5.47351E+05 8.01056E+10 % total
];

TOT_VOLUME = [ 2.67651E+05 2.67651E+05 ];

TOT_BURNUP = [ 0.00000E+00 4.28272E+01 ];

TOT_ADENS = [
4.83387E-03 3.51098E-03 % U235
1.93936E-02 1.88551E-02 % U238
0.00000E+00 3.14323E-30 % lost data
7.26897E-02 7.37994E-02 % total
];

TOT_MASS = [
5.04974E+05 3.66777E+05 % U235
2.05189E+06 1.99491E+06 % U238
0.00000E+00 0.00000E+00 % lost data
2.89063E+06 2.89026E+06 % total
];

TOT_A = [
4.03772E+10 2.93272E+10 % U235
2.55180E+10 2.48094E+10 % U238
0.00000E+00 0.00000E+00 % lost data
6.58952E+10 3.28293E+18 % total
];

TOT_H = [
3.02684E-02 2.19848E-02 % U235
1.74579E-02 1.69731E-02 % U238
0.00000E+00 0.00000E+00 % lost data
4.77263E-02 9.64668E+05 % total
];

TOT_SF = [
2.90716E+00 2.11156E+00 % U235
1.39328E+04 1.35459E+04 % U238
0.00000E+00 0.00000E+00 % lost data
1.39357E+04 1.03372E+08 % total
];

TOT_GSRC = [
5.10169E+10 3.70551E+10 % U235
2.25971E+09 2.19696E+09 % U238
0.00000E+00 0.00000E+00 % lost data
5.32766E+10 3.52921E+18 % total
];

TOT_ING_TOX = [
1.89773E+03 1.37838E+03 % U235
1.14831E+03 1.11642E+03 % U238
0.00000E+00 0.00000E+00 % lost data
3.04604E+03 2.23492E+09 % total
];

TOT_INH_TOX = [
3.43207E+05 2.49281E+05 % U235
2.04144E+05 1.98475E+05 % U238
0.00000E+00 0.00000E+00 % lost data
5.47351E+05 8.01056E+10 % total
];

BU = [ 0.00000E+00 4.28259E+01 ];

DAYS = [ 0.00000E+00 7.30000E+03 ];
