
ZAI = [
922350
922380
666
0
];

NAMES = [
'U235            '
'U238            '
'lost            '
'total           '
];

i922350 = 1; iU235             = 1;
i922380 = 2; iU238             = 2;
iLOST    = 3;
iTOT     = 4;

MAT_un_VOLUME = [ 2.67712E+05 2.67712E+05 ];

MAT_un_BURNUP = [ 0.00000E+00 4.28175E+01 ];

MAT_un_ADENS = [
4.83387E-03 3.51144E-03 % U235
1.93936E-02 1.88556E-02 % U238
0.00000E+00 3.95255E-30 % lost data
7.26897E-02 7.37991E-02 % total
];

MAT_un_MDENS = [
1.88669E+00 1.37054E+00 % U235
7.66628E+00 7.45359E+00 % U238
0.00000E+00 0.00000E+00 % lost data
1.08000E+01 1.07986E+01 % total
];

MAT_un_A = [
4.03865E+10 2.93377E+10 % U235
2.55238E+10 2.48157E+10 % U238
0.00000E+00 0.00000E+00 % lost data
6.59103E+10 3.28234E+18 % total
];

MAT_un_H = [
3.02753E-02 2.19927E-02 % U235
1.74619E-02 1.69775E-02 % U238
0.00000E+00 0.00000E+00 % lost data
4.77373E-02 9.64596E+05 % total
];

MAT_un_SF = [
2.90783E+00 2.11232E+00 % U235
1.39360E+04 1.35494E+04 % U238
0.00000E+00 0.00000E+00 % lost data
1.39389E+04 1.03411E+08 % total
];

MAT_un_GSRC = [
5.10286E+10 3.70684E+10 % U235
2.26023E+09 2.19752E+09 % U238
0.00000E+00 0.00000E+00 % lost data
5.32888E+10 3.52851E+18 % total
];

MAT_un_ING_TOX = [
1.89816E+03 1.37887E+03 % U235
1.14857E+03 1.11671E+03 % U238
0.00000E+00 0.00000E+00 % lost data
3.04674E+03 2.23458E+09 % total
];

MAT_un_INH_TOX = [
3.43285E+05 2.49371E+05 % U235
2.04191E+05 1.98526E+05 % U238
0.00000E+00 0.00000E+00 % lost data
5.47476E+05 8.00645E+10 % total
];

TOT_VOLUME = [ 2.67712E+05 2.67712E+05 ];

TOT_BURNUP = [ 0.00000E+00 4.28175E+01 ];

TOT_ADENS = [
4.83387E-03 3.51144E-03 % U235
1.93936E-02 1.88556E-02 % U238
0.00000E+00 3.95255E-30 % lost data
7.26897E-02 7.37991E-02 % total
];

TOT_MASS = [
5.05090E+05 3.66909E+05 % U235
2.05236E+06 1.99542E+06 % U238
0.00000E+00 0.00000E+00 % lost data
2.89129E+06 2.89092E+06 % total
];

TOT_A = [
4.03865E+10 2.93377E+10 % U235
2.55238E+10 2.48157E+10 % U238
0.00000E+00 0.00000E+00 % lost data
6.59103E+10 3.28234E+18 % total
];

TOT_H = [
3.02753E-02 2.19927E-02 % U235
1.74619E-02 1.69775E-02 % U238
0.00000E+00 0.00000E+00 % lost data
4.77373E-02 9.64596E+05 % total
];

TOT_SF = [
2.90783E+00 2.11232E+00 % U235
1.39360E+04 1.35494E+04 % U238
0.00000E+00 0.00000E+00 % lost data
1.39389E+04 1.03411E+08 % total
];

TOT_GSRC = [
5.10286E+10 3.70684E+10 % U235
2.26023E+09 2.19752E+09 % U238
0.00000E+00 0.00000E+00 % lost data
5.32888E+10 3.52851E+18 % total
];

TOT_ING_TOX = [
1.89816E+03 1.37887E+03 % U235
1.14857E+03 1.11671E+03 % U238
0.00000E+00 0.00000E+00 % lost data
3.04674E+03 2.23458E+09 % total
];

TOT_INH_TOX = [
3.43285E+05 2.49371E+05 % U235
2.04191E+05 1.98526E+05 % U238
0.00000E+00 0.00000E+00 % lost data
5.47476E+05 8.00645E+10 % total
];

BU = [ 0.00000E+00 4.28161E+01 ];

DAYS = [ 0.00000E+00 7.30000E+03 ];
