
DETassem1 = [
    1    1    1    1    1    1    1    1    1    1  0.00000E+00 0.00000 
    2    1    1    1    1    1    1    1    1    2  0.00000E+00 0.00000 
    3    1    1    1    1    1    1    1    1    3  0.00000E+00 0.00000 
    4    1    1    1    1    1    1    1    1    4  0.00000E+00 0.00000 
    5    1    1    1    1    1    1    1    1    5  0.00000E+00 0.00000 
    6    1    1    1    1    1    1    1    1    6  0.00000E+00 0.00000 
    7    1    1    1    1    1    1    1    1    7  0.00000E+00 0.00000 
    8    1    1    1    1    1    1    1    1    8  1.77328E+04 0.00355 
    9    1    1    1    1    1    1    1    1    9  1.38977E+04 0.00394 
   10    1    1    1    1    1    1    1    1   10  0.00000E+00 0.00000 
   11    1    1    1    1    1    1    1    1   11  1.03885E+04 0.00430 
   12    1    1    1    1    1    1    1    2    1  1.90875E+04 0.00347 
   13    1    1    1    1    1    1    1    2    2  0.00000E+00 0.00000 
   14    1    1    1    1    1    1    1    2    3  0.00000E+00 0.00000 
   15    1    1    1    1    1    1    1    2    4  0.00000E+00 0.00000 
   16    1    1    1    1    1    1    1    2    5  0.00000E+00 0.00000 
   17    1    1    1    1    1    1    1    2    6  1.89920E+04 0.00348 
   18    1    1    1    1    1    1    1    2    7  1.55515E+04 0.00374 
   19    1    1    1    1    1    1    1    2    8  0.00000E+00 0.00000 
   20    1    1    1    1    1    1    1    2    9  1.14761E+04 0.00400 
   21    1    1    1    1    1    1    1    2   10  1.02913E+04 0.00432 
   22    1    1    1    1    1    1    1    2   11  0.00000E+00 0.00000 
   23    1    1    1    1    1    1    1    3    1  1.55250E+04 0.00372 
   24    1    1    1    1    1    1    1    3    2  1.77240E+04 0.00351 
   25    1    1    1    1    1    1    1    3    3  0.00000E+00 0.00000 
   26    1    1    1    1    1    1    1    3    4  1.78521E+04 0.00355 
   27    1    1    1    1    1    1    1    3    5  1.55262E+04 0.00381 
   28    1    1    1    1    1    1    1    3    6  0.00000E+00 0.00000 
   29    1    1    1    1    1    1    1    3    7  1.19975E+04 0.00402 
   30    1    1    1    1    1    1    1    3    8  1.10628E+04 0.00417 
   31    1    1    1    1    1    1    1    3    9  0.00000E+00 0.00000 
   32    1    1    1    1    1    1    1    3   10  9.57948E+03 0.00429 
   33    1    1    1    1    1    1    1    3   11  9.14267E+03 0.00436 
   34    1    1    1    1    1    1    1    4    1  0.00000E+00 0.00000 
   35    1    1    1    1    1    1    1    4    2  1.38544E+04 0.00388 
   36    1    1    1    1    1    1    1    4    3  1.39643E+04 0.00391 
   37    1    1    1    1    1    1    1    4    4  0.00000E+00 0.00000 
   38    1    1    1    1    1    1    1    4    5  1.20733E+04 0.00410 
   39    1    1    1    1    1    1    1    4    6  1.12702E+04 0.00422 
   40    1    1    1    1    1    1    1    4    7  0.00000E+00 0.00000 
   41    1    1    1    1    1    1    1    4    8  9.89455E+03 0.00430 
   42    1    1    1    1    1    1    1    4    9  9.53435E+03 0.00427 
   43    1    1    1    1    1    1    1    4   10  0.00000E+00 0.00000 
   44    1    1    1    1    1    1    1    4   11  8.86499E+03 0.00446 
   45    1    1    1    1    1    1    1    5    1  1.14130E+04 0.00409 
   46    1    1    1    1    1    1    1    5    2  0.00000E+00 0.00000 
   47    1    1    1    1    1    1    1    5    3  1.13738E+04 0.00418 
   48    1    1    1    1    1    1    1    5    4  1.09357E+04 0.00410 
   49    1    1    1    1    1    1    1    5    5  0.00000E+00 0.00000 
   50    1    1    1    1    1    1    1    5    6  1.00059E+04 0.00423 
   51    1    1    1    1    1    1    1    5    7  9.58474E+03 0.00434 
   52    1    1    1    1    1    1    1    5    8  0.00000E+00 0.00000 
   53    1    1    1    1    1    1    1    5    9  8.98264E+03 0.00438 
   54    1    1    1    1    1    1    1    5   10  8.76136E+03 0.00438 
   55    1    1    1    1    1    1    1    5   11  0.00000E+00 0.00000 
   56    1    1    1    1    1    1    1    6    1  1.02903E+04 0.00434 
   57    1    1    1    1    1    1    1    6    2  1.03243E+04 0.00413 
   58    1    1    1    1    1    1    1    6    3  0.00000E+00 0.00000 
   59    1    1    1    1    1    1    1    6    4  9.90915E+03 0.00430 
   60    1    1    1    1    1    1    1    6    5  9.59364E+03 0.00444 
   61    1    1    1    1    1    1    1    6    6  0.00000E+00 0.00000 
   62    1    1    1    1    1    1    1    6    7  9.01168E+03 0.00438 
   63    1    1    1    1    1    1    1    6    8  8.89391E+03 0.00453 
   64    1    1    1    1    1    1    1    6    9  0.00000E+00 0.00000 
   65    1    1    1    1    1    1    1    6   10  8.56893E+03 0.00452 
   66    1    1    1    1    1    1    1    6   11  8.46262E+03 0.00454 
   67    1    1    1    1    1    1    1    7    1  0.00000E+00 0.00000 
   68    1    1    1    1    1    1    1    7    2  9.54303E+03 0.00436 
   69    1    1    1    1    1    1    1    7    3  9.42279E+03 0.00425 
   70    1    1    1    1    1    1    1    7    4  0.00000E+00 0.00000 
   71    1    1    1    1    1    1    1    7    5  9.05196E+03 0.00436 
   72    1    1    1    1    1    1    1    7    6  8.88879E+03 0.00437 
   73    1    1    1    1    1    1    1    7    7  0.00000E+00 0.00000 
   74    1    1    1    1    1    1    1    7    8  8.56386E+03 0.00451 
   75    1    1    1    1    1    1    1    7    9  8.53153E+03 0.00450 
   76    1    1    1    1    1    1    1    7   10  0.00000E+00 0.00000 
   77    1    1    1    1    1    1    1    7   11  8.23209E+03 0.00456 
   78    1    1    1    1    1    1    1    8    1  9.12399E+03 0.00439 
   79    1    1    1    1    1    1    1    8    2  0.00000E+00 0.00000 
   80    1    1    1    1    1    1    1    8    3  8.96004E+03 0.00440 
   81    1    1    1    1    1    1    1    8    4  8.88031E+03 0.00440 
   82    1    1    1    1    1    1    1    8    5  0.00000E+00 0.00000 
   83    1    1    1    1    1    1    1    8    6  8.59869E+03 0.00445 
   84    1    1    1    1    1    1    1    8    7  8.47458E+03 0.00460 
   85    1    1    1    1    1    1    1    8    8  0.00000E+00 0.00000 
   86    1    1    1    1    1    1    1    8    9  8.34876E+03 0.00452 
   87    1    1    1    1    1    1    1    8   10  8.17696E+03 0.00465 
   88    1    1    1    1    1    1    1    8   11  0.00000E+00 0.00000 
   89    1    1    1    1    1    1    1    9    1  8.87053E+03 0.00446 
   90    1    1    1    1    1    1    1    9    2  8.70458E+03 0.00446 
   91    1    1    1    1    1    1    1    9    3  0.00000E+00 0.00000 
   92    1    1    1    1    1    1    1    9    4  8.50275E+03 0.00450 
   93    1    1    1    1    1    1    1    9    5  8.47029E+03 0.00442 
   94    1    1    1    1    1    1    1    9    6  0.00000E+00 0.00000 
   95    1    1    1    1    1    1    1    9    7  8.31190E+03 0.00452 
   96    1    1    1    1    1    1    1    9    8  8.19638E+03 0.00465 
   97    1    1    1    1    1    1    1    9    9  0.00000E+00 0.00000 
   98    1    1    1    1    1    1    1    9   10  8.03164E+03 0.00456 
   99    1    1    1    1    1    1    1    9   11  7.90764E+03 0.00478 
  100    1    1    1    1    1    1    1   10    1  0.00000E+00 0.00000 
  101    1    1    1    1    1    1    1   10    2  8.59622E+03 0.00453 
  102    1    1    1    1    1    1    1   10    3  8.48444E+03 0.00449 
  103    1    1    1    1    1    1    1   10    4  0.00000E+00 0.00000 
  104    1    1    1    1    1    1    1   10    5  8.30592E+03 0.00463 
  105    1    1    1    1    1    1    1   10    6  8.27876E+03 0.00457 
  106    1    1    1    1    1    1    1   10    7  0.00000E+00 0.00000 
  107    1    1    1    1    1    1    1   10    8  7.99861E+03 0.00462 
  108    1    1    1    1    1    1    1   10    9  7.88429E+03 0.00457 
  109    1    1    1    1    1    1    1   10   10  0.00000E+00 0.00000 
