
DETassem1 = [
    1    1    1    1    1    1    1    1    1    1  0.00000E+00 0.00000 
    2    1    1    1    1    1    1    1    1    2  0.00000E+00 0.00000 
    3    1    1    1    1    1    1    1    1    3  0.00000E+00 0.00000 
    4    1    1    1    1    1    1    1    1    4  0.00000E+00 0.00000 
    5    1    1    1    1    1    1    1    1    5  0.00000E+00 0.00000 
    6    1    1    1    1    1    1    1    1    6  0.00000E+00 0.00000 
    7    1    1    1    1    1    1    1    1    7  0.00000E+00 0.00000 
    8    1    1    1    1    1    1    1    1    8  1.80915E+04 0.00384 
    9    1    1    1    1    1    1    1    1    9  1.38493E+04 0.00397 
   10    1    1    1    1    1    1    1    1   10  0.00000E+00 0.00000 
   11    1    1    1    1    1    1    1    1   11  1.00229E+04 0.00454 
   12    1    1    1    1    1    1    1    2    1  1.96239E+04 0.00347 
   13    1    1    1    1    1    1    1    2    2  0.00000E+00 0.00000 
   14    1    1    1    1    1    1    1    2    3  0.00000E+00 0.00000 
   15    1    1    1    1    1    1    1    2    4  0.00000E+00 0.00000 
   16    1    1    1    1    1    1    1    2    5  0.00000E+00 0.00000 
   17    1    1    1    1    1    1    1    2    6  1.97099E+04 0.00360 
   18    1    1    1    1    1    1    1    2    7  1.57340E+04 0.00380 
   19    1    1    1    1    1    1    1    2    8  0.00000E+00 0.00000 
   20    1    1    1    1    1    1    1    2    9  1.10969E+04 0.00447 
   21    1    1    1    1    1    1    1    2   10  1.00168E+04 0.00431 
   22    1    1    1    1    1    1    1    2   11  0.00000E+00 0.00000 
   23    1    1    1    1    1    1    1    3    1  1.57316E+04 0.00391 
   24    1    1    1    1    1    1    1    3    2  1.82537E+04 0.00357 
   25    1    1    1    1    1    1    1    3    3  0.00000E+00 0.00000 
   26    1    1    1    1    1    1    1    3    4  1.82284E+04 0.00368 
   27    1    1    1    1    1    1    1    3    5  1.57594E+04 0.00383 
   28    1    1    1    1    1    1    1    3    6  0.00000E+00 0.00000 
   29    1    1    1    1    1    1    1    3    7  1.19128E+04 0.00430 
   30    1    1    1    1    1    1    1    3    8  1.07798E+04 0.00432 
   31    1    1    1    1    1    1    1    3    9  0.00000E+00 0.00000 
   32    1    1    1    1    1    1    1    3   10  9.26506E+03 0.00451 
   33    1    1    1    1    1    1    1    3   11  8.85563E+03 0.00468 
   34    1    1    1    1    1    1    1    4    1  0.00000E+00 0.00000 
   35    1    1    1    1    1    1    1    4    2  1.38662E+04 0.00399 
   36    1    1    1    1    1    1    1    4    3  1.40003E+04 0.00399 
   37    1    1    1    1    1    1    1    4    4  0.00000E+00 0.00000 
   38    1    1    1    1    1    1    1    4    5  1.19526E+04 0.00421 
   39    1    1    1    1    1    1    1    4    6  1.09512E+04 0.00432 
   40    1    1    1    1    1    1    1    4    7  0.00000E+00 0.00000 
   41    1    1    1    1    1    1    1    4    8  9.40560E+03 0.00436 
   42    1    1    1    1    1    1    1    4    9  8.98318E+03 0.00461 
   43    1    1    1    1    1    1    1    4   10  0.00000E+00 0.00000 
   44    1    1    1    1    1    1    1    4   11  8.60442E+03 0.00456 
   45    1    1    1    1    1    1    1    5    1  1.12246E+04 0.00426 
   46    1    1    1    1    1    1    1    5    2  0.00000E+00 0.00000 
   47    1    1    1    1    1    1    1    5    3  1.11730E+04 0.00428 
   48    1    1    1    1    1    1    1    5    4  1.06887E+04 0.00438 
   49    1    1    1    1    1    1    1    5    5  0.00000E+00 0.00000 
   50    1    1    1    1    1    1    1    5    6  9.56802E+03 0.00443 
   51    1    1    1    1    1    1    1    5    7  9.21582E+03 0.00456 
   52    1    1    1    1    1    1    1    5    8  0.00000E+00 0.00000 
   53    1    1    1    1    1    1    1    5    9  8.70215E+03 0.00463 
   54    1    1    1    1    1    1    1    5   10  8.40248E+03 0.00464 
   55    1    1    1    1    1    1    1    5   11  0.00000E+00 0.00000 
   56    1    1    1    1    1    1    1    6    1  1.00342E+04 0.00436 
   57    1    1    1    1    1    1    1    6    2  1.00012E+04 0.00446 
   58    1    1    1    1    1    1    1    6    3  0.00000E+00 0.00000 
   59    1    1    1    1    1    1    1    6    4  9.40875E+03 0.00456 
   60    1    1    1    1    1    1    1    6    5  9.20395E+03 0.00451 
   61    1    1    1    1    1    1    1    6    6  0.00000E+00 0.00000 
   62    1    1    1    1    1    1    1    6    7  8.68121E+03 0.00457 
   63    1    1    1    1    1    1    1    6    8  8.48219E+03 0.00467 
   64    1    1    1    1    1    1    1    6    9  0.00000E+00 0.00000 
   65    1    1    1    1    1    1    1    6   10  8.20080E+03 0.00476 
   66    1    1    1    1    1    1    1    6   11  8.08303E+03 0.00480 
   67    1    1    1    1    1    1    1    7    1  0.00000E+00 0.00000 
   68    1    1    1    1    1    1    1    7    2  9.21258E+03 0.00452 
   69    1    1    1    1    1    1    1    7    3  9.08047E+03 0.00452 
   70    1    1    1    1    1    1    1    7    4  0.00000E+00 0.00000 
   71    1    1    1    1    1    1    1    7    5  8.61698E+03 0.00464 
   72    1    1    1    1    1    1    1    7    6  8.38484E+03 0.00462 
   73    1    1    1    1    1    1    1    7    7  0.00000E+00 0.00000 
   74    1    1    1    1    1    1    1    7    8  8.27095E+03 0.00465 
   75    1    1    1    1    1    1    1    7    9  8.08840E+03 0.00460 
   76    1    1    1    1    1    1    1    7   10  0.00000E+00 0.00000 
   77    1    1    1    1    1    1    1    7   11  7.89757E+03 0.00468 
   78    1    1    1    1    1    1    1    8    1  8.90298E+03 0.00454 
   79    1    1    1    1    1    1    1    8    2  0.00000E+00 0.00000 
   80    1    1    1    1    1    1    1    8    3  8.55392E+03 0.00463 
   81    1    1    1    1    1    1    1    8    4  8.45533E+03 0.00463 
   82    1    1    1    1    1    1    1    8    5  0.00000E+00 0.00000 
   83    1    1    1    1    1    1    1    8    6  8.22329E+03 0.00466 
   84    1    1    1    1    1    1    1    8    7  8.10861E+03 0.00473 
   85    1    1    1    1    1    1    1    8    8  0.00000E+00 0.00000 
   86    1    1    1    1    1    1    1    8    9  8.01329E+03 0.00477 
   87    1    1    1    1    1    1    1    8   10  7.92704E+03 0.00479 
   88    1    1    1    1    1    1    1    8   11  0.00000E+00 0.00000 
   89    1    1    1    1    1    1    1    9    1  8.51212E+03 0.00467 
   90    1    1    1    1    1    1    1    9    2  8.42960E+03 0.00460 
   91    1    1    1    1    1    1    1    9    3  0.00000E+00 0.00000 
   92    1    1    1    1    1    1    1    9    4  8.21802E+03 0.00476 
   93    1    1    1    1    1    1    1    9    5  8.07226E+03 0.00475 
   94    1    1    1    1    1    1    1    9    6  0.00000E+00 0.00000 
   95    1    1    1    1    1    1    1    9    7  7.90023E+03 0.00482 
   96    1    1    1    1    1    1    1    9    8  7.93203E+03 0.00472 
   97    1    1    1    1    1    1    1    9    9  0.00000E+00 0.00000 
   98    1    1    1    1    1    1    1    9   10  7.80439E+03 0.00476 
   99    1    1    1    1    1    1    1    9   11  7.61145E+03 0.00479 
  100    1    1    1    1    1    1    1   10    1  0.00000E+00 0.00000 
  101    1    1    1    1    1    1    1   10    2  8.22861E+03 0.00467 
  102    1    1    1    1    1    1    1   10    3  8.19939E+03 0.00467 
  103    1    1    1    1    1    1    1   10    4  0.00000E+00 0.00000 
  104    1    1    1    1    1    1    1   10    5  7.94125E+03 0.00476 
  105    1    1    1    1    1    1    1   10    6  7.91045E+03 0.00492 
  106    1    1    1    1    1    1    1   10    7  0.00000E+00 0.00000 
  107    1    1    1    1    1    1    1   10    8  7.72344E+03 0.00481 
  108    1    1    1    1    1    1    1   10    9  7.70457E+03 0.00491 
  109    1    1    1    1    1    1    1   10   10  0.00000E+00 0.00000 
