
DETassem1 = [
    1    1    1    1    1    1    1    1    1    1  0.00000E+00 0.00000 
    2    1    1    1    1    1    1    1    1    2  0.00000E+00 0.00000 
    3    1    1    1    1    1    1    1    1    3  0.00000E+00 0.00000 
    4    1    1    1    1    1    1    1    1    4  0.00000E+00 0.00000 
    5    1    1    1    1    1    1    1    1    5  0.00000E+00 0.00000 
    6    1    1    1    1    1    1    1    1    6  0.00000E+00 0.00000 
    7    1    1    1    1    1    1    1    1    7  0.00000E+00 0.00000 
    8    1    1    1    1    1    1    1    1    8  1.79402E+04 0.00361 
    9    1    1    1    1    1    1    1    1    9  1.39794E+04 0.00383 
   10    1    1    1    1    1    1    1    1   10  0.00000E+00 0.00000 
   11    1    1    1    1    1    1    1    1   11  1.02504E+04 0.00430 
   12    1    1    1    1    1    1    1    2    1  1.90654E+04 0.00359 
   13    1    1    1    1    1    1    1    2    2  0.00000E+00 0.00000 
   14    1    1    1    1    1    1    1    2    3  0.00000E+00 0.00000 
   15    1    1    1    1    1    1    1    2    4  0.00000E+00 0.00000 
   16    1    1    1    1    1    1    1    2    5  0.00000E+00 0.00000 
   17    1    1    1    1    1    1    1    2    6  1.91372E+04 0.00345 
   18    1    1    1    1    1    1    1    2    7  1.56420E+04 0.00371 
   19    1    1    1    1    1    1    1    2    8  0.00000E+00 0.00000 
   20    1    1    1    1    1    1    1    2    9  1.14666E+04 0.00411 
   21    1    1    1    1    1    1    1    2   10  1.02028E+04 0.00424 
   22    1    1    1    1    1    1    1    2   11  0.00000E+00 0.00000 
   23    1    1    1    1    1    1    1    3    1  1.54936E+04 0.00375 
   24    1    1    1    1    1    1    1    3    2  1.76937E+04 0.00356 
   25    1    1    1    1    1    1    1    3    3  0.00000E+00 0.00000 
   26    1    1    1    1    1    1    1    3    4  1.78937E+04 0.00359 
   27    1    1    1    1    1    1    1    3    5  1.57074E+04 0.00372 
   28    1    1    1    1    1    1    1    3    6  0.00000E+00 0.00000 
   29    1    1    1    1    1    1    1    3    7  1.22529E+04 0.00397 
   30    1    1    1    1    1    1    1    3    8  1.10079E+04 0.00425 
   31    1    1    1    1    1    1    1    3    9  0.00000E+00 0.00000 
   32    1    1    1    1    1    1    1    3   10  9.41199E+03 0.00433 
   33    1    1    1    1    1    1    1    3   11  9.08975E+03 0.00437 
   34    1    1    1    1    1    1    1    4    1  0.00000E+00 0.00000 
   35    1    1    1    1    1    1    1    4    2  1.38117E+04 0.00394 
   36    1    1    1    1    1    1    1    4    3  1.39544E+04 0.00383 
   37    1    1    1    1    1    1    1    4    4  0.00000E+00 0.00000 
   38    1    1    1    1    1    1    1    4    5  1.22893E+04 0.00398 
   39    1    1    1    1    1    1    1    4    6  1.13255E+04 0.00405 
   40    1    1    1    1    1    1    1    4    7  0.00000E+00 0.00000 
   41    1    1    1    1    1    1    1    4    8  9.84748E+03 0.00432 
   42    1    1    1    1    1    1    1    4    9  9.39820E+03 0.00433 
   43    1    1    1    1    1    1    1    4   10  0.00000E+00 0.00000 
   44    1    1    1    1    1    1    1    4   11  8.79365E+03 0.00451 
   45    1    1    1    1    1    1    1    5    1  1.13663E+04 0.00413 
   46    1    1    1    1    1    1    1    5    2  0.00000E+00 0.00000 
   47    1    1    1    1    1    1    1    5    3  1.15292E+04 0.00415 
   48    1    1    1    1    1    1    1    5    4  1.10323E+04 0.00409 
   49    1    1    1    1    1    1    1    5    5  0.00000E+00 0.00000 
   50    1    1    1    1    1    1    1    5    6  9.99837E+03 0.00424 
   51    1    1    1    1    1    1    1    5    7  9.58452E+03 0.00425 
   52    1    1    1    1    1    1    1    5    8  0.00000E+00 0.00000 
   53    1    1    1    1    1    1    1    5    9  8.95478E+03 0.00446 
   54    1    1    1    1    1    1    1    5   10  8.73208E+03 0.00452 
   55    1    1    1    1    1    1    1    5   11  0.00000E+00 0.00000 
   56    1    1    1    1    1    1    1    6    1  1.01454E+04 0.00424 
   57    1    1    1    1    1    1    1    6    2  1.00874E+04 0.00423 
   58    1    1    1    1    1    1    1    6    3  0.00000E+00 0.00000 
   59    1    1    1    1    1    1    1    6    4  9.75044E+03 0.00431 
   60    1    1    1    1    1    1    1    6    5  9.56805E+03 0.00436 
   61    1    1    1    1    1    1    1    6    6  0.00000E+00 0.00000 
   62    1    1    1    1    1    1    1    6    7  9.05558E+03 0.00445 
   63    1    1    1    1    1    1    1    6    8  8.69825E+03 0.00439 
   64    1    1    1    1    1    1    1    6    9  0.00000E+00 0.00000 
   65    1    1    1    1    1    1    1    6   10  8.62259E+03 0.00449 
   66    1    1    1    1    1    1    1    6   11  8.48236E+03 0.00444 
   67    1    1    1    1    1    1    1    7    1  0.00000E+00 0.00000 
   68    1    1    1    1    1    1    1    7    2  9.51157E+03 0.00428 
   69    1    1    1    1    1    1    1    7    3  9.34782E+03 0.00445 
   70    1    1    1    1    1    1    1    7    4  0.00000E+00 0.00000 
   71    1    1    1    1    1    1    1    7    5  8.96683E+03 0.00444 
   72    1    1    1    1    1    1    1    7    6  8.74998E+03 0.00445 
   73    1    1    1    1    1    1    1    7    7  0.00000E+00 0.00000 
   74    1    1    1    1    1    1    1    7    8  8.45027E+03 0.00462 
   75    1    1    1    1    1    1    1    7    9  8.36574E+03 0.00447 
   76    1    1    1    1    1    1    1    7   10  0.00000E+00 0.00000 
   77    1    1    1    1    1    1    1    7   11  8.23031E+03 0.00457 
   78    1    1    1    1    1    1    1    8    1  9.13554E+03 0.00435 
   79    1    1    1    1    1    1    1    8    2  0.00000E+00 0.00000 
   80    1    1    1    1    1    1    1    8    3  8.89536E+03 0.00442 
   81    1    1    1    1    1    1    1    8    4  8.74612E+03 0.00448 
   82    1    1    1    1    1    1    1    8    5  0.00000E+00 0.00000 
   83    1    1    1    1    1    1    1    8    6  8.54143E+03 0.00446 
   84    1    1    1    1    1    1    1    8    7  8.34198E+03 0.00444 
   85    1    1    1    1    1    1    1    8    8  0.00000E+00 0.00000 
   86    1    1    1    1    1    1    1    8    9  8.21519E+03 0.00462 
   87    1    1    1    1    1    1    1    8   10  8.14560E+03 0.00457 
   88    1    1    1    1    1    1    1    8   11  0.00000E+00 0.00000 
   89    1    1    1    1    1    1    1    9    1  8.84752E+03 0.00448 
   90    1    1    1    1    1    1    1    9    2  8.73116E+03 0.00430 
   91    1    1    1    1    1    1    1    9    3  0.00000E+00 0.00000 
   92    1    1    1    1    1    1    1    9    4  8.44293E+03 0.00455 
   93    1    1    1    1    1    1    1    9    5  8.34879E+03 0.00452 
   94    1    1    1    1    1    1    1    9    6  0.00000E+00 0.00000 
   95    1    1    1    1    1    1    1    9    7  8.16110E+03 0.00457 
   96    1    1    1    1    1    1    1    9    8  8.01527E+03 0.00465 
   97    1    1    1    1    1    1    1    9    9  0.00000E+00 0.00000 
   98    1    1    1    1    1    1    1    9   10  8.00437E+03 0.00469 
   99    1    1    1    1    1    1    1    9   11  7.89595E+03 0.00468 
  100    1    1    1    1    1    1    1   10    1  0.00000E+00 0.00000 
  101    1    1    1    1    1    1    1   10    2  8.50664E+03 0.00456 
  102    1    1    1    1    1    1    1   10    3  8.37684E+03 0.00465 
  103    1    1    1    1    1    1    1   10    4  0.00000E+00 0.00000 
  104    1    1    1    1    1    1    1   10    5  8.14648E+03 0.00457 
  105    1    1    1    1    1    1    1   10    6  8.12785E+03 0.00465 
  106    1    1    1    1    1    1    1   10    7  0.00000E+00 0.00000 
  107    1    1    1    1    1    1    1   10    8  7.83367E+03 0.00475 
  108    1    1    1    1    1    1    1   10    9  7.77837E+03 0.00468 
  109    1    1    1    1    1    1    1   10   10  0.00000E+00 0.00000 
