
DETassem1 = [
    1    1    1    1    1    1    1    1    1    1  0.00000E+00 0.00000 
    2    1    1    1    1    1    1    1    1    2  0.00000E+00 0.00000 
    3    1    1    1    1    1    1    1    1    3  0.00000E+00 0.00000 
    4    1    1    1    1    1    1    1    1    4  0.00000E+00 0.00000 
    5    1    1    1    1    1    1    1    1    5  0.00000E+00 0.00000 
    6    1    1    1    1    1    1    1    1    6  0.00000E+00 0.00000 
    7    1    1    1    1    1    1    1    1    7  0.00000E+00 0.00000 
    8    1    1    1    1    1    1    1    1    8  1.81560E+04 0.00373 
    9    1    1    1    1    1    1    1    1    9  1.37568E+04 0.00401 
   10    1    1    1    1    1    1    1    1   10  0.00000E+00 0.00000 
   11    1    1    1    1    1    1    1    1   11  9.86285E+03 0.00450 
   12    1    1    1    1    1    1    1    2    1  1.96939E+04 0.00358 
   13    1    1    1    1    1    1    1    2    2  0.00000E+00 0.00000 
   14    1    1    1    1    1    1    1    2    3  0.00000E+00 0.00000 
   15    1    1    1    1    1    1    1    2    4  0.00000E+00 0.00000 
   16    1    1    1    1    1    1    1    2    5  0.00000E+00 0.00000 
   17    1    1    1    1    1    1    1    2    6  1.96699E+04 0.00366 
   18    1    1    1    1    1    1    1    2    7  1.56949E+04 0.00381 
   19    1    1    1    1    1    1    1    2    8  0.00000E+00 0.00000 
   20    1    1    1    1    1    1    1    2    9  1.12503E+04 0.00416 
   21    1    1    1    1    1    1    1    2   10  9.90319E+03 0.00445 
   22    1    1    1    1    1    1    1    2   11  0.00000E+00 0.00000 
   23    1    1    1    1    1    1    1    3    1  1.57332E+04 0.00381 
   24    1    1    1    1    1    1    1    3    2  1.81928E+04 0.00366 
   25    1    1    1    1    1    1    1    3    3  0.00000E+00 0.00000 
   26    1    1    1    1    1    1    1    3    4  1.82894E+04 0.00376 
   27    1    1    1    1    1    1    1    3    5  1.57156E+04 0.00386 
   28    1    1    1    1    1    1    1    3    6  0.00000E+00 0.00000 
   29    1    1    1    1    1    1    1    3    7  1.19614E+04 0.00421 
   30    1    1    1    1    1    1    1    3    8  1.08537E+04 0.00434 
   31    1    1    1    1    1    1    1    3    9  0.00000E+00 0.00000 
   32    1    1    1    1    1    1    1    3   10  9.00739E+03 0.00463 
   33    1    1    1    1    1    1    1    3   11  8.78573E+03 0.00461 
   34    1    1    1    1    1    1    1    4    1  0.00000E+00 0.00000 
   35    1    1    1    1    1    1    1    4    2  1.37780E+04 0.00403 
   36    1    1    1    1    1    1    1    4    3  1.38635E+04 0.00405 
   37    1    1    1    1    1    1    1    4    4  0.00000E+00 0.00000 
   38    1    1    1    1    1    1    1    4    5  1.19276E+04 0.00413 
   39    1    1    1    1    1    1    1    4    6  1.10243E+04 0.00424 
   40    1    1    1    1    1    1    1    4    7  0.00000E+00 0.00000 
   41    1    1    1    1    1    1    1    4    8  9.52625E+03 0.00451 
   42    1    1    1    1    1    1    1    4    9  9.05374E+03 0.00453 
   43    1    1    1    1    1    1    1    4   10  0.00000E+00 0.00000 
   44    1    1    1    1    1    1    1    4   11  8.52025E+03 0.00459 
   45    1    1    1    1    1    1    1    5    1  1.10893E+04 0.00428 
   46    1    1    1    1    1    1    1    5    2  0.00000E+00 0.00000 
   47    1    1    1    1    1    1    1    5    3  1.11691E+04 0.00440 
   48    1    1    1    1    1    1    1    5    4  1.06835E+04 0.00434 
   49    1    1    1    1    1    1    1    5    5  0.00000E+00 0.00000 
   50    1    1    1    1    1    1    1    5    6  9.65663E+03 0.00435 
   51    1    1    1    1    1    1    1    5    7  9.29321E+03 0.00451 
   52    1    1    1    1    1    1    1    5    8  0.00000E+00 0.00000 
   53    1    1    1    1    1    1    1    5    9  8.53185E+03 0.00473 
   54    1    1    1    1    1    1    1    5   10  8.52576E+03 0.00468 
   55    1    1    1    1    1    1    1    5   11  0.00000E+00 0.00000 
   56    1    1    1    1    1    1    1    6    1  9.91128E+03 0.00442 
   57    1    1    1    1    1    1    1    6    2  9.90405E+03 0.00432 
   58    1    1    1    1    1    1    1    6    3  0.00000E+00 0.00000 
   59    1    1    1    1    1    1    1    6    4  9.51871E+03 0.00447 
   60    1    1    1    1    1    1    1    6    5  9.37678E+03 0.00458 
   61    1    1    1    1    1    1    1    6    6  0.00000E+00 0.00000 
   62    1    1    1    1    1    1    1    6    7  8.66359E+03 0.00467 
   63    1    1    1    1    1    1    1    6    8  8.48447E+03 0.00463 
   64    1    1    1    1    1    1    1    6    9  0.00000E+00 0.00000 
   65    1    1    1    1    1    1    1    6   10  8.21377E+03 0.00468 
   66    1    1    1    1    1    1    1    6   11  8.14888E+03 0.00468 
   67    1    1    1    1    1    1    1    7    1  0.00000E+00 0.00000 
   68    1    1    1    1    1    1    1    7    2  9.17447E+03 0.00459 
   69    1    1    1    1    1    1    1    7    3  9.15126E+03 0.00456 
   70    1    1    1    1    1    1    1    7    4  0.00000E+00 0.00000 
   71    1    1    1    1    1    1    1    7    5  8.63322E+03 0.00468 
   72    1    1    1    1    1    1    1    7    6  8.58616E+03 0.00465 
   73    1    1    1    1    1    1    1    7    7  0.00000E+00 0.00000 
   74    1    1    1    1    1    1    1    7    8  8.21372E+03 0.00468 
   75    1    1    1    1    1    1    1    7    9  8.11702E+03 0.00479 
   76    1    1    1    1    1    1    1    7   10  0.00000E+00 0.00000 
   77    1    1    1    1    1    1    1    7   11  7.89553E+03 0.00481 
   78    1    1    1    1    1    1    1    8    1  8.86868E+03 0.00459 
   79    1    1    1    1    1    1    1    8    2  0.00000E+00 0.00000 
   80    1    1    1    1    1    1    1    8    3  8.63409E+03 0.00468 
   81    1    1    1    1    1    1    1    8    4  8.47702E+03 0.00469 
   82    1    1    1    1    1    1    1    8    5  0.00000E+00 0.00000 
   83    1    1    1    1    1    1    1    8    6  8.12977E+03 0.00463 
   84    1    1    1    1    1    1    1    8    7  8.08982E+03 0.00479 
   85    1    1    1    1    1    1    1    8    8  0.00000E+00 0.00000 
   86    1    1    1    1    1    1    1    8    9  7.97747E+03 0.00474 
   87    1    1    1    1    1    1    1    8   10  7.89817E+03 0.00483 
   88    1    1    1    1    1    1    1    8   11  0.00000E+00 0.00000 
   89    1    1    1    1    1    1    1    9    1  8.61628E+03 0.00457 
   90    1    1    1    1    1    1    1    9    2  8.51486E+03 0.00464 
   91    1    1    1    1    1    1    1    9    3  0.00000E+00 0.00000 
   92    1    1    1    1    1    1    1    9    4  8.23534E+03 0.00467 
   93    1    1    1    1    1    1    1    9    5  8.19142E+03 0.00465 
   94    1    1    1    1    1    1    1    9    6  0.00000E+00 0.00000 
   95    1    1    1    1    1    1    1    9    7  7.87212E+03 0.00471 
   96    1    1    1    1    1    1    1    9    8  7.88739E+03 0.00487 
   97    1    1    1    1    1    1    1    9    9  0.00000E+00 0.00000 
   98    1    1    1    1    1    1    1    9   10  7.79954E+03 0.00489 
   99    1    1    1    1    1    1    1    9   11  7.74874E+03 0.00485 
  100    1    1    1    1    1    1    1   10    1  0.00000E+00 0.00000 
  101    1    1    1    1    1    1    1   10    2  8.27625E+03 0.00465 
  102    1    1    1    1    1    1    1   10    3  8.21594E+03 0.00470 
  103    1    1    1    1    1    1    1   10    4  0.00000E+00 0.00000 
  104    1    1    1    1    1    1    1   10    5  7.91664E+03 0.00482 
  105    1    1    1    1    1    1    1   10    6  7.89093E+03 0.00482 
  106    1    1    1    1    1    1    1   10    7  0.00000E+00 0.00000 
  107    1    1    1    1    1    1    1   10    8  7.62231E+03 0.00488 
  108    1    1    1    1    1    1    1   10    9  7.63752E+03 0.00476 
  109    1    1    1    1    1    1    1   10   10  0.00000E+00 0.00000 
