
DETassem1 = [
    1    1    1    1    1    1    1    1    1    1  0.00000E+00 0.00000 
    2    1    1    1    1    1    1    1    1    2  0.00000E+00 0.00000 
    3    1    1    1    1    1    1    1    1    3  0.00000E+00 0.00000 
    4    1    1    1    1    1    1    1    1    4  0.00000E+00 0.00000 
    5    1    1    1    1    1    1    1    1    5  0.00000E+00 0.00000 
    6    1    1    1    1    1    1    1    1    6  0.00000E+00 0.00000 
    7    1    1    1    1    1    1    1    1    7  0.00000E+00 0.00000 
    8    1    1    1    1    1    1    1    1    8  1.82536E+04 0.00373 
    9    1    1    1    1    1    1    1    1    9  1.36816E+04 0.00409 
   10    1    1    1    1    1    1    1    1   10  0.00000E+00 0.00000 
   11    1    1    1    1    1    1    1    1   11  9.97748E+03 0.00447 
   12    1    1    1    1    1    1    1    2    1  1.96488E+04 0.00348 
   13    1    1    1    1    1    1    1    2    2  0.00000E+00 0.00000 
   14    1    1    1    1    1    1    1    2    3  0.00000E+00 0.00000 
   15    1    1    1    1    1    1    1    2    4  0.00000E+00 0.00000 
   16    1    1    1    1    1    1    1    2    5  0.00000E+00 0.00000 
   17    1    1    1    1    1    1    1    2    6  1.97634E+04 0.00356 
   18    1    1    1    1    1    1    1    2    7  1.57261E+04 0.00384 
   19    1    1    1    1    1    1    1    2    8  0.00000E+00 0.00000 
   20    1    1    1    1    1    1    1    2    9  1.11510E+04 0.00430 
   21    1    1    1    1    1    1    1    2   10  1.00007E+04 0.00451 
   22    1    1    1    1    1    1    1    2   11  0.00000E+00 0.00000 
   23    1    1    1    1    1    1    1    3    1  1.57133E+04 0.00390 
   24    1    1    1    1    1    1    1    3    2  1.81921E+04 0.00370 
   25    1    1    1    1    1    1    1    3    3  0.00000E+00 0.00000 
   26    1    1    1    1    1    1    1    3    4  1.81875E+04 0.00366 
   27    1    1    1    1    1    1    1    3    5  1.57477E+04 0.00378 
   28    1    1    1    1    1    1    1    3    6  0.00000E+00 0.00000 
   29    1    1    1    1    1    1    1    3    7  1.18801E+04 0.00428 
   30    1    1    1    1    1    1    1    3    8  1.07745E+04 0.00433 
   31    1    1    1    1    1    1    1    3    9  0.00000E+00 0.00000 
   32    1    1    1    1    1    1    1    3   10  9.31623E+03 0.00443 
   33    1    1    1    1    1    1    1    3   11  8.85265E+03 0.00468 
   34    1    1    1    1    1    1    1    4    1  0.00000E+00 0.00000 
   35    1    1    1    1    1    1    1    4    2  1.36427E+04 0.00404 
   36    1    1    1    1    1    1    1    4    3  1.36648E+04 0.00401 
   37    1    1    1    1    1    1    1    4    4  0.00000E+00 0.00000 
   38    1    1    1    1    1    1    1    4    5  1.19651E+04 0.00419 
   39    1    1    1    1    1    1    1    4    6  1.10985E+04 0.00434 
   40    1    1    1    1    1    1    1    4    7  0.00000E+00 0.00000 
   41    1    1    1    1    1    1    1    4    8  9.52762E+03 0.00443 
   42    1    1    1    1    1    1    1    4    9  9.16199E+03 0.00443 
   43    1    1    1    1    1    1    1    4   10  0.00000E+00 0.00000 
   44    1    1    1    1    1    1    1    4   11  8.57570E+03 0.00456 
   45    1    1    1    1    1    1    1    5    1  1.11197E+04 0.00424 
   46    1    1    1    1    1    1    1    5    2  0.00000E+00 0.00000 
   47    1    1    1    1    1    1    1    5    3  1.11825E+04 0.00436 
   48    1    1    1    1    1    1    1    5    4  1.07387E+04 0.00433 
   49    1    1    1    1    1    1    1    5    5  0.00000E+00 0.00000 
   50    1    1    1    1    1    1    1    5    6  9.64155E+03 0.00444 
   51    1    1    1    1    1    1    1    5    7  9.25679E+03 0.00455 
   52    1    1    1    1    1    1    1    5    8  0.00000E+00 0.00000 
   53    1    1    1    1    1    1    1    5    9  8.62926E+03 0.00452 
   54    1    1    1    1    1    1    1    5   10  8.46043E+03 0.00467 
   55    1    1    1    1    1    1    1    5   11  0.00000E+00 0.00000 
   56    1    1    1    1    1    1    1    6    1  1.00385E+04 0.00440 
   57    1    1    1    1    1    1    1    6    2  1.00024E+04 0.00442 
   58    1    1    1    1    1    1    1    6    3  0.00000E+00 0.00000 
   59    1    1    1    1    1    1    1    6    4  9.51751E+03 0.00450 
   60    1    1    1    1    1    1    1    6    5  9.26353E+03 0.00452 
   61    1    1    1    1    1    1    1    6    6  0.00000E+00 0.00000 
   62    1    1    1    1    1    1    1    6    7  8.72731E+03 0.00456 
   63    1    1    1    1    1    1    1    6    8  8.52118E+03 0.00463 
   64    1    1    1    1    1    1    1    6    9  0.00000E+00 0.00000 
   65    1    1    1    1    1    1    1    6   10  8.28749E+03 0.00472 
   66    1    1    1    1    1    1    1    6   11  8.25716E+03 0.00470 
   67    1    1    1    1    1    1    1    7    1  0.00000E+00 0.00000 
   68    1    1    1    1    1    1    1    7    2  9.23318E+03 0.00458 
   69    1    1    1    1    1    1    1    7    3  9.10753E+03 0.00446 
   70    1    1    1    1    1    1    1    7    4  0.00000E+00 0.00000 
   71    1    1    1    1    1    1    1    7    5  8.73273E+03 0.00457 
   72    1    1    1    1    1    1    1    7    6  8.55993E+03 0.00462 
   73    1    1    1    1    1    1    1    7    7  0.00000E+00 0.00000 
   74    1    1    1    1    1    1    1    7    8  8.26561E+03 0.00477 
   75    1    1    1    1    1    1    1    7    9  8.29116E+03 0.00466 
   76    1    1    1    1    1    1    1    7   10  0.00000E+00 0.00000 
   77    1    1    1    1    1    1    1    7   11  8.06302E+03 0.00483 
   78    1    1    1    1    1    1    1    8    1  8.88519E+03 0.00463 
   79    1    1    1    1    1    1    1    8    2  0.00000E+00 0.00000 
   80    1    1    1    1    1    1    1    8    3  8.61993E+03 0.00456 
   81    1    1    1    1    1    1    1    8    4  8.57089E+03 0.00455 
   82    1    1    1    1    1    1    1    8    5  0.00000E+00 0.00000 
   83    1    1    1    1    1    1    1    8    6  8.32766E+03 0.00460 
   84    1    1    1    1    1    1    1    8    7  8.13716E+03 0.00470 
   85    1    1    1    1    1    1    1    8    8  0.00000E+00 0.00000 
   86    1    1    1    1    1    1    1    8    9  8.12355E+03 0.00471 
   87    1    1    1    1    1    1    1    8   10  7.98041E+03 0.00477 
   88    1    1    1    1    1    1    1    8   11  0.00000E+00 0.00000 
   89    1    1    1    1    1    1    1    9    1  8.57288E+03 0.00463 
   90    1    1    1    1    1    1    1    9    2  8.51644E+03 0.00461 
   91    1    1    1    1    1    1    1    9    3  0.00000E+00 0.00000 
   92    1    1    1    1    1    1    1    9    4  8.24659E+03 0.00467 
   93    1    1    1    1    1    1    1    9    5  8.18741E+03 0.00476 
   94    1    1    1    1    1    1    1    9    6  0.00000E+00 0.00000 
   95    1    1    1    1    1    1    1    9    7  8.00196E+03 0.00479 
   96    1    1    1    1    1    1    1    9    8  7.92477E+03 0.00473 
   97    1    1    1    1    1    1    1    9    9  0.00000E+00 0.00000 
   98    1    1    1    1    1    1    1    9   10  7.79103E+03 0.00486 
   99    1    1    1    1    1    1    1    9   11  7.71688E+03 0.00484 
  100    1    1    1    1    1    1    1   10    1  0.00000E+00 0.00000 
  101    1    1    1    1    1    1    1   10    2  8.31104E+03 0.00471 
  102    1    1    1    1    1    1    1   10    3  8.21214E+03 0.00479 
  103    1    1    1    1    1    1    1   10    4  0.00000E+00 0.00000 
  104    1    1    1    1    1    1    1   10    5  8.11454E+03 0.00474 
  105    1    1    1    1    1    1    1   10    6  7.94843E+03 0.00465 
  106    1    1    1    1    1    1    1   10    7  0.00000E+00 0.00000 
  107    1    1    1    1    1    1    1   10    8  7.73900E+03 0.00480 
  108    1    1    1    1    1    1    1   10    9  7.74030E+03 0.00490 
  109    1    1    1    1    1    1    1   10   10  0.00000E+00 0.00000 
