
DETassem1 = [
    1    1    1    1    1    1    1    1    1    1  0.00000E+00 0.00000 
    2    1    1    1    1    1    1    1    1    2  0.00000E+00 0.00000 
    3    1    1    1    1    1    1    1    1    3  0.00000E+00 0.00000 
    4    1    1    1    1    1    1    1    1    4  0.00000E+00 0.00000 
    5    1    1    1    1    1    1    1    1    5  0.00000E+00 0.00000 
    6    1    1    1    1    1    1    1    1    6  0.00000E+00 0.00000 
    7    1    1    1    1    1    1    1    1    7  0.00000E+00 0.00000 
    8    1    1    1    1    1    1    1    1    8  1.76952E+04 0.00357 
    9    1    1    1    1    1    1    1    1    9  1.39294E+04 0.00389 
   10    1    1    1    1    1    1    1    1   10  0.00000E+00 0.00000 
   11    1    1    1    1    1    1    1    1   11  1.02235E+04 0.00437 
   12    1    1    1    1    1    1    1    2    1  1.88657E+04 0.00347 
   13    1    1    1    1    1    1    1    2    2  0.00000E+00 0.00000 
   14    1    1    1    1    1    1    1    2    3  0.00000E+00 0.00000 
   15    1    1    1    1    1    1    1    2    4  0.00000E+00 0.00000 
   16    1    1    1    1    1    1    1    2    5  0.00000E+00 0.00000 
   17    1    1    1    1    1    1    1    2    6  1.86507E+04 0.00350 
   18    1    1    1    1    1    1    1    2    7  1.54727E+04 0.00372 
   19    1    1    1    1    1    1    1    2    8  0.00000E+00 0.00000 
   20    1    1    1    1    1    1    1    2    9  1.12664E+04 0.00418 
   21    1    1    1    1    1    1    1    2   10  1.02387E+04 0.00425 
   22    1    1    1    1    1    1    1    2   11  0.00000E+00 0.00000 
   23    1    1    1    1    1    1    1    3    1  1.55538E+04 0.00377 
   24    1    1    1    1    1    1    1    3    2  1.77834E+04 0.00353 
   25    1    1    1    1    1    1    1    3    3  0.00000E+00 0.00000 
   26    1    1    1    1    1    1    1    3    4  1.77182E+04 0.00354 
   27    1    1    1    1    1    1    1    3    5  1.54786E+04 0.00373 
   28    1    1    1    1    1    1    1    3    6  0.00000E+00 0.00000 
   29    1    1    1    1    1    1    1    3    7  1.21105E+04 0.00398 
   30    1    1    1    1    1    1    1    3    8  1.08854E+04 0.00421 
   31    1    1    1    1    1    1    1    3    9  0.00000E+00 0.00000 
   32    1    1    1    1    1    1    1    3   10  9.59209E+03 0.00431 
   33    1    1    1    1    1    1    1    3   11  9.14281E+03 0.00433 
   34    1    1    1    1    1    1    1    4    1  0.00000E+00 0.00000 
   35    1    1    1    1    1    1    1    4    2  1.38721E+04 0.00380 
   36    1    1    1    1    1    1    1    4    3  1.38499E+04 0.00394 
   37    1    1    1    1    1    1    1    4    4  0.00000E+00 0.00000 
   38    1    1    1    1    1    1    1    4    5  1.20004E+04 0.00411 
   39    1    1    1    1    1    1    1    4    6  1.13123E+04 0.00416 
   40    1    1    1    1    1    1    1    4    7  0.00000E+00 0.00000 
   41    1    1    1    1    1    1    1    4    8  9.82300E+03 0.00422 
   42    1    1    1    1    1    1    1    4    9  9.34944E+03 0.00447 
   43    1    1    1    1    1    1    1    4   10  0.00000E+00 0.00000 
   44    1    1    1    1    1    1    1    4   11  8.85954E+03 0.00452 
   45    1    1    1    1    1    1    1    5    1  1.13012E+04 0.00417 
   46    1    1    1    1    1    1    1    5    2  0.00000E+00 0.00000 
   47    1    1    1    1    1    1    1    5    3  1.12202E+04 0.00421 
   48    1    1    1    1    1    1    1    5    4  1.09906E+04 0.00407 
   49    1    1    1    1    1    1    1    5    5  0.00000E+00 0.00000 
   50    1    1    1    1    1    1    1    5    6  9.96169E+03 0.00419 
   51    1    1    1    1    1    1    1    5    7  9.47037E+03 0.00430 
   52    1    1    1    1    1    1    1    5    8  0.00000E+00 0.00000 
   53    1    1    1    1    1    1    1    5    9  9.04335E+03 0.00439 
   54    1    1    1    1    1    1    1    5   10  8.83197E+03 0.00433 
   55    1    1    1    1    1    1    1    5   11  0.00000E+00 0.00000 
   56    1    1    1    1    1    1    1    6    1  1.01510E+04 0.00420 
   57    1    1    1    1    1    1    1    6    2  1.01901E+04 0.00426 
   58    1    1    1    1    1    1    1    6    3  0.00000E+00 0.00000 
   59    1    1    1    1    1    1    1    6    4  9.76011E+03 0.00430 
   60    1    1    1    1    1    1    1    6    5  9.41802E+03 0.00442 
   61    1    1    1    1    1    1    1    6    6  0.00000E+00 0.00000 
   62    1    1    1    1    1    1    1    6    7  9.01074E+03 0.00437 
   63    1    1    1    1    1    1    1    6    8  8.87259E+03 0.00450 
   64    1    1    1    1    1    1    1    6    9  0.00000E+00 0.00000 
   65    1    1    1    1    1    1    1    6   10  8.64919E+03 0.00450 
   66    1    1    1    1    1    1    1    6   11  8.50960E+03 0.00453 
   67    1    1    1    1    1    1    1    7    1  0.00000E+00 0.00000 
   68    1    1    1    1    1    1    1    7    2  9.53068E+03 0.00429 
   69    1    1    1    1    1    1    1    7    3  9.40742E+03 0.00434 
   70    1    1    1    1    1    1    1    7    4  0.00000E+00 0.00000 
   71    1    1    1    1    1    1    1    7    5  8.90171E+03 0.00442 
   72    1    1    1    1    1    1    1    7    6  8.90696E+03 0.00447 
   73    1    1    1    1    1    1    1    7    7  0.00000E+00 0.00000 
   74    1    1    1    1    1    1    1    7    8  8.61073E+03 0.00456 
   75    1    1    1    1    1    1    1    7    9  8.51843E+03 0.00444 
   76    1    1    1    1    1    1    1    7   10  0.00000E+00 0.00000 
   77    1    1    1    1    1    1    1    7   11  8.31374E+03 0.00456 
   78    1    1    1    1    1    1    1    8    1  9.10680E+03 0.00435 
   79    1    1    1    1    1    1    1    8    2  0.00000E+00 0.00000 
   80    1    1    1    1    1    1    1    8    3  8.93759E+03 0.00444 
   81    1    1    1    1    1    1    1    8    4  8.82781E+03 0.00440 
   82    1    1    1    1    1    1    1    8    5  0.00000E+00 0.00000 
   83    1    1    1    1    1    1    1    8    6  8.59074E+03 0.00447 
   84    1    1    1    1    1    1    1    8    7  8.50829E+03 0.00449 
   85    1    1    1    1    1    1    1    8    8  0.00000E+00 0.00000 
   86    1    1    1    1    1    1    1    8    9  8.29375E+03 0.00443 
   87    1    1    1    1    1    1    1    8   10  8.28569E+03 0.00466 
   88    1    1    1    1    1    1    1    8   11  0.00000E+00 0.00000 
   89    1    1    1    1    1    1    1    9    1  8.86408E+03 0.00454 
   90    1    1    1    1    1    1    1    9    2  8.83140E+03 0.00454 
   91    1    1    1    1    1    1    1    9    3  0.00000E+00 0.00000 
   92    1    1    1    1    1    1    1    9    4  8.57077E+03 0.00447 
   93    1    1    1    1    1    1    1    9    5  8.49751E+03 0.00449 
   94    1    1    1    1    1    1    1    9    6  0.00000E+00 0.00000 
   95    1    1    1    1    1    1    1    9    7  8.34790E+03 0.00447 
   96    1    1    1    1    1    1    1    9    8  8.20104E+03 0.00452 
   97    1    1    1    1    1    1    1    9    9  0.00000E+00 0.00000 
   98    1    1    1    1    1    1    1    9   10  8.02326E+03 0.00475 
   99    1    1    1    1    1    1    1    9   11  7.96734E+03 0.00469 
  100    1    1    1    1    1    1    1   10    1  0.00000E+00 0.00000 
  101    1    1    1    1    1    1    1   10    2  8.58127E+03 0.00448 
  102    1    1    1    1    1    1    1   10    3  8.50684E+03 0.00442 
  103    1    1    1    1    1    1    1   10    4  0.00000E+00 0.00000 
  104    1    1    1    1    1    1    1   10    5  8.26306E+03 0.00455 
  105    1    1    1    1    1    1    1   10    6  8.22214E+03 0.00452 
  106    1    1    1    1    1    1    1   10    7  0.00000E+00 0.00000 
  107    1    1    1    1    1    1    1   10    8  7.98553E+03 0.00464 
  108    1    1    1    1    1    1    1   10    9  7.91160E+03 0.00469 
  109    1    1    1    1    1    1    1   10   10  0.00000E+00 0.00000 
