
DETassem1 = [
    1    1    1    1    1    1    1    1    1    1  0.00000E+00 0.00000 
    2    1    1    1    1    1    1    1    1    2  0.00000E+00 0.00000 
    3    1    1    1    1    1    1    1    1    3  0.00000E+00 0.00000 
    4    1    1    1    1    1    1    1    1    4  0.00000E+00 0.00000 
    5    1    1    1    1    1    1    1    1    5  0.00000E+00 0.00000 
    6    1    1    1    1    1    1    1    1    6  0.00000E+00 0.00000 
    7    1    1    1    1    1    1    1    1    7  0.00000E+00 0.00000 
    8    1    1    1    1    1    1    1    1    8  1.77965E+04 0.00359 
    9    1    1    1    1    1    1    1    1    9  1.38559E+04 0.00387 
   10    1    1    1    1    1    1    1    1   10  0.00000E+00 0.00000 
   11    1    1    1    1    1    1    1    1   11  1.03300E+04 0.00434 
   12    1    1    1    1    1    1    1    2    1  1.90623E+04 0.00351 
   13    1    1    1    1    1    1    1    2    2  0.00000E+00 0.00000 
   14    1    1    1    1    1    1    1    2    3  0.00000E+00 0.00000 
   15    1    1    1    1    1    1    1    2    4  0.00000E+00 0.00000 
   16    1    1    1    1    1    1    1    2    5  0.00000E+00 0.00000 
   17    1    1    1    1    1    1    1    2    6  1.91186E+04 0.00350 
   18    1    1    1    1    1    1    1    2    7  1.56755E+04 0.00379 
   19    1    1    1    1    1    1    1    2    8  0.00000E+00 0.00000 
   20    1    1    1    1    1    1    1    2    9  1.12986E+04 0.00414 
   21    1    1    1    1    1    1    1    2   10  1.02411E+04 0.00416 
   22    1    1    1    1    1    1    1    2   11  0.00000E+00 0.00000 
   23    1    1    1    1    1    1    1    3    1  1.55834E+04 0.00379 
   24    1    1    1    1    1    1    1    3    2  1.77527E+04 0.00350 
   25    1    1    1    1    1    1    1    3    3  0.00000E+00 0.00000 
   26    1    1    1    1    1    1    1    3    4  1.78387E+04 0.00358 
   27    1    1    1    1    1    1    1    3    5  1.57114E+04 0.00376 
   28    1    1    1    1    1    1    1    3    6  0.00000E+00 0.00000 
   29    1    1    1    1    1    1    1    3    7  1.21593E+04 0.00411 
   30    1    1    1    1    1    1    1    3    8  1.10133E+04 0.00407 
   31    1    1    1    1    1    1    1    3    9  0.00000E+00 0.00000 
   32    1    1    1    1    1    1    1    3   10  9.56242E+03 0.00432 
   33    1    1    1    1    1    1    1    3   11  9.16334E+03 0.00437 
   34    1    1    1    1    1    1    1    4    1  0.00000E+00 0.00000 
   35    1    1    1    1    1    1    1    4    2  1.39635E+04 0.00388 
   36    1    1    1    1    1    1    1    4    3  1.38529E+04 0.00390 
   37    1    1    1    1    1    1    1    4    4  0.00000E+00 0.00000 
   38    1    1    1    1    1    1    1    4    5  1.21432E+04 0.00406 
   39    1    1    1    1    1    1    1    4    6  1.13553E+04 0.00408 
   40    1    1    1    1    1    1    1    4    7  0.00000E+00 0.00000 
   41    1    1    1    1    1    1    1    4    8  9.80999E+03 0.00436 
   42    1    1    1    1    1    1    1    4    9  9.41273E+03 0.00443 
   43    1    1    1    1    1    1    1    4   10  0.00000E+00 0.00000 
   44    1    1    1    1    1    1    1    4   11  8.88613E+03 0.00441 
   45    1    1    1    1    1    1    1    5    1  1.13672E+04 0.00403 
   46    1    1    1    1    1    1    1    5    2  0.00000E+00 0.00000 
   47    1    1    1    1    1    1    1    5    3  1.12902E+04 0.00413 
   48    1    1    1    1    1    1    1    5    4  1.10595E+04 0.00414 
   49    1    1    1    1    1    1    1    5    5  0.00000E+00 0.00000 
   50    1    1    1    1    1    1    1    5    6  1.00488E+04 0.00414 
   51    1    1    1    1    1    1    1    5    7  9.61203E+03 0.00435 
   52    1    1    1    1    1    1    1    5    8  0.00000E+00 0.00000 
   53    1    1    1    1    1    1    1    5    9  8.97914E+03 0.00441 
   54    1    1    1    1    1    1    1    5   10  8.80192E+03 0.00438 
   55    1    1    1    1    1    1    1    5   11  0.00000E+00 0.00000 
   56    1    1    1    1    1    1    1    6    1  1.03192E+04 0.00416 
   57    1    1    1    1    1    1    1    6    2  1.03389E+04 0.00425 
   58    1    1    1    1    1    1    1    6    3  0.00000E+00 0.00000 
   59    1    1    1    1    1    1    1    6    4  9.79811E+03 0.00435 
   60    1    1    1    1    1    1    1    6    5  9.56270E+03 0.00433 
   61    1    1    1    1    1    1    1    6    6  0.00000E+00 0.00000 
   62    1    1    1    1    1    1    1    6    7  9.06327E+03 0.00432 
   63    1    1    1    1    1    1    1    6    8  8.78553E+03 0.00447 
   64    1    1    1    1    1    1    1    6    9  0.00000E+00 0.00000 
   65    1    1    1    1    1    1    1    6   10  8.65474E+03 0.00442 
   66    1    1    1    1    1    1    1    6   11  8.54213E+03 0.00452 
   67    1    1    1    1    1    1    1    7    1  0.00000E+00 0.00000 
   68    1    1    1    1    1    1    1    7    2  9.55827E+03 0.00442 
   69    1    1    1    1    1    1    1    7    3  9.30341E+03 0.00443 
   70    1    1    1    1    1    1    1    7    4  0.00000E+00 0.00000 
   71    1    1    1    1    1    1    1    7    5  9.02663E+03 0.00440 
   72    1    1    1    1    1    1    1    7    6  8.81998E+03 0.00446 
   73    1    1    1    1    1    1    1    7    7  0.00000E+00 0.00000 
   74    1    1    1    1    1    1    1    7    8  8.52358E+03 0.00454 
   75    1    1    1    1    1    1    1    7    9  8.41051E+03 0.00451 
   76    1    1    1    1    1    1    1    7   10  0.00000E+00 0.00000 
   77    1    1    1    1    1    1    1    7   11  8.25292E+03 0.00452 
   78    1    1    1    1    1    1    1    8    1  9.14596E+03 0.00446 
   79    1    1    1    1    1    1    1    8    2  0.00000E+00 0.00000 
   80    1    1    1    1    1    1    1    8    3  8.95305E+03 0.00443 
   81    1    1    1    1    1    1    1    8    4  8.81062E+03 0.00446 
   82    1    1    1    1    1    1    1    8    5  0.00000E+00 0.00000 
   83    1    1    1    1    1    1    1    8    6  8.52380E+03 0.00444 
   84    1    1    1    1    1    1    1    8    7  8.43048E+03 0.00447 
   85    1    1    1    1    1    1    1    8    8  0.00000E+00 0.00000 
   86    1    1    1    1    1    1    1    8    9  8.20479E+03 0.00455 
   87    1    1    1    1    1    1    1    8   10  8.25753E+03 0.00461 
   88    1    1    1    1    1    1    1    8   11  0.00000E+00 0.00000 
   89    1    1    1    1    1    1    1    9    1  8.91041E+03 0.00449 
   90    1    1    1    1    1    1    1    9    2  8.82490E+03 0.00440 
   91    1    1    1    1    1    1    1    9    3  0.00000E+00 0.00000 
   92    1    1    1    1    1    1    1    9    4  8.54330E+03 0.00443 
   93    1    1    1    1    1    1    1    9    5  8.41683E+03 0.00456 
   94    1    1    1    1    1    1    1    9    6  0.00000E+00 0.00000 
   95    1    1    1    1    1    1    1    9    7  8.23316E+03 0.00459 
   96    1    1    1    1    1    1    1    9    8  8.23902E+03 0.00450 
   97    1    1    1    1    1    1    1    9    9  0.00000E+00 0.00000 
   98    1    1    1    1    1    1    1    9   10  8.05401E+03 0.00463 
   99    1    1    1    1    1    1    1    9   11  7.98413E+03 0.00462 
  100    1    1    1    1    1    1    1   10    1  0.00000E+00 0.00000 
  101    1    1    1    1    1    1    1   10    2  8.61626E+03 0.00457 
  102    1    1    1    1    1    1    1   10    3  8.46810E+03 0.00448 
  103    1    1    1    1    1    1    1   10    4  0.00000E+00 0.00000 
  104    1    1    1    1    1    1    1   10    5  8.31644E+03 0.00460 
  105    1    1    1    1    1    1    1   10    6  8.18150E+03 0.00452 
  106    1    1    1    1    1    1    1   10    7  0.00000E+00 0.00000 
  107    1    1    1    1    1    1    1   10    8  7.99687E+03 0.00468 
  108    1    1    1    1    1    1    1   10    9  7.89744E+03 0.00470 
  109    1    1    1    1    1    1    1   10   10  0.00000E+00 0.00000 
