
DETassem1 = [
    1    1    1    1    1    1    1    1    1    1  0.00000E+00 0.00000 
    2    1    1    1    1    1    1    1    1    2  0.00000E+00 0.00000 
    3    1    1    1    1    1    1    1    1    3  0.00000E+00 0.00000 
    4    1    1    1    1    1    1    1    1    4  0.00000E+00 0.00000 
    5    1    1    1    1    1    1    1    1    5  0.00000E+00 0.00000 
    6    1    1    1    1    1    1    1    1    6  0.00000E+00 0.00000 
    7    1    1    1    1    1    1    1    1    7  0.00000E+00 0.00000 
    8    1    1    1    1    1    1    1    1    8  1.78977E+04 0.00351 
    9    1    1    1    1    1    1    1    1    9  1.39594E+04 0.00395 
   10    1    1    1    1    1    1    1    1   10  0.00000E+00 0.00000 
   11    1    1    1    1    1    1    1    1   11  1.02532E+04 0.00430 
   12    1    1    1    1    1    1    1    2    1  1.92216E+04 0.00344 
   13    1    1    1    1    1    1    1    2    2  0.00000E+00 0.00000 
   14    1    1    1    1    1    1    1    2    3  0.00000E+00 0.00000 
   15    1    1    1    1    1    1    1    2    4  0.00000E+00 0.00000 
   16    1    1    1    1    1    1    1    2    5  0.00000E+00 0.00000 
   17    1    1    1    1    1    1    1    2    6  1.91208E+04 0.00350 
   18    1    1    1    1    1    1    1    2    7  1.56629E+04 0.00377 
   19    1    1    1    1    1    1    1    2    8  0.00000E+00 0.00000 
   20    1    1    1    1    1    1    1    2    9  1.14455E+04 0.00403 
   21    1    1    1    1    1    1    1    2   10  1.02292E+04 0.00425 
   22    1    1    1    1    1    1    1    2   11  0.00000E+00 0.00000 
   23    1    1    1    1    1    1    1    3    1  1.56925E+04 0.00362 
   24    1    1    1    1    1    1    1    3    2  1.78793E+04 0.00355 
   25    1    1    1    1    1    1    1    3    3  0.00000E+00 0.00000 
   26    1    1    1    1    1    1    1    3    4  1.78046E+04 0.00356 
   27    1    1    1    1    1    1    1    3    5  1.56790E+04 0.00375 
   28    1    1    1    1    1    1    1    3    6  0.00000E+00 0.00000 
   29    1    1    1    1    1    1    1    3    7  1.22523E+04 0.00408 
   30    1    1    1    1    1    1    1    3    8  1.10952E+04 0.00422 
   31    1    1    1    1    1    1    1    3    9  0.00000E+00 0.00000 
   32    1    1    1    1    1    1    1    3   10  9.53737E+03 0.00436 
   33    1    1    1    1    1    1    1    3   11  9.14311E+03 0.00448 
   34    1    1    1    1    1    1    1    4    1  0.00000E+00 0.00000 
   35    1    1    1    1    1    1    1    4    2  1.39660E+04 0.00393 
   36    1    1    1    1    1    1    1    4    3  1.38938E+04 0.00396 
   37    1    1    1    1    1    1    1    4    4  0.00000E+00 0.00000 
   38    1    1    1    1    1    1    1    4    5  1.22828E+04 0.00407 
   39    1    1    1    1    1    1    1    4    6  1.13895E+04 0.00422 
   40    1    1    1    1    1    1    1    4    7  0.00000E+00 0.00000 
   41    1    1    1    1    1    1    1    4    8  9.88299E+03 0.00438 
   42    1    1    1    1    1    1    1    4    9  9.41151E+03 0.00433 
   43    1    1    1    1    1    1    1    4   10  0.00000E+00 0.00000 
   44    1    1    1    1    1    1    1    4   11  8.89627E+03 0.00453 
   45    1    1    1    1    1    1    1    5    1  1.15182E+04 0.00422 
   46    1    1    1    1    1    1    1    5    2  0.00000E+00 0.00000 
   47    1    1    1    1    1    1    1    5    3  1.14669E+04 0.00412 
   48    1    1    1    1    1    1    1    5    4  1.10480E+04 0.00408 
   49    1    1    1    1    1    1    1    5    5  0.00000E+00 0.00000 
   50    1    1    1    1    1    1    1    5    6  1.00961E+04 0.00420 
   51    1    1    1    1    1    1    1    5    7  9.66144E+03 0.00431 
   52    1    1    1    1    1    1    1    5    8  0.00000E+00 0.00000 
   53    1    1    1    1    1    1    1    5    9  8.95682E+03 0.00433 
   54    1    1    1    1    1    1    1    5   10  8.76571E+03 0.00442 
   55    1    1    1    1    1    1    1    5   11  0.00000E+00 0.00000 
   56    1    1    1    1    1    1    1    6    1  1.02761E+04 0.00428 
   57    1    1    1    1    1    1    1    6    2  1.02498E+04 0.00420 
   58    1    1    1    1    1    1    1    6    3  0.00000E+00 0.00000 
   59    1    1    1    1    1    1    1    6    4  9.97694E+03 0.00431 
   60    1    1    1    1    1    1    1    6    5  9.67600E+03 0.00431 
   61    1    1    1    1    1    1    1    6    6  0.00000E+00 0.00000 
   62    1    1    1    1    1    1    1    6    7  9.03971E+03 0.00444 
   63    1    1    1    1    1    1    1    6    8  8.85998E+03 0.00440 
   64    1    1    1    1    1    1    1    6    9  0.00000E+00 0.00000 
   65    1    1    1    1    1    1    1    6   10  8.58359E+03 0.00453 
   66    1    1    1    1    1    1    1    6   11  8.51434E+03 0.00456 
   67    1    1    1    1    1    1    1    7    1  0.00000E+00 0.00000 
   68    1    1    1    1    1    1    1    7    2  9.61668E+03 0.00430 
   69    1    1    1    1    1    1    1    7    3  9.48229E+03 0.00437 
   70    1    1    1    1    1    1    1    7    4  0.00000E+00 0.00000 
   71    1    1    1    1    1    1    1    7    5  9.09741E+03 0.00435 
   72    1    1    1    1    1    1    1    7    6  8.92936E+03 0.00442 
   73    1    1    1    1    1    1    1    7    7  0.00000E+00 0.00000 
   74    1    1    1    1    1    1    1    7    8  8.63233E+03 0.00451 
   75    1    1    1    1    1    1    1    7    9  8.41886E+03 0.00452 
   76    1    1    1    1    1    1    1    7   10  0.00000E+00 0.00000 
   77    1    1    1    1    1    1    1    7   11  8.32070E+03 0.00465 
   78    1    1    1    1    1    1    1    8    1  9.12795E+03 0.00448 
   79    1    1    1    1    1    1    1    8    2  0.00000E+00 0.00000 
   80    1    1    1    1    1    1    1    8    3  8.98303E+03 0.00446 
   81    1    1    1    1    1    1    1    8    4  8.86159E+03 0.00449 
   82    1    1    1    1    1    1    1    8    5  0.00000E+00 0.00000 
   83    1    1    1    1    1    1    1    8    6  8.59840E+03 0.00457 
   84    1    1    1    1    1    1    1    8    7  8.52857E+03 0.00446 
   85    1    1    1    1    1    1    1    8    8  0.00000E+00 0.00000 
   86    1    1    1    1    1    1    1    8    9  8.36884E+03 0.00457 
   87    1    1    1    1    1    1    1    8   10  8.25652E+03 0.00460 
   88    1    1    1    1    1    1    1    8   11  0.00000E+00 0.00000 
   89    1    1    1    1    1    1    1    9    1  8.82023E+03 0.00445 
   90    1    1    1    1    1    1    1    9    2  8.66289E+03 0.00447 
   91    1    1    1    1    1    1    1    9    3  0.00000E+00 0.00000 
   92    1    1    1    1    1    1    1    9    4  8.58147E+03 0.00452 
   93    1    1    1    1    1    1    1    9    5  8.58346E+03 0.00452 
   94    1    1    1    1    1    1    1    9    6  0.00000E+00 0.00000 
   95    1    1    1    1    1    1    1    9    7  8.36771E+03 0.00449 
   96    1    1    1    1    1    1    1    9    8  8.21291E+03 0.00450 
   97    1    1    1    1    1    1    1    9    9  0.00000E+00 0.00000 
   98    1    1    1    1    1    1    1    9   10  8.03283E+03 0.00460 
   99    1    1    1    1    1    1    1    9   11  7.92661E+03 0.00467 
  100    1    1    1    1    1    1    1   10    1  0.00000E+00 0.00000 
  101    1    1    1    1    1    1    1   10    2  8.55084E+03 0.00452 
  102    1    1    1    1    1    1    1   10    3  8.47441E+03 0.00455 
  103    1    1    1    1    1    1    1   10    4  0.00000E+00 0.00000 
  104    1    1    1    1    1    1    1   10    5  8.37552E+03 0.00457 
  105    1    1    1    1    1    1    1   10    6  8.25782E+03 0.00453 
  106    1    1    1    1    1    1    1   10    7  0.00000E+00 0.00000 
  107    1    1    1    1    1    1    1   10    8  7.96082E+03 0.00453 
  108    1    1    1    1    1    1    1   10    9  7.86533E+03 0.00464 
  109    1    1    1    1    1    1    1   10   10  0.00000E+00 0.00000 
