
DETassem1 = [
    1    1    1    1    1    1    1    1    1    1  0.00000E+00 0.00000 
    2    1    1    1    1    1    1    1    1    2  0.00000E+00 0.00000 
    3    1    1    1    1    1    1    1    1    3  0.00000E+00 0.00000 
    4    1    1    1    1    1    1    1    1    4  0.00000E+00 0.00000 
    5    1    1    1    1    1    1    1    1    5  0.00000E+00 0.00000 
    6    1    1    1    1    1    1    1    1    6  0.00000E+00 0.00000 
    7    1    1    1    1    1    1    1    1    7  0.00000E+00 0.00000 
    8    1    1    1    1    1    1    1    1    8  1.80557E+04 0.00378 
    9    1    1    1    1    1    1    1    1    9  1.37946E+04 0.00404 
   10    1    1    1    1    1    1    1    1   10  0.00000E+00 0.00000 
   11    1    1    1    1    1    1    1    1   11  9.92435E+03 0.00444 
   12    1    1    1    1    1    1    1    2    1  1.93853E+04 0.00361 
   13    1    1    1    1    1    1    1    2    2  0.00000E+00 0.00000 
   14    1    1    1    1    1    1    1    2    3  0.00000E+00 0.00000 
   15    1    1    1    1    1    1    1    2    4  0.00000E+00 0.00000 
   16    1    1    1    1    1    1    1    2    5  0.00000E+00 0.00000 
   17    1    1    1    1    1    1    1    2    6  1.94852E+04 0.00357 
   18    1    1    1    1    1    1    1    2    7  1.54673E+04 0.00387 
   19    1    1    1    1    1    1    1    2    8  0.00000E+00 0.00000 
   20    1    1    1    1    1    1    1    2    9  1.10067E+04 0.00428 
   21    1    1    1    1    1    1    1    2   10  9.89492E+03 0.00448 
   22    1    1    1    1    1    1    1    2   11  0.00000E+00 0.00000 
   23    1    1    1    1    1    1    1    3    1  1.53538E+04 0.00384 
   24    1    1    1    1    1    1    1    3    2  1.80475E+04 0.00360 
   25    1    1    1    1    1    1    1    3    3  0.00000E+00 0.00000 
   26    1    1    1    1    1    1    1    3    4  1.81306E+04 0.00372 
   27    1    1    1    1    1    1    1    3    5  1.54288E+04 0.00394 
   28    1    1    1    1    1    1    1    3    6  0.00000E+00 0.00000 
   29    1    1    1    1    1    1    1    3    7  1.18272E+04 0.00422 
   30    1    1    1    1    1    1    1    3    8  1.06919E+04 0.00438 
   31    1    1    1    1    1    1    1    3    9  0.00000E+00 0.00000 
   32    1    1    1    1    1    1    1    3   10  8.99789E+03 0.00452 
   33    1    1    1    1    1    1    1    3   11  8.63354E+03 0.00454 
   34    1    1    1    1    1    1    1    4    1  0.00000E+00 0.00000 
   35    1    1    1    1    1    1    1    4    2  1.37480E+04 0.00404 
   36    1    1    1    1    1    1    1    4    3  1.37117E+04 0.00407 
   37    1    1    1    1    1    1    1    4    4  0.00000E+00 0.00000 
   38    1    1    1    1    1    1    1    4    5  1.17726E+04 0.00429 
   39    1    1    1    1    1    1    1    4    6  1.09191E+04 0.00433 
   40    1    1    1    1    1    1    1    4    7  0.00000E+00 0.00000 
   41    1    1    1    1    1    1    1    4    8  9.50991E+03 0.00452 
   42    1    1    1    1    1    1    1    4    9  8.93075E+03 0.00458 
   43    1    1    1    1    1    1    1    4   10  0.00000E+00 0.00000 
   44    1    1    1    1    1    1    1    4   11  8.47268E+03 0.00480 
   45    1    1    1    1    1    1    1    5    1  1.10628E+04 0.00441 
   46    1    1    1    1    1    1    1    5    2  0.00000E+00 0.00000 
   47    1    1    1    1    1    1    1    5    3  1.11029E+04 0.00438 
   48    1    1    1    1    1    1    1    5    4  1.06998E+04 0.00437 
   49    1    1    1    1    1    1    1    5    5  0.00000E+00 0.00000 
   50    1    1    1    1    1    1    1    5    6  9.51624E+03 0.00445 
   51    1    1    1    1    1    1    1    5    7  9.22088E+03 0.00453 
   52    1    1    1    1    1    1    1    5    8  0.00000E+00 0.00000 
   53    1    1    1    1    1    1    1    5    9  8.51044E+03 0.00462 
   54    1    1    1    1    1    1    1    5   10  8.32891E+03 0.00467 
   55    1    1    1    1    1    1    1    5   11  0.00000E+00 0.00000 
   56    1    1    1    1    1    1    1    6    1  9.88440E+03 0.00453 
   57    1    1    1    1    1    1    1    6    2  9.88144E+03 0.00442 
   58    1    1    1    1    1    1    1    6    3  0.00000E+00 0.00000 
   59    1    1    1    1    1    1    1    6    4  9.51673E+03 0.00451 
   60    1    1    1    1    1    1    1    6    5  9.11083E+03 0.00448 
   61    1    1    1    1    1    1    1    6    6  0.00000E+00 0.00000 
   62    1    1    1    1    1    1    1    6    7  8.53326E+03 0.00458 
   63    1    1    1    1    1    1    1    6    8  8.45119E+03 0.00465 
   64    1    1    1    1    1    1    1    6    9  0.00000E+00 0.00000 
   65    1    1    1    1    1    1    1    6   10  8.18927E+03 0.00466 
   66    1    1    1    1    1    1    1    6   11  8.15456E+03 0.00468 
   67    1    1    1    1    1    1    1    7    1  0.00000E+00 0.00000 
   68    1    1    1    1    1    1    1    7    2  9.06112E+03 0.00457 
   69    1    1    1    1    1    1    1    7    3  8.99041E+03 0.00463 
   70    1    1    1    1    1    1    1    7    4  0.00000E+00 0.00000 
   71    1    1    1    1    1    1    1    7    5  8.58718E+03 0.00463 
   72    1    1    1    1    1    1    1    7    6  8.44197E+03 0.00462 
   73    1    1    1    1    1    1    1    7    7  0.00000E+00 0.00000 
   74    1    1    1    1    1    1    1    7    8  8.24297E+03 0.00480 
   75    1    1    1    1    1    1    1    7    9  8.09816E+03 0.00480 
   76    1    1    1    1    1    1    1    7   10  0.00000E+00 0.00000 
   77    1    1    1    1    1    1    1    7   11  7.97031E+03 0.00473 
   78    1    1    1    1    1    1    1    8    1  8.63564E+03 0.00459 
   79    1    1    1    1    1    1    1    8    2  0.00000E+00 0.00000 
   80    1    1    1    1    1    1    1    8    3  8.49272E+03 0.00462 
   81    1    1    1    1    1    1    1    8    4  8.48153E+03 0.00464 
   82    1    1    1    1    1    1    1    8    5  0.00000E+00 0.00000 
   83    1    1    1    1    1    1    1    8    6  8.21456E+03 0.00460 
   84    1    1    1    1    1    1    1    8    7  8.16339E+03 0.00464 
   85    1    1    1    1    1    1    1    8    8  0.00000E+00 0.00000 
   86    1    1    1    1    1    1    1    8    9  7.95912E+03 0.00475 
   87    1    1    1    1    1    1    1    8   10  7.84687E+03 0.00485 
   88    1    1    1    1    1    1    1    8   11  0.00000E+00 0.00000 
   89    1    1    1    1    1    1    1    9    1  8.45050E+03 0.00465 
   90    1    1    1    1    1    1    1    9    2  8.33695E+03 0.00458 
   91    1    1    1    1    1    1    1    9    3  0.00000E+00 0.00000 
   92    1    1    1    1    1    1    1    9    4  8.16369E+03 0.00463 
   93    1    1    1    1    1    1    1    9    5  8.11660E+03 0.00470 
   94    1    1    1    1    1    1    1    9    6  0.00000E+00 0.00000 
   95    1    1    1    1    1    1    1    9    7  7.88940E+03 0.00474 
   96    1    1    1    1    1    1    1    9    8  7.90273E+03 0.00479 
   97    1    1    1    1    1    1    1    9    9  0.00000E+00 0.00000 
   98    1    1    1    1    1    1    1    9   10  7.77194E+03 0.00485 
   99    1    1    1    1    1    1    1    9   11  7.64189E+03 0.00490 
  100    1    1    1    1    1    1    1   10    1  0.00000E+00 0.00000 
  101    1    1    1    1    1    1    1   10    2  8.17504E+03 0.00475 
  102    1    1    1    1    1    1    1   10    3  8.13046E+03 0.00465 
  103    1    1    1    1    1    1    1   10    4  0.00000E+00 0.00000 
  104    1    1    1    1    1    1    1   10    5  7.95704E+03 0.00470 
  105    1    1    1    1    1    1    1   10    6  7.90295E+03 0.00478 
  106    1    1    1    1    1    1    1   10    7  0.00000E+00 0.00000 
  107    1    1    1    1    1    1    1   10    8  7.62557E+03 0.00486 
  108    1    1    1    1    1    1    1   10    9  7.58548E+03 0.00496 
  109    1    1    1    1    1    1    1   10   10  0.00000E+00 0.00000 
