
DETassem1 = [
    1    1    1    1    1    1    1    1    1    1  0.00000E+00 0.00000 
    2    1    1    1    1    1    1    1    1    2  0.00000E+00 0.00000 
    3    1    1    1    1    1    1    1    1    3  0.00000E+00 0.00000 
    4    1    1    1    1    1    1    1    1    4  0.00000E+00 0.00000 
    5    1    1    1    1    1    1    1    1    5  0.00000E+00 0.00000 
    6    1    1    1    1    1    1    1    1    6  0.00000E+00 0.00000 
    7    1    1    1    1    1    1    1    1    7  0.00000E+00 0.00000 
    8    1    1    1    1    1    1    1    1    8  1.80334E+04 0.00356 
    9    1    1    1    1    1    1    1    1    9  1.40409E+04 0.00387 
   10    1    1    1    1    1    1    1    1   10  0.00000E+00 0.00000 
   11    1    1    1    1    1    1    1    1   11  1.02958E+04 0.00426 
   12    1    1    1    1    1    1    1    2    1  1.93061E+04 0.00338 
   13    1    1    1    1    1    1    1    2    2  0.00000E+00 0.00000 
   14    1    1    1    1    1    1    1    2    3  0.00000E+00 0.00000 
   15    1    1    1    1    1    1    1    2    4  0.00000E+00 0.00000 
   16    1    1    1    1    1    1    1    2    5  0.00000E+00 0.00000 
   17    1    1    1    1    1    1    1    2    6  1.92279E+04 0.00343 
   18    1    1    1    1    1    1    1    2    7  1.56916E+04 0.00374 
   19    1    1    1    1    1    1    1    2    8  0.00000E+00 0.00000 
   20    1    1    1    1    1    1    1    2    9  1.15261E+04 0.00416 
   21    1    1    1    1    1    1    1    2   10  1.04335E+04 0.00413 
   22    1    1    1    1    1    1    1    2   11  0.00000E+00 0.00000 
   23    1    1    1    1    1    1    1    3    1  1.57428E+04 0.00372 
   24    1    1    1    1    1    1    1    3    2  1.80176E+04 0.00355 
   25    1    1    1    1    1    1    1    3    3  0.00000E+00 0.00000 
   26    1    1    1    1    1    1    1    3    4  1.81401E+04 0.00353 
   27    1    1    1    1    1    1    1    3    5  1.57056E+04 0.00368 
   28    1    1    1    1    1    1    1    3    6  0.00000E+00 0.00000 
   29    1    1    1    1    1    1    1    3    7  1.22742E+04 0.00402 
   30    1    1    1    1    1    1    1    3    8  1.12044E+04 0.00414 
   31    1    1    1    1    1    1    1    3    9  0.00000E+00 0.00000 
   32    1    1    1    1    1    1    1    3   10  9.51204E+03 0.00434 
   33    1    1    1    1    1    1    1    3   11  9.24316E+03 0.00451 
   34    1    1    1    1    1    1    1    4    1  0.00000E+00 0.00000 
   35    1    1    1    1    1    1    1    4    2  1.40212E+04 0.00377 
   36    1    1    1    1    1    1    1    4    3  1.40783E+04 0.00385 
   37    1    1    1    1    1    1    1    4    4  0.00000E+00 0.00000 
   38    1    1    1    1    1    1    1    4    5  1.22829E+04 0.00404 
   39    1    1    1    1    1    1    1    4    6  1.14255E+04 0.00409 
   40    1    1    1    1    1    1    1    4    7  0.00000E+00 0.00000 
   41    1    1    1    1    1    1    1    4    8  9.97218E+03 0.00423 
   42    1    1    1    1    1    1    1    4    9  9.51747E+03 0.00437 
   43    1    1    1    1    1    1    1    4   10  0.00000E+00 0.00000 
   44    1    1    1    1    1    1    1    4   11  8.94235E+03 0.00444 
   45    1    1    1    1    1    1    1    5    1  1.14998E+04 0.00414 
   46    1    1    1    1    1    1    1    5    2  0.00000E+00 0.00000 
   47    1    1    1    1    1    1    1    5    3  1.16175E+04 0.00408 
   48    1    1    1    1    1    1    1    5    4  1.11016E+04 0.00407 
   49    1    1    1    1    1    1    1    5    5  0.00000E+00 0.00000 
   50    1    1    1    1    1    1    1    5    6  1.00796E+04 0.00435 
   51    1    1    1    1    1    1    1    5    7  9.63697E+03 0.00427 
   52    1    1    1    1    1    1    1    5    8  0.00000E+00 0.00000 
   53    1    1    1    1    1    1    1    5    9  9.04623E+03 0.00439 
   54    1    1    1    1    1    1    1    5   10  8.78832E+03 0.00442 
   55    1    1    1    1    1    1    1    5   11  0.00000E+00 0.00000 
   56    1    1    1    1    1    1    1    6    1  1.03793E+04 0.00424 
   57    1    1    1    1    1    1    1    6    2  1.04965E+04 0.00419 
   58    1    1    1    1    1    1    1    6    3  0.00000E+00 0.00000 
   59    1    1    1    1    1    1    1    6    4  9.94464E+03 0.00421 
   60    1    1    1    1    1    1    1    6    5  9.62184E+03 0.00430 
   61    1    1    1    1    1    1    1    6    6  0.00000E+00 0.00000 
   62    1    1    1    1    1    1    1    6    7  9.08704E+03 0.00445 
   63    1    1    1    1    1    1    1    6    8  8.94301E+03 0.00444 
   64    1    1    1    1    1    1    1    6    9  0.00000E+00 0.00000 
   65    1    1    1    1    1    1    1    6   10  8.62023E+03 0.00447 
   66    1    1    1    1    1    1    1    6   11  8.44072E+03 0.00455 
   67    1    1    1    1    1    1    1    7    1  0.00000E+00 0.00000 
   68    1    1    1    1    1    1    1    7    2  9.50288E+03 0.00427 
   69    1    1    1    1    1    1    1    7    3  9.45256E+03 0.00423 
   70    1    1    1    1    1    1    1    7    4  0.00000E+00 0.00000 
   71    1    1    1    1    1    1    1    7    5  9.12688E+03 0.00441 
   72    1    1    1    1    1    1    1    7    6  8.83847E+03 0.00451 
   73    1    1    1    1    1    1    1    7    7  0.00000E+00 0.00000 
   74    1    1    1    1    1    1    1    7    8  8.66814E+03 0.00452 
   75    1    1    1    1    1    1    1    7    9  8.43886E+03 0.00460 
   76    1    1    1    1    1    1    1    7   10  0.00000E+00 0.00000 
   77    1    1    1    1    1    1    1    7   11  8.30216E+03 0.00452 
   78    1    1    1    1    1    1    1    8    1  9.26021E+03 0.00442 
   79    1    1    1    1    1    1    1    8    2  0.00000E+00 0.00000 
   80    1    1    1    1    1    1    1    8    3  9.05356E+03 0.00447 
   81    1    1    1    1    1    1    1    8    4  8.85415E+03 0.00445 
   82    1    1    1    1    1    1    1    8    5  0.00000E+00 0.00000 
   83    1    1    1    1    1    1    1    8    6  8.53781E+03 0.00457 
   84    1    1    1    1    1    1    1    8    7  8.44938E+03 0.00446 
   85    1    1    1    1    1    1    1    8    8  0.00000E+00 0.00000 
   86    1    1    1    1    1    1    1    8    9  8.33137E+03 0.00455 
   87    1    1    1    1    1    1    1    8   10  8.23751E+03 0.00448 
   88    1    1    1    1    1    1    1    8   11  0.00000E+00 0.00000 
   89    1    1    1    1    1    1    1    9    1  8.84579E+03 0.00435 
   90    1    1    1    1    1    1    1    9    2  8.86214E+03 0.00442 
   91    1    1    1    1    1    1    1    9    3  0.00000E+00 0.00000 
   92    1    1    1    1    1    1    1    9    4  8.66760E+03 0.00437 
   93    1    1    1    1    1    1    1    9    5  8.46593E+03 0.00444 
   94    1    1    1    1    1    1    1    9    6  0.00000E+00 0.00000 
   95    1    1    1    1    1    1    1    9    7  8.32995E+03 0.00453 
   96    1    1    1    1    1    1    1    9    8  8.19138E+03 0.00459 
   97    1    1    1    1    1    1    1    9    9  0.00000E+00 0.00000 
   98    1    1    1    1    1    1    1    9   10  8.04413E+03 0.00466 
   99    1    1    1    1    1    1    1    9   11  7.99264E+03 0.00461 
  100    1    1    1    1    1    1    1   10    1  0.00000E+00 0.00000 
  101    1    1    1    1    1    1    1   10    2  8.64579E+03 0.00451 
  102    1    1    1    1    1    1    1   10    3  8.53866E+03 0.00455 
  103    1    1    1    1    1    1    1   10    4  0.00000E+00 0.00000 
  104    1    1    1    1    1    1    1   10    5  8.23345E+03 0.00463 
  105    1    1    1    1    1    1    1   10    6  8.15879E+03 0.00462 
  106    1    1    1    1    1    1    1   10    7  0.00000E+00 0.00000 
  107    1    1    1    1    1    1    1   10    8  8.01508E+03 0.00462 
  108    1    1    1    1    1    1    1   10    9  7.87550E+03 0.00459 
  109    1    1    1    1    1    1    1   10   10  0.00000E+00 0.00000 
