
ZAI = [
922350
922380
666
0
];

NAMES = [
'U235            '
'U238            '
'lost            '
'total           '
];

i922350 = 1; iU235             = 1;
i922380 = 2; iU238             = 2;
iLOST    = 3;
iTOT     = 4;

MAT_un_VOLUME = [ 2.67267E+05 2.67267E+05 ];

MAT_un_BURNUP = [ 0.00000E+00 4.28888E+01 ];

MAT_un_ADENS = [
4.83387E-03 3.50922E-03 % U235
1.93936E-02 1.88540E-02 % U238
0.00000E+00 3.42694E-30 % lost data
7.26897E-02 7.38010E-02 % total
];

MAT_un_MDENS = [
1.88669E+00 1.36967E+00 % U235
7.66628E+00 7.45297E+00 % U238
0.00000E+00 0.00000E+00 % lost data
1.08000E+01 1.07986E+01 % total
];

MAT_un_A = [
4.03193E+10 2.92704E+10 % U235
2.54814E+10 2.47723E+10 % U238
0.00000E+00 0.00000E+00 % lost data
6.58007E+10 3.28321E+18 % total
];

MAT_un_H = [
3.02250E-02 2.19422E-02 % U235
1.74329E-02 1.69478E-02 % U238
0.00000E+00 0.00000E+00 % lost data
4.76578E-02 9.64656E+05 % total
];

MAT_un_SF = [
2.90299E+00 2.10747E+00 % U235
1.39128E+04 1.35257E+04 % U238
0.00000E+00 0.00000E+00 % lost data
1.39157E+04 1.03822E+08 % total
];

MAT_un_GSRC = [
5.09437E+10 3.69833E+10 % U235
2.25647E+09 2.19368E+09 % U238
0.00000E+00 0.00000E+00 % lost data
5.32002E+10 3.52953E+18 % total
];

MAT_un_ING_TOX = [
1.89501E+03 1.37571E+03 % U235
1.14666E+03 1.11476E+03 % U238
0.00000E+00 0.00000E+00 % lost data
3.04167E+03 2.23562E+09 % total
];

MAT_un_INH_TOX = [
3.42714E+05 2.48798E+05 % U235
2.03851E+05 1.98179E+05 % U238
0.00000E+00 0.00000E+00 % lost data
5.46565E+05 8.03021E+10 % total
];

TOT_VOLUME = [ 2.67267E+05 2.67267E+05 ];

TOT_BURNUP = [ 0.00000E+00 4.28888E+01 ];

TOT_ADENS = [
4.83387E-03 3.50922E-03 % U235
1.93936E-02 1.88540E-02 % U238
0.00000E+00 3.42694E-30 % lost data
7.26897E-02 7.38010E-02 % total
];

TOT_MASS = [
5.04249E+05 3.66067E+05 % U235
2.04894E+06 1.99193E+06 % U238
0.00000E+00 0.00000E+00 % lost data
2.88648E+06 2.88611E+06 % total
];

TOT_A = [
4.03193E+10 2.92704E+10 % U235
2.54814E+10 2.47723E+10 % U238
0.00000E+00 0.00000E+00 % lost data
6.58007E+10 3.28321E+18 % total
];

TOT_H = [
3.02250E-02 2.19422E-02 % U235
1.74329E-02 1.69478E-02 % U238
0.00000E+00 0.00000E+00 % lost data
4.76578E-02 9.64656E+05 % total
];

TOT_SF = [
2.90299E+00 2.10747E+00 % U235
1.39128E+04 1.35257E+04 % U238
0.00000E+00 0.00000E+00 % lost data
1.39157E+04 1.03822E+08 % total
];

TOT_GSRC = [
5.09437E+10 3.69833E+10 % U235
2.25647E+09 2.19368E+09 % U238
0.00000E+00 0.00000E+00 % lost data
5.32002E+10 3.52953E+18 % total
];

TOT_ING_TOX = [
1.89501E+03 1.37571E+03 % U235
1.14666E+03 1.11476E+03 % U238
0.00000E+00 0.00000E+00 % lost data
3.04167E+03 2.23562E+09 % total
];

TOT_INH_TOX = [
3.42714E+05 2.48798E+05 % U235
2.03851E+05 1.98179E+05 % U238
0.00000E+00 0.00000E+00 % lost data
5.46565E+05 8.03021E+10 % total
];

BU = [ 0.00000E+00 4.28875E+01 ];

DAYS = [ 0.00000E+00 7.30000E+03 ];
