
DETassem1 = [
    1    1    1    1    1    1    1    1    1    1  0.00000E+00 0.00000 
    2    1    1    1    1    1    1    1    1    2  0.00000E+00 0.00000 
    3    1    1    1    1    1    1    1    1    3  0.00000E+00 0.00000 
    4    1    1    1    1    1    1    1    1    4  0.00000E+00 0.00000 
    5    1    1    1    1    1    1    1    1    5  0.00000E+00 0.00000 
    6    1    1    1    1    1    1    1    1    6  0.00000E+00 0.00000 
    7    1    1    1    1    1    1    1    1    7  0.00000E+00 0.00000 
    8    1    1    1    1    1    1    1    1    8  1.76900E+04 0.00365 
    9    1    1    1    1    1    1    1    1    9  1.39390E+04 0.00387 
   10    1    1    1    1    1    1    1    1   10  0.00000E+00 0.00000 
   11    1    1    1    1    1    1    1    1   11  1.02764E+04 0.00430 
   12    1    1    1    1    1    1    1    2    1  1.89152E+04 0.00349 
   13    1    1    1    1    1    1    1    2    2  0.00000E+00 0.00000 
   14    1    1    1    1    1    1    1    2    3  0.00000E+00 0.00000 
   15    1    1    1    1    1    1    1    2    4  0.00000E+00 0.00000 
   16    1    1    1    1    1    1    1    2    5  0.00000E+00 0.00000 
   17    1    1    1    1    1    1    1    2    6  1.87447E+04 0.00353 
   18    1    1    1    1    1    1    1    2    7  1.55268E+04 0.00365 
   19    1    1    1    1    1    1    1    2    8  0.00000E+00 0.00000 
   20    1    1    1    1    1    1    1    2    9  1.14632E+04 0.00410 
   21    1    1    1    1    1    1    1    2   10  1.02570E+04 0.00426 
   22    1    1    1    1    1    1    1    2   11  0.00000E+00 0.00000 
   23    1    1    1    1    1    1    1    3    1  1.55298E+04 0.00366 
   24    1    1    1    1    1    1    1    3    2  1.77095E+04 0.00360 
   25    1    1    1    1    1    1    1    3    3  0.00000E+00 0.00000 
   26    1    1    1    1    1    1    1    3    4  1.77259E+04 0.00359 
   27    1    1    1    1    1    1    1    3    5  1.55590E+04 0.00373 
   28    1    1    1    1    1    1    1    3    6  0.00000E+00 0.00000 
   29    1    1    1    1    1    1    1    3    7  1.20626E+04 0.00408 
   30    1    1    1    1    1    1    1    3    8  1.08768E+04 0.00408 
   31    1    1    1    1    1    1    1    3    9  0.00000E+00 0.00000 
   32    1    1    1    1    1    1    1    3   10  9.45046E+03 0.00433 
   33    1    1    1    1    1    1    1    3   11  9.13916E+03 0.00439 
   34    1    1    1    1    1    1    1    4    1  0.00000E+00 0.00000 
   35    1    1    1    1    1    1    1    4    2  1.38733E+04 0.00390 
   36    1    1    1    1    1    1    1    4    3  1.38508E+04 0.00394 
   37    1    1    1    1    1    1    1    4    4  0.00000E+00 0.00000 
   38    1    1    1    1    1    1    1    4    5  1.21545E+04 0.00407 
   39    1    1    1    1    1    1    1    4    6  1.12486E+04 0.00414 
   40    1    1    1    1    1    1    1    4    7  0.00000E+00 0.00000 
   41    1    1    1    1    1    1    1    4    8  9.86319E+03 0.00444 
   42    1    1    1    1    1    1    1    4    9  9.35130E+03 0.00436 
   43    1    1    1    1    1    1    1    4   10  0.00000E+00 0.00000 
   44    1    1    1    1    1    1    1    4   11  8.82982E+03 0.00439 
   45    1    1    1    1    1    1    1    5    1  1.13282E+04 0.00414 
   46    1    1    1    1    1    1    1    5    2  0.00000E+00 0.00000 
   47    1    1    1    1    1    1    1    5    3  1.13137E+04 0.00413 
   48    1    1    1    1    1    1    1    5    4  1.09402E+04 0.00418 
   49    1    1    1    1    1    1    1    5    5  0.00000E+00 0.00000 
   50    1    1    1    1    1    1    1    5    6  9.90862E+03 0.00430 
   51    1    1    1    1    1    1    1    5    7  9.54059E+03 0.00428 
   52    1    1    1    1    1    1    1    5    8  0.00000E+00 0.00000 
   53    1    1    1    1    1    1    1    5    9  8.99018E+03 0.00433 
   54    1    1    1    1    1    1    1    5   10  8.76926E+03 0.00441 
   55    1    1    1    1    1    1    1    5   11  0.00000E+00 0.00000 
   56    1    1    1    1    1    1    1    6    1  1.02241E+04 0.00419 
   57    1    1    1    1    1    1    1    6    2  1.03179E+04 0.00417 
   58    1    1    1    1    1    1    1    6    3  0.00000E+00 0.00000 
   59    1    1    1    1    1    1    1    6    4  9.82545E+03 0.00433 
   60    1    1    1    1    1    1    1    6    5  9.51195E+03 0.00448 
   61    1    1    1    1    1    1    1    6    6  0.00000E+00 0.00000 
   62    1    1    1    1    1    1    1    6    7  9.01312E+03 0.00440 
   63    1    1    1    1    1    1    1    6    8  8.73443E+03 0.00460 
   64    1    1    1    1    1    1    1    6    9  0.00000E+00 0.00000 
   65    1    1    1    1    1    1    1    6   10  8.61885E+03 0.00454 
   66    1    1    1    1    1    1    1    6   11  8.52401E+03 0.00449 
   67    1    1    1    1    1    1    1    7    1  0.00000E+00 0.00000 
   68    1    1    1    1    1    1    1    7    2  9.45843E+03 0.00437 
   69    1    1    1    1    1    1    1    7    3  9.31699E+03 0.00440 
   70    1    1    1    1    1    1    1    7    4  0.00000E+00 0.00000 
   71    1    1    1    1    1    1    1    7    5  9.01721E+03 0.00440 
   72    1    1    1    1    1    1    1    7    6  8.90698E+03 0.00435 
   73    1    1    1    1    1    1    1    7    7  0.00000E+00 0.00000 
   74    1    1    1    1    1    1    1    7    8  8.60781E+03 0.00453 
   75    1    1    1    1    1    1    1    7    9  8.49221E+03 0.00448 
   76    1    1    1    1    1    1    1    7   10  0.00000E+00 0.00000 
   77    1    1    1    1    1    1    1    7   11  8.35599E+03 0.00450 
   78    1    1    1    1    1    1    1    8    1  9.14537E+03 0.00444 
   79    1    1    1    1    1    1    1    8    2  0.00000E+00 0.00000 
   80    1    1    1    1    1    1    1    8    3  8.93308E+03 0.00439 
   81    1    1    1    1    1    1    1    8    4  8.88606E+03 0.00439 
   82    1    1    1    1    1    1    1    8    5  0.00000E+00 0.00000 
   83    1    1    1    1    1    1    1    8    6  8.65552E+03 0.00443 
   84    1    1    1    1    1    1    1    8    7  8.51171E+03 0.00451 
   85    1    1    1    1    1    1    1    8    8  0.00000E+00 0.00000 
   86    1    1    1    1    1    1    1    8    9  8.33273E+03 0.00455 
   87    1    1    1    1    1    1    1    8   10  8.22981E+03 0.00450 
   88    1    1    1    1    1    1    1    8   11  0.00000E+00 0.00000 
   89    1    1    1    1    1    1    1    9    1  8.86505E+03 0.00450 
   90    1    1    1    1    1    1    1    9    2  8.81953E+03 0.00437 
   91    1    1    1    1    1    1    1    9    3  0.00000E+00 0.00000 
   92    1    1    1    1    1    1    1    9    4  8.53824E+03 0.00442 
   93    1    1    1    1    1    1    1    9    5  8.45192E+03 0.00451 
   94    1    1    1    1    1    1    1    9    6  0.00000E+00 0.00000 
   95    1    1    1    1    1    1    1    9    7  8.29813E+03 0.00459 
   96    1    1    1    1    1    1    1    9    8  8.20498E+03 0.00455 
   97    1    1    1    1    1    1    1    9    9  0.00000E+00 0.00000 
   98    1    1    1    1    1    1    1    9   10  7.99461E+03 0.00465 
   99    1    1    1    1    1    1    1    9   11  7.99864E+03 0.00455 
  100    1    1    1    1    1    1    1   10    1  0.00000E+00 0.00000 
  101    1    1    1    1    1    1    1   10    2  8.63015E+03 0.00455 
  102    1    1    1    1    1    1    1   10    3  8.46137E+03 0.00445 
  103    1    1    1    1    1    1    1   10    4  0.00000E+00 0.00000 
  104    1    1    1    1    1    1    1   10    5  8.38806E+03 0.00449 
  105    1    1    1    1    1    1    1   10    6  8.30982E+03 0.00455 
  106    1    1    1    1    1    1    1   10    7  0.00000E+00 0.00000 
  107    1    1    1    1    1    1    1   10    8  8.00590E+03 0.00462 
  108    1    1    1    1    1    1    1   10    9  7.85909E+03 0.00467 
  109    1    1    1    1    1    1    1   10   10  0.00000E+00 0.00000 
