
DETassem1 = [
    1    1    1    1    1    1    1    1    1    1  0.00000E+00 0.00000 
    2    1    1    1    1    1    1    1    1    2  0.00000E+00 0.00000 
    3    1    1    1    1    1    1    1    1    3  0.00000E+00 0.00000 
    4    1    1    1    1    1    1    1    1    4  0.00000E+00 0.00000 
    5    1    1    1    1    1    1    1    1    5  0.00000E+00 0.00000 
    6    1    1    1    1    1    1    1    1    6  0.00000E+00 0.00000 
    7    1    1    1    1    1    1    1    1    7  0.00000E+00 0.00000 
    8    1    1    1    1    1    1    1    1    8  1.74297E+04 0.00376 
    9    1    1    1    1    1    1    1    1    9  1.34911E+04 0.00404 
   10    1    1    1    1    1    1    1    1   10  0.00000E+00 0.00000 
   11    1    1    1    1    1    1    1    1   11  9.74789E+03 0.00448 
   12    1    1    1    1    1    1    1    2    1  1.88883E+04 0.00363 
   13    1    1    1    1    1    1    1    2    2  0.00000E+00 0.00000 
   14    1    1    1    1    1    1    1    2    3  0.00000E+00 0.00000 
   15    1    1    1    1    1    1    1    2    4  0.00000E+00 0.00000 
   16    1    1    1    1    1    1    1    2    5  0.00000E+00 0.00000 
   17    1    1    1    1    1    1    1    2    6  1.89157E+04 0.00353 
   18    1    1    1    1    1    1    1    2    7  1.52725E+04 0.00392 
   19    1    1    1    1    1    1    1    2    8  0.00000E+00 0.00000 
   20    1    1    1    1    1    1    1    2    9  1.08383E+04 0.00438 
   21    1    1    1    1    1    1    1    2   10  9.80767E+03 0.00456 
   22    1    1    1    1    1    1    1    2   11  0.00000E+00 0.00000 
   23    1    1    1    1    1    1    1    3    1  1.52506E+04 0.00393 
   24    1    1    1    1    1    1    1    3    2  1.76368E+04 0.00374 
   25    1    1    1    1    1    1    1    3    3  0.00000E+00 0.00000 
   26    1    1    1    1    1    1    1    3    4  1.75578E+04 0.00368 
   27    1    1    1    1    1    1    1    3    5  1.52960E+04 0.00403 
   28    1    1    1    1    1    1    1    3    6  0.00000E+00 0.00000 
   29    1    1    1    1    1    1    1    3    7  1.16053E+04 0.00437 
   30    1    1    1    1    1    1    1    3    8  1.05435E+04 0.00443 
   31    1    1    1    1    1    1    1    3    9  0.00000E+00 0.00000 
   32    1    1    1    1    1    1    1    3   10  9.08068E+03 0.00462 
   33    1    1    1    1    1    1    1    3   11  8.67274E+03 0.00475 
   34    1    1    1    1    1    1    1    4    1  0.00000E+00 0.00000 
   35    1    1    1    1    1    1    1    4    2  1.34234E+04 0.00410 
   36    1    1    1    1    1    1    1    4    3  1.34107E+04 0.00405 
   37    1    1    1    1    1    1    1    4    4  0.00000E+00 0.00000 
   38    1    1    1    1    1    1    1    4    5  1.16088E+04 0.00426 
   39    1    1    1    1    1    1    1    4    6  1.07357E+04 0.00445 
   40    1    1    1    1    1    1    1    4    7  0.00000E+00 0.00000 
   41    1    1    1    1    1    1    1    4    8  9.29828E+03 0.00453 
   42    1    1    1    1    1    1    1    4    9  8.84297E+03 0.00459 
   43    1    1    1    1    1    1    1    4   10  0.00000E+00 0.00000 
   44    1    1    1    1    1    1    1    4   11  8.48584E+03 0.00457 
   45    1    1    1    1    1    1    1    5    1  1.08340E+04 0.00434 
   46    1    1    1    1    1    1    1    5    2  0.00000E+00 0.00000 
   47    1    1    1    1    1    1    1    5    3  1.07991E+04 0.00426 
   48    1    1    1    1    1    1    1    5    4  1.05067E+04 0.00450 
   49    1    1    1    1    1    1    1    5    5  0.00000E+00 0.00000 
   50    1    1    1    1    1    1    1    5    6  9.49031E+03 0.00455 
   51    1    1    1    1    1    1    1    5    7  9.10110E+03 0.00450 
   52    1    1    1    1    1    1    1    5    8  0.00000E+00 0.00000 
   53    1    1    1    1    1    1    1    5    9  8.47824E+03 0.00456 
   54    1    1    1    1    1    1    1    5   10  8.39682E+03 0.00477 
   55    1    1    1    1    1    1    1    5   11  0.00000E+00 0.00000 
   56    1    1    1    1    1    1    1    6    1  9.80116E+03 0.00445 
   57    1    1    1    1    1    1    1    6    2  9.84562E+03 0.00454 
   58    1    1    1    1    1    1    1    6    3  0.00000E+00 0.00000 
   59    1    1    1    1    1    1    1    6    4  9.35114E+03 0.00449 
   60    1    1    1    1    1    1    1    6    5  8.99689E+03 0.00448 
   61    1    1    1    1    1    1    1    6    6  0.00000E+00 0.00000 
   62    1    1    1    1    1    1    1    6    7  8.50956E+03 0.00464 
   63    1    1    1    1    1    1    1    6    8  8.37681E+03 0.00467 
   64    1    1    1    1    1    1    1    6    9  0.00000E+00 0.00000 
   65    1    1    1    1    1    1    1    6   10  8.19952E+03 0.00464 
   66    1    1    1    1    1    1    1    6   11  8.13968E+03 0.00463 
   67    1    1    1    1    1    1    1    7    1  0.00000E+00 0.00000 
   68    1    1    1    1    1    1    1    7    2  9.08518E+03 0.00452 
   69    1    1    1    1    1    1    1    7    3  8.82754E+03 0.00463 
   70    1    1    1    1    1    1    1    7    4  0.00000E+00 0.00000 
   71    1    1    1    1    1    1    1    7    5  8.44970E+03 0.00457 
   72    1    1    1    1    1    1    1    7    6  8.43816E+03 0.00461 
   73    1    1    1    1    1    1    1    7    7  0.00000E+00 0.00000 
   74    1    1    1    1    1    1    1    7    8  8.12695E+03 0.00476 
   75    1    1    1    1    1    1    1    7    9  8.02953E+03 0.00467 
   76    1    1    1    1    1    1    1    7   10  0.00000E+00 0.00000 
   77    1    1    1    1    1    1    1    7   11  7.95697E+03 0.00481 
   78    1    1    1    1    1    1    1    8    1  8.75005E+03 0.00450 
   79    1    1    1    1    1    1    1    8    2  0.00000E+00 0.00000 
   80    1    1    1    1    1    1    1    8    3  8.48314E+03 0.00478 
   81    1    1    1    1    1    1    1    8    4  8.44326E+03 0.00472 
   82    1    1    1    1    1    1    1    8    5  0.00000E+00 0.00000 
   83    1    1    1    1    1    1    1    8    6  8.17490E+03 0.00476 
   84    1    1    1    1    1    1    1    8    7  8.11510E+03 0.00468 
   85    1    1    1    1    1    1    1    8    8  0.00000E+00 0.00000 
   86    1    1    1    1    1    1    1    8    9  7.98914E+03 0.00472 
   87    1    1    1    1    1    1    1    8   10  7.87819E+03 0.00476 
   88    1    1    1    1    1    1    1    8   11  0.00000E+00 0.00000 
   89    1    1    1    1    1    1    1    9    1  8.52895E+03 0.00463 
   90    1    1    1    1    1    1    1    9    2  8.35943E+03 0.00479 
   91    1    1    1    1    1    1    1    9    3  0.00000E+00 0.00000 
   92    1    1    1    1    1    1    1    9    4  8.12363E+03 0.00480 
   93    1    1    1    1    1    1    1    9    5  8.04751E+03 0.00469 
   94    1    1    1    1    1    1    1    9    6  0.00000E+00 0.00000 
   95    1    1    1    1    1    1    1    9    7  7.93545E+03 0.00496 
   96    1    1    1    1    1    1    1    9    8  7.90369E+03 0.00484 
   97    1    1    1    1    1    1    1    9    9  0.00000E+00 0.00000 
   98    1    1    1    1    1    1    1    9   10  7.69991E+03 0.00483 
   99    1    1    1    1    1    1    1    9   11  7.65698E+03 0.00489 
  100    1    1    1    1    1    1    1   10    1  0.00000E+00 0.00000 
  101    1    1    1    1    1    1    1   10    2  8.25662E+03 0.00460 
  102    1    1    1    1    1    1    1   10    3  8.12689E+03 0.00464 
  103    1    1    1    1    1    1    1   10    4  0.00000E+00 0.00000 
  104    1    1    1    1    1    1    1   10    5  7.98300E+03 0.00479 
  105    1    1    1    1    1    1    1   10    6  7.87424E+03 0.00489 
  106    1    1    1    1    1    1    1   10    7  0.00000E+00 0.00000 
  107    1    1    1    1    1    1    1   10    8  7.65744E+03 0.00481 
  108    1    1    1    1    1    1    1   10    9  7.62348E+03 0.00471 
  109    1    1    1    1    1    1    1   10   10  0.00000E+00 0.00000 
