
DETassem1 = [
    1    1    1    1    1    1    1    1    1    1  0.00000E+00 0.00000 
    2    1    1    1    1    1    1    1    1    2  0.00000E+00 0.00000 
    3    1    1    1    1    1    1    1    1    3  0.00000E+00 0.00000 
    4    1    1    1    1    1    1    1    1    4  0.00000E+00 0.00000 
    5    1    1    1    1    1    1    1    1    5  0.00000E+00 0.00000 
    6    1    1    1    1    1    1    1    1    6  0.00000E+00 0.00000 
    7    1    1    1    1    1    1    1    1    7  0.00000E+00 0.00000 
    8    1    1    1    1    1    1    1    1    8  1.82016E+04 0.00365 
    9    1    1    1    1    1    1    1    1    9  1.37474E+04 0.00406 
   10    1    1    1    1    1    1    1    1   10  0.00000E+00 0.00000 
   11    1    1    1    1    1    1    1    1   11  9.88955E+03 0.00449 
   12    1    1    1    1    1    1    1    2    1  1.96700E+04 0.00364 
   13    1    1    1    1    1    1    1    2    2  0.00000E+00 0.00000 
   14    1    1    1    1    1    1    1    2    3  0.00000E+00 0.00000 
   15    1    1    1    1    1    1    1    2    4  0.00000E+00 0.00000 
   16    1    1    1    1    1    1    1    2    5  0.00000E+00 0.00000 
   17    1    1    1    1    1    1    1    2    6  1.95804E+04 0.00366 
   18    1    1    1    1    1    1    1    2    7  1.57797E+04 0.00381 
   19    1    1    1    1    1    1    1    2    8  0.00000E+00 0.00000 
   20    1    1    1    1    1    1    1    2    9  1.10075E+04 0.00425 
   21    1    1    1    1    1    1    1    2   10  1.00263E+04 0.00443 
   22    1    1    1    1    1    1    1    2   11  0.00000E+00 0.00000 
   23    1    1    1    1    1    1    1    3    1  1.56951E+04 0.00385 
   24    1    1    1    1    1    1    1    3    2  1.82503E+04 0.00374 
   25    1    1    1    1    1    1    1    3    3  0.00000E+00 0.00000 
   26    1    1    1    1    1    1    1    3    4  1.80645E+04 0.00373 
   27    1    1    1    1    1    1    1    3    5  1.57403E+04 0.00388 
   28    1    1    1    1    1    1    1    3    6  0.00000E+00 0.00000 
   29    1    1    1    1    1    1    1    3    7  1.19097E+04 0.00423 
   30    1    1    1    1    1    1    1    3    8  1.07801E+04 0.00434 
   31    1    1    1    1    1    1    1    3    9  0.00000E+00 0.00000 
   32    1    1    1    1    1    1    1    3   10  9.28407E+03 0.00452 
   33    1    1    1    1    1    1    1    3   11  8.75047E+03 0.00466 
   34    1    1    1    1    1    1    1    4    1  0.00000E+00 0.00000 
   35    1    1    1    1    1    1    1    4    2  1.37817E+04 0.00405 
   36    1    1    1    1    1    1    1    4    3  1.38084E+04 0.00400 
   37    1    1    1    1    1    1    1    4    4  0.00000E+00 0.00000 
   38    1    1    1    1    1    1    1    4    5  1.19518E+04 0.00421 
   39    1    1    1    1    1    1    1    4    6  1.10795E+04 0.00428 
   40    1    1    1    1    1    1    1    4    7  0.00000E+00 0.00000 
   41    1    1    1    1    1    1    1    4    8  9.48746E+03 0.00441 
   42    1    1    1    1    1    1    1    4    9  8.99838E+03 0.00470 
   43    1    1    1    1    1    1    1    4   10  0.00000E+00 0.00000 
   44    1    1    1    1    1    1    1    4   11  8.57594E+03 0.00461 
   45    1    1    1    1    1    1    1    5    1  1.11314E+04 0.00427 
   46    1    1    1    1    1    1    1    5    2  0.00000E+00 0.00000 
   47    1    1    1    1    1    1    1    5    3  1.10922E+04 0.00429 
   48    1    1    1    1    1    1    1    5    4  1.07602E+04 0.00423 
   49    1    1    1    1    1    1    1    5    5  0.00000E+00 0.00000 
   50    1    1    1    1    1    1    1    5    6  9.68385E+03 0.00442 
   51    1    1    1    1    1    1    1    5    7  9.24047E+03 0.00456 
   52    1    1    1    1    1    1    1    5    8  0.00000E+00 0.00000 
   53    1    1    1    1    1    1    1    5    9  8.61136E+03 0.00456 
   54    1    1    1    1    1    1    1    5   10  8.51028E+03 0.00463 
   55    1    1    1    1    1    1    1    5   11  0.00000E+00 0.00000 
   56    1    1    1    1    1    1    1    6    1  9.97403E+03 0.00432 
   57    1    1    1    1    1    1    1    6    2  9.89504E+03 0.00445 
   58    1    1    1    1    1    1    1    6    3  0.00000E+00 0.00000 
   59    1    1    1    1    1    1    1    6    4  9.43978E+03 0.00448 
   60    1    1    1    1    1    1    1    6    5  9.24881E+03 0.00449 
   61    1    1    1    1    1    1    1    6    6  0.00000E+00 0.00000 
   62    1    1    1    1    1    1    1    6    7  8.73396E+03 0.00460 
   63    1    1    1    1    1    1    1    6    8  8.51815E+03 0.00467 
   64    1    1    1    1    1    1    1    6    9  0.00000E+00 0.00000 
   65    1    1    1    1    1    1    1    6   10  8.26583E+03 0.00458 
   66    1    1    1    1    1    1    1    6   11  8.21987E+03 0.00464 
   67    1    1    1    1    1    1    1    7    1  0.00000E+00 0.00000 
   68    1    1    1    1    1    1    1    7    2  9.20829E+03 0.00462 
   69    1    1    1    1    1    1    1    7    3  8.98610E+03 0.00449 
   70    1    1    1    1    1    1    1    7    4  0.00000E+00 0.00000 
   71    1    1    1    1    1    1    1    7    5  8.68958E+03 0.00451 
   72    1    1    1    1    1    1    1    7    6  8.53554E+03 0.00472 
   73    1    1    1    1    1    1    1    7    7  0.00000E+00 0.00000 
   74    1    1    1    1    1    1    1    7    8  8.26256E+03 0.00461 
   75    1    1    1    1    1    1    1    7    9  8.11966E+03 0.00455 
   76    1    1    1    1    1    1    1    7   10  0.00000E+00 0.00000 
   77    1    1    1    1    1    1    1    7   11  8.00572E+03 0.00474 
   78    1    1    1    1    1    1    1    8    1  8.79249E+03 0.00457 
   79    1    1    1    1    1    1    1    8    2  0.00000E+00 0.00000 
   80    1    1    1    1    1    1    1    8    3  8.67598E+03 0.00454 
   81    1    1    1    1    1    1    1    8    4  8.56470E+03 0.00461 
   82    1    1    1    1    1    1    1    8    5  0.00000E+00 0.00000 
   83    1    1    1    1    1    1    1    8    6  8.30221E+03 0.00468 
   84    1    1    1    1    1    1    1    8    7  8.20052E+03 0.00476 
   85    1    1    1    1    1    1    1    8    8  0.00000E+00 0.00000 
   86    1    1    1    1    1    1    1    8    9  8.00323E+03 0.00477 
   87    1    1    1    1    1    1    1    8   10  7.97427E+03 0.00473 
   88    1    1    1    1    1    1    1    8   11  0.00000E+00 0.00000 
   89    1    1    1    1    1    1    1    9    1  8.49074E+03 0.00461 
   90    1    1    1    1    1    1    1    9    2  8.51061E+03 0.00451 
   91    1    1    1    1    1    1    1    9    3  0.00000E+00 0.00000 
   92    1    1    1    1    1    1    1    9    4  8.25390E+03 0.00461 
   93    1    1    1    1    1    1    1    9    5  8.22059E+03 0.00477 
   94    1    1    1    1    1    1    1    9    6  0.00000E+00 0.00000 
   95    1    1    1    1    1    1    1    9    7  7.99951E+03 0.00475 
   96    1    1    1    1    1    1    1    9    8  7.91436E+03 0.00478 
   97    1    1    1    1    1    1    1    9    9  0.00000E+00 0.00000 
   98    1    1    1    1    1    1    1    9   10  7.74955E+03 0.00479 
   99    1    1    1    1    1    1    1    9   11  7.65025E+03 0.00486 
  100    1    1    1    1    1    1    1   10    1  0.00000E+00 0.00000 
  101    1    1    1    1    1    1    1   10    2  8.29413E+03 0.00461 
  102    1    1    1    1    1    1    1   10    3  8.25981E+03 0.00456 
  103    1    1    1    1    1    1    1   10    4  0.00000E+00 0.00000 
  104    1    1    1    1    1    1    1   10    5  7.97022E+03 0.00483 
  105    1    1    1    1    1    1    1   10    6  7.86049E+03 0.00465 
  106    1    1    1    1    1    1    1   10    7  0.00000E+00 0.00000 
  107    1    1    1    1    1    1    1   10    8  7.76266E+03 0.00476 
  108    1    1    1    1    1    1    1   10    9  7.60564E+03 0.00498 
  109    1    1    1    1    1    1    1   10   10  0.00000E+00 0.00000 
