
DETassem1 = [
    1    1    1    1    1    1    1    1    1    1  0.00000E+00 0.00000 
    2    1    1    1    1    1    1    1    1    2  0.00000E+00 0.00000 
    3    1    1    1    1    1    1    1    1    3  0.00000E+00 0.00000 
    4    1    1    1    1    1    1    1    1    4  0.00000E+00 0.00000 
    5    1    1    1    1    1    1    1    1    5  0.00000E+00 0.00000 
    6    1    1    1    1    1    1    1    1    6  0.00000E+00 0.00000 
    7    1    1    1    1    1    1    1    1    7  0.00000E+00 0.00000 
    8    1    1    1    1    1    1    1    1    8  1.79323E+04 0.00366 
    9    1    1    1    1    1    1    1    1    9  1.37823E+04 0.00410 
   10    1    1    1    1    1    1    1    1   10  0.00000E+00 0.00000 
   11    1    1    1    1    1    1    1    1   11  1.00009E+04 0.00441 
   12    1    1    1    1    1    1    1    2    1  1.94212E+04 0.00364 
   13    1    1    1    1    1    1    1    2    2  0.00000E+00 0.00000 
   14    1    1    1    1    1    1    1    2    3  0.00000E+00 0.00000 
   15    1    1    1    1    1    1    1    2    4  0.00000E+00 0.00000 
   16    1    1    1    1    1    1    1    2    5  0.00000E+00 0.00000 
   17    1    1    1    1    1    1    1    2    6  1.92446E+04 0.00363 
   18    1    1    1    1    1    1    1    2    7  1.55342E+04 0.00394 
   19    1    1    1    1    1    1    1    2    8  0.00000E+00 0.00000 
   20    1    1    1    1    1    1    1    2    9  1.12032E+04 0.00420 
   21    1    1    1    1    1    1    1    2   10  9.95513E+03 0.00448 
   22    1    1    1    1    1    1    1    2   11  0.00000E+00 0.00000 
   23    1    1    1    1    1    1    1    3    1  1.56217E+04 0.00390 
   24    1    1    1    1    1    1    1    3    2  1.78251E+04 0.00370 
   25    1    1    1    1    1    1    1    3    3  0.00000E+00 0.00000 
   26    1    1    1    1    1    1    1    3    4  1.77508E+04 0.00368 
   27    1    1    1    1    1    1    1    3    5  1.55137E+04 0.00394 
   28    1    1    1    1    1    1    1    3    6  0.00000E+00 0.00000 
   29    1    1    1    1    1    1    1    3    7  1.18933E+04 0.00428 
   30    1    1    1    1    1    1    1    3    8  1.06801E+04 0.00428 
   31    1    1    1    1    1    1    1    3    9  0.00000E+00 0.00000 
   32    1    1    1    1    1    1    1    3   10  9.29051E+03 0.00455 
   33    1    1    1    1    1    1    1    3   11  8.93100E+03 0.00458 
   34    1    1    1    1    1    1    1    4    1  0.00000E+00 0.00000 
   35    1    1    1    1    1    1    1    4    2  1.36809E+04 0.00399 
   36    1    1    1    1    1    1    1    4    3  1.37932E+04 0.00406 
   37    1    1    1    1    1    1    1    4    4  0.00000E+00 0.00000 
   38    1    1    1    1    1    1    1    4    5  1.17991E+04 0.00424 
   39    1    1    1    1    1    1    1    4    6  1.09278E+04 0.00427 
   40    1    1    1    1    1    1    1    4    7  0.00000E+00 0.00000 
   41    1    1    1    1    1    1    1    4    8  9.59629E+03 0.00453 
   42    1    1    1    1    1    1    1    4    9  9.09017E+03 0.00452 
   43    1    1    1    1    1    1    1    4   10  0.00000E+00 0.00000 
   44    1    1    1    1    1    1    1    4   11  8.54047E+03 0.00463 
   45    1    1    1    1    1    1    1    5    1  1.10877E+04 0.00425 
   46    1    1    1    1    1    1    1    5    2  0.00000E+00 0.00000 
   47    1    1    1    1    1    1    1    5    3  1.11090E+04 0.00439 
   48    1    1    1    1    1    1    1    5    4  1.06998E+04 0.00429 
   49    1    1    1    1    1    1    1    5    5  0.00000E+00 0.00000 
   50    1    1    1    1    1    1    1    5    6  9.58852E+03 0.00436 
   51    1    1    1    1    1    1    1    5    7  9.26700E+03 0.00446 
   52    1    1    1    1    1    1    1    5    8  0.00000E+00 0.00000 
   53    1    1    1    1    1    1    1    5    9  8.66197E+03 0.00455 
   54    1    1    1    1    1    1    1    5   10  8.56802E+03 0.00459 
   55    1    1    1    1    1    1    1    5   11  0.00000E+00 0.00000 
   56    1    1    1    1    1    1    1    6    1  1.00346E+04 0.00442 
   57    1    1    1    1    1    1    1    6    2  1.01187E+04 0.00453 
   58    1    1    1    1    1    1    1    6    3  0.00000E+00 0.00000 
   59    1    1    1    1    1    1    1    6    4  9.47528E+03 0.00449 
   60    1    1    1    1    1    1    1    6    5  9.21303E+03 0.00444 
   61    1    1    1    1    1    1    1    6    6  0.00000E+00 0.00000 
   62    1    1    1    1    1    1    1    6    7  8.72259E+03 0.00458 
   63    1    1    1    1    1    1    1    6    8  8.45457E+03 0.00458 
   64    1    1    1    1    1    1    1    6    9  0.00000E+00 0.00000 
   65    1    1    1    1    1    1    1    6   10  8.27719E+03 0.00466 
   66    1    1    1    1    1    1    1    6   11  8.18563E+03 0.00485 
   67    1    1    1    1    1    1    1    7    1  0.00000E+00 0.00000 
   68    1    1    1    1    1    1    1    7    2  9.31177E+03 0.00454 
   69    1    1    1    1    1    1    1    7    3  9.17743E+03 0.00452 
   70    1    1    1    1    1    1    1    7    4  0.00000E+00 0.00000 
   71    1    1    1    1    1    1    1    7    5  8.69773E+03 0.00467 
   72    1    1    1    1    1    1    1    7    6  8.50337E+03 0.00462 
   73    1    1    1    1    1    1    1    7    7  0.00000E+00 0.00000 
   74    1    1    1    1    1    1    1    7    8  8.25236E+03 0.00468 
   75    1    1    1    1    1    1    1    7    9  8.21194E+03 0.00470 
   76    1    1    1    1    1    1    1    7   10  0.00000E+00 0.00000 
   77    1    1    1    1    1    1    1    7   11  8.05929E+03 0.00474 
   78    1    1    1    1    1    1    1    8    1  8.99548E+03 0.00457 
   79    1    1    1    1    1    1    1    8    2  0.00000E+00 0.00000 
   80    1    1    1    1    1    1    1    8    3  8.63900E+03 0.00457 
   81    1    1    1    1    1    1    1    8    4  8.48299E+03 0.00459 
   82    1    1    1    1    1    1    1    8    5  0.00000E+00 0.00000 
   83    1    1    1    1    1    1    1    8    6  8.30583E+03 0.00462 
   84    1    1    1    1    1    1    1    8    7  8.15874E+03 0.00470 
   85    1    1    1    1    1    1    1    8    8  0.00000E+00 0.00000 
   86    1    1    1    1    1    1    1    8    9  8.10249E+03 0.00477 
   87    1    1    1    1    1    1    1    8   10  7.99704E+03 0.00474 
   88    1    1    1    1    1    1    1    8   11  0.00000E+00 0.00000 
   89    1    1    1    1    1    1    1    9    1  8.63356E+03 0.00453 
   90    1    1    1    1    1    1    1    9    2  8.49740E+03 0.00465 
   91    1    1    1    1    1    1    1    9    3  0.00000E+00 0.00000 
   92    1    1    1    1    1    1    1    9    4  8.33396E+03 0.00465 
   93    1    1    1    1    1    1    1    9    5  8.18875E+03 0.00460 
   94    1    1    1    1    1    1    1    9    6  0.00000E+00 0.00000 
   95    1    1    1    1    1    1    1    9    7  8.09263E+03 0.00479 
   96    1    1    1    1    1    1    1    9    8  8.05910E+03 0.00479 
   97    1    1    1    1    1    1    1    9    9  0.00000E+00 0.00000 
   98    1    1    1    1    1    1    1    9   10  7.81120E+03 0.00476 
   99    1    1    1    1    1    1    1    9   11  7.73049E+03 0.00473 
  100    1    1    1    1    1    1    1   10    1  0.00000E+00 0.00000 
  101    1    1    1    1    1    1    1   10    2  8.37775E+03 0.00476 
  102    1    1    1    1    1    1    1   10    3  8.28352E+03 0.00469 
  103    1    1    1    1    1    1    1   10    4  0.00000E+00 0.00000 
  104    1    1    1    1    1    1    1   10    5  7.99175E+03 0.00482 
  105    1    1    1    1    1    1    1   10    6  7.97538E+03 0.00480 
  106    1    1    1    1    1    1    1   10    7  0.00000E+00 0.00000 
  107    1    1    1    1    1    1    1   10    8  7.78826E+03 0.00484 
  108    1    1    1    1    1    1    1   10    9  7.73244E+03 0.00493 
  109    1    1    1    1    1    1    1   10   10  0.00000E+00 0.00000 
