
ZAI = [
922350
922380
666
0
];

NAMES = [
'U235            '
'U238            '
'lost            '
'total           '
];

i922350 = 1; iU235             = 1;
i922380 = 2; iU238             = 2;
iLOST    = 3;
iTOT     = 4;

MAT_un_VOLUME = [ 2.67303E+05 2.67303E+05 ];

MAT_un_BURNUP = [ 0.00000E+00 4.28830E+01 ];

MAT_un_ADENS = [
4.83387E-03 3.50950E-03 % U235
1.93936E-02 1.88542E-02 % U238
0.00000E+00 3.71970E-30 % lost data
7.26897E-02 7.38008E-02 % total
];

MAT_un_MDENS = [
1.88669E+00 1.36978E+00 % U235
7.66628E+00 7.45306E+00 % U238
0.00000E+00 0.00000E+00 % lost data
1.08000E+01 1.07986E+01 % total
];

MAT_un_A = [
4.03247E+10 2.92767E+10 % U235
2.54848E+10 2.47760E+10 % U238
0.00000E+00 0.00000E+00 % lost data
6.58095E+10 3.28269E+18 % total
];

MAT_un_H = [
3.02290E-02 2.19470E-02 % U235
1.74352E-02 1.69503E-02 % U238
0.00000E+00 0.00000E+00 % lost data
4.76643E-02 9.64561E+05 % total
];

MAT_un_SF = [
2.90338E+00 2.10792E+00 % U235
1.39147E+04 1.35277E+04 % U238
0.00000E+00 0.00000E+00 % lost data
1.39176E+04 1.03818E+08 % total
];

MAT_un_GSRC = [
5.09506E+10 3.69913E+10 % U235
2.25677E+09 2.19400E+09 % U238
0.00000E+00 0.00000E+00 % lost data
5.32073E+10 3.52893E+18 % total
];

MAT_un_ING_TOX = [
1.89526E+03 1.37601E+03 % U235
1.14682E+03 1.11492E+03 % U238
0.00000E+00 0.00000E+00 % lost data
3.04208E+03 2.23520E+09 % total
];

MAT_un_INH_TOX = [
3.42760E+05 2.48852E+05 % U235
2.03878E+05 1.98208E+05 % U238
0.00000E+00 0.00000E+00 % lost data
5.46639E+05 8.02636E+10 % total
];

TOT_VOLUME = [ 2.67303E+05 2.67303E+05 ];

TOT_BURNUP = [ 0.00000E+00 4.28830E+01 ];

TOT_ADENS = [
4.83387E-03 3.50950E-03 % U235
1.93936E-02 1.88542E-02 % U238
0.00000E+00 3.71970E-30 % lost data
7.26897E-02 7.38008E-02 % total
];

TOT_MASS = [
5.04317E+05 3.66147E+05 % U235
2.04922E+06 1.99222E+06 % U238
0.00000E+00 0.00000E+00 % lost data
2.88687E+06 2.88650E+06 % total
];

TOT_A = [
4.03247E+10 2.92767E+10 % U235
2.54848E+10 2.47760E+10 % U238
0.00000E+00 0.00000E+00 % lost data
6.58095E+10 3.28269E+18 % total
];

TOT_H = [
3.02290E-02 2.19470E-02 % U235
1.74352E-02 1.69503E-02 % U238
0.00000E+00 0.00000E+00 % lost data
4.76643E-02 9.64561E+05 % total
];

TOT_SF = [
2.90338E+00 2.10792E+00 % U235
1.39147E+04 1.35277E+04 % U238
0.00000E+00 0.00000E+00 % lost data
1.39176E+04 1.03818E+08 % total
];

TOT_GSRC = [
5.09506E+10 3.69913E+10 % U235
2.25677E+09 2.19400E+09 % U238
0.00000E+00 0.00000E+00 % lost data
5.32073E+10 3.52893E+18 % total
];

TOT_ING_TOX = [
1.89526E+03 1.37601E+03 % U235
1.14682E+03 1.11492E+03 % U238
0.00000E+00 0.00000E+00 % lost data
3.04208E+03 2.23520E+09 % total
];

TOT_INH_TOX = [
3.42760E+05 2.48852E+05 % U235
2.03878E+05 1.98208E+05 % U238
0.00000E+00 0.00000E+00 % lost data
5.46639E+05 8.02636E+10 % total
];

BU = [ 0.00000E+00 4.28817E+01 ];

DAYS = [ 0.00000E+00 7.30000E+03 ];
