
ZAI = [
922350
922380
666
0
];

NAMES = [
'U235            '
'U238            '
'lost            '
'total           '
];

i922350 = 1; iU235             = 1;
i922380 = 2; iU238             = 2;
iLOST    = 3;
iTOT     = 4;

MAT_un_VOLUME = [ 2.66932E+05 2.66932E+05 ];

MAT_un_BURNUP = [ 0.00000E+00 4.29425E+01 ];

MAT_un_ADENS = [
4.83387E-03 3.50787E-03 % U235
1.93936E-02 1.88542E-02 % U238
0.00000E+00 3.50641E-30 % lost data
7.26897E-02 7.38024E-02 % total
];

MAT_un_MDENS = [
1.88669E+00 1.36914E+00 % U235
7.66628E+00 7.45303E+00 % U238
0.00000E+00 0.00000E+00 % lost data
1.08000E+01 1.07986E+01 % total
];

MAT_un_A = [
4.02688E+10 2.92225E+10 % U235
2.54495E+10 2.47416E+10 % U238
0.00000E+00 0.00000E+00 % lost data
6.57183E+10 3.28265E+18 % total
];

MAT_un_H = [
3.01872E-02 2.19064E-02 % U235
1.74111E-02 1.69268E-02 % U238
0.00000E+00 0.00000E+00 % lost data
4.75982E-02 9.64609E+05 % total
];

MAT_un_SF = [
2.89936E+00 2.10402E+00 % U235
1.38954E+04 1.35089E+04 % U238
0.00000E+00 0.00000E+00 % lost data
1.38983E+04 1.04080E+08 % total
];

MAT_un_GSRC = [
5.08800E+10 3.69228E+10 % U235
2.25364E+09 2.19096E+09 % U238
0.00000E+00 0.00000E+00 % lost data
5.31336E+10 3.52882E+18 % total
];

MAT_un_ING_TOX = [
1.89264E+03 1.37346E+03 % U235
1.14523E+03 1.11337E+03 % U238
0.00000E+00 0.00000E+00 % lost data
3.03786E+03 2.23553E+09 % total
];

MAT_un_INH_TOX = [
3.42285E+05 2.48391E+05 % U235
2.03596E+05 1.97933E+05 % U238
0.00000E+00 0.00000E+00 % lost data
5.45881E+05 8.02975E+10 % total
];

TOT_VOLUME = [ 2.66932E+05 2.66932E+05 ];

TOT_BURNUP = [ 0.00000E+00 4.29425E+01 ];

TOT_ADENS = [
4.83387E-03 3.50787E-03 % U235
1.93936E-02 1.88542E-02 % U238
0.00000E+00 3.50641E-30 % lost data
7.26897E-02 7.38024E-02 % total
];

TOT_MASS = [
5.03619E+05 3.65469E+05 % U235
2.04638E+06 1.98946E+06 % U238
0.00000E+00 0.00000E+00 % lost data
2.88287E+06 2.88250E+06 % total
];

TOT_A = [
4.02688E+10 2.92225E+10 % U235
2.54495E+10 2.47416E+10 % U238
0.00000E+00 0.00000E+00 % lost data
6.57183E+10 3.28265E+18 % total
];

TOT_H = [
3.01872E-02 2.19064E-02 % U235
1.74111E-02 1.69268E-02 % U238
0.00000E+00 0.00000E+00 % lost data
4.75982E-02 9.64609E+05 % total
];

TOT_SF = [
2.89936E+00 2.10402E+00 % U235
1.38954E+04 1.35089E+04 % U238
0.00000E+00 0.00000E+00 % lost data
1.38983E+04 1.04080E+08 % total
];

TOT_GSRC = [
5.08800E+10 3.69228E+10 % U235
2.25364E+09 2.19096E+09 % U238
0.00000E+00 0.00000E+00 % lost data
5.31336E+10 3.52882E+18 % total
];

TOT_ING_TOX = [
1.89264E+03 1.37346E+03 % U235
1.14523E+03 1.11337E+03 % U238
0.00000E+00 0.00000E+00 % lost data
3.03786E+03 2.23553E+09 % total
];

TOT_INH_TOX = [
3.42285E+05 2.48391E+05 % U235
2.03596E+05 1.97933E+05 % U238
0.00000E+00 0.00000E+00 % lost data
5.45881E+05 8.02975E+10 % total
];

BU = [ 0.00000E+00 4.29412E+01 ];

DAYS = [ 0.00000E+00 7.30000E+03 ];
