
DETassem1 = [
    1    1    1    1    1    1    1    1    1    1  0.00000E+00 0.00000 
    2    1    1    1    1    1    1    1    1    2  0.00000E+00 0.00000 
    3    1    1    1    1    1    1    1    1    3  0.00000E+00 0.00000 
    4    1    1    1    1    1    1    1    1    4  0.00000E+00 0.00000 
    5    1    1    1    1    1    1    1    1    5  0.00000E+00 0.00000 
    6    1    1    1    1    1    1    1    1    6  0.00000E+00 0.00000 
    7    1    1    1    1    1    1    1    1    7  0.00000E+00 0.00000 
    8    1    1    1    1    1    1    1    1    8  1.78833E+04 0.00370 
    9    1    1    1    1    1    1    1    1    9  1.36907E+04 0.00400 
   10    1    1    1    1    1    1    1    1   10  0.00000E+00 0.00000 
   11    1    1    1    1    1    1    1    1   11  9.83171E+03 0.00442 
   12    1    1    1    1    1    1    1    2    1  1.94206E+04 0.00369 
   13    1    1    1    1    1    1    1    2    2  0.00000E+00 0.00000 
   14    1    1    1    1    1    1    1    2    3  0.00000E+00 0.00000 
   15    1    1    1    1    1    1    1    2    4  0.00000E+00 0.00000 
   16    1    1    1    1    1    1    1    2    5  0.00000E+00 0.00000 
   17    1    1    1    1    1    1    1    2    6  1.91850E+04 0.00357 
   18    1    1    1    1    1    1    1    2    7  1.56350E+04 0.00387 
   19    1    1    1    1    1    1    1    2    8  0.00000E+00 0.00000 
   20    1    1    1    1    1    1    1    2    9  1.09915E+04 0.00429 
   21    1    1    1    1    1    1    1    2   10  9.79193E+03 0.00439 
   22    1    1    1    1    1    1    1    2   11  0.00000E+00 0.00000 
   23    1    1    1    1    1    1    1    3    1  1.56065E+04 0.00394 
   24    1    1    1    1    1    1    1    3    2  1.81278E+04 0.00370 
   25    1    1    1    1    1    1    1    3    3  0.00000E+00 0.00000 
   26    1    1    1    1    1    1    1    3    4  1.80250E+04 0.00375 
   27    1    1    1    1    1    1    1    3    5  1.55734E+04 0.00395 
   28    1    1    1    1    1    1    1    3    6  0.00000E+00 0.00000 
   29    1    1    1    1    1    1    1    3    7  1.18271E+04 0.00422 
   30    1    1    1    1    1    1    1    3    8  1.06628E+04 0.00441 
   31    1    1    1    1    1    1    1    3    9  0.00000E+00 0.00000 
   32    1    1    1    1    1    1    1    3   10  9.17620E+03 0.00450 
   33    1    1    1    1    1    1    1    3   11  8.94276E+03 0.00457 
   34    1    1    1    1    1    1    1    4    1  0.00000E+00 0.00000 
   35    1    1    1    1    1    1    1    4    2  1.37359E+04 0.00405 
   36    1    1    1    1    1    1    1    4    3  1.38059E+04 0.00388 
   37    1    1    1    1    1    1    1    4    4  0.00000E+00 0.00000 
   38    1    1    1    1    1    1    1    4    5  1.18643E+04 0.00436 
   39    1    1    1    1    1    1    1    4    6  1.09942E+04 0.00435 
   40    1    1    1    1    1    1    1    4    7  0.00000E+00 0.00000 
   41    1    1    1    1    1    1    1    4    8  9.46013E+03 0.00452 
   42    1    1    1    1    1    1    1    4    9  9.05061E+03 0.00448 
   43    1    1    1    1    1    1    1    4   10  0.00000E+00 0.00000 
   44    1    1    1    1    1    1    1    4   11  8.57322E+03 0.00471 
   45    1    1    1    1    1    1    1    5    1  1.09244E+04 0.00438 
   46    1    1    1    1    1    1    1    5    2  0.00000E+00 0.00000 
   47    1    1    1    1    1    1    1    5    3  1.09306E+04 0.00436 
   48    1    1    1    1    1    1    1    5    4  1.05918E+04 0.00438 
   49    1    1    1    1    1    1    1    5    5  0.00000E+00 0.00000 
   50    1    1    1    1    1    1    1    5    6  9.51657E+03 0.00440 
   51    1    1    1    1    1    1    1    5    7  9.05442E+03 0.00454 
   52    1    1    1    1    1    1    1    5    8  0.00000E+00 0.00000 
   53    1    1    1    1    1    1    1    5    9  8.61685E+03 0.00460 
   54    1    1    1    1    1    1    1    5   10  8.47924E+03 0.00460 
   55    1    1    1    1    1    1    1    5   11  0.00000E+00 0.00000 
   56    1    1    1    1    1    1    1    6    1  9.79317E+03 0.00450 
   57    1    1    1    1    1    1    1    6    2  9.84775E+03 0.00446 
   58    1    1    1    1    1    1    1    6    3  0.00000E+00 0.00000 
   59    1    1    1    1    1    1    1    6    4  9.47739E+03 0.00457 
   60    1    1    1    1    1    1    1    6    5  9.10585E+03 0.00457 
   61    1    1    1    1    1    1    1    6    6  0.00000E+00 0.00000 
   62    1    1    1    1    1    1    1    6    7  8.64466E+03 0.00456 
   63    1    1    1    1    1    1    1    6    8  8.46483E+03 0.00463 
   64    1    1    1    1    1    1    1    6    9  0.00000E+00 0.00000 
   65    1    1    1    1    1    1    1    6   10  8.27749E+03 0.00475 
   66    1    1    1    1    1    1    1    6   11  8.16508E+03 0.00474 
   67    1    1    1    1    1    1    1    7    1  0.00000E+00 0.00000 
   68    1    1    1    1    1    1    1    7    2  9.11416E+03 0.00457 
   69    1    1    1    1    1    1    1    7    3  8.98055E+03 0.00449 
   70    1    1    1    1    1    1    1    7    4  0.00000E+00 0.00000 
   71    1    1    1    1    1    1    1    7    5  8.71094E+03 0.00462 
   72    1    1    1    1    1    1    1    7    6  8.49539E+03 0.00456 
   73    1    1    1    1    1    1    1    7    7  0.00000E+00 0.00000 
   74    1    1    1    1    1    1    1    7    8  8.30227E+03 0.00465 
   75    1    1    1    1    1    1    1    7    9  8.19943E+03 0.00474 
   76    1    1    1    1    1    1    1    7   10  0.00000E+00 0.00000 
   77    1    1    1    1    1    1    1    7   11  8.02611E+03 0.00485 
   78    1    1    1    1    1    1    1    8    1  8.83209E+03 0.00454 
   79    1    1    1    1    1    1    1    8    2  0.00000E+00 0.00000 
   80    1    1    1    1    1    1    1    8    3  8.58359E+03 0.00459 
   81    1    1    1    1    1    1    1    8    4  8.41585E+03 0.00466 
   82    1    1    1    1    1    1    1    8    5  0.00000E+00 0.00000 
   83    1    1    1    1    1    1    1    8    6  8.27012E+03 0.00460 
   84    1    1    1    1    1    1    1    8    7  8.14002E+03 0.00476 
   85    1    1    1    1    1    1    1    8    8  0.00000E+00 0.00000 
   86    1    1    1    1    1    1    1    8    9  8.03756E+03 0.00484 
   87    1    1    1    1    1    1    1    8   10  7.96206E+03 0.00491 
   88    1    1    1    1    1    1    1    8   11  0.00000E+00 0.00000 
   89    1    1    1    1    1    1    1    9    1  8.61258E+03 0.00469 
   90    1    1    1    1    1    1    1    9    2  8.45484E+03 0.00460 
   91    1    1    1    1    1    1    1    9    3  0.00000E+00 0.00000 
   92    1    1    1    1    1    1    1    9    4  8.25282E+03 0.00463 
   93    1    1    1    1    1    1    1    9    5  8.14910E+03 0.00465 
   94    1    1    1    1    1    1    1    9    6  0.00000E+00 0.00000 
   95    1    1    1    1    1    1    1    9    7  8.03107E+03 0.00480 
   96    1    1    1    1    1    1    1    9    8  7.98906E+03 0.00473 
   97    1    1    1    1    1    1    1    9    9  0.00000E+00 0.00000 
   98    1    1    1    1    1    1    1    9   10  7.83711E+03 0.00477 
   99    1    1    1    1    1    1    1    9   11  7.76646E+03 0.00486 
  100    1    1    1    1    1    1    1   10    1  0.00000E+00 0.00000 
  101    1    1    1    1    1    1    1   10    2  8.24305E+03 0.00470 
  102    1    1    1    1    1    1    1   10    3  8.21204E+03 0.00475 
  103    1    1    1    1    1    1    1   10    4  0.00000E+00 0.00000 
  104    1    1    1    1    1    1    1   10    5  8.00135E+03 0.00476 
  105    1    1    1    1    1    1    1   10    6  7.96514E+03 0.00483 
  106    1    1    1    1    1    1    1   10    7  0.00000E+00 0.00000 
  107    1    1    1    1    1    1    1   10    8  7.79069E+03 0.00477 
  108    1    1    1    1    1    1    1   10    9  7.72619E+03 0.00493 
  109    1    1    1    1    1    1    1   10   10  0.00000E+00 0.00000 
