
DETassem1 = [
    1    1    1    1    1    1    1    1    1    1  0.00000E+00 0.00000 
    2    1    1    1    1    1    1    1    1    2  0.00000E+00 0.00000 
    3    1    1    1    1    1    1    1    1    3  0.00000E+00 0.00000 
    4    1    1    1    1    1    1    1    1    4  0.00000E+00 0.00000 
    5    1    1    1    1    1    1    1    1    5  0.00000E+00 0.00000 
    6    1    1    1    1    1    1    1    1    6  0.00000E+00 0.00000 
    7    1    1    1    1    1    1    1    1    7  0.00000E+00 0.00000 
    8    1    1    1    1    1    1    1    1    8  1.74272E+04 0.00368 
    9    1    1    1    1    1    1    1    1    9  1.36579E+04 0.00392 
   10    1    1    1    1    1    1    1    1   10  0.00000E+00 0.00000 
   11    1    1    1    1    1    1    1    1   11  1.02636E+04 0.00436 
   12    1    1    1    1    1    1    1    2    1  1.84810E+04 0.00351 
   13    1    1    1    1    1    1    1    2    2  0.00000E+00 0.00000 
   14    1    1    1    1    1    1    1    2    3  0.00000E+00 0.00000 
   15    1    1    1    1    1    1    1    2    4  0.00000E+00 0.00000 
   16    1    1    1    1    1    1    1    2    5  0.00000E+00 0.00000 
   17    1    1    1    1    1    1    1    2    6  1.84450E+04 0.00347 
   18    1    1    1    1    1    1    1    2    7  1.50381E+04 0.00384 
   19    1    1    1    1    1    1    1    2    8  0.00000E+00 0.00000 
   20    1    1    1    1    1    1    1    2    9  1.11822E+04 0.00417 
   21    1    1    1    1    1    1    1    2   10  1.01476E+04 0.00427 
   22    1    1    1    1    1    1    1    2   11  0.00000E+00 0.00000 
   23    1    1    1    1    1    1    1    3    1  1.51098E+04 0.00382 
   24    1    1    1    1    1    1    1    3    2  1.73735E+04 0.00363 
   25    1    1    1    1    1    1    1    3    3  0.00000E+00 0.00000 
   26    1    1    1    1    1    1    1    3    4  1.75598E+04 0.00359 
   27    1    1    1    1    1    1    1    3    5  1.51429E+04 0.00378 
   28    1    1    1    1    1    1    1    3    6  0.00000E+00 0.00000 
   29    1    1    1    1    1    1    1    3    7  1.20072E+04 0.00396 
   30    1    1    1    1    1    1    1    3    8  1.08980E+04 0.00420 
   31    1    1    1    1    1    1    1    3    9  0.00000E+00 0.00000 
   32    1    1    1    1    1    1    1    3   10  9.42622E+03 0.00441 
   33    1    1    1    1    1    1    1    3   11  9.06690E+03 0.00443 
   34    1    1    1    1    1    1    1    4    1  0.00000E+00 0.00000 
   35    1    1    1    1    1    1    1    4    2  1.36364E+04 0.00397 
   36    1    1    1    1    1    1    1    4    3  1.37355E+04 0.00392 
   37    1    1    1    1    1    1    1    4    4  0.00000E+00 0.00000 
   38    1    1    1    1    1    1    1    4    5  1.19616E+04 0.00408 
   39    1    1    1    1    1    1    1    4    6  1.10803E+04 0.00422 
   40    1    1    1    1    1    1    1    4    7  0.00000E+00 0.00000 
   41    1    1    1    1    1    1    1    4    8  9.72043E+03 0.00431 
   42    1    1    1    1    1    1    1    4    9  9.26581E+03 0.00437 
   43    1    1    1    1    1    1    1    4   10  0.00000E+00 0.00000 
   44    1    1    1    1    1    1    1    4   11  8.84876E+03 0.00446 
   45    1    1    1    1    1    1    1    5    1  1.11803E+04 0.00418 
   46    1    1    1    1    1    1    1    5    2  0.00000E+00 0.00000 
   47    1    1    1    1    1    1    1    5    3  1.11258E+04 0.00412 
   48    1    1    1    1    1    1    1    5    4  1.08822E+04 0.00410 
   49    1    1    1    1    1    1    1    5    5  0.00000E+00 0.00000 
   50    1    1    1    1    1    1    1    5    6  9.89180E+03 0.00430 
   51    1    1    1    1    1    1    1    5    7  9.50313E+03 0.00440 
   52    1    1    1    1    1    1    1    5    8  0.00000E+00 0.00000 
   53    1    1    1    1    1    1    1    5    9  8.70855E+03 0.00448 
   54    1    1    1    1    1    1    1    5   10  8.68954E+03 0.00459 
   55    1    1    1    1    1    1    1    5   11  0.00000E+00 0.00000 
   56    1    1    1    1    1    1    1    6    1  1.01585E+04 0.00423 
   57    1    1    1    1    1    1    1    6    2  1.02106E+04 0.00429 
   58    1    1    1    1    1    1    1    6    3  0.00000E+00 0.00000 
   59    1    1    1    1    1    1    1    6    4  9.75322E+03 0.00425 
   60    1    1    1    1    1    1    1    6    5  9.48590E+03 0.00439 
   61    1    1    1    1    1    1    1    6    6  0.00000E+00 0.00000 
   62    1    1    1    1    1    1    1    6    7  8.91017E+03 0.00438 
   63    1    1    1    1    1    1    1    6    8  8.76435E+03 0.00446 
   64    1    1    1    1    1    1    1    6    9  0.00000E+00 0.00000 
   65    1    1    1    1    1    1    1    6   10  8.55026E+03 0.00459 
   66    1    1    1    1    1    1    1    6   11  8.45981E+03 0.00449 
   67    1    1    1    1    1    1    1    7    1  0.00000E+00 0.00000 
   68    1    1    1    1    1    1    1    7    2  9.42838E+03 0.00441 
   69    1    1    1    1    1    1    1    7    3  9.32784E+03 0.00443 
   70    1    1    1    1    1    1    1    7    4  0.00000E+00 0.00000 
   71    1    1    1    1    1    1    1    7    5  9.05794E+03 0.00436 
   72    1    1    1    1    1    1    1    7    6  8.79884E+03 0.00448 
   73    1    1    1    1    1    1    1    7    7  0.00000E+00 0.00000 
   74    1    1    1    1    1    1    1    7    8  8.48670E+03 0.00449 
   75    1    1    1    1    1    1    1    7    9  8.45953E+03 0.00457 
   76    1    1    1    1    1    1    1    7   10  0.00000E+00 0.00000 
   77    1    1    1    1    1    1    1    7   11  8.27181E+03 0.00457 
   78    1    1    1    1    1    1    1    8    1  9.13454E+03 0.00439 
   79    1    1    1    1    1    1    1    8    2  0.00000E+00 0.00000 
   80    1    1    1    1    1    1    1    8    3  8.77003E+03 0.00442 
   81    1    1    1    1    1    1    1    8    4  8.77369E+03 0.00444 
   82    1    1    1    1    1    1    1    8    5  0.00000E+00 0.00000 
   83    1    1    1    1    1    1    1    8    6  8.54596E+03 0.00454 
   84    1    1    1    1    1    1    1    8    7  8.41794E+03 0.00445 
   85    1    1    1    1    1    1    1    8    8  0.00000E+00 0.00000 
   86    1    1    1    1    1    1    1    8    9  8.25633E+03 0.00460 
   87    1    1    1    1    1    1    1    8   10  8.11541E+03 0.00459 
   88    1    1    1    1    1    1    1    8   11  0.00000E+00 0.00000 
   89    1    1    1    1    1    1    1    9    1  8.83515E+03 0.00451 
   90    1    1    1    1    1    1    1    9    2  8.70763E+03 0.00446 
   91    1    1    1    1    1    1    1    9    3  0.00000E+00 0.00000 
   92    1    1    1    1    1    1    1    9    4  8.40757E+03 0.00455 
   93    1    1    1    1    1    1    1    9    5  8.34761E+03 0.00448 
   94    1    1    1    1    1    1    1    9    6  0.00000E+00 0.00000 
   95    1    1    1    1    1    1    1    9    7  8.20579E+03 0.00455 
   96    1    1    1    1    1    1    1    9    8  8.13231E+03 0.00456 
   97    1    1    1    1    1    1    1    9    9  0.00000E+00 0.00000 
   98    1    1    1    1    1    1    1    9   10  7.95208E+03 0.00473 
   99    1    1    1    1    1    1    1    9   11  7.92541E+03 0.00472 
  100    1    1    1    1    1    1    1   10    1  0.00000E+00 0.00000 
  101    1    1    1    1    1    1    1   10    2  8.49586E+03 0.00454 
  102    1    1    1    1    1    1    1   10    3  8.41294E+03 0.00455 
  103    1    1    1    1    1    1    1   10    4  0.00000E+00 0.00000 
  104    1    1    1    1    1    1    1   10    5  8.22499E+03 0.00454 
  105    1    1    1    1    1    1    1   10    6  8.14499E+03 0.00463 
  106    1    1    1    1    1    1    1   10    7  0.00000E+00 0.00000 
  107    1    1    1    1    1    1    1   10    8  7.92448E+03 0.00460 
  108    1    1    1    1    1    1    1   10    9  7.78411E+03 0.00472 
  109    1    1    1    1    1    1    1   10   10  0.00000E+00 0.00000 
