
DETassem1 = [
    1    1    1    1    1    1    1    1    1    1  0.00000E+00 0.00000 
    2    1    1    1    1    1    1    1    1    2  0.00000E+00 0.00000 
    3    1    1    1    1    1    1    1    1    3  0.00000E+00 0.00000 
    4    1    1    1    1    1    1    1    1    4  0.00000E+00 0.00000 
    5    1    1    1    1    1    1    1    1    5  0.00000E+00 0.00000 
    6    1    1    1    1    1    1    1    1    6  0.00000E+00 0.00000 
    7    1    1    1    1    1    1    1    1    7  0.00000E+00 0.00000 
    8    1    1    1    1    1    1    1    1    8  1.79626E+04 0.00358 
    9    1    1    1    1    1    1    1    1    9  1.40920E+04 0.00383 
   10    1    1    1    1    1    1    1    1   10  0.00000E+00 0.00000 
   11    1    1    1    1    1    1    1    1   11  1.03703E+04 0.00415 
   12    1    1    1    1    1    1    1    2    1  1.92574E+04 0.00345 
   13    1    1    1    1    1    1    1    2    2  0.00000E+00 0.00000 
   14    1    1    1    1    1    1    1    2    3  0.00000E+00 0.00000 
   15    1    1    1    1    1    1    1    2    4  0.00000E+00 0.00000 
   16    1    1    1    1    1    1    1    2    5  0.00000E+00 0.00000 
   17    1    1    1    1    1    1    1    2    6  1.92809E+04 0.00344 
   18    1    1    1    1    1    1    1    2    7  1.57158E+04 0.00379 
   19    1    1    1    1    1    1    1    2    8  0.00000E+00 0.00000 
   20    1    1    1    1    1    1    1    2    9  1.15767E+04 0.00408 
   21    1    1    1    1    1    1    1    2   10  1.04135E+04 0.00428 
   22    1    1    1    1    1    1    1    2   11  0.00000E+00 0.00000 
   23    1    1    1    1    1    1    1    3    1  1.56932E+04 0.00369 
   24    1    1    1    1    1    1    1    3    2  1.78459E+04 0.00362 
   25    1    1    1    1    1    1    1    3    3  0.00000E+00 0.00000 
   26    1    1    1    1    1    1    1    3    4  1.78761E+04 0.00360 
   27    1    1    1    1    1    1    1    3    5  1.58010E+04 0.00381 
   28    1    1    1    1    1    1    1    3    6  0.00000E+00 0.00000 
   29    1    1    1    1    1    1    1    3    7  1.22839E+04 0.00397 
   30    1    1    1    1    1    1    1    3    8  1.10920E+04 0.00418 
   31    1    1    1    1    1    1    1    3    9  0.00000E+00 0.00000 
   32    1    1    1    1    1    1    1    3   10  9.73228E+03 0.00437 
   33    1    1    1    1    1    1    1    3   11  9.29216E+03 0.00437 
   34    1    1    1    1    1    1    1    4    1  0.00000E+00 0.00000 
   35    1    1    1    1    1    1    1    4    2  1.40050E+04 0.00388 
   36    1    1    1    1    1    1    1    4    3  1.39693E+04 0.00382 
   37    1    1    1    1    1    1    1    4    4  0.00000E+00 0.00000 
   38    1    1    1    1    1    1    1    4    5  1.22498E+04 0.00414 
   39    1    1    1    1    1    1    1    4    6  1.14436E+04 0.00418 
   40    1    1    1    1    1    1    1    4    7  0.00000E+00 0.00000 
   41    1    1    1    1    1    1    1    4    8  9.90012E+03 0.00428 
   42    1    1    1    1    1    1    1    4    9  9.59953E+03 0.00432 
   43    1    1    1    1    1    1    1    4   10  0.00000E+00 0.00000 
   44    1    1    1    1    1    1    1    4   11  8.87716E+03 0.00451 
   45    1    1    1    1    1    1    1    5    1  1.15430E+04 0.00404 
   46    1    1    1    1    1    1    1    5    2  0.00000E+00 0.00000 
   47    1    1    1    1    1    1    1    5    3  1.14985E+04 0.00407 
   48    1    1    1    1    1    1    1    5    4  1.10929E+04 0.00416 
   49    1    1    1    1    1    1    1    5    5  0.00000E+00 0.00000 
   50    1    1    1    1    1    1    1    5    6  9.92279E+03 0.00429 
   51    1    1    1    1    1    1    1    5    7  9.67197E+03 0.00439 
   52    1    1    1    1    1    1    1    5    8  0.00000E+00 0.00000 
   53    1    1    1    1    1    1    1    5    9  9.06495E+03 0.00443 
   54    1    1    1    1    1    1    1    5   10  8.92137E+03 0.00436 
   55    1    1    1    1    1    1    1    5   11  0.00000E+00 0.00000 
   56    1    1    1    1    1    1    1    6    1  1.03762E+04 0.00437 
   57    1    1    1    1    1    1    1    6    2  1.04150E+04 0.00414 
   58    1    1    1    1    1    1    1    6    3  0.00000E+00 0.00000 
   59    1    1    1    1    1    1    1    6    4  9.90922E+03 0.00435 
   60    1    1    1    1    1    1    1    6    5  9.62931E+03 0.00439 
   61    1    1    1    1    1    1    1    6    6  0.00000E+00 0.00000 
   62    1    1    1    1    1    1    1    6    7  9.13150E+03 0.00444 
   63    1    1    1    1    1    1    1    6    8  8.84649E+03 0.00439 
   64    1    1    1    1    1    1    1    6    9  0.00000E+00 0.00000 
   65    1    1    1    1    1    1    1    6   10  8.65251E+03 0.00441 
   66    1    1    1    1    1    1    1    6   11  8.60935E+03 0.00447 
   67    1    1    1    1    1    1    1    7    1  0.00000E+00 0.00000 
   68    1    1    1    1    1    1    1    7    2  9.57009E+03 0.00436 
   69    1    1    1    1    1    1    1    7    3  9.45180E+03 0.00424 
   70    1    1    1    1    1    1    1    7    4  0.00000E+00 0.00000 
   71    1    1    1    1    1    1    1    7    5  9.10633E+03 0.00442 
   72    1    1    1    1    1    1    1    7    6  8.89522E+03 0.00438 
   73    1    1    1    1    1    1    1    7    7  0.00000E+00 0.00000 
   74    1    1    1    1    1    1    1    7    8  8.66733E+03 0.00446 
   75    1    1    1    1    1    1    1    7    9  8.49397E+03 0.00456 
   76    1    1    1    1    1    1    1    7   10  0.00000E+00 0.00000 
   77    1    1    1    1    1    1    1    7   11  8.35999E+03 0.00469 
   78    1    1    1    1    1    1    1    8    1  9.24668E+03 0.00440 
   79    1    1    1    1    1    1    1    8    2  0.00000E+00 0.00000 
   80    1    1    1    1    1    1    1    8    3  9.03760E+03 0.00446 
   81    1    1    1    1    1    1    1    8    4  8.88078E+03 0.00445 
   82    1    1    1    1    1    1    1    8    5  0.00000E+00 0.00000 
   83    1    1    1    1    1    1    1    8    6  8.60931E+03 0.00439 
   84    1    1    1    1    1    1    1    8    7  8.53356E+03 0.00438 
   85    1    1    1    1    1    1    1    8    8  0.00000E+00 0.00000 
   86    1    1    1    1    1    1    1    8    9  8.30628E+03 0.00448 
   87    1    1    1    1    1    1    1    8   10  8.24518E+03 0.00464 
   88    1    1    1    1    1    1    1    8   11  0.00000E+00 0.00000 
   89    1    1    1    1    1    1    1    9    1  8.93195E+03 0.00459 
   90    1    1    1    1    1    1    1    9    2  8.89878E+03 0.00444 
   91    1    1    1    1    1    1    1    9    3  0.00000E+00 0.00000 
   92    1    1    1    1    1    1    1    9    4  8.61284E+03 0.00448 
   93    1    1    1    1    1    1    1    9    5  8.43102E+03 0.00444 
   94    1    1    1    1    1    1    1    9    6  0.00000E+00 0.00000 
   95    1    1    1    1    1    1    1    9    7  8.31837E+03 0.00447 
   96    1    1    1    1    1    1    1    9    8  8.13012E+03 0.00469 
   97    1    1    1    1    1    1    1    9    9  0.00000E+00 0.00000 
   98    1    1    1    1    1    1    1    9   10  8.03655E+03 0.00459 
   99    1    1    1    1    1    1    1    9   11  7.91839E+03 0.00458 
  100    1    1    1    1    1    1    1   10    1  0.00000E+00 0.00000 
  101    1    1    1    1    1    1    1   10    2  8.68710E+03 0.00452 
  102    1    1    1    1    1    1    1   10    3  8.55761E+03 0.00453 
  103    1    1    1    1    1    1    1   10    4  0.00000E+00 0.00000 
  104    1    1    1    1    1    1    1   10    5  8.30238E+03 0.00457 
  105    1    1    1    1    1    1    1   10    6  8.20286E+03 0.00459 
  106    1    1    1    1    1    1    1   10    7  0.00000E+00 0.00000 
  107    1    1    1    1    1    1    1   10    8  8.03073E+03 0.00463 
  108    1    1    1    1    1    1    1   10    9  7.93196E+03 0.00456 
  109    1    1    1    1    1    1    1   10   10  0.00000E+00 0.00000 
