
DETassem1 = [
    1    1    1    1    1    1    1    1    1    1  0.00000E+00 0.00000 
    2    1    1    1    1    1    1    1    1    2  0.00000E+00 0.00000 
    3    1    1    1    1    1    1    1    1    3  0.00000E+00 0.00000 
    4    1    1    1    1    1    1    1    1    4  0.00000E+00 0.00000 
    5    1    1    1    1    1    1    1    1    5  0.00000E+00 0.00000 
    6    1    1    1    1    1    1    1    1    6  0.00000E+00 0.00000 
    7    1    1    1    1    1    1    1    1    7  0.00000E+00 0.00000 
    8    1    1    1    1    1    1    1    1    8  1.77579E+04 0.00357 
    9    1    1    1    1    1    1    1    1    9  1.37509E+04 0.00380 
   10    1    1    1    1    1    1    1    1   10  0.00000E+00 0.00000 
   11    1    1    1    1    1    1    1    1   11  1.03736E+04 0.00414 
   12    1    1    1    1    1    1    1    2    1  1.91315E+04 0.00340 
   13    1    1    1    1    1    1    1    2    2  0.00000E+00 0.00000 
   14    1    1    1    1    1    1    1    2    3  0.00000E+00 0.00000 
   15    1    1    1    1    1    1    1    2    4  0.00000E+00 0.00000 
   16    1    1    1    1    1    1    1    2    5  0.00000E+00 0.00000 
   17    1    1    1    1    1    1    1    2    6  1.91287E+04 0.00341 
   18    1    1    1    1    1    1    1    2    7  1.56891E+04 0.00372 
   19    1    1    1    1    1    1    1    2    8  0.00000E+00 0.00000 
   20    1    1    1    1    1    1    1    2    9  1.14310E+04 0.00420 
   21    1    1    1    1    1    1    1    2   10  1.04159E+04 0.00424 
   22    1    1    1    1    1    1    1    2   11  0.00000E+00 0.00000 
   23    1    1    1    1    1    1    1    3    1  1.56260E+04 0.00365 
   24    1    1    1    1    1    1    1    3    2  1.77764E+04 0.00360 
   25    1    1    1    1    1    1    1    3    3  0.00000E+00 0.00000 
   26    1    1    1    1    1    1    1    3    4  1.78944E+04 0.00352 
   27    1    1    1    1    1    1    1    3    5  1.57301E+04 0.00371 
   28    1    1    1    1    1    1    1    3    6  0.00000E+00 0.00000 
   29    1    1    1    1    1    1    1    3    7  1.22507E+04 0.00404 
   30    1    1    1    1    1    1    1    3    8  1.10838E+04 0.00419 
   31    1    1    1    1    1    1    1    3    9  0.00000E+00 0.00000 
   32    1    1    1    1    1    1    1    3   10  9.60028E+03 0.00430 
   33    1    1    1    1    1    1    1    3   11  9.16924E+03 0.00451 
   34    1    1    1    1    1    1    1    4    1  0.00000E+00 0.00000 
   35    1    1    1    1    1    1    1    4    2  1.38271E+04 0.00388 
   36    1    1    1    1    1    1    1    4    3  1.38373E+04 0.00385 
   37    1    1    1    1    1    1    1    4    4  0.00000E+00 0.00000 
   38    1    1    1    1    1    1    1    4    5  1.22567E+04 0.00404 
   39    1    1    1    1    1    1    1    4    6  1.13906E+04 0.00420 
   40    1    1    1    1    1    1    1    4    7  0.00000E+00 0.00000 
   41    1    1    1    1    1    1    1    4    8  9.95935E+03 0.00436 
   42    1    1    1    1    1    1    1    4    9  9.40910E+03 0.00440 
   43    1    1    1    1    1    1    1    4   10  0.00000E+00 0.00000 
   44    1    1    1    1    1    1    1    4   11  8.87552E+03 0.00438 
   45    1    1    1    1    1    1    1    5    1  1.14089E+04 0.00402 
   46    1    1    1    1    1    1    1    5    2  0.00000E+00 0.00000 
   47    1    1    1    1    1    1    1    5    3  1.14853E+04 0.00406 
   48    1    1    1    1    1    1    1    5    4  1.10816E+04 0.00412 
   49    1    1    1    1    1    1    1    5    5  0.00000E+00 0.00000 
   50    1    1    1    1    1    1    1    5    6  1.00904E+04 0.00423 
   51    1    1    1    1    1    1    1    5    7  9.63890E+03 0.00427 
   52    1    1    1    1    1    1    1    5    8  0.00000E+00 0.00000 
   53    1    1    1    1    1    1    1    5    9  9.02805E+03 0.00442 
   54    1    1    1    1    1    1    1    5   10  8.80959E+03 0.00445 
   55    1    1    1    1    1    1    1    5   11  0.00000E+00 0.00000 
   56    1    1    1    1    1    1    1    6    1  1.03180E+04 0.00430 
   57    1    1    1    1    1    1    1    6    2  1.03907E+04 0.00424 
   58    1    1    1    1    1    1    1    6    3  0.00000E+00 0.00000 
   59    1    1    1    1    1    1    1    6    4  9.96180E+03 0.00431 
   60    1    1    1    1    1    1    1    6    5  9.64393E+03 0.00438 
   61    1    1    1    1    1    1    1    6    6  0.00000E+00 0.00000 
   62    1    1    1    1    1    1    1    6    7  9.01440E+03 0.00444 
   63    1    1    1    1    1    1    1    6    8  8.85432E+03 0.00445 
   64    1    1    1    1    1    1    1    6    9  0.00000E+00 0.00000 
   65    1    1    1    1    1    1    1    6   10  8.56606E+03 0.00456 
   66    1    1    1    1    1    1    1    6   11  8.46390E+03 0.00451 
   67    1    1    1    1    1    1    1    7    1  0.00000E+00 0.00000 
   68    1    1    1    1    1    1    1    7    2  9.61028E+03 0.00433 
   69    1    1    1    1    1    1    1    7    3  9.44574E+03 0.00441 
   70    1    1    1    1    1    1    1    7    4  0.00000E+00 0.00000 
   71    1    1    1    1    1    1    1    7    5  9.01133E+03 0.00438 
   72    1    1    1    1    1    1    1    7    6  8.77279E+03 0.00440 
   73    1    1    1    1    1    1    1    7    7  0.00000E+00 0.00000 
   74    1    1    1    1    1    1    1    7    8  8.49228E+03 0.00442 
   75    1    1    1    1    1    1    1    7    9  8.41765E+03 0.00452 
   76    1    1    1    1    1    1    1    7   10  0.00000E+00 0.00000 
   77    1    1    1    1    1    1    1    7   11  8.26535E+03 0.00464 
   78    1    1    1    1    1    1    1    8    1  9.21932E+03 0.00441 
   79    1    1    1    1    1    1    1    8    2  0.00000E+00 0.00000 
   80    1    1    1    1    1    1    1    8    3  8.90914E+03 0.00442 
   81    1    1    1    1    1    1    1    8    4  8.85289E+03 0.00440 
   82    1    1    1    1    1    1    1    8    5  0.00000E+00 0.00000 
   83    1    1    1    1    1    1    1    8    6  8.55536E+03 0.00447 
   84    1    1    1    1    1    1    1    8    7  8.48560E+03 0.00460 
   85    1    1    1    1    1    1    1    8    8  0.00000E+00 0.00000 
   86    1    1    1    1    1    1    1    8    9  8.32294E+03 0.00456 
   87    1    1    1    1    1    1    1    8   10  8.22500E+03 0.00455 
   88    1    1    1    1    1    1    1    8   11  0.00000E+00 0.00000 
   89    1    1    1    1    1    1    1    9    1  8.91375E+03 0.00444 
   90    1    1    1    1    1    1    1    9    2  8.81812E+03 0.00451 
   91    1    1    1    1    1    1    1    9    3  0.00000E+00 0.00000 
   92    1    1    1    1    1    1    1    9    4  8.52414E+03 0.00440 
   93    1    1    1    1    1    1    1    9    5  8.40718E+03 0.00465 
   94    1    1    1    1    1    1    1    9    6  0.00000E+00 0.00000 
   95    1    1    1    1    1    1    1    9    7  8.33019E+03 0.00460 
   96    1    1    1    1    1    1    1    9    8  8.23469E+03 0.00453 
   97    1    1    1    1    1    1    1    9    9  0.00000E+00 0.00000 
   98    1    1    1    1    1    1    1    9   10  8.00496E+03 0.00467 
   99    1    1    1    1    1    1    1    9   11  7.94418E+03 0.00465 
  100    1    1    1    1    1    1    1   10    1  0.00000E+00 0.00000 
  101    1    1    1    1    1    1    1   10    2  8.59860E+03 0.00443 
  102    1    1    1    1    1    1    1   10    3  8.45770E+03 0.00449 
  103    1    1    1    1    1    1    1   10    4  0.00000E+00 0.00000 
  104    1    1    1    1    1    1    1   10    5  8.29319E+03 0.00446 
  105    1    1    1    1    1    1    1   10    6  8.21240E+03 0.00454 
  106    1    1    1    1    1    1    1   10    7  0.00000E+00 0.00000 
  107    1    1    1    1    1    1    1   10    8  7.95852E+03 0.00461 
  108    1    1    1    1    1    1    1   10    9  7.88168E+03 0.00472 
  109    1    1    1    1    1    1    1   10   10  0.00000E+00 0.00000 
