
DETassem1 = [
    1    1    1    1    1    1    1    1    1    1  0.00000E+00 0.00000 
    2    1    1    1    1    1    1    1    1    2  0.00000E+00 0.00000 
    3    1    1    1    1    1    1    1    1    3  0.00000E+00 0.00000 
    4    1    1    1    1    1    1    1    1    4  0.00000E+00 0.00000 
    5    1    1    1    1    1    1    1    1    5  0.00000E+00 0.00000 
    6    1    1    1    1    1    1    1    1    6  0.00000E+00 0.00000 
    7    1    1    1    1    1    1    1    1    7  0.00000E+00 0.00000 
    8    1    1    1    1    1    1    1    1    8  1.72238E+04 0.00362 
    9    1    1    1    1    1    1    1    1    9  1.35376E+04 0.00390 
   10    1    1    1    1    1    1    1    1   10  0.00000E+00 0.00000 
   11    1    1    1    1    1    1    1    1   11  1.00799E+04 0.00433 
   12    1    1    1    1    1    1    1    2    1  1.83385E+04 0.00352 
   13    1    1    1    1    1    1    1    2    2  0.00000E+00 0.00000 
   14    1    1    1    1    1    1    1    2    3  0.00000E+00 0.00000 
   15    1    1    1    1    1    1    1    2    4  0.00000E+00 0.00000 
   16    1    1    1    1    1    1    1    2    5  0.00000E+00 0.00000 
   17    1    1    1    1    1    1    1    2    6  1.84184E+04 0.00345 
   18    1    1    1    1    1    1    1    2    7  1.51141E+04 0.00373 
   19    1    1    1    1    1    1    1    2    8  0.00000E+00 0.00000 
   20    1    1    1    1    1    1    1    2    9  1.11002E+04 0.00409 
   21    1    1    1    1    1    1    1    2   10  1.01675E+04 0.00433 
   22    1    1    1    1    1    1    1    2   11  0.00000E+00 0.00000 
   23    1    1    1    1    1    1    1    3    1  1.52192E+04 0.00369 
   24    1    1    1    1    1    1    1    3    2  1.72218E+04 0.00367 
   25    1    1    1    1    1    1    1    3    3  0.00000E+00 0.00000 
   26    1    1    1    1    1    1    1    3    4  1.71674E+04 0.00360 
   27    1    1    1    1    1    1    1    3    5  1.51664E+04 0.00372 
   28    1    1    1    1    1    1    1    3    6  0.00000E+00 0.00000 
   29    1    1    1    1    1    1    1    3    7  1.18464E+04 0.00407 
   30    1    1    1    1    1    1    1    3    8  1.07537E+04 0.00415 
   31    1    1    1    1    1    1    1    3    9  0.00000E+00 0.00000 
   32    1    1    1    1    1    1    1    3   10  9.37657E+03 0.00431 
   33    1    1    1    1    1    1    1    3   11  9.00318E+03 0.00441 
   34    1    1    1    1    1    1    1    4    1  0.00000E+00 0.00000 
   35    1    1    1    1    1    1    1    4    2  1.35384E+04 0.00397 
   36    1    1    1    1    1    1    1    4    3  1.34515E+04 0.00389 
   37    1    1    1    1    1    1    1    4    4  0.00000E+00 0.00000 
   38    1    1    1    1    1    1    1    4    5  1.18714E+04 0.00403 
   39    1    1    1    1    1    1    1    4    6  1.10763E+04 0.00416 
   40    1    1    1    1    1    1    1    4    7  0.00000E+00 0.00000 
   41    1    1    1    1    1    1    1    4    8  9.67108E+03 0.00435 
   42    1    1    1    1    1    1    1    4    9  9.15968E+03 0.00434 
   43    1    1    1    1    1    1    1    4   10  0.00000E+00 0.00000 
   44    1    1    1    1    1    1    1    4   11  8.73272E+03 0.00448 
   45    1    1    1    1    1    1    1    5    1  1.11389E+04 0.00408 
   46    1    1    1    1    1    1    1    5    2  0.00000E+00 0.00000 
   47    1    1    1    1    1    1    1    5    3  1.11242E+04 0.00420 
   48    1    1    1    1    1    1    1    5    4  1.07532E+04 0.00421 
   49    1    1    1    1    1    1    1    5    5  0.00000E+00 0.00000 
   50    1    1    1    1    1    1    1    5    6  9.79291E+03 0.00438 
   51    1    1    1    1    1    1    1    5    7  9.41399E+03 0.00436 
   52    1    1    1    1    1    1    1    5    8  0.00000E+00 0.00000 
   53    1    1    1    1    1    1    1    5    9  8.86991E+03 0.00444 
   54    1    1    1    1    1    1    1    5   10  8.63869E+03 0.00441 
   55    1    1    1    1    1    1    1    5   11  0.00000E+00 0.00000 
   56    1    1    1    1    1    1    1    6    1  1.00749E+04 0.00429 
   57    1    1    1    1    1    1    1    6    2  1.00594E+04 0.00433 
   58    1    1    1    1    1    1    1    6    3  0.00000E+00 0.00000 
   59    1    1    1    1    1    1    1    6    4  9.69051E+03 0.00432 
   60    1    1    1    1    1    1    1    6    5  9.35665E+03 0.00432 
   61    1    1    1    1    1    1    1    6    6  0.00000E+00 0.00000 
   62    1    1    1    1    1    1    1    6    7  8.83664E+03 0.00449 
   63    1    1    1    1    1    1    1    6    8  8.72528E+03 0.00442 
   64    1    1    1    1    1    1    1    6    9  0.00000E+00 0.00000 
   65    1    1    1    1    1    1    1    6   10  8.42236E+03 0.00450 
   66    1    1    1    1    1    1    1    6   11  8.48557E+03 0.00456 
   67    1    1    1    1    1    1    1    7    1  0.00000E+00 0.00000 
   68    1    1    1    1    1    1    1    7    2  9.44686E+03 0.00439 
   69    1    1    1    1    1    1    1    7    3  9.16781E+03 0.00441 
   70    1    1    1    1    1    1    1    7    4  0.00000E+00 0.00000 
   71    1    1    1    1    1    1    1    7    5  8.81193E+03 0.00453 
   72    1    1    1    1    1    1    1    7    6  8.68964E+03 0.00442 
   73    1    1    1    1    1    1    1    7    7  0.00000E+00 0.00000 
   74    1    1    1    1    1    1    1    7    8  8.47877E+03 0.00448 
   75    1    1    1    1    1    1    1    7    9  8.37052E+03 0.00461 
   76    1    1    1    1    1    1    1    7   10  0.00000E+00 0.00000 
   77    1    1    1    1    1    1    1    7   11  8.26327E+03 0.00463 
   78    1    1    1    1    1    1    1    8    1  8.98982E+03 0.00430 
   79    1    1    1    1    1    1    1    8    2  0.00000E+00 0.00000 
   80    1    1    1    1    1    1    1    8    3  8.77483E+03 0.00434 
   81    1    1    1    1    1    1    1    8    4  8.72254E+03 0.00433 
   82    1    1    1    1    1    1    1    8    5  0.00000E+00 0.00000 
   83    1    1    1    1    1    1    1    8    6  8.48991E+03 0.00442 
   84    1    1    1    1    1    1    1    8    7  8.31482E+03 0.00463 
   85    1    1    1    1    1    1    1    8    8  0.00000E+00 0.00000 
   86    1    1    1    1    1    1    1    8    9  8.30991E+03 0.00455 
   87    1    1    1    1    1    1    1    8   10  8.15588E+03 0.00464 
   88    1    1    1    1    1    1    1    8   11  0.00000E+00 0.00000 
   89    1    1    1    1    1    1    1    9    1  8.76957E+03 0.00454 
   90    1    1    1    1    1    1    1    9    2  8.69230E+03 0.00442 
   91    1    1    1    1    1    1    1    9    3  0.00000E+00 0.00000 
   92    1    1    1    1    1    1    1    9    4  8.49265E+03 0.00449 
   93    1    1    1    1    1    1    1    9    5  8.34055E+03 0.00456 
   94    1    1    1    1    1    1    1    9    6  0.00000E+00 0.00000 
   95    1    1    1    1    1    1    1    9    7  8.23435E+03 0.00463 
   96    1    1    1    1    1    1    1    9    8  8.18567E+03 0.00460 
   97    1    1    1    1    1    1    1    9    9  0.00000E+00 0.00000 
   98    1    1    1    1    1    1    1    9   10  8.01021E+03 0.00471 
   99    1    1    1    1    1    1    1    9   11  7.86415E+03 0.00466 
  100    1    1    1    1    1    1    1   10    1  0.00000E+00 0.00000 
  101    1    1    1    1    1    1    1   10    2  8.46332E+03 0.00448 
  102    1    1    1    1    1    1    1   10    3  8.43160E+03 0.00449 
  103    1    1    1    1    1    1    1   10    4  0.00000E+00 0.00000 
  104    1    1    1    1    1    1    1   10    5  8.19405E+03 0.00454 
  105    1    1    1    1    1    1    1   10    6  8.20041E+03 0.00460 
  106    1    1    1    1    1    1    1   10    7  0.00000E+00 0.00000 
  107    1    1    1    1    1    1    1   10    8  7.92740E+03 0.00459 
  108    1    1    1    1    1    1    1   10    9  7.94283E+03 0.00469 
  109    1    1    1    1    1    1    1   10   10  0.00000E+00 0.00000 
