
DETassem1 = [
    1    1    1    1    1    1    1    1    1    1  0.00000E+00 0.00000 
    2    1    1    1    1    1    1    1    1    2  0.00000E+00 0.00000 
    3    1    1    1    1    1    1    1    1    3  0.00000E+00 0.00000 
    4    1    1    1    1    1    1    1    1    4  0.00000E+00 0.00000 
    5    1    1    1    1    1    1    1    1    5  0.00000E+00 0.00000 
    6    1    1    1    1    1    1    1    1    6  0.00000E+00 0.00000 
    7    1    1    1    1    1    1    1    1    7  0.00000E+00 0.00000 
    8    1    1    1    1    1    1    1    1    8  1.83280E+04 0.00364 
    9    1    1    1    1    1    1    1    1    9  1.40377E+04 0.00403 
   10    1    1    1    1    1    1    1    1   10  0.00000E+00 0.00000 
   11    1    1    1    1    1    1    1    1   11  1.00701E+04 0.00447 
   12    1    1    1    1    1    1    1    2    1  1.96981E+04 0.00361 
   13    1    1    1    1    1    1    1    2    2  0.00000E+00 0.00000 
   14    1    1    1    1    1    1    1    2    3  0.00000E+00 0.00000 
   15    1    1    1    1    1    1    1    2    4  0.00000E+00 0.00000 
   16    1    1    1    1    1    1    1    2    5  0.00000E+00 0.00000 
   17    1    1    1    1    1    1    1    2    6  1.97326E+04 0.00359 
   18    1    1    1    1    1    1    1    2    7  1.58786E+04 0.00389 
   19    1    1    1    1    1    1    1    2    8  0.00000E+00 0.00000 
   20    1    1    1    1    1    1    1    2    9  1.13388E+04 0.00428 
   21    1    1    1    1    1    1    1    2   10  1.00827E+04 0.00444 
   22    1    1    1    1    1    1    1    2   11  0.00000E+00 0.00000 
   23    1    1    1    1    1    1    1    3    1  1.58838E+04 0.00390 
   24    1    1    1    1    1    1    1    3    2  1.83779E+04 0.00375 
   25    1    1    1    1    1    1    1    3    3  0.00000E+00 0.00000 
   26    1    1    1    1    1    1    1    3    4  1.83028E+04 0.00376 
   27    1    1    1    1    1    1    1    3    5  1.58321E+04 0.00391 
   28    1    1    1    1    1    1    1    3    6  0.00000E+00 0.00000 
   29    1    1    1    1    1    1    1    3    7  1.20323E+04 0.00425 
   30    1    1    1    1    1    1    1    3    8  1.07966E+04 0.00432 
   31    1    1    1    1    1    1    1    3    9  0.00000E+00 0.00000 
   32    1    1    1    1    1    1    1    3   10  9.20049E+03 0.00458 
   33    1    1    1    1    1    1    1    3   11  8.89468E+03 0.00462 
   34    1    1    1    1    1    1    1    4    1  0.00000E+00 0.00000 
   35    1    1    1    1    1    1    1    4    2  1.39068E+04 0.00401 
   36    1    1    1    1    1    1    1    4    3  1.39698E+04 0.00397 
   37    1    1    1    1    1    1    1    4    4  0.00000E+00 0.00000 
   38    1    1    1    1    1    1    1    4    5  1.20605E+04 0.00424 
   39    1    1    1    1    1    1    1    4    6  1.10846E+04 0.00427 
   40    1    1    1    1    1    1    1    4    7  0.00000E+00 0.00000 
   41    1    1    1    1    1    1    1    4    8  9.54110E+03 0.00451 
   42    1    1    1    1    1    1    1    4    9  9.23275E+03 0.00454 
   43    1    1    1    1    1    1    1    4   10  0.00000E+00 0.00000 
   44    1    1    1    1    1    1    1    4   11  8.62447E+03 0.00465 
   45    1    1    1    1    1    1    1    5    1  1.12671E+04 0.00430 
   46    1    1    1    1    1    1    1    5    2  0.00000E+00 0.00000 
   47    1    1    1    1    1    1    1    5    3  1.12180E+04 0.00434 
   48    1    1    1    1    1    1    1    5    4  1.07974E+04 0.00434 
   49    1    1    1    1    1    1    1    5    5  0.00000E+00 0.00000 
   50    1    1    1    1    1    1    1    5    6  9.66298E+03 0.00442 
   51    1    1    1    1    1    1    1    5    7  9.25825E+03 0.00447 
   52    1    1    1    1    1    1    1    5    8  0.00000E+00 0.00000 
   53    1    1    1    1    1    1    1    5    9  8.59559E+03 0.00462 
   54    1    1    1    1    1    1    1    5   10  8.50664E+03 0.00469 
   55    1    1    1    1    1    1    1    5   11  0.00000E+00 0.00000 
   56    1    1    1    1    1    1    1    6    1  1.01262E+04 0.00436 
   57    1    1    1    1    1    1    1    6    2  1.00638E+04 0.00440 
   58    1    1    1    1    1    1    1    6    3  0.00000E+00 0.00000 
   59    1    1    1    1    1    1    1    6    4  9.58145E+03 0.00451 
   60    1    1    1    1    1    1    1    6    5  9.22057E+03 0.00449 
   61    1    1    1    1    1    1    1    6    6  0.00000E+00 0.00000 
   62    1    1    1    1    1    1    1    6    7  8.76029E+03 0.00459 
   63    1    1    1    1    1    1    1    6    8  8.55187E+03 0.00467 
   64    1    1    1    1    1    1    1    6    9  0.00000E+00 0.00000 
   65    1    1    1    1    1    1    1    6   10  8.33473E+03 0.00475 
   66    1    1    1    1    1    1    1    6   11  8.14284E+03 0.00483 
   67    1    1    1    1    1    1    1    7    1  0.00000E+00 0.00000 
   68    1    1    1    1    1    1    1    7    2  9.26803E+03 0.00448 
   69    1    1    1    1    1    1    1    7    3  9.13935E+03 0.00452 
   70    1    1    1    1    1    1    1    7    4  0.00000E+00 0.00000 
   71    1    1    1    1    1    1    1    7    5  8.72747E+03 0.00455 
   72    1    1    1    1    1    1    1    7    6  8.60589E+03 0.00467 
   73    1    1    1    1    1    1    1    7    7  0.00000E+00 0.00000 
   74    1    1    1    1    1    1    1    7    8  8.31021E+03 0.00461 
   75    1    1    1    1    1    1    1    7    9  8.24436E+03 0.00473 
   76    1    1    1    1    1    1    1    7   10  0.00000E+00 0.00000 
   77    1    1    1    1    1    1    1    7   11  8.06770E+03 0.00469 
   78    1    1    1    1    1    1    1    8    1  8.85956E+03 0.00453 
   79    1    1    1    1    1    1    1    8    2  0.00000E+00 0.00000 
   80    1    1    1    1    1    1    1    8    3  8.64700E+03 0.00456 
   81    1    1    1    1    1    1    1    8    4  8.56512E+03 0.00463 
   82    1    1    1    1    1    1    1    8    5  0.00000E+00 0.00000 
   83    1    1    1    1    1    1    1    8    6  8.32691E+03 0.00459 
   84    1    1    1    1    1    1    1    8    7  8.18819E+03 0.00475 
   85    1    1    1    1    1    1    1    8    8  0.00000E+00 0.00000 
   86    1    1    1    1    1    1    1    8    9  8.01962E+03 0.00477 
   87    1    1    1    1    1    1    1    8   10  7.96798E+03 0.00473 
   88    1    1    1    1    1    1    1    8   11  0.00000E+00 0.00000 
   89    1    1    1    1    1    1    1    9    1  8.62641E+03 0.00455 
   90    1    1    1    1    1    1    1    9    2  8.47482E+03 0.00465 
   91    1    1    1    1    1    1    1    9    3  0.00000E+00 0.00000 
   92    1    1    1    1    1    1    1    9    4  8.26894E+03 0.00455 
   93    1    1    1    1    1    1    1    9    5  8.17092E+03 0.00469 
   94    1    1    1    1    1    1    1    9    6  0.00000E+00 0.00000 
   95    1    1    1    1    1    1    1    9    7  7.93854E+03 0.00482 
   96    1    1    1    1    1    1    1    9    8  7.97181E+03 0.00486 
   97    1    1    1    1    1    1    1    9    9  0.00000E+00 0.00000 
   98    1    1    1    1    1    1    1    9   10  7.85268E+03 0.00483 
   99    1    1    1    1    1    1    1    9   11  7.72216E+03 0.00485 
  100    1    1    1    1    1    1    1   10    1  0.00000E+00 0.00000 
  101    1    1    1    1    1    1    1   10    2  8.26634E+03 0.00460 
  102    1    1    1    1    1    1    1   10    3  8.26040E+03 0.00462 
  103    1    1    1    1    1    1    1   10    4  0.00000E+00 0.00000 
  104    1    1    1    1    1    1    1   10    5  7.93289E+03 0.00469 
  105    1    1    1    1    1    1    1   10    6  7.93164E+03 0.00473 
  106    1    1    1    1    1    1    1   10    7  0.00000E+00 0.00000 
  107    1    1    1    1    1    1    1   10    8  7.81242E+03 0.00480 
  108    1    1    1    1    1    1    1   10    9  7.66853E+03 0.00482 
  109    1    1    1    1    1    1    1   10   10  0.00000E+00 0.00000 
