
ZAI = [
922350
922380
666
0
];

NAMES = [
'U235            '
'U238            '
'lost            '
'total           '
];

i922350 = 1; iU235             = 1;
i922380 = 2; iU238             = 2;
iLOST    = 3;
iTOT     = 4;

MAT_un_VOLUME = [ 2.67491E+05 2.67491E+05 ];

MAT_un_BURNUP = [ 0.00000E+00 4.28529E+01 ];

MAT_un_ADENS = [
4.83387E-03 3.51024E-03 % U235
1.93936E-02 1.88540E-02 % U238
0.00000E+00 3.26163E-30 % lost data
7.26897E-02 7.37999E-02 % total
];

MAT_un_MDENS = [
1.88669E+00 1.37007E+00 % U235
7.66628E+00 7.45296E+00 % U238
0.00000E+00 0.00000E+00 % lost data
1.08000E+01 1.07986E+01 % total
];

MAT_un_A = [
4.03532E+10 2.93035E+10 % U235
2.55028E+10 2.47931E+10 % U238
0.00000E+00 0.00000E+00 % lost data
6.58559E+10 3.28302E+18 % total
];

MAT_un_H = [
3.02504E-02 2.19671E-02 % U235
1.74475E-02 1.69620E-02 % U238
0.00000E+00 0.00000E+00 % lost data
4.76979E-02 9.64562E+05 % total
];

MAT_un_SF = [
2.90543E+00 2.10985E+00 % U235
1.39245E+04 1.35370E+04 % U238
0.00000E+00 0.00000E+00 % lost data
1.39274E+04 1.03317E+08 % total
];

MAT_un_GSRC = [
5.09865E+10 3.70252E+10 % U235
2.25836E+09 2.19552E+09 % U238
0.00000E+00 0.00000E+00 % lost data
5.32448E+10 3.52939E+18 % total
];

MAT_un_ING_TOX = [
1.89660E+03 1.37727E+03 % U235
1.14762E+03 1.11569E+03 % U238
0.00000E+00 0.00000E+00 % lost data
3.04422E+03 2.23500E+09 % total
];

MAT_un_INH_TOX = [
3.43002E+05 2.49080E+05 % U235
2.04022E+05 1.98345E+05 % U238
0.00000E+00 0.00000E+00 % lost data
5.47024E+05 8.01415E+10 % total
];

TOT_VOLUME = [ 2.67491E+05 2.67491E+05 ];

TOT_BURNUP = [ 0.00000E+00 4.28529E+01 ];

TOT_ADENS = [
4.83387E-03 3.51024E-03 % U235
1.93936E-02 1.88540E-02 % U238
0.00000E+00 3.26163E-30 % lost data
7.26897E-02 7.37999E-02 % total
];

TOT_MASS = [
5.04673E+05 3.66482E+05 % U235
2.05066E+06 1.99360E+06 % U238
0.00000E+00 0.00000E+00 % lost data
2.88891E+06 2.88853E+06 % total
];

TOT_A = [
4.03532E+10 2.93035E+10 % U235
2.55028E+10 2.47931E+10 % U238
0.00000E+00 0.00000E+00 % lost data
6.58559E+10 3.28302E+18 % total
];

TOT_H = [
3.02504E-02 2.19671E-02 % U235
1.74475E-02 1.69620E-02 % U238
0.00000E+00 0.00000E+00 % lost data
4.76979E-02 9.64562E+05 % total
];

TOT_SF = [
2.90543E+00 2.10985E+00 % U235
1.39245E+04 1.35370E+04 % U238
0.00000E+00 0.00000E+00 % lost data
1.39274E+04 1.03317E+08 % total
];

TOT_GSRC = [
5.09865E+10 3.70252E+10 % U235
2.25836E+09 2.19552E+09 % U238
0.00000E+00 0.00000E+00 % lost data
5.32448E+10 3.52939E+18 % total
];

TOT_ING_TOX = [
1.89660E+03 1.37727E+03 % U235
1.14762E+03 1.11569E+03 % U238
0.00000E+00 0.00000E+00 % lost data
3.04422E+03 2.23500E+09 % total
];

TOT_INH_TOX = [
3.43002E+05 2.49080E+05 % U235
2.04022E+05 1.98345E+05 % U238
0.00000E+00 0.00000E+00 % lost data
5.47024E+05 8.01415E+10 % total
];

BU = [ 0.00000E+00 4.28515E+01 ];

DAYS = [ 0.00000E+00 7.30000E+03 ];
