
DETassem1 = [
    1    1    1    1    1    1    1    1    1    1  0.00000E+00 0.00000 
    2    1    1    1    1    1    1    1    1    2  0.00000E+00 0.00000 
    3    1    1    1    1    1    1    1    1    3  0.00000E+00 0.00000 
    4    1    1    1    1    1    1    1    1    4  0.00000E+00 0.00000 
    5    1    1    1    1    1    1    1    1    5  0.00000E+00 0.00000 
    6    1    1    1    1    1    1    1    1    6  0.00000E+00 0.00000 
    7    1    1    1    1    1    1    1    1    7  0.00000E+00 0.00000 
    8    1    1    1    1    1    1    1    1    8  1.81996E+04 0.00364 
    9    1    1    1    1    1    1    1    1    9  1.38740E+04 0.00405 
   10    1    1    1    1    1    1    1    1   10  0.00000E+00 0.00000 
   11    1    1    1    1    1    1    1    1   11  9.91302E+03 0.00445 
   12    1    1    1    1    1    1    1    2    1  1.96521E+04 0.00354 
   13    1    1    1    1    1    1    1    2    2  0.00000E+00 0.00000 
   14    1    1    1    1    1    1    1    2    3  0.00000E+00 0.00000 
   15    1    1    1    1    1    1    1    2    4  0.00000E+00 0.00000 
   16    1    1    1    1    1    1    1    2    5  0.00000E+00 0.00000 
   17    1    1    1    1    1    1    1    2    6  1.97513E+04 0.00360 
   18    1    1    1    1    1    1    1    2    7  1.57124E+04 0.00386 
   19    1    1    1    1    1    1    1    2    8  0.00000E+00 0.00000 
   20    1    1    1    1    1    1    1    2    9  1.11213E+04 0.00435 
   21    1    1    1    1    1    1    1    2   10  9.88065E+03 0.00442 
   22    1    1    1    1    1    1    1    2   11  0.00000E+00 0.00000 
   23    1    1    1    1    1    1    1    3    1  1.59098E+04 0.00381 
   24    1    1    1    1    1    1    1    3    2  1.82622E+04 0.00370 
   25    1    1    1    1    1    1    1    3    3  0.00000E+00 0.00000 
   26    1    1    1    1    1    1    1    3    4  1.82719E+04 0.00360 
   27    1    1    1    1    1    1    1    3    5  1.57655E+04 0.00388 
   28    1    1    1    1    1    1    1    3    6  0.00000E+00 0.00000 
   29    1    1    1    1    1    1    1    3    7  1.20389E+04 0.00426 
   30    1    1    1    1    1    1    1    3    8  1.07192E+04 0.00435 
   31    1    1    1    1    1    1    1    3    9  0.00000E+00 0.00000 
   32    1    1    1    1    1    1    1    3   10  9.22887E+03 0.00444 
   33    1    1    1    1    1    1    1    3   11  8.87645E+03 0.00463 
   34    1    1    1    1    1    1    1    4    1  0.00000E+00 0.00000 
   35    1    1    1    1    1    1    1    4    2  1.38928E+04 0.00414 
   36    1    1    1    1    1    1    1    4    3  1.39019E+04 0.00414 
   37    1    1    1    1    1    1    1    4    4  0.00000E+00 0.00000 
   38    1    1    1    1    1    1    1    4    5  1.19425E+04 0.00422 
   39    1    1    1    1    1    1    1    4    6  1.09944E+04 0.00438 
   40    1    1    1    1    1    1    1    4    7  0.00000E+00 0.00000 
   41    1    1    1    1    1    1    1    4    8  9.51516E+03 0.00450 
   42    1    1    1    1    1    1    1    4    9  9.11771E+03 0.00464 
   43    1    1    1    1    1    1    1    4   10  0.00000E+00 0.00000 
   44    1    1    1    1    1    1    1    4   11  8.61297E+03 0.00451 
   45    1    1    1    1    1    1    1    5    1  1.12090E+04 0.00431 
   46    1    1    1    1    1    1    1    5    2  0.00000E+00 0.00000 
   47    1    1    1    1    1    1    1    5    3  1.12256E+04 0.00427 
   48    1    1    1    1    1    1    1    5    4  1.07364E+04 0.00430 
   49    1    1    1    1    1    1    1    5    5  0.00000E+00 0.00000 
   50    1    1    1    1    1    1    1    5    6  9.72751E+03 0.00445 
   51    1    1    1    1    1    1    1    5    7  9.28016E+03 0.00458 
   52    1    1    1    1    1    1    1    5    8  0.00000E+00 0.00000 
   53    1    1    1    1    1    1    1    5    9  8.56349E+03 0.00452 
   54    1    1    1    1    1    1    1    5   10  8.47830E+03 0.00464 
   55    1    1    1    1    1    1    1    5   11  0.00000E+00 0.00000 
   56    1    1    1    1    1    1    1    6    1  9.89478E+03 0.00444 
   57    1    1    1    1    1    1    1    6    2  9.89909E+03 0.00443 
   58    1    1    1    1    1    1    1    6    3  0.00000E+00 0.00000 
   59    1    1    1    1    1    1    1    6    4  9.56531E+03 0.00453 
   60    1    1    1    1    1    1    1    6    5  9.35475E+03 0.00447 
   61    1    1    1    1    1    1    1    6    6  0.00000E+00 0.00000 
   62    1    1    1    1    1    1    1    6    7  8.72161E+03 0.00465 
   63    1    1    1    1    1    1    1    6    8  8.45245E+03 0.00461 
   64    1    1    1    1    1    1    1    6    9  0.00000E+00 0.00000 
   65    1    1    1    1    1    1    1    6   10  8.27091E+03 0.00473 
   66    1    1    1    1    1    1    1    6   11  8.30786E+03 0.00472 
   67    1    1    1    1    1    1    1    7    1  0.00000E+00 0.00000 
   68    1    1    1    1    1    1    1    7    2  9.20755E+03 0.00449 
   69    1    1    1    1    1    1    1    7    3  9.06814E+03 0.00443 
   70    1    1    1    1    1    1    1    7    4  0.00000E+00 0.00000 
   71    1    1    1    1    1    1    1    7    5  8.73140E+03 0.00460 
   72    1    1    1    1    1    1    1    7    6  8.58435E+03 0.00458 
   73    1    1    1    1    1    1    1    7    7  0.00000E+00 0.00000 
   74    1    1    1    1    1    1    1    7    8  8.29171E+03 0.00461 
   75    1    1    1    1    1    1    1    7    9  8.11654E+03 0.00460 
   76    1    1    1    1    1    1    1    7   10  0.00000E+00 0.00000 
   77    1    1    1    1    1    1    1    7   11  7.99884E+03 0.00475 
   78    1    1    1    1    1    1    1    8    1  8.89384E+03 0.00455 
   79    1    1    1    1    1    1    1    8    2  0.00000E+00 0.00000 
   80    1    1    1    1    1    1    1    8    3  8.65451E+03 0.00460 
   81    1    1    1    1    1    1    1    8    4  8.53614E+03 0.00466 
   82    1    1    1    1    1    1    1    8    5  0.00000E+00 0.00000 
   83    1    1    1    1    1    1    1    8    6  8.31089E+03 0.00465 
   84    1    1    1    1    1    1    1    8    7  8.17991E+03 0.00481 
   85    1    1    1    1    1    1    1    8    8  0.00000E+00 0.00000 
   86    1    1    1    1    1    1    1    8    9  8.00348E+03 0.00475 
   87    1    1    1    1    1    1    1    8   10  7.90640E+03 0.00482 
   88    1    1    1    1    1    1    1    8   11  0.00000E+00 0.00000 
   89    1    1    1    1    1    1    1    9    1  8.56883E+03 0.00465 
   90    1    1    1    1    1    1    1    9    2  8.36338E+03 0.00461 
   91    1    1    1    1    1    1    1    9    3  0.00000E+00 0.00000 
   92    1    1    1    1    1    1    1    9    4  8.25865E+03 0.00470 
   93    1    1    1    1    1    1    1    9    5  8.18854E+03 0.00472 
   94    1    1    1    1    1    1    1    9    6  0.00000E+00 0.00000 
   95    1    1    1    1    1    1    1    9    7  8.00078E+03 0.00472 
   96    1    1    1    1    1    1    1    9    8  7.96764E+03 0.00487 
   97    1    1    1    1    1    1    1    9    9  0.00000E+00 0.00000 
   98    1    1    1    1    1    1    1    9   10  7.72592E+03 0.00491 
   99    1    1    1    1    1    1    1    9   11  7.73788E+03 0.00489 
  100    1    1    1    1    1    1    1   10    1  0.00000E+00 0.00000 
  101    1    1    1    1    1    1    1   10    2  8.23846E+03 0.00469 
  102    1    1    1    1    1    1    1   10    3  8.20153E+03 0.00470 
  103    1    1    1    1    1    1    1   10    4  0.00000E+00 0.00000 
  104    1    1    1    1    1    1    1   10    5  8.00719E+03 0.00479 
  105    1    1    1    1    1    1    1   10    6  7.93209E+03 0.00475 
  106    1    1    1    1    1    1    1   10    7  0.00000E+00 0.00000 
  107    1    1    1    1    1    1    1   10    8  7.79177E+03 0.00481 
  108    1    1    1    1    1    1    1   10    9  7.65121E+03 0.00481 
  109    1    1    1    1    1    1    1   10   10  0.00000E+00 0.00000 
