
DETassem1 = [
    1    1    1    1    1    1    1    1    1    1  0.00000E+00 0.00000 
    2    1    1    1    1    1    1    1    1    2  0.00000E+00 0.00000 
    3    1    1    1    1    1    1    1    1    3  0.00000E+00 0.00000 
    4    1    1    1    1    1    1    1    1    4  0.00000E+00 0.00000 
    5    1    1    1    1    1    1    1    1    5  0.00000E+00 0.00000 
    6    1    1    1    1    1    1    1    1    6  0.00000E+00 0.00000 
    7    1    1    1    1    1    1    1    1    7  0.00000E+00 0.00000 
    8    1    1    1    1    1    1    1    1    8  1.77944E+04 0.00368 
    9    1    1    1    1    1    1    1    1    9  1.35111E+04 0.00400 
   10    1    1    1    1    1    1    1    1   10  0.00000E+00 0.00000 
   11    1    1    1    1    1    1    1    1   11  9.85858E+03 0.00455 
   12    1    1    1    1    1    1    1    2    1  1.91355E+04 0.00358 
   13    1    1    1    1    1    1    1    2    2  0.00000E+00 0.00000 
   14    1    1    1    1    1    1    1    2    3  0.00000E+00 0.00000 
   15    1    1    1    1    1    1    1    2    4  0.00000E+00 0.00000 
   16    1    1    1    1    1    1    1    2    5  0.00000E+00 0.00000 
   17    1    1    1    1    1    1    1    2    6  1.90874E+04 0.00368 
   18    1    1    1    1    1    1    1    2    7  1.52138E+04 0.00393 
   19    1    1    1    1    1    1    1    2    8  0.00000E+00 0.00000 
   20    1    1    1    1    1    1    1    2    9  1.08892E+04 0.00433 
   21    1    1    1    1    1    1    1    2   10  9.82220E+03 0.00448 
   22    1    1    1    1    1    1    1    2   11  0.00000E+00 0.00000 
   23    1    1    1    1    1    1    1    3    1  1.52262E+04 0.00393 
   24    1    1    1    1    1    1    1    3    2  1.78778E+04 0.00374 
   25    1    1    1    1    1    1    1    3    3  0.00000E+00 0.00000 
   26    1    1    1    1    1    1    1    3    4  1.79021E+04 0.00371 
   27    1    1    1    1    1    1    1    3    5  1.52989E+04 0.00386 
   28    1    1    1    1    1    1    1    3    6  0.00000E+00 0.00000 
   29    1    1    1    1    1    1    1    3    7  1.17699E+04 0.00429 
   30    1    1    1    1    1    1    1    3    8  1.06101E+04 0.00430 
   31    1    1    1    1    1    1    1    3    9  0.00000E+00 0.00000 
   32    1    1    1    1    1    1    1    3   10  9.14919E+03 0.00461 
   33    1    1    1    1    1    1    1    3   11  8.75309E+03 0.00457 
   34    1    1    1    1    1    1    1    4    1  0.00000E+00 0.00000 
   35    1    1    1    1    1    1    1    4    2  1.37267E+04 0.00403 
   36    1    1    1    1    1    1    1    4    3  1.37896E+04 0.00406 
   37    1    1    1    1    1    1    1    4    4  0.00000E+00 0.00000 
   38    1    1    1    1    1    1    1    4    5  1.17245E+04 0.00433 
   39    1    1    1    1    1    1    1    4    6  1.08347E+04 0.00436 
   40    1    1    1    1    1    1    1    4    7  0.00000E+00 0.00000 
   41    1    1    1    1    1    1    1    4    8  9.38370E+03 0.00456 
   42    1    1    1    1    1    1    1    4    9  9.00580E+03 0.00467 
   43    1    1    1    1    1    1    1    4   10  0.00000E+00 0.00000 
   44    1    1    1    1    1    1    1    4   11  8.40120E+03 0.00468 
   45    1    1    1    1    1    1    1    5    1  1.09292E+04 0.00434 
   46    1    1    1    1    1    1    1    5    2  0.00000E+00 0.00000 
   47    1    1    1    1    1    1    1    5    3  1.08991E+04 0.00430 
   48    1    1    1    1    1    1    1    5    4  1.05864E+04 0.00433 
   49    1    1    1    1    1    1    1    5    5  0.00000E+00 0.00000 
   50    1    1    1    1    1    1    1    5    6  9.50076E+03 0.00460 
   51    1    1    1    1    1    1    1    5    7  9.13075E+03 0.00451 
   52    1    1    1    1    1    1    1    5    8  0.00000E+00 0.00000 
   53    1    1    1    1    1    1    1    5    9  8.51802E+03 0.00457 
   54    1    1    1    1    1    1    1    5   10  8.41550E+03 0.00472 
   55    1    1    1    1    1    1    1    5   11  0.00000E+00 0.00000 
   56    1    1    1    1    1    1    1    6    1  9.89665E+03 0.00442 
   57    1    1    1    1    1    1    1    6    2  9.91184E+03 0.00449 
   58    1    1    1    1    1    1    1    6    3  0.00000E+00 0.00000 
   59    1    1    1    1    1    1    1    6    4  9.39697E+03 0.00458 
   60    1    1    1    1    1    1    1    6    5  9.16601E+03 0.00448 
   61    1    1    1    1    1    1    1    6    6  0.00000E+00 0.00000 
   62    1    1    1    1    1    1    1    6    7  8.60785E+03 0.00469 
   63    1    1    1    1    1    1    1    6    8  8.38991E+03 0.00469 
   64    1    1    1    1    1    1    1    6    9  0.00000E+00 0.00000 
   65    1    1    1    1    1    1    1    6   10  8.24134E+03 0.00469 
   66    1    1    1    1    1    1    1    6   11  8.19681E+03 0.00465 
   67    1    1    1    1    1    1    1    7    1  0.00000E+00 0.00000 
   68    1    1    1    1    1    1    1    7    2  9.17833E+03 0.00453 
   69    1    1    1    1    1    1    1    7    3  8.90737E+03 0.00459 
   70    1    1    1    1    1    1    1    7    4  0.00000E+00 0.00000 
   71    1    1    1    1    1    1    1    7    5  8.61626E+03 0.00461 
   72    1    1    1    1    1    1    1    7    6  8.49980E+03 0.00460 
   73    1    1    1    1    1    1    1    7    7  0.00000E+00 0.00000 
   74    1    1    1    1    1    1    1    7    8  8.16245E+03 0.00469 
   75    1    1    1    1    1    1    1    7    9  8.06586E+03 0.00463 
   76    1    1    1    1    1    1    1    7   10  0.00000E+00 0.00000 
   77    1    1    1    1    1    1    1    7   11  7.99607E+03 0.00483 
   78    1    1    1    1    1    1    1    8    1  8.81173E+03 0.00468 
   79    1    1    1    1    1    1    1    8    2  0.00000E+00 0.00000 
   80    1    1    1    1    1    1    1    8    3  8.47051E+03 0.00473 
   81    1    1    1    1    1    1    1    8    4  8.43479E+03 0.00477 
   82    1    1    1    1    1    1    1    8    5  0.00000E+00 0.00000 
   83    1    1    1    1    1    1    1    8    6  8.14710E+03 0.00461 
   84    1    1    1    1    1    1    1    8    7  8.09430E+03 0.00477 
   85    1    1    1    1    1    1    1    8    8  0.00000E+00 0.00000 
   86    1    1    1    1    1    1    1    8    9  7.93335E+03 0.00470 
   87    1    1    1    1    1    1    1    8   10  7.99087E+03 0.00475 
   88    1    1    1    1    1    1    1    8   11  0.00000E+00 0.00000 
   89    1    1    1    1    1    1    1    9    1  8.47868E+03 0.00471 
   90    1    1    1    1    1    1    1    9    2  8.38015E+03 0.00464 
   91    1    1    1    1    1    1    1    9    3  0.00000E+00 0.00000 
   92    1    1    1    1    1    1    1    9    4  8.20718E+03 0.00469 
   93    1    1    1    1    1    1    1    9    5  8.09101E+03 0.00478 
   94    1    1    1    1    1    1    1    9    6  0.00000E+00 0.00000 
   95    1    1    1    1    1    1    1    9    7  8.02279E+03 0.00476 
   96    1    1    1    1    1    1    1    9    8  7.93704E+03 0.00461 
   97    1    1    1    1    1    1    1    9    9  0.00000E+00 0.00000 
   98    1    1    1    1    1    1    1    9   10  7.73107E+03 0.00489 
   99    1    1    1    1    1    1    1    9   11  7.68158E+03 0.00486 
  100    1    1    1    1    1    1    1   10    1  0.00000E+00 0.00000 
  101    1    1    1    1    1    1    1   10    2  8.25703E+03 0.00462 
  102    1    1    1    1    1    1    1   10    3  8.17663E+03 0.00471 
  103    1    1    1    1    1    1    1   10    4  0.00000E+00 0.00000 
  104    1    1    1    1    1    1    1   10    5  7.91332E+03 0.00489 
  105    1    1    1    1    1    1    1   10    6  7.86981E+03 0.00467 
  106    1    1    1    1    1    1    1   10    7  0.00000E+00 0.00000 
  107    1    1    1    1    1    1    1   10    8  7.70351E+03 0.00478 
  108    1    1    1    1    1    1    1   10    9  7.53766E+03 0.00482 
  109    1    1    1    1    1    1    1   10   10  0.00000E+00 0.00000 
