
ZAI = [
922350
922380
666
0
];

NAMES = [
'U235            '
'U238            '
'lost            '
'total           '
];

i922350 = 1; iU235             = 1;
i922380 = 2; iU238             = 2;
iLOST    = 3;
iTOT     = 4;

MAT_un_VOLUME = [ 2.67795E+05 2.67795E+05 ];

MAT_un_BURNUP = [ 0.00000E+00 4.28042E+01 ];

MAT_un_ADENS = [
4.83387E-03 3.51175E-03 % U235
1.93936E-02 1.88553E-02 % U238
0.00000E+00 3.39372E-30 % lost data
7.26897E-02 7.37987E-02 % total
];

MAT_un_MDENS = [
1.88669E+00 1.37066E+00 % U235
7.66628E+00 7.45346E+00 % U238
0.00000E+00 0.00000E+00 % lost data
1.08000E+01 1.07986E+01 % total
];

MAT_un_A = [
4.03990E+10 2.93494E+10 % U235
2.55318E+10 2.48230E+10 % U238
0.00000E+00 0.00000E+00 % lost data
6.59308E+10 3.28254E+18 % total
];

MAT_un_H = [
3.02848E-02 2.20015E-02 % U235
1.74674E-02 1.69825E-02 % U238
0.00000E+00 0.00000E+00 % lost data
4.77521E-02 9.64581E+05 % total
];

MAT_un_SF = [
2.90873E+00 2.11316E+00 % U235
1.39403E+04 1.35534E+04 % U238
0.00000E+00 0.00000E+00 % lost data
1.39433E+04 1.03277E+08 % total
];

MAT_un_GSRC = [
5.10445E+10 3.70832E+10 % U235
2.26093E+09 2.19817E+09 % U238
0.00000E+00 0.00000E+00 % lost data
5.33054E+10 3.52878E+18 % total
];

MAT_un_ING_TOX = [
1.89875E+03 1.37942E+03 % U235
1.14893E+03 1.11704E+03 % U238
0.00000E+00 0.00000E+00 % lost data
3.04768E+03 2.23443E+09 % total
];

MAT_un_INH_TOX = [
3.43392E+05 2.49470E+05 % U235
2.04254E+05 1.98584E+05 % U238
0.00000E+00 0.00000E+00 % lost data
5.47646E+05 8.00295E+10 % total
];

TOT_VOLUME = [ 2.67795E+05 2.67795E+05 ];

TOT_BURNUP = [ 0.00000E+00 4.28042E+01 ];

TOT_ADENS = [
4.83387E-03 3.51175E-03 % U235
1.93936E-02 1.88553E-02 % U238
0.00000E+00 3.39372E-30 % lost data
7.26897E-02 7.37987E-02 % total
];

TOT_MASS = [
5.05247E+05 3.67056E+05 % U235
2.05300E+06 1.99600E+06 % U238
0.00000E+00 0.00000E+00 % lost data
2.89219E+06 2.89182E+06 % total
];

TOT_A = [
4.03990E+10 2.93494E+10 % U235
2.55318E+10 2.48230E+10 % U238
0.00000E+00 0.00000E+00 % lost data
6.59308E+10 3.28254E+18 % total
];

TOT_H = [
3.02848E-02 2.20015E-02 % U235
1.74674E-02 1.69825E-02 % U238
0.00000E+00 0.00000E+00 % lost data
4.77521E-02 9.64581E+05 % total
];

TOT_SF = [
2.90873E+00 2.11316E+00 % U235
1.39403E+04 1.35534E+04 % U238
0.00000E+00 0.00000E+00 % lost data
1.39433E+04 1.03277E+08 % total
];

TOT_GSRC = [
5.10445E+10 3.70832E+10 % U235
2.26093E+09 2.19817E+09 % U238
0.00000E+00 0.00000E+00 % lost data
5.33054E+10 3.52878E+18 % total
];

TOT_ING_TOX = [
1.89875E+03 1.37942E+03 % U235
1.14893E+03 1.11704E+03 % U238
0.00000E+00 0.00000E+00 % lost data
3.04768E+03 2.23443E+09 % total
];

TOT_INH_TOX = [
3.43392E+05 2.49470E+05 % U235
2.04254E+05 1.98584E+05 % U238
0.00000E+00 0.00000E+00 % lost data
5.47646E+05 8.00295E+10 % total
];

BU = [ 0.00000E+00 4.28028E+01 ];

DAYS = [ 0.00000E+00 7.30000E+03 ];
