
DETassem1 = [
    1    1    1    1    1    1    1    1    1    1  0.00000E+00 0.00000 
    2    1    1    1    1    1    1    1    1    2  0.00000E+00 0.00000 
    3    1    1    1    1    1    1    1    1    3  0.00000E+00 0.00000 
    4    1    1    1    1    1    1    1    1    4  0.00000E+00 0.00000 
    5    1    1    1    1    1    1    1    1    5  0.00000E+00 0.00000 
    6    1    1    1    1    1    1    1    1    6  0.00000E+00 0.00000 
    7    1    1    1    1    1    1    1    1    7  0.00000E+00 0.00000 
    8    1    1    1    1    1    1    1    1    8  1.83135E+04 0.00368 
    9    1    1    1    1    1    1    1    1    9  1.39185E+04 0.00401 
   10    1    1    1    1    1    1    1    1   10  0.00000E+00 0.00000 
   11    1    1    1    1    1    1    1    1   11  1.01511E+04 0.00447 
   12    1    1    1    1    1    1    1    2    1  1.97496E+04 0.00349 
   13    1    1    1    1    1    1    1    2    2  0.00000E+00 0.00000 
   14    1    1    1    1    1    1    1    2    3  0.00000E+00 0.00000 
   15    1    1    1    1    1    1    1    2    4  0.00000E+00 0.00000 
   16    1    1    1    1    1    1    1    2    5  0.00000E+00 0.00000 
   17    1    1    1    1    1    1    1    2    6  1.97741E+04 0.00359 
   18    1    1    1    1    1    1    1    2    7  1.59370E+04 0.00392 
   19    1    1    1    1    1    1    1    2    8  0.00000E+00 0.00000 
   20    1    1    1    1    1    1    1    2    9  1.13367E+04 0.00437 
   21    1    1    1    1    1    1    1    2   10  1.00719E+04 0.00452 
   22    1    1    1    1    1    1    1    2   11  0.00000E+00 0.00000 
   23    1    1    1    1    1    1    1    3    1  1.58614E+04 0.00390 
   24    1    1    1    1    1    1    1    3    2  1.84108E+04 0.00367 
   25    1    1    1    1    1    1    1    3    3  0.00000E+00 0.00000 
   26    1    1    1    1    1    1    1    3    4  1.83324E+04 0.00374 
   27    1    1    1    1    1    1    1    3    5  1.58437E+04 0.00388 
   28    1    1    1    1    1    1    1    3    6  0.00000E+00 0.00000 
   29    1    1    1    1    1    1    1    3    7  1.19964E+04 0.00420 
   30    1    1    1    1    1    1    1    3    8  1.07173E+04 0.00429 
   31    1    1    1    1    1    1    1    3    9  0.00000E+00 0.00000 
   32    1    1    1    1    1    1    1    3   10  9.24442E+03 0.00443 
   33    1    1    1    1    1    1    1    3   11  9.02809E+03 0.00459 
   34    1    1    1    1    1    1    1    4    1  0.00000E+00 0.00000 
   35    1    1    1    1    1    1    1    4    2  1.39217E+04 0.00406 
   36    1    1    1    1    1    1    1    4    3  1.39316E+04 0.00401 
   37    1    1    1    1    1    1    1    4    4  0.00000E+00 0.00000 
   38    1    1    1    1    1    1    1    4    5  1.19040E+04 0.00434 
   39    1    1    1    1    1    1    1    4    6  1.10878E+04 0.00441 
   40    1    1    1    1    1    1    1    4    7  0.00000E+00 0.00000 
   41    1    1    1    1    1    1    1    4    8  9.57415E+03 0.00443 
   42    1    1    1    1    1    1    1    4    9  9.10381E+03 0.00453 
   43    1    1    1    1    1    1    1    4   10  0.00000E+00 0.00000 
   44    1    1    1    1    1    1    1    4   11  8.60399E+03 0.00466 
   45    1    1    1    1    1    1    1    5    1  1.12172E+04 0.00422 
   46    1    1    1    1    1    1    1    5    2  0.00000E+00 0.00000 
   47    1    1    1    1    1    1    1    5    3  1.13025E+04 0.00433 
   48    1    1    1    1    1    1    1    5    4  1.07060E+04 0.00451 
   49    1    1    1    1    1    1    1    5    5  0.00000E+00 0.00000 
   50    1    1    1    1    1    1    1    5    6  9.62425E+03 0.00451 
   51    1    1    1    1    1    1    1    5    7  9.25049E+03 0.00444 
   52    1    1    1    1    1    1    1    5    8  0.00000E+00 0.00000 
   53    1    1    1    1    1    1    1    5    9  8.72042E+03 0.00461 
   54    1    1    1    1    1    1    1    5   10  8.50672E+03 0.00459 
   55    1    1    1    1    1    1    1    5   11  0.00000E+00 0.00000 
   56    1    1    1    1    1    1    1    6    1  1.01627E+04 0.00430 
   57    1    1    1    1    1    1    1    6    2  1.01298E+04 0.00445 
   58    1    1    1    1    1    1    1    6    3  0.00000E+00 0.00000 
   59    1    1    1    1    1    1    1    6    4  9.53035E+03 0.00452 
   60    1    1    1    1    1    1    1    6    5  9.28183E+03 0.00450 
   61    1    1    1    1    1    1    1    6    6  0.00000E+00 0.00000 
   62    1    1    1    1    1    1    1    6    7  8.84548E+03 0.00462 
   63    1    1    1    1    1    1    1    6    8  8.59972E+03 0.00454 
   64    1    1    1    1    1    1    1    6    9  0.00000E+00 0.00000 
   65    1    1    1    1    1    1    1    6   10  8.34870E+03 0.00452 
   66    1    1    1    1    1    1    1    6   11  8.30680E+03 0.00466 
   67    1    1    1    1    1    1    1    7    1  0.00000E+00 0.00000 
   68    1    1    1    1    1    1    1    7    2  9.30699E+03 0.00451 
   69    1    1    1    1    1    1    1    7    3  9.14769E+03 0.00463 
   70    1    1    1    1    1    1    1    7    4  0.00000E+00 0.00000 
   71    1    1    1    1    1    1    1    7    5  8.77392E+03 0.00450 
   72    1    1    1    1    1    1    1    7    6  8.57634E+03 0.00456 
   73    1    1    1    1    1    1    1    7    7  0.00000E+00 0.00000 
   74    1    1    1    1    1    1    1    7    8  8.36186E+03 0.00477 
   75    1    1    1    1    1    1    1    7    9  8.26127E+03 0.00482 
   76    1    1    1    1    1    1    1    7   10  0.00000E+00 0.00000 
   77    1    1    1    1    1    1    1    7   11  8.12524E+03 0.00474 
   78    1    1    1    1    1    1    1    8    1  8.88653E+03 0.00452 
   79    1    1    1    1    1    1    1    8    2  0.00000E+00 0.00000 
   80    1    1    1    1    1    1    1    8    3  8.71095E+03 0.00455 
   81    1    1    1    1    1    1    1    8    4  8.65406E+03 0.00466 
   82    1    1    1    1    1    1    1    8    5  0.00000E+00 0.00000 
   83    1    1    1    1    1    1    1    8    6  8.34259E+03 0.00481 
   84    1    1    1    1    1    1    1    8    7  8.20385E+03 0.00480 
   85    1    1    1    1    1    1    1    8    8  0.00000E+00 0.00000 
   86    1    1    1    1    1    1    1    8    9  8.07950E+03 0.00476 
   87    1    1    1    1    1    1    1    8   10  7.99080E+03 0.00473 
   88    1    1    1    1    1    1    1    8   11  0.00000E+00 0.00000 
   89    1    1    1    1    1    1    1    9    1  8.57752E+03 0.00476 
   90    1    1    1    1    1    1    1    9    2  8.53612E+03 0.00463 
   91    1    1    1    1    1    1    1    9    3  0.00000E+00 0.00000 
   92    1    1    1    1    1    1    1    9    4  8.27440E+03 0.00467 
   93    1    1    1    1    1    1    1    9    5  8.25858E+03 0.00459 
   94    1    1    1    1    1    1    1    9    6  0.00000E+00 0.00000 
   95    1    1    1    1    1    1    1    9    7  8.06260E+03 0.00473 
   96    1    1    1    1    1    1    1    9    8  7.90744E+03 0.00478 
   97    1    1    1    1    1    1    1    9    9  0.00000E+00 0.00000 
   98    1    1    1    1    1    1    1    9   10  7.88787E+03 0.00487 
   99    1    1    1    1    1    1    1    9   11  7.67469E+03 0.00485 
  100    1    1    1    1    1    1    1   10    1  0.00000E+00 0.00000 
  101    1    1    1    1    1    1    1   10    2  8.36008E+03 0.00469 
  102    1    1    1    1    1    1    1   10    3  8.30396E+03 0.00467 
  103    1    1    1    1    1    1    1   10    4  0.00000E+00 0.00000 
  104    1    1    1    1    1    1    1   10    5  8.07032E+03 0.00474 
  105    1    1    1    1    1    1    1   10    6  8.00856E+03 0.00466 
  106    1    1    1    1    1    1    1   10    7  0.00000E+00 0.00000 
  107    1    1    1    1    1    1    1   10    8  7.72961E+03 0.00479 
  108    1    1    1    1    1    1    1   10    9  7.65731E+03 0.00489 
  109    1    1    1    1    1    1    1   10   10  0.00000E+00 0.00000 
