
DETassem1 = [
    1    1    1    1    1    1    1    1    1    1  0.00000E+00 0.00000 
    2    1    1    1    1    1    1    1    1    2  0.00000E+00 0.00000 
    3    1    1    1    1    1    1    1    1    3  0.00000E+00 0.00000 
    4    1    1    1    1    1    1    1    1    4  0.00000E+00 0.00000 
    5    1    1    1    1    1    1    1    1    5  0.00000E+00 0.00000 
    6    1    1    1    1    1    1    1    1    6  0.00000E+00 0.00000 
    7    1    1    1    1    1    1    1    1    7  0.00000E+00 0.00000 
    8    1    1    1    1    1    1    1    1    8  1.80930E+04 0.00368 
    9    1    1    1    1    1    1    1    1    9  1.38164E+04 0.00401 
   10    1    1    1    1    1    1    1    1   10  0.00000E+00 0.00000 
   11    1    1    1    1    1    1    1    1   11  9.92162E+03 0.00453 
   12    1    1    1    1    1    1    1    2    1  1.93747E+04 0.00352 
   13    1    1    1    1    1    1    1    2    2  0.00000E+00 0.00000 
   14    1    1    1    1    1    1    1    2    3  0.00000E+00 0.00000 
   15    1    1    1    1    1    1    1    2    4  0.00000E+00 0.00000 
   16    1    1    1    1    1    1    1    2    5  0.00000E+00 0.00000 
   17    1    1    1    1    1    1    1    2    6  1.94204E+04 0.00350 
   18    1    1    1    1    1    1    1    2    7  1.55728E+04 0.00399 
   19    1    1    1    1    1    1    1    2    8  0.00000E+00 0.00000 
   20    1    1    1    1    1    1    1    2    9  1.11420E+04 0.00429 
   21    1    1    1    1    1    1    1    2   10  9.95986E+03 0.00445 
   22    1    1    1    1    1    1    1    2   11  0.00000E+00 0.00000 
   23    1    1    1    1    1    1    1    3    1  1.56002E+04 0.00392 
   24    1    1    1    1    1    1    1    3    2  1.80900E+04 0.00368 
   25    1    1    1    1    1    1    1    3    3  0.00000E+00 0.00000 
   26    1    1    1    1    1    1    1    3    4  1.80392E+04 0.00368 
   27    1    1    1    1    1    1    1    3    5  1.56660E+04 0.00389 
   28    1    1    1    1    1    1    1    3    6  0.00000E+00 0.00000 
   29    1    1    1    1    1    1    1    3    7  1.19346E+04 0.00417 
   30    1    1    1    1    1    1    1    3    8  1.06433E+04 0.00437 
   31    1    1    1    1    1    1    1    3    9  0.00000E+00 0.00000 
   32    1    1    1    1    1    1    1    3   10  9.12396E+03 0.00460 
   33    1    1    1    1    1    1    1    3   11  8.77956E+03 0.00454 
   34    1    1    1    1    1    1    1    4    1  0.00000E+00 0.00000 
   35    1    1    1    1    1    1    1    4    2  1.38401E+04 0.00405 
   36    1    1    1    1    1    1    1    4    3  1.38863E+04 0.00418 
   37    1    1    1    1    1    1    1    4    4  0.00000E+00 0.00000 
   38    1    1    1    1    1    1    1    4    5  1.18807E+04 0.00421 
   39    1    1    1    1    1    1    1    4    6  1.10075E+04 0.00430 
   40    1    1    1    1    1    1    1    4    7  0.00000E+00 0.00000 
   41    1    1    1    1    1    1    1    4    8  9.46031E+03 0.00437 
   42    1    1    1    1    1    1    1    4    9  9.07000E+03 0.00456 
   43    1    1    1    1    1    1    1    4   10  0.00000E+00 0.00000 
   44    1    1    1    1    1    1    1    4   11  8.58722E+03 0.00457 
   45    1    1    1    1    1    1    1    5    1  1.11499E+04 0.00425 
   46    1    1    1    1    1    1    1    5    2  0.00000E+00 0.00000 
   47    1    1    1    1    1    1    1    5    3  1.10934E+04 0.00433 
   48    1    1    1    1    1    1    1    5    4  1.06119E+04 0.00435 
   49    1    1    1    1    1    1    1    5    5  0.00000E+00 0.00000 
   50    1    1    1    1    1    1    1    5    6  9.69680E+03 0.00452 
   51    1    1    1    1    1    1    1    5    7  9.21564E+03 0.00465 
   52    1    1    1    1    1    1    1    5    8  0.00000E+00 0.00000 
   53    1    1    1    1    1    1    1    5    9  8.65033E+03 0.00462 
   54    1    1    1    1    1    1    1    5   10  8.47324E+03 0.00465 
   55    1    1    1    1    1    1    1    5   11  0.00000E+00 0.00000 
   56    1    1    1    1    1    1    1    6    1  9.95533E+03 0.00445 
   57    1    1    1    1    1    1    1    6    2  9.94850E+03 0.00440 
   58    1    1    1    1    1    1    1    6    3  0.00000E+00 0.00000 
   59    1    1    1    1    1    1    1    6    4  9.49088E+03 0.00456 
   60    1    1    1    1    1    1    1    6    5  9.21455E+03 0.00454 
   61    1    1    1    1    1    1    1    6    6  0.00000E+00 0.00000 
   62    1    1    1    1    1    1    1    6    7  8.70930E+03 0.00464 
   63    1    1    1    1    1    1    1    6    8  8.54271E+03 0.00464 
   64    1    1    1    1    1    1    1    6    9  0.00000E+00 0.00000 
   65    1    1    1    1    1    1    1    6   10  8.30916E+03 0.00463 
   66    1    1    1    1    1    1    1    6   11  8.23237E+03 0.00473 
   67    1    1    1    1    1    1    1    7    1  0.00000E+00 0.00000 
   68    1    1    1    1    1    1    1    7    2  9.16934E+03 0.00452 
   69    1    1    1    1    1    1    1    7    3  8.95357E+03 0.00458 
   70    1    1    1    1    1    1    1    7    4  0.00000E+00 0.00000 
   71    1    1    1    1    1    1    1    7    5  8.77561E+03 0.00458 
   72    1    1    1    1    1    1    1    7    6  8.55569E+03 0.00457 
   73    1    1    1    1    1    1    1    7    7  0.00000E+00 0.00000 
   74    1    1    1    1    1    1    1    7    8  8.28912E+03 0.00461 
   75    1    1    1    1    1    1    1    7    9  8.21251E+03 0.00472 
   76    1    1    1    1    1    1    1    7   10  0.00000E+00 0.00000 
   77    1    1    1    1    1    1    1    7   11  8.08004E+03 0.00470 
   78    1    1    1    1    1    1    1    8    1  8.83836E+03 0.00456 
   79    1    1    1    1    1    1    1    8    2  0.00000E+00 0.00000 
   80    1    1    1    1    1    1    1    8    3  8.72647E+03 0.00459 
   81    1    1    1    1    1    1    1    8    4  8.58569E+03 0.00465 
   82    1    1    1    1    1    1    1    8    5  0.00000E+00 0.00000 
   83    1    1    1    1    1    1    1    8    6  8.25155E+03 0.00459 
   84    1    1    1    1    1    1    1    8    7  8.19611E+03 0.00471 
   85    1    1    1    1    1    1    1    8    8  0.00000E+00 0.00000 
   86    1    1    1    1    1    1    1    8    9  8.05310E+03 0.00478 
   87    1    1    1    1    1    1    1    8   10  8.05073E+03 0.00466 
   88    1    1    1    1    1    1    1    8   11  0.00000E+00 0.00000 
   89    1    1    1    1    1    1    1    9    1  8.56601E+03 0.00462 
   90    1    1    1    1    1    1    1    9    2  8.48800E+03 0.00469 
   91    1    1    1    1    1    1    1    9    3  0.00000E+00 0.00000 
   92    1    1    1    1    1    1    1    9    4  8.29882E+03 0.00467 
   93    1    1    1    1    1    1    1    9    5  8.14050E+03 0.00471 
   94    1    1    1    1    1    1    1    9    6  0.00000E+00 0.00000 
   95    1    1    1    1    1    1    1    9    7  8.03101E+03 0.00478 
   96    1    1    1    1    1    1    1    9    8  7.91235E+03 0.00476 
   97    1    1    1    1    1    1    1    9    9  0.00000E+00 0.00000 
   98    1    1    1    1    1    1    1    9   10  7.81148E+03 0.00486 
   99    1    1    1    1    1    1    1    9   11  7.74283E+03 0.00474 
  100    1    1    1    1    1    1    1   10    1  0.00000E+00 0.00000 
  101    1    1    1    1    1    1    1   10    2  8.35018E+03 0.00469 
  102    1    1    1    1    1    1    1   10    3  8.16145E+03 0.00476 
  103    1    1    1    1    1    1    1   10    4  0.00000E+00 0.00000 
  104    1    1    1    1    1    1    1   10    5  8.06991E+03 0.00475 
  105    1    1    1    1    1    1    1   10    6  7.98435E+03 0.00469 
  106    1    1    1    1    1    1    1   10    7  0.00000E+00 0.00000 
  107    1    1    1    1    1    1    1   10    8  7.75376E+03 0.00493 
  108    1    1    1    1    1    1    1   10    9  7.67540E+03 0.00479 
  109    1    1    1    1    1    1    1   10   10  0.00000E+00 0.00000 
