
ZAI = [
922350
922380
666
0
];

NAMES = [
'U235            '
'U238            '
'lost            '
'total           '
];

i922350 = 1; iU235             = 1;
i922380 = 2; iU238             = 2;
iLOST    = 3;
iTOT     = 4;

MAT_un_VOLUME = [ 2.67281E+05 2.67281E+05 ];

MAT_un_BURNUP = [ 0.00000E+00 4.28865E+01 ];

MAT_un_ADENS = [
4.83387E-03 3.50941E-03 % U235
1.93936E-02 1.88541E-02 % U238
0.00000E+00 4.20509E-30 % lost data
7.26897E-02 7.38009E-02 % total
];

MAT_un_MDENS = [
1.88669E+00 1.36974E+00 % U235
7.66628E+00 7.45301E+00 % U238
0.00000E+00 0.00000E+00 % lost data
1.08000E+01 1.07986E+01 % total
];

MAT_un_A = [
4.03215E+10 2.92735E+10 % U235
2.54827E+10 2.47738E+10 % U238
0.00000E+00 0.00000E+00 % lost data
6.58042E+10 3.28261E+18 % total
];

MAT_un_H = [
3.02266E-02 2.19446E-02 % U235
1.74338E-02 1.69488E-02 % U238
0.00000E+00 0.00000E+00 % lost data
4.76604E-02 9.64533E+05 % total
];

MAT_un_SF = [
2.90314E+00 2.10769E+00 % U235
1.39136E+04 1.35265E+04 % U238
0.00000E+00 0.00000E+00 % lost data
1.39165E+04 1.03697E+08 % total
];

MAT_un_GSRC = [
5.09464E+10 3.69873E+10 % U235
2.25659E+09 2.19381E+09 % U238
0.00000E+00 0.00000E+00 % lost data
5.32030E+10 3.52886E+18 % total
];

MAT_un_ING_TOX = [
1.89511E+03 1.37586E+03 % U235
1.14672E+03 1.11482E+03 % U238
0.00000E+00 0.00000E+00 % lost data
3.04183E+03 2.23510E+09 % total
];

MAT_un_INH_TOX = [
3.42732E+05 2.48825E+05 % U235
2.03862E+05 1.98191E+05 % U238
0.00000E+00 0.00000E+00 % lost data
5.46594E+05 8.02416E+10 % total
];

TOT_VOLUME = [ 2.67281E+05 2.67281E+05 ];

TOT_BURNUP = [ 0.00000E+00 4.28865E+01 ];

TOT_ADENS = [
4.83387E-03 3.50941E-03 % U235
1.93936E-02 1.88541E-02 % U238
0.00000E+00 4.20509E-30 % lost data
7.26897E-02 7.38009E-02 % total
];

TOT_MASS = [
5.04277E+05 3.66107E+05 % U235
2.04905E+06 1.99205E+06 % U238
0.00000E+00 0.00000E+00 % lost data
2.88664E+06 2.88626E+06 % total
];

TOT_A = [
4.03215E+10 2.92735E+10 % U235
2.54827E+10 2.47738E+10 % U238
0.00000E+00 0.00000E+00 % lost data
6.58042E+10 3.28261E+18 % total
];

TOT_H = [
3.02266E-02 2.19446E-02 % U235
1.74338E-02 1.69488E-02 % U238
0.00000E+00 0.00000E+00 % lost data
4.76604E-02 9.64533E+05 % total
];

TOT_SF = [
2.90314E+00 2.10769E+00 % U235
1.39136E+04 1.35265E+04 % U238
0.00000E+00 0.00000E+00 % lost data
1.39165E+04 1.03697E+08 % total
];

TOT_GSRC = [
5.09464E+10 3.69873E+10 % U235
2.25659E+09 2.19381E+09 % U238
0.00000E+00 0.00000E+00 % lost data
5.32030E+10 3.52886E+18 % total
];

TOT_ING_TOX = [
1.89511E+03 1.37586E+03 % U235
1.14672E+03 1.11482E+03 % U238
0.00000E+00 0.00000E+00 % lost data
3.04183E+03 2.23510E+09 % total
];

TOT_INH_TOX = [
3.42732E+05 2.48825E+05 % U235
2.03862E+05 1.98191E+05 % U238
0.00000E+00 0.00000E+00 % lost data
5.46594E+05 8.02416E+10 % total
];

BU = [ 0.00000E+00 4.28852E+01 ];

DAYS = [ 0.00000E+00 7.30000E+03 ];
