
ZAI = [
922350
922380
666
0
];

NAMES = [
'U235            '
'U238            '
'lost            '
'total           '
];

i922350 = 1; iU235             = 1;
i922380 = 2; iU238             = 2;
iLOST    = 3;
iTOT     = 4;

MAT_un_VOLUME = [ 2.67261E+05 2.67261E+05 ];

MAT_un_BURNUP = [ 0.00000E+00 4.28898E+01 ];

MAT_un_ADENS = [
4.83387E-03 3.50938E-03 % U235
1.93936E-02 1.88549E-02 % U238
0.00000E+00 2.96860E-30 % lost data
7.26897E-02 7.38010E-02 % total
];

MAT_un_MDENS = [
1.88669E+00 1.36973E+00 % U235
7.66628E+00 7.45330E+00 % U238
0.00000E+00 0.00000E+00 % lost data
1.08000E+01 1.07986E+01 % total
];

MAT_un_A = [
4.03184E+10 2.92711E+10 % U235
2.54808E+10 2.47729E+10 % U238
0.00000E+00 0.00000E+00 % lost data
6.57992E+10 3.28238E+18 % total
];

MAT_un_H = [
3.02243E-02 2.19428E-02 % U235
1.74325E-02 1.69482E-02 % U238
0.00000E+00 0.00000E+00 % lost data
4.76568E-02 9.64587E+05 % total
];

MAT_un_SF = [
2.90293E+00 2.10752E+00 % U235
1.39125E+04 1.35260E+04 % U238
0.00000E+00 0.00000E+00 % lost data
1.39154E+04 1.03813E+08 % total
];

MAT_un_GSRC = [
5.09426E+10 3.69842E+10 % U235
2.25642E+09 2.19373E+09 % U238
0.00000E+00 0.00000E+00 % lost data
5.31990E+10 3.52853E+18 % total
];

MAT_un_ING_TOX = [
1.89497E+03 1.37574E+03 % U235
1.14664E+03 1.11478E+03 % U238
0.00000E+00 0.00000E+00 % lost data
3.04160E+03 2.23507E+09 % total
];

MAT_un_INH_TOX = [
3.42706E+05 2.48804E+05 % U235
2.03846E+05 1.98183E+05 % U238
0.00000E+00 0.00000E+00 % lost data
5.46553E+05 8.01978E+10 % total
];

TOT_VOLUME = [ 2.67261E+05 2.67261E+05 ];

TOT_BURNUP = [ 0.00000E+00 4.28898E+01 ];

TOT_ADENS = [
4.83387E-03 3.50938E-03 % U235
1.93936E-02 1.88549E-02 % U238
0.00000E+00 2.96860E-30 % lost data
7.26897E-02 7.38010E-02 % total
];

TOT_MASS = [
5.04238E+05 3.66076E+05 % U235
2.04890E+06 1.99198E+06 % U238
0.00000E+00 0.00000E+00 % lost data
2.88642E+06 2.88605E+06 % total
];

TOT_A = [
4.03184E+10 2.92711E+10 % U235
2.54808E+10 2.47729E+10 % U238
0.00000E+00 0.00000E+00 % lost data
6.57992E+10 3.28238E+18 % total
];

TOT_H = [
3.02243E-02 2.19428E-02 % U235
1.74325E-02 1.69482E-02 % U238
0.00000E+00 0.00000E+00 % lost data
4.76568E-02 9.64587E+05 % total
];

TOT_SF = [
2.90293E+00 2.10752E+00 % U235
1.39125E+04 1.35260E+04 % U238
0.00000E+00 0.00000E+00 % lost data
1.39154E+04 1.03813E+08 % total
];

TOT_GSRC = [
5.09426E+10 3.69842E+10 % U235
2.25642E+09 2.19373E+09 % U238
0.00000E+00 0.00000E+00 % lost data
5.31990E+10 3.52853E+18 % total
];

TOT_ING_TOX = [
1.89497E+03 1.37574E+03 % U235
1.14664E+03 1.11478E+03 % U238
0.00000E+00 0.00000E+00 % lost data
3.04160E+03 2.23507E+09 % total
];

TOT_INH_TOX = [
3.42706E+05 2.48804E+05 % U235
2.03846E+05 1.98183E+05 % U238
0.00000E+00 0.00000E+00 % lost data
5.46553E+05 8.01978E+10 % total
];

BU = [ 0.00000E+00 4.28884E+01 ];

DAYS = [ 0.00000E+00 7.30000E+03 ];
