
ZAI = [
922350
922380
666
0
];

NAMES = [
'U235            '
'U238            '
'lost            '
'total           '
];

i922350 = 1; iU235             = 1;
i922380 = 2; iU238             = 2;
iLOST    = 3;
iTOT     = 4;

MAT_un_VOLUME = [ 2.67103E+05 2.67103E+05 ];

MAT_un_BURNUP = [ 0.00000E+00 4.29151E+01 ];

MAT_un_ADENS = [
4.83387E-03 3.50863E-03 % U235
1.93936E-02 1.88538E-02 % U238
0.00000E+00 3.24086E-30 % lost data
7.26897E-02 7.38016E-02 % total
];

MAT_un_MDENS = [
1.88669E+00 1.36944E+00 % U235
7.66628E+00 7.45290E+00 % U238
0.00000E+00 0.00000E+00 % lost data
1.08000E+01 1.07986E+01 % total
];

MAT_un_A = [
4.02946E+10 2.92476E+10 % U235
2.54658E+10 2.47570E+10 % U238
0.00000E+00 0.00000E+00 % lost data
6.57604E+10 3.28235E+18 % total
];

MAT_un_H = [
3.02065E-02 2.19252E-02 % U235
1.74222E-02 1.69373E-02 % U238
0.00000E+00 0.00000E+00 % lost data
4.76287E-02 9.64471E+05 % total
];

MAT_un_SF = [
2.90121E+00 2.10582E+00 % U235
1.39043E+04 1.35173E+04 % U238
0.00000E+00 0.00000E+00 % lost data
1.39072E+04 1.03643E+08 % total
];

MAT_un_GSRC = [
5.09125E+10 3.69545E+10 % U235
2.25509E+09 2.19232E+09 % U238
0.00000E+00 0.00000E+00 % lost data
5.31676E+10 3.52857E+18 % total
];

MAT_un_ING_TOX = [
1.89385E+03 1.37464E+03 % U235
1.14596E+03 1.11406E+03 % U238
0.00000E+00 0.00000E+00 % lost data
3.03981E+03 2.23488E+09 % total
];

MAT_un_INH_TOX = [
3.42504E+05 2.48604E+05 % U235
2.03726E+05 1.98056E+05 % U238
0.00000E+00 0.00000E+00 % lost data
5.46231E+05 8.01920E+10 % total
];

TOT_VOLUME = [ 2.67103E+05 2.67103E+05 ];

TOT_BURNUP = [ 0.00000E+00 4.29151E+01 ];

TOT_ADENS = [
4.83387E-03 3.50863E-03 % U235
1.93936E-02 1.88538E-02 % U238
0.00000E+00 3.24086E-30 % lost data
7.26897E-02 7.38016E-02 % total
];

TOT_MASS = [
5.03941E+05 3.65782E+05 % U235
2.04769E+06 1.99069E+06 % U238
0.00000E+00 0.00000E+00 % lost data
2.88472E+06 2.88434E+06 % total
];

TOT_A = [
4.02946E+10 2.92476E+10 % U235
2.54658E+10 2.47570E+10 % U238
0.00000E+00 0.00000E+00 % lost data
6.57604E+10 3.28235E+18 % total
];

TOT_H = [
3.02065E-02 2.19252E-02 % U235
1.74222E-02 1.69373E-02 % U238
0.00000E+00 0.00000E+00 % lost data
4.76287E-02 9.64471E+05 % total
];

TOT_SF = [
2.90121E+00 2.10582E+00 % U235
1.39043E+04 1.35173E+04 % U238
0.00000E+00 0.00000E+00 % lost data
1.39072E+04 1.03643E+08 % total
];

TOT_GSRC = [
5.09125E+10 3.69545E+10 % U235
2.25509E+09 2.19232E+09 % U238
0.00000E+00 0.00000E+00 % lost data
5.31676E+10 3.52857E+18 % total
];

TOT_ING_TOX = [
1.89385E+03 1.37464E+03 % U235
1.14596E+03 1.11406E+03 % U238
0.00000E+00 0.00000E+00 % lost data
3.03981E+03 2.23488E+09 % total
];

TOT_INH_TOX = [
3.42504E+05 2.48604E+05 % U235
2.03726E+05 1.98056E+05 % U238
0.00000E+00 0.00000E+00 % lost data
5.46231E+05 8.01920E+10 % total
];

BU = [ 0.00000E+00 4.29137E+01 ];

DAYS = [ 0.00000E+00 7.30000E+03 ];
