
ZAI = [
922350
922380
666
0
];

NAMES = [
'U235            '
'U238            '
'lost            '
'total           '
];

i922350 = 1; iU235             = 1;
i922380 = 2; iU238             = 2;
iLOST    = 3;
iTOT     = 4;

MAT_un_VOLUME = [ 2.67199E+05 2.67199E+05 ];

MAT_un_BURNUP = [ 0.00000E+00 4.28998E+01 ];

MAT_un_ADENS = [
4.83387E-03 3.50902E-03 % U235
1.93936E-02 1.88539E-02 % U238
0.00000E+00 3.79403E-30 % lost data
7.26897E-02 7.38012E-02 % total
];

MAT_un_MDENS = [
1.88669E+00 1.36959E+00 % U235
7.66628E+00 7.45291E+00 % U238
0.00000E+00 0.00000E+00 % lost data
1.08000E+01 1.07986E+01 % total
];

MAT_un_A = [
4.03090E+10 2.92613E+10 % U235
2.54749E+10 2.47658E+10 % U238
0.00000E+00 0.00000E+00 % lost data
6.57838E+10 3.28281E+18 % total
];

MAT_un_H = [
3.02172E-02 2.19354E-02 % U235
1.74284E-02 1.69433E-02 % U238
0.00000E+00 0.00000E+00 % lost data
4.76457E-02 9.64556E+05 % total
];

MAT_un_SF = [
2.90225E+00 2.10681E+00 % U235
1.39093E+04 1.35221E+04 % U238
0.00000E+00 0.00000E+00 % lost data
1.39122E+04 1.03880E+08 % total
];

MAT_un_GSRC = [
5.09307E+10 3.69718E+10 % U235
2.25589E+09 2.19310E+09 % U238
0.00000E+00 0.00000E+00 % lost data
5.31866E+10 3.52907E+18 % total
];

MAT_un_ING_TOX = [
1.89452E+03 1.37528E+03 % U235
1.14637E+03 1.11446E+03 % U238
0.00000E+00 0.00000E+00 % lost data
3.04089E+03 2.23534E+09 % total
];

MAT_un_INH_TOX = [
3.42626E+05 2.48721E+05 % U235
2.03799E+05 1.98127E+05 % U238
0.00000E+00 0.00000E+00 % lost data
5.46425E+05 8.02973E+10 % total
];

TOT_VOLUME = [ 2.67199E+05 2.67199E+05 ];

TOT_BURNUP = [ 0.00000E+00 4.28998E+01 ];

TOT_ADENS = [
4.83387E-03 3.50902E-03 % U235
1.93936E-02 1.88539E-02 % U238
0.00000E+00 3.79403E-30 % lost data
7.26897E-02 7.38012E-02 % total
];

TOT_MASS = [
5.04121E+05 3.65953E+05 % U235
2.04842E+06 1.99141E+06 % U238
0.00000E+00 0.00000E+00 % lost data
2.88574E+06 2.88537E+06 % total
];

TOT_A = [
4.03090E+10 2.92613E+10 % U235
2.54749E+10 2.47658E+10 % U238
0.00000E+00 0.00000E+00 % lost data
6.57838E+10 3.28281E+18 % total
];

TOT_H = [
3.02172E-02 2.19354E-02 % U235
1.74284E-02 1.69433E-02 % U238
0.00000E+00 0.00000E+00 % lost data
4.76457E-02 9.64556E+05 % total
];

TOT_SF = [
2.90225E+00 2.10681E+00 % U235
1.39093E+04 1.35221E+04 % U238
0.00000E+00 0.00000E+00 % lost data
1.39122E+04 1.03880E+08 % total
];

TOT_GSRC = [
5.09307E+10 3.69718E+10 % U235
2.25589E+09 2.19310E+09 % U238
0.00000E+00 0.00000E+00 % lost data
5.31866E+10 3.52907E+18 % total
];

TOT_ING_TOX = [
1.89452E+03 1.37528E+03 % U235
1.14637E+03 1.11446E+03 % U238
0.00000E+00 0.00000E+00 % lost data
3.04089E+03 2.23534E+09 % total
];

TOT_INH_TOX = [
3.42626E+05 2.48721E+05 % U235
2.03799E+05 1.98127E+05 % U238
0.00000E+00 0.00000E+00 % lost data
5.46425E+05 8.02973E+10 % total
];

BU = [ 0.00000E+00 4.28985E+01 ];

DAYS = [ 0.00000E+00 7.30000E+03 ];
