
DETassem1 = [
    1    1    1    1    1    1    1    1    1    1  0.00000E+00 0.00000 
    2    1    1    1    1    1    1    1    1    2  0.00000E+00 0.00000 
    3    1    1    1    1    1    1    1    1    3  0.00000E+00 0.00000 
    4    1    1    1    1    1    1    1    1    4  0.00000E+00 0.00000 
    5    1    1    1    1    1    1    1    1    5  0.00000E+00 0.00000 
    6    1    1    1    1    1    1    1    1    6  0.00000E+00 0.00000 
    7    1    1    1    1    1    1    1    1    7  0.00000E+00 0.00000 
    8    1    1    1    1    1    1    1    1    8  1.76101E+04 0.00366 
    9    1    1    1    1    1    1    1    1    9  1.39187E+04 0.00395 
   10    1    1    1    1    1    1    1    1   10  0.00000E+00 0.00000 
   11    1    1    1    1    1    1    1    1   11  1.03922E+04 0.00433 
   12    1    1    1    1    1    1    1    2    1  1.88202E+04 0.00349 
   13    1    1    1    1    1    1    1    2    2  0.00000E+00 0.00000 
   14    1    1    1    1    1    1    1    2    3  0.00000E+00 0.00000 
   15    1    1    1    1    1    1    1    2    4  0.00000E+00 0.00000 
   16    1    1    1    1    1    1    1    2    5  0.00000E+00 0.00000 
   17    1    1    1    1    1    1    1    2    6  1.86738E+04 0.00349 
   18    1    1    1    1    1    1    1    2    7  1.55402E+04 0.00369 
   19    1    1    1    1    1    1    1    2    8  0.00000E+00 0.00000 
   20    1    1    1    1    1    1    1    2    9  1.14650E+04 0.00411 
   21    1    1    1    1    1    1    1    2   10  1.04480E+04 0.00422 
   22    1    1    1    1    1    1    1    2   11  0.00000E+00 0.00000 
   23    1    1    1    1    1    1    1    3    1  1.53864E+04 0.00363 
   24    1    1    1    1    1    1    1    3    2  1.75318E+04 0.00354 
   25    1    1    1    1    1    1    1    3    3  0.00000E+00 0.00000 
   26    1    1    1    1    1    1    1    3    4  1.74687E+04 0.00359 
   27    1    1    1    1    1    1    1    3    5  1.55171E+04 0.00375 
   28    1    1    1    1    1    1    1    3    6  0.00000E+00 0.00000 
   29    1    1    1    1    1    1    1    3    7  1.21136E+04 0.00392 
   30    1    1    1    1    1    1    1    3    8  1.10668E+04 0.00418 
   31    1    1    1    1    1    1    1    3    9  0.00000E+00 0.00000 
   32    1    1    1    1    1    1    1    3   10  9.60906E+03 0.00440 
   33    1    1    1    1    1    1    1    3   11  9.26048E+03 0.00440 
   34    1    1    1    1    1    1    1    4    1  0.00000E+00 0.00000 
   35    1    1    1    1    1    1    1    4    2  1.39312E+04 0.00391 
   36    1    1    1    1    1    1    1    4    3  1.38345E+04 0.00389 
   37    1    1    1    1    1    1    1    4    4  0.00000E+00 0.00000 
   38    1    1    1    1    1    1    1    4    5  1.21092E+04 0.00406 
   39    1    1    1    1    1    1    1    4    6  1.13215E+04 0.00422 
   40    1    1    1    1    1    1    1    4    7  0.00000E+00 0.00000 
   41    1    1    1    1    1    1    1    4    8  9.84076E+03 0.00436 
   42    1    1    1    1    1    1    1    4    9  9.48953E+03 0.00438 
   43    1    1    1    1    1    1    1    4   10  0.00000E+00 0.00000 
   44    1    1    1    1    1    1    1    4   11  8.91379E+03 0.00443 
   45    1    1    1    1    1    1    1    5    1  1.13899E+04 0.00407 
   46    1    1    1    1    1    1    1    5    2  0.00000E+00 0.00000 
   47    1    1    1    1    1    1    1    5    3  1.14097E+04 0.00417 
   48    1    1    1    1    1    1    1    5    4  1.08975E+04 0.00419 
   49    1    1    1    1    1    1    1    5    5  0.00000E+00 0.00000 
   50    1    1    1    1    1    1    1    5    6  1.00050E+04 0.00428 
   51    1    1    1    1    1    1    1    5    7  9.55173E+03 0.00442 
   52    1    1    1    1    1    1    1    5    8  0.00000E+00 0.00000 
   53    1    1    1    1    1    1    1    5    9  8.99893E+03 0.00444 
   54    1    1    1    1    1    1    1    5   10  8.81351E+03 0.00442 
   55    1    1    1    1    1    1    1    5   11  0.00000E+00 0.00000 
   56    1    1    1    1    1    1    1    6    1  1.03789E+04 0.00427 
   57    1    1    1    1    1    1    1    6    2  1.02390E+04 0.00425 
   58    1    1    1    1    1    1    1    6    3  0.00000E+00 0.00000 
   59    1    1    1    1    1    1    1    6    4  9.90652E+03 0.00437 
   60    1    1    1    1    1    1    1    6    5  9.57073E+03 0.00432 
   61    1    1    1    1    1    1    1    6    6  0.00000E+00 0.00000 
   62    1    1    1    1    1    1    1    6    7  9.02301E+03 0.00434 
   63    1    1    1    1    1    1    1    6    8  8.72187E+03 0.00450 
   64    1    1    1    1    1    1    1    6    9  0.00000E+00 0.00000 
   65    1    1    1    1    1    1    1    6   10  8.69647E+03 0.00442 
   66    1    1    1    1    1    1    1    6   11  8.51671E+03 0.00451 
   67    1    1    1    1    1    1    1    7    1  0.00000E+00 0.00000 
   68    1    1    1    1    1    1    1    7    2  9.63649E+03 0.00433 
   69    1    1    1    1    1    1    1    7    3  9.46353E+03 0.00439 
   70    1    1    1    1    1    1    1    7    4  0.00000E+00 0.00000 
   71    1    1    1    1    1    1    1    7    5  9.01474E+03 0.00443 
   72    1    1    1    1    1    1    1    7    6  8.80425E+03 0.00441 
   73    1    1    1    1    1    1    1    7    7  0.00000E+00 0.00000 
   74    1    1    1    1    1    1    1    7    8  8.56759E+03 0.00445 
   75    1    1    1    1    1    1    1    7    9  8.51459E+03 0.00454 
   76    1    1    1    1    1    1    1    7   10  0.00000E+00 0.00000 
   77    1    1    1    1    1    1    1    7   11  8.31426E+03 0.00451 
   78    1    1    1    1    1    1    1    8    1  9.18745E+03 0.00441 
   79    1    1    1    1    1    1    1    8    2  0.00000E+00 0.00000 
   80    1    1    1    1    1    1    1    8    3  9.02628E+03 0.00446 
   81    1    1    1    1    1    1    1    8    4  8.76711E+03 0.00448 
   82    1    1    1    1    1    1    1    8    5  0.00000E+00 0.00000 
   83    1    1    1    1    1    1    1    8    6  8.63193E+03 0.00449 
   84    1    1    1    1    1    1    1    8    7  8.43701E+03 0.00444 
   85    1    1    1    1    1    1    1    8    8  0.00000E+00 0.00000 
   86    1    1    1    1    1    1    1    8    9  8.39286E+03 0.00459 
   87    1    1    1    1    1    1    1    8   10  8.26493E+03 0.00453 
   88    1    1    1    1    1    1    1    8   11  0.00000E+00 0.00000 
   89    1    1    1    1    1    1    1    9    1  8.92451E+03 0.00448 
   90    1    1    1    1    1    1    1    9    2  8.84525E+03 0.00449 
   91    1    1    1    1    1    1    1    9    3  0.00000E+00 0.00000 
   92    1    1    1    1    1    1    1    9    4  8.57270E+03 0.00452 
   93    1    1    1    1    1    1    1    9    5  8.51477E+03 0.00457 
   94    1    1    1    1    1    1    1    9    6  0.00000E+00 0.00000 
   95    1    1    1    1    1    1    1    9    7  8.27881E+03 0.00444 
   96    1    1    1    1    1    1    1    9    8  8.25993E+03 0.00461 
   97    1    1    1    1    1    1    1    9    9  0.00000E+00 0.00000 
   98    1    1    1    1    1    1    1    9   10  8.08248E+03 0.00464 
   99    1    1    1    1    1    1    1    9   11  7.91661E+03 0.00473 
  100    1    1    1    1    1    1    1   10    1  0.00000E+00 0.00000 
  101    1    1    1    1    1    1    1   10    2  8.59664E+03 0.00454 
  102    1    1    1    1    1    1    1   10    3  8.50397E+03 0.00448 
  103    1    1    1    1    1    1    1   10    4  0.00000E+00 0.00000 
  104    1    1    1    1    1    1    1   10    5  8.39580E+03 0.00457 
  105    1    1    1    1    1    1    1   10    6  8.22195E+03 0.00456 
  106    1    1    1    1    1    1    1   10    7  0.00000E+00 0.00000 
  107    1    1    1    1    1    1    1   10    8  8.10326E+03 0.00459 
  108    1    1    1    1    1    1    1   10    9  7.91139E+03 0.00470 
  109    1    1    1    1    1    1    1   10   10  0.00000E+00 0.00000 
