
DETassem1 = [
    1    1    1    1    1    1    1    1    1    1  0.00000E+00 0.00000 
    2    1    1    1    1    1    1    1    1    2  0.00000E+00 0.00000 
    3    1    1    1    1    1    1    1    1    3  0.00000E+00 0.00000 
    4    1    1    1    1    1    1    1    1    4  0.00000E+00 0.00000 
    5    1    1    1    1    1    1    1    1    5  0.00000E+00 0.00000 
    6    1    1    1    1    1    1    1    1    6  0.00000E+00 0.00000 
    7    1    1    1    1    1    1    1    1    7  0.00000E+00 0.00000 
    8    1    1    1    1    1    1    1    1    8  1.75855E+04 0.00357 
    9    1    1    1    1    1    1    1    1    9  1.38129E+04 0.00391 
   10    1    1    1    1    1    1    1    1   10  0.00000E+00 0.00000 
   11    1    1    1    1    1    1    1    1   11  1.02177E+04 0.00421 
   12    1    1    1    1    1    1    1    2    1  1.87771E+04 0.00347 
   13    1    1    1    1    1    1    1    2    2  0.00000E+00 0.00000 
   14    1    1    1    1    1    1    1    2    3  0.00000E+00 0.00000 
   15    1    1    1    1    1    1    1    2    4  0.00000E+00 0.00000 
   16    1    1    1    1    1    1    1    2    5  0.00000E+00 0.00000 
   17    1    1    1    1    1    1    1    2    6  1.88354E+04 0.00354 
   18    1    1    1    1    1    1    1    2    7  1.53091E+04 0.00382 
   19    1    1    1    1    1    1    1    2    8  0.00000E+00 0.00000 
   20    1    1    1    1    1    1    1    2    9  1.13733E+04 0.00409 
   21    1    1    1    1    1    1    1    2   10  1.01924E+04 0.00424 
   22    1    1    1    1    1    1    1    2   11  0.00000E+00 0.00000 
   23    1    1    1    1    1    1    1    3    1  1.53563E+04 0.00374 
   24    1    1    1    1    1    1    1    3    2  1.75431E+04 0.00358 
   25    1    1    1    1    1    1    1    3    3  0.00000E+00 0.00000 
   26    1    1    1    1    1    1    1    3    4  1.76044E+04 0.00356 
   27    1    1    1    1    1    1    1    3    5  1.53816E+04 0.00374 
   28    1    1    1    1    1    1    1    3    6  0.00000E+00 0.00000 
   29    1    1    1    1    1    1    1    3    7  1.19659E+04 0.00415 
   30    1    1    1    1    1    1    1    3    8  1.09832E+04 0.00411 
   31    1    1    1    1    1    1    1    3    9  0.00000E+00 0.00000 
   32    1    1    1    1    1    1    1    3   10  9.42256E+03 0.00440 
   33    1    1    1    1    1    1    1    3   11  8.93188E+03 0.00448 
   34    1    1    1    1    1    1    1    4    1  0.00000E+00 0.00000 
   35    1    1    1    1    1    1    1    4    2  1.38030E+04 0.00391 
   36    1    1    1    1    1    1    1    4    3  1.38327E+04 0.00401 
   37    1    1    1    1    1    1    1    4    4  0.00000E+00 0.00000 
   38    1    1    1    1    1    1    1    4    5  1.19930E+04 0.00401 
   39    1    1    1    1    1    1    1    4    6  1.12641E+04 0.00420 
   40    1    1    1    1    1    1    1    4    7  0.00000E+00 0.00000 
   41    1    1    1    1    1    1    1    4    8  9.71333E+03 0.00429 
   42    1    1    1    1    1    1    1    4    9  9.25006E+03 0.00445 
   43    1    1    1    1    1    1    1    4   10  0.00000E+00 0.00000 
   44    1    1    1    1    1    1    1    4   11  8.77186E+03 0.00450 
   45    1    1    1    1    1    1    1    5    1  1.12854E+04 0.00414 
   46    1    1    1    1    1    1    1    5    2  0.00000E+00 0.00000 
   47    1    1    1    1    1    1    1    5    3  1.13662E+04 0.00406 
   48    1    1    1    1    1    1    1    5    4  1.08635E+04 0.00420 
   49    1    1    1    1    1    1    1    5    5  0.00000E+00 0.00000 
   50    1    1    1    1    1    1    1    5    6  9.94838E+03 0.00427 
   51    1    1    1    1    1    1    1    5    7  9.49845E+03 0.00437 
   52    1    1    1    1    1    1    1    5    8  0.00000E+00 0.00000 
   53    1    1    1    1    1    1    1    5    9  8.81559E+03 0.00449 
   54    1    1    1    1    1    1    1    5   10  8.62231E+03 0.00456 
   55    1    1    1    1    1    1    1    5   11  0.00000E+00 0.00000 
   56    1    1    1    1    1    1    1    6    1  1.02049E+04 0.00426 
   57    1    1    1    1    1    1    1    6    2  1.02729E+04 0.00429 
   58    1    1    1    1    1    1    1    6    3  0.00000E+00 0.00000 
   59    1    1    1    1    1    1    1    6    4  9.83021E+03 0.00432 
   60    1    1    1    1    1    1    1    6    5  9.46531E+03 0.00443 
   61    1    1    1    1    1    1    1    6    6  0.00000E+00 0.00000 
   62    1    1    1    1    1    1    1    6    7  8.87222E+03 0.00449 
   63    1    1    1    1    1    1    1    6    8  8.69146E+03 0.00445 
   64    1    1    1    1    1    1    1    6    9  0.00000E+00 0.00000 
   65    1    1    1    1    1    1    1    6   10  8.41036E+03 0.00457 
   66    1    1    1    1    1    1    1    6   11  8.38906E+03 0.00463 
   67    1    1    1    1    1    1    1    7    1  0.00000E+00 0.00000 
   68    1    1    1    1    1    1    1    7    2  9.36832E+03 0.00425 
   69    1    1    1    1    1    1    1    7    3  9.25708E+03 0.00440 
   70    1    1    1    1    1    1    1    7    4  0.00000E+00 0.00000 
   71    1    1    1    1    1    1    1    7    5  8.84646E+03 0.00441 
   72    1    1    1    1    1    1    1    7    6  8.79606E+03 0.00449 
   73    1    1    1    1    1    1    1    7    7  0.00000E+00 0.00000 
   74    1    1    1    1    1    1    1    7    8  8.43791E+03 0.00458 
   75    1    1    1    1    1    1    1    7    9  8.39110E+03 0.00466 
   76    1    1    1    1    1    1    1    7   10  0.00000E+00 0.00000 
   77    1    1    1    1    1    1    1    7   11  8.21135E+03 0.00453 
   78    1    1    1    1    1    1    1    8    1  8.95411E+03 0.00439 
   79    1    1    1    1    1    1    1    8    2  0.00000E+00 0.00000 
   80    1    1    1    1    1    1    1    8    3  8.89597E+03 0.00436 
   81    1    1    1    1    1    1    1    8    4  8.68368E+03 0.00448 
   82    1    1    1    1    1    1    1    8    5  0.00000E+00 0.00000 
   83    1    1    1    1    1    1    1    8    6  8.51901E+03 0.00457 
   84    1    1    1    1    1    1    1    8    7  8.36689E+03 0.00455 
   85    1    1    1    1    1    1    1    8    8  0.00000E+00 0.00000 
   86    1    1    1    1    1    1    1    8    9  8.26667E+03 0.00463 
   87    1    1    1    1    1    1    1    8   10  8.08251E+03 0.00456 
   88    1    1    1    1    1    1    1    8   11  0.00000E+00 0.00000 
   89    1    1    1    1    1    1    1    9    1  8.69237E+03 0.00455 
   90    1    1    1    1    1    1    1    9    2  8.64315E+03 0.00450 
   91    1    1    1    1    1    1    1    9    3  0.00000E+00 0.00000 
   92    1    1    1    1    1    1    1    9    4  8.46597E+03 0.00450 
   93    1    1    1    1    1    1    1    9    5  8.42151E+03 0.00453 
   94    1    1    1    1    1    1    1    9    6  0.00000E+00 0.00000 
   95    1    1    1    1    1    1    1    9    7  8.22395E+03 0.00473 
   96    1    1    1    1    1    1    1    9    8  8.18948E+03 0.00456 
   97    1    1    1    1    1    1    1    9    9  0.00000E+00 0.00000 
   98    1    1    1    1    1    1    1    9   10  7.94558E+03 0.00467 
   99    1    1    1    1    1    1    1    9   11  7.85719E+03 0.00470 
  100    1    1    1    1    1    1    1   10    1  0.00000E+00 0.00000 
  101    1    1    1    1    1    1    1   10    2  8.49762E+03 0.00444 
  102    1    1    1    1    1    1    1   10    3  8.36998E+03 0.00455 
  103    1    1    1    1    1    1    1   10    4  0.00000E+00 0.00000 
  104    1    1    1    1    1    1    1   10    5  8.19890E+03 0.00452 
  105    1    1    1    1    1    1    1   10    6  8.10311E+03 0.00453 
  106    1    1    1    1    1    1    1   10    7  0.00000E+00 0.00000 
  107    1    1    1    1    1    1    1   10    8  7.87527E+03 0.00464 
  108    1    1    1    1    1    1    1   10    9  7.85530E+03 0.00467 
  109    1    1    1    1    1    1    1   10   10  0.00000E+00 0.00000 
