
ZAI = [
922350
922380
666
0
];

NAMES = [
'U235            '
'U238            '
'lost            '
'total           '
];

i922350 = 1; iU235             = 1;
i922380 = 2; iU238             = 2;
iLOST    = 3;
iTOT     = 4;

MAT_un_VOLUME = [ 2.67364E+05 2.67364E+05 ];

MAT_un_BURNUP = [ 0.00000E+00 4.28733E+01 ];

MAT_un_ADENS = [
4.83387E-03 3.50963E-03 % U235
1.93936E-02 1.88538E-02 % U238
0.00000E+00 2.96222E-30 % lost data
7.26897E-02 7.38006E-02 % total
];

MAT_un_MDENS = [
1.88669E+00 1.36983E+00 % U235
7.66628E+00 7.45289E+00 % U238
0.00000E+00 0.00000E+00 % lost data
1.08000E+01 1.07986E+01 % total
];

MAT_un_A = [
4.03339E+10 2.92845E+10 % U235
2.54906E+10 2.47811E+10 % U238
0.00000E+00 0.00000E+00 % lost data
6.58245E+10 3.28341E+18 % total
];

MAT_un_H = [
3.02359E-02 2.19528E-02 % U235
1.74392E-02 1.69538E-02 % U238
0.00000E+00 0.00000E+00 % lost data
4.76751E-02 9.64651E+05 % total
];

MAT_un_SF = [
2.90404E+00 2.10848E+00 % U235
1.39179E+04 1.35305E+04 % U238
0.00000E+00 0.00000E+00 % lost data
1.39208E+04 1.03679E+08 % total
];

MAT_un_GSRC = [
5.09622E+10 3.70011E+10 % U235
2.25729E+09 2.19445E+09 % U238
0.00000E+00 0.00000E+00 % lost data
5.32195E+10 3.52979E+18 % total
];

MAT_un_ING_TOX = [
1.89569E+03 1.37637E+03 % U235
1.14708E+03 1.11515E+03 % U238
0.00000E+00 0.00000E+00 % lost data
3.04277E+03 2.23561E+09 % total
];

MAT_un_INH_TOX = [
3.42838E+05 2.48918E+05 % U235
2.03925E+05 1.98249E+05 % U238
0.00000E+00 0.00000E+00 % lost data
5.46763E+05 8.02688E+10 % total
];

TOT_VOLUME = [ 2.67364E+05 2.67364E+05 ];

TOT_BURNUP = [ 0.00000E+00 4.28733E+01 ];

TOT_ADENS = [
4.83387E-03 3.50963E-03 % U235
1.93936E-02 1.88538E-02 % U238
0.00000E+00 2.96222E-30 % lost data
7.26897E-02 7.38006E-02 % total
];

TOT_MASS = [
5.04432E+05 3.66243E+05 % U235
2.04969E+06 1.99263E+06 % U238
0.00000E+00 0.00000E+00 % lost data
2.88753E+06 2.88716E+06 % total
];

TOT_A = [
4.03339E+10 2.92845E+10 % U235
2.54906E+10 2.47811E+10 % U238
0.00000E+00 0.00000E+00 % lost data
6.58245E+10 3.28341E+18 % total
];

TOT_H = [
3.02359E-02 2.19528E-02 % U235
1.74392E-02 1.69538E-02 % U238
0.00000E+00 0.00000E+00 % lost data
4.76751E-02 9.64651E+05 % total
];

TOT_SF = [
2.90404E+00 2.10848E+00 % U235
1.39179E+04 1.35305E+04 % U238
0.00000E+00 0.00000E+00 % lost data
1.39208E+04 1.03679E+08 % total
];

TOT_GSRC = [
5.09622E+10 3.70011E+10 % U235
2.25729E+09 2.19445E+09 % U238
0.00000E+00 0.00000E+00 % lost data
5.32195E+10 3.52979E+18 % total
];

TOT_ING_TOX = [
1.89569E+03 1.37637E+03 % U235
1.14708E+03 1.11515E+03 % U238
0.00000E+00 0.00000E+00 % lost data
3.04277E+03 2.23561E+09 % total
];

TOT_INH_TOX = [
3.42838E+05 2.48918E+05 % U235
2.03925E+05 1.98249E+05 % U238
0.00000E+00 0.00000E+00 % lost data
5.46763E+05 8.02688E+10 % total
];

BU = [ 0.00000E+00 4.28719E+01 ];

DAYS = [ 0.00000E+00 7.30000E+03 ];
