
ZAI = [
922350
922380
666
0
];

NAMES = [
'U235            '
'U238            '
'lost            '
'total           '
];

i922350 = 1; iU235             = 1;
i922380 = 2; iU238             = 2;
iLOST    = 3;
iTOT     = 4;

MAT_un_VOLUME = [ 2.67113E+05 2.67113E+05 ];

MAT_un_BURNUP = [ 0.00000E+00 4.29136E+01 ];

MAT_un_ADENS = [
4.83387E-03 3.50859E-03 % U235
1.93936E-02 1.88542E-02 % U238
0.00000E+00 4.22982E-30 % lost data
7.26897E-02 7.38017E-02 % total
];

MAT_un_MDENS = [
1.88669E+00 1.36942E+00 % U235
7.66628E+00 7.45306E+00 % U238
0.00000E+00 0.00000E+00 % lost data
1.08000E+01 1.07986E+01 % total
];

MAT_un_A = [
4.02960E+10 2.92483E+10 % U235
2.54667E+10 2.47584E+10 % U238
0.00000E+00 0.00000E+00 % lost data
6.57627E+10 3.28278E+18 % total
];

MAT_un_H = [
3.02075E-02 2.19257E-02 % U235
1.74228E-02 1.69382E-02 % U238
0.00000E+00 0.00000E+00 % lost data
4.76304E-02 9.64619E+05 % total
];

MAT_un_SF = [
2.90131E+00 2.10587E+00 % U235
1.39048E+04 1.35181E+04 % U238
0.00000E+00 0.00000E+00 % lost data
1.39077E+04 1.03957E+08 % total
];

MAT_un_GSRC = [
5.09143E+10 3.69554E+10 % U235
2.25517E+09 2.19244E+09 % U238
0.00000E+00 0.00000E+00 % lost data
5.31695E+10 3.52899E+18 % total
];

MAT_un_ING_TOX = [
1.89391E+03 1.37467E+03 % U235
1.14600E+03 1.11413E+03 % U238
0.00000E+00 0.00000E+00 % lost data
3.03991E+03 2.23551E+09 % total
];

MAT_un_INH_TOX = [
3.42516E+05 2.48610E+05 % U235
2.03733E+05 1.98067E+05 % U238
0.00000E+00 0.00000E+00 % lost data
5.46250E+05 8.02871E+10 % total
];

TOT_VOLUME = [ 2.67113E+05 2.67113E+05 ];

TOT_BURNUP = [ 0.00000E+00 4.29136E+01 ];

TOT_ADENS = [
4.83387E-03 3.50859E-03 % U235
1.93936E-02 1.88542E-02 % U238
0.00000E+00 4.22982E-30 % lost data
7.26897E-02 7.38017E-02 % total
];

TOT_MASS = [
5.03959E+05 3.65791E+05 % U235
2.04776E+06 1.99081E+06 % U238
0.00000E+00 0.00000E+00 % lost data
2.88482E+06 2.88444E+06 % total
];

TOT_A = [
4.02960E+10 2.92483E+10 % U235
2.54667E+10 2.47584E+10 % U238
0.00000E+00 0.00000E+00 % lost data
6.57627E+10 3.28278E+18 % total
];

TOT_H = [
3.02075E-02 2.19257E-02 % U235
1.74228E-02 1.69382E-02 % U238
0.00000E+00 0.00000E+00 % lost data
4.76304E-02 9.64619E+05 % total
];

TOT_SF = [
2.90131E+00 2.10587E+00 % U235
1.39048E+04 1.35181E+04 % U238
0.00000E+00 0.00000E+00 % lost data
1.39077E+04 1.03957E+08 % total
];

TOT_GSRC = [
5.09143E+10 3.69554E+10 % U235
2.25517E+09 2.19244E+09 % U238
0.00000E+00 0.00000E+00 % lost data
5.31695E+10 3.52899E+18 % total
];

TOT_ING_TOX = [
1.89391E+03 1.37467E+03 % U235
1.14600E+03 1.11413E+03 % U238
0.00000E+00 0.00000E+00 % lost data
3.03991E+03 2.23551E+09 % total
];

TOT_INH_TOX = [
3.42516E+05 2.48610E+05 % U235
2.03733E+05 1.98067E+05 % U238
0.00000E+00 0.00000E+00 % lost data
5.46250E+05 8.02871E+10 % total
];

BU = [ 0.00000E+00 4.29122E+01 ];

DAYS = [ 0.00000E+00 7.30000E+03 ];
