
DETassem1 = [
    1    1    1    1    1    1    1    1    1    1  0.00000E+00 0.00000 
    2    1    1    1    1    1    1    1    1    2  0.00000E+00 0.00000 
    3    1    1    1    1    1    1    1    1    3  0.00000E+00 0.00000 
    4    1    1    1    1    1    1    1    1    4  0.00000E+00 0.00000 
    5    1    1    1    1    1    1    1    1    5  0.00000E+00 0.00000 
    6    1    1    1    1    1    1    1    1    6  0.00000E+00 0.00000 
    7    1    1    1    1    1    1    1    1    7  0.00000E+00 0.00000 
    8    1    1    1    1    1    1    1    1    8  1.81741E+04 0.00369 
    9    1    1    1    1    1    1    1    1    9  1.37348E+04 0.00407 
   10    1    1    1    1    1    1    1    1   10  0.00000E+00 0.00000 
   11    1    1    1    1    1    1    1    1   11  9.83322E+03 0.00452 
   12    1    1    1    1    1    1    1    2    1  1.94006E+04 0.00365 
   13    1    1    1    1    1    1    1    2    2  0.00000E+00 0.00000 
   14    1    1    1    1    1    1    1    2    3  0.00000E+00 0.00000 
   15    1    1    1    1    1    1    1    2    4  0.00000E+00 0.00000 
   16    1    1    1    1    1    1    1    2    5  0.00000E+00 0.00000 
   17    1    1    1    1    1    1    1    2    6  1.94832E+04 0.00356 
   18    1    1    1    1    1    1    1    2    7  1.56332E+04 0.00373 
   19    1    1    1    1    1    1    1    2    8  0.00000E+00 0.00000 
   20    1    1    1    1    1    1    1    2    9  1.09179E+04 0.00439 
   21    1    1    1    1    1    1    1    2   10  9.97843E+03 0.00456 
   22    1    1    1    1    1    1    1    2   11  0.00000E+00 0.00000 
   23    1    1    1    1    1    1    1    3    1  1.57107E+04 0.00381 
   24    1    1    1    1    1    1    1    3    2  1.81175E+04 0.00362 
   25    1    1    1    1    1    1    1    3    3  0.00000E+00 0.00000 
   26    1    1    1    1    1    1    1    3    4  1.81783E+04 0.00371 
   27    1    1    1    1    1    1    1    3    5  1.56170E+04 0.00389 
   28    1    1    1    1    1    1    1    3    6  0.00000E+00 0.00000 
   29    1    1    1    1    1    1    1    3    7  1.18378E+04 0.00429 
   30    1    1    1    1    1    1    1    3    8  1.06904E+04 0.00433 
   31    1    1    1    1    1    1    1    3    9  0.00000E+00 0.00000 
   32    1    1    1    1    1    1    1    3   10  9.13446E+03 0.00459 
   33    1    1    1    1    1    1    1    3   11  8.77166E+03 0.00447 
   34    1    1    1    1    1    1    1    4    1  0.00000E+00 0.00000 
   35    1    1    1    1    1    1    1    4    2  1.38592E+04 0.00405 
   36    1    1    1    1    1    1    1    4    3  1.37979E+04 0.00397 
   37    1    1    1    1    1    1    1    4    4  0.00000E+00 0.00000 
   38    1    1    1    1    1    1    1    4    5  1.18996E+04 0.00422 
   39    1    1    1    1    1    1    1    4    6  1.10000E+04 0.00436 
   40    1    1    1    1    1    1    1    4    7  0.00000E+00 0.00000 
   41    1    1    1    1    1    1    1    4    8  9.47954E+03 0.00452 
   42    1    1    1    1    1    1    1    4    9  9.07886E+03 0.00453 
   43    1    1    1    1    1    1    1    4   10  0.00000E+00 0.00000 
   44    1    1    1    1    1    1    1    4   11  8.51012E+03 0.00458 
   45    1    1    1    1    1    1    1    5    1  1.10445E+04 0.00426 
   46    1    1    1    1    1    1    1    5    2  0.00000E+00 0.00000 
   47    1    1    1    1    1    1    1    5    3  1.10103E+04 0.00425 
   48    1    1    1    1    1    1    1    5    4  1.07391E+04 0.00433 
   49    1    1    1    1    1    1    1    5    5  0.00000E+00 0.00000 
   50    1    1    1    1    1    1    1    5    6  9.55068E+03 0.00452 
   51    1    1    1    1    1    1    1    5    7  9.30487E+03 0.00448 
   52    1    1    1    1    1    1    1    5    8  0.00000E+00 0.00000 
   53    1    1    1    1    1    1    1    5    9  8.49163E+03 0.00473 
   54    1    1    1    1    1    1    1    5   10  8.40077E+03 0.00459 
   55    1    1    1    1    1    1    1    5   11  0.00000E+00 0.00000 
   56    1    1    1    1    1    1    1    6    1  9.92655E+03 0.00448 
   57    1    1    1    1    1    1    1    6    2  9.92057E+03 0.00456 
   58    1    1    1    1    1    1    1    6    3  0.00000E+00 0.00000 
   59    1    1    1    1    1    1    1    6    4  9.49859E+03 0.00451 
   60    1    1    1    1    1    1    1    6    5  9.21197E+03 0.00452 
   61    1    1    1    1    1    1    1    6    6  0.00000E+00 0.00000 
   62    1    1    1    1    1    1    1    6    7  8.69827E+03 0.00461 
   63    1    1    1    1    1    1    1    6    8  8.49081E+03 0.00468 
   64    1    1    1    1    1    1    1    6    9  0.00000E+00 0.00000 
   65    1    1    1    1    1    1    1    6   10  8.23313E+03 0.00475 
   66    1    1    1    1    1    1    1    6   11  8.16635E+03 0.00476 
   67    1    1    1    1    1    1    1    7    1  0.00000E+00 0.00000 
   68    1    1    1    1    1    1    1    7    2  9.11361E+03 0.00445 
   69    1    1    1    1    1    1    1    7    3  9.06015E+03 0.00450 
   70    1    1    1    1    1    1    1    7    4  0.00000E+00 0.00000 
   71    1    1    1    1    1    1    1    7    5  8.81808E+03 0.00453 
   72    1    1    1    1    1    1    1    7    6  8.51938E+03 0.00463 
   73    1    1    1    1    1    1    1    7    7  0.00000E+00 0.00000 
   74    1    1    1    1    1    1    1    7    8  8.28310E+03 0.00477 
   75    1    1    1    1    1    1    1    7    9  8.10091E+03 0.00461 
   76    1    1    1    1    1    1    1    7   10  0.00000E+00 0.00000 
   77    1    1    1    1    1    1    1    7   11  8.04480E+03 0.00493 
   78    1    1    1    1    1    1    1    8    1  8.76346E+03 0.00460 
   79    1    1    1    1    1    1    1    8    2  0.00000E+00 0.00000 
   80    1    1    1    1    1    1    1    8    3  8.59174E+03 0.00462 
   81    1    1    1    1    1    1    1    8    4  8.55554E+03 0.00460 
   82    1    1    1    1    1    1    1    8    5  0.00000E+00 0.00000 
   83    1    1    1    1    1    1    1    8    6  8.31845E+03 0.00478 
   84    1    1    1    1    1    1    1    8    7  8.12583E+03 0.00473 
   85    1    1    1    1    1    1    1    8    8  0.00000E+00 0.00000 
   86    1    1    1    1    1    1    1    8    9  8.07048E+03 0.00477 
   87    1    1    1    1    1    1    1    8   10  7.89386E+03 0.00481 
   88    1    1    1    1    1    1    1    8   11  0.00000E+00 0.00000 
   89    1    1    1    1    1    1    1    9    1  8.59683E+03 0.00463 
   90    1    1    1    1    1    1    1    9    2  8.44587E+03 0.00466 
   91    1    1    1    1    1    1    1    9    3  0.00000E+00 0.00000 
   92    1    1    1    1    1    1    1    9    4  8.26712E+03 0.00458 
   93    1    1    1    1    1    1    1    9    5  8.20720E+03 0.00473 
   94    1    1    1    1    1    1    1    9    6  0.00000E+00 0.00000 
   95    1    1    1    1    1    1    1    9    7  8.00838E+03 0.00476 
   96    1    1    1    1    1    1    1    9    8  7.95876E+03 0.00469 
   97    1    1    1    1    1    1    1    9    9  0.00000E+00 0.00000 
   98    1    1    1    1    1    1    1    9   10  7.68292E+03 0.00494 
   99    1    1    1    1    1    1    1    9   11  7.68845E+03 0.00488 
  100    1    1    1    1    1    1    1   10    1  0.00000E+00 0.00000 
  101    1    1    1    1    1    1    1   10    2  8.26367E+03 0.00469 
  102    1    1    1    1    1    1    1   10    3  8.13130E+03 0.00476 
  103    1    1    1    1    1    1    1   10    4  0.00000E+00 0.00000 
  104    1    1    1    1    1    1    1   10    5  7.99570E+03 0.00463 
  105    1    1    1    1    1    1    1   10    6  7.92090E+03 0.00473 
  106    1    1    1    1    1    1    1   10    7  0.00000E+00 0.00000 
  107    1    1    1    1    1    1    1   10    8  7.72778E+03 0.00493 
  108    1    1    1    1    1    1    1   10    9  7.66913E+03 0.00482 
  109    1    1    1    1    1    1    1   10   10  0.00000E+00 0.00000 
