
ZAI = [
922350
922380
666
0
];

NAMES = [
'U235            '
'U238            '
'lost            '
'total           '
];

i922350 = 1; iU235             = 1;
i922380 = 2; iU238             = 2;
iLOST    = 3;
iTOT     = 4;

MAT_un_VOLUME = [ 2.67148E+05 2.67148E+05 ];

MAT_un_BURNUP = [ 0.00000E+00 4.29080E+01 ];

MAT_un_ADENS = [
4.83387E-03 3.50847E-03 % U235
1.93936E-02 1.88527E-02 % U238
0.00000E+00 3.79967E-30 % lost data
7.26897E-02 7.38015E-02 % total
];

MAT_un_MDENS = [
1.88669E+00 1.36938E+00 % U235
7.66628E+00 7.45245E+00 % U238
0.00000E+00 0.00000E+00 % lost data
1.08000E+01 1.07986E+01 % total
];

MAT_un_A = [
4.03013E+10 2.92511E+10 % U235
2.54700E+10 2.47596E+10 % U238
0.00000E+00 0.00000E+00 % lost data
6.57713E+10 3.28429E+18 % total
];

MAT_un_H = [
3.02115E-02 2.19278E-02 % U235
1.74251E-02 1.69391E-02 % U238
0.00000E+00 0.00000E+00 % lost data
4.76366E-02 9.64726E+05 % total
];

MAT_un_SF = [
2.90169E+00 2.10608E+00 % U235
1.39066E+04 1.35187E+04 % U238
0.00000E+00 0.00000E+00 % lost data
1.39095E+04 1.03991E+08 % total
];

MAT_un_GSRC = [
5.09210E+10 3.69590E+10 % U235
2.25546E+09 2.19255E+09 % U238
0.00000E+00 0.00000E+00 % lost data
5.31764E+10 3.53082E+18 % total
];

MAT_un_ING_TOX = [
1.89416E+03 1.37480E+03 % U235
1.14615E+03 1.11418E+03 % U238
0.00000E+00 0.00000E+00 % lost data
3.04031E+03 2.23644E+09 % total
];

MAT_un_INH_TOX = [
3.42561E+05 2.48634E+05 % U235
2.03760E+05 1.98077E+05 % U238
0.00000E+00 0.00000E+00 % lost data
5.46321E+05 8.04324E+10 % total
];

TOT_VOLUME = [ 2.67148E+05 2.67148E+05 ];

TOT_BURNUP = [ 0.00000E+00 4.29080E+01 ];

TOT_ADENS = [
4.83387E-03 3.50847E-03 % U235
1.93936E-02 1.88527E-02 % U238
0.00000E+00 3.79967E-30 % lost data
7.26897E-02 7.38015E-02 % total
];

TOT_MASS = [
5.04024E+05 3.65826E+05 % U235
2.04803E+06 1.99090E+06 % U238
0.00000E+00 0.00000E+00 % lost data
2.88519E+06 2.88482E+06 % total
];

TOT_A = [
4.03013E+10 2.92511E+10 % U235
2.54700E+10 2.47596E+10 % U238
0.00000E+00 0.00000E+00 % lost data
6.57713E+10 3.28429E+18 % total
];

TOT_H = [
3.02115E-02 2.19278E-02 % U235
1.74251E-02 1.69391E-02 % U238
0.00000E+00 0.00000E+00 % lost data
4.76366E-02 9.64726E+05 % total
];

TOT_SF = [
2.90169E+00 2.10608E+00 % U235
1.39066E+04 1.35187E+04 % U238
0.00000E+00 0.00000E+00 % lost data
1.39095E+04 1.03991E+08 % total
];

TOT_GSRC = [
5.09210E+10 3.69590E+10 % U235
2.25546E+09 2.19255E+09 % U238
0.00000E+00 0.00000E+00 % lost data
5.31764E+10 3.53082E+18 % total
];

TOT_ING_TOX = [
1.89416E+03 1.37480E+03 % U235
1.14615E+03 1.11418E+03 % U238
0.00000E+00 0.00000E+00 % lost data
3.04031E+03 2.23644E+09 % total
];

TOT_INH_TOX = [
3.42561E+05 2.48634E+05 % U235
2.03760E+05 1.98077E+05 % U238
0.00000E+00 0.00000E+00 % lost data
5.46321E+05 8.04324E+10 % total
];

BU = [ 0.00000E+00 4.29066E+01 ];

DAYS = [ 0.00000E+00 7.30000E+03 ];
