
DETassem1 = [
    1    1    1    1    1    1    1    1    1    1  0.00000E+00 0.00000 
    2    1    1    1    1    1    1    1    1    2  0.00000E+00 0.00000 
    3    1    1    1    1    1    1    1    1    3  0.00000E+00 0.00000 
    4    1    1    1    1    1    1    1    1    4  0.00000E+00 0.00000 
    5    1    1    1    1    1    1    1    1    5  0.00000E+00 0.00000 
    6    1    1    1    1    1    1    1    1    6  0.00000E+00 0.00000 
    7    1    1    1    1    1    1    1    1    7  0.00000E+00 0.00000 
    8    1    1    1    1    1    1    1    1    8  1.84455E+04 0.00366 
    9    1    1    1    1    1    1    1    1    9  1.40267E+04 0.00406 
   10    1    1    1    1    1    1    1    1   10  0.00000E+00 0.00000 
   11    1    1    1    1    1    1    1    1   11  1.01657E+04 0.00436 
   12    1    1    1    1    1    1    1    2    1  1.99700E+04 0.00350 
   13    1    1    1    1    1    1    1    2    2  0.00000E+00 0.00000 
   14    1    1    1    1    1    1    1    2    3  0.00000E+00 0.00000 
   15    1    1    1    1    1    1    1    2    4  0.00000E+00 0.00000 
   16    1    1    1    1    1    1    1    2    5  0.00000E+00 0.00000 
   17    1    1    1    1    1    1    1    2    6  2.01144E+04 0.00354 
   18    1    1    1    1    1    1    1    2    7  1.59959E+04 0.00393 
   19    1    1    1    1    1    1    1    2    8  0.00000E+00 0.00000 
   20    1    1    1    1    1    1    1    2    9  1.13903E+04 0.00427 
   21    1    1    1    1    1    1    1    2   10  1.01824E+04 0.00431 
   22    1    1    1    1    1    1    1    2   11  0.00000E+00 0.00000 
   23    1    1    1    1    1    1    1    3    1  1.58642E+04 0.00388 
   24    1    1    1    1    1    1    1    3    2  1.84758E+04 0.00370 
   25    1    1    1    1    1    1    1    3    3  0.00000E+00 0.00000 
   26    1    1    1    1    1    1    1    3    4  1.84913E+04 0.00372 
   27    1    1    1    1    1    1    1    3    5  1.59567E+04 0.00383 
   28    1    1    1    1    1    1    1    3    6  0.00000E+00 0.00000 
   29    1    1    1    1    1    1    1    3    7  1.21127E+04 0.00417 
   30    1    1    1    1    1    1    1    3    8  1.09514E+04 0.00440 
   31    1    1    1    1    1    1    1    3    9  0.00000E+00 0.00000 
   32    1    1    1    1    1    1    1    3   10  9.44219E+03 0.00449 
   33    1    1    1    1    1    1    1    3   11  9.00121E+03 0.00458 
   34    1    1    1    1    1    1    1    4    1  0.00000E+00 0.00000 
   35    1    1    1    1    1    1    1    4    2  1.40652E+04 0.00395 
   36    1    1    1    1    1    1    1    4    3  1.40532E+04 0.00396 
   37    1    1    1    1    1    1    1    4    4  0.00000E+00 0.00000 
   38    1    1    1    1    1    1    1    4    5  1.20796E+04 0.00424 
   39    1    1    1    1    1    1    1    4    6  1.12283E+04 0.00422 
   40    1    1    1    1    1    1    1    4    7  0.00000E+00 0.00000 
   41    1    1    1    1    1    1    1    4    8  9.72502E+03 0.00432 
   42    1    1    1    1    1    1    1    4    9  9.22691E+03 0.00458 
   43    1    1    1    1    1    1    1    4   10  0.00000E+00 0.00000 
   44    1    1    1    1    1    1    1    4   11  8.62631E+03 0.00457 
   45    1    1    1    1    1    1    1    5    1  1.13071E+04 0.00415 
   46    1    1    1    1    1    1    1    5    2  0.00000E+00 0.00000 
   47    1    1    1    1    1    1    1    5    3  1.12536E+04 0.00416 
   48    1    1    1    1    1    1    1    5    4  1.08893E+04 0.00435 
   49    1    1    1    1    1    1    1    5    5  0.00000E+00 0.00000 
   50    1    1    1    1    1    1    1    5    6  9.81030E+03 0.00443 
   51    1    1    1    1    1    1    1    5    7  9.36869E+03 0.00438 
   52    1    1    1    1    1    1    1    5    8  0.00000E+00 0.00000 
   53    1    1    1    1    1    1    1    5    9  8.79359E+03 0.00453 
   54    1    1    1    1    1    1    1    5   10  8.60297E+03 0.00458 
   55    1    1    1    1    1    1    1    5   11  0.00000E+00 0.00000 
   56    1    1    1    1    1    1    1    6    1  1.00839E+04 0.00447 
   57    1    1    1    1    1    1    1    6    2  1.01496E+04 0.00445 
   58    1    1    1    1    1    1    1    6    3  0.00000E+00 0.00000 
   59    1    1    1    1    1    1    1    6    4  9.72367E+03 0.00454 
   60    1    1    1    1    1    1    1    6    5  9.36954E+03 0.00452 
   61    1    1    1    1    1    1    1    6    6  0.00000E+00 0.00000 
   62    1    1    1    1    1    1    1    6    7  8.78363E+03 0.00457 
   63    1    1    1    1    1    1    1    6    8  8.55989E+03 0.00454 
   64    1    1    1    1    1    1    1    6    9  0.00000E+00 0.00000 
   65    1    1    1    1    1    1    1    6   10  8.40898E+03 0.00470 
   66    1    1    1    1    1    1    1    6   11  8.26836E+03 0.00471 
   67    1    1    1    1    1    1    1    7    1  0.00000E+00 0.00000 
   68    1    1    1    1    1    1    1    7    2  9.39026E+03 0.00450 
   69    1    1    1    1    1    1    1    7    3  9.21717E+03 0.00464 
   70    1    1    1    1    1    1    1    7    4  0.00000E+00 0.00000 
   71    1    1    1    1    1    1    1    7    5  8.79834E+03 0.00462 
   72    1    1    1    1    1    1    1    7    6  8.64864E+03 0.00462 
   73    1    1    1    1    1    1    1    7    7  0.00000E+00 0.00000 
   74    1    1    1    1    1    1    1    7    8  8.33510E+03 0.00473 
   75    1    1    1    1    1    1    1    7    9  8.23495E+03 0.00465 
   76    1    1    1    1    1    1    1    7   10  0.00000E+00 0.00000 
   77    1    1    1    1    1    1    1    7   11  8.07464E+03 0.00467 
   78    1    1    1    1    1    1    1    8    1  8.98500E+03 0.00456 
   79    1    1    1    1    1    1    1    8    2  0.00000E+00 0.00000 
   80    1    1    1    1    1    1    1    8    3  8.70520E+03 0.00454 
   81    1    1    1    1    1    1    1    8    4  8.58597E+03 0.00470 
   82    1    1    1    1    1    1    1    8    5  0.00000E+00 0.00000 
   83    1    1    1    1    1    1    1    8    6  8.44268E+03 0.00462 
   84    1    1    1    1    1    1    1    8    7  8.19587E+03 0.00468 
   85    1    1    1    1    1    1    1    8    8  0.00000E+00 0.00000 
   86    1    1    1    1    1    1    1    8    9  8.05518E+03 0.00463 
   87    1    1    1    1    1    1    1    8   10  8.06457E+03 0.00463 
   88    1    1    1    1    1    1    1    8   11  0.00000E+00 0.00000 
   89    1    1    1    1    1    1    1    9    1  8.68112E+03 0.00451 
   90    1    1    1    1    1    1    1    9    2  8.60577E+03 0.00455 
   91    1    1    1    1    1    1    1    9    3  0.00000E+00 0.00000 
   92    1    1    1    1    1    1    1    9    4  8.37551E+03 0.00469 
   93    1    1    1    1    1    1    1    9    5  8.29853E+03 0.00472 
   94    1    1    1    1    1    1    1    9    6  0.00000E+00 0.00000 
   95    1    1    1    1    1    1    1    9    7  8.13611E+03 0.00477 
   96    1    1    1    1    1    1    1    9    8  7.99408E+03 0.00468 
   97    1    1    1    1    1    1    1    9    9  0.00000E+00 0.00000 
   98    1    1    1    1    1    1    1    9   10  7.84409E+03 0.00481 
   99    1    1    1    1    1    1    1    9   11  7.79382E+03 0.00478 
  100    1    1    1    1    1    1    1   10    1  0.00000E+00 0.00000 
  101    1    1    1    1    1    1    1   10    2  8.37620E+03 0.00471 
  102    1    1    1    1    1    1    1   10    3  8.27911E+03 0.00474 
  103    1    1    1    1    1    1    1   10    4  0.00000E+00 0.00000 
  104    1    1    1    1    1    1    1   10    5  8.10860E+03 0.00480 
  105    1    1    1    1    1    1    1   10    6  8.06622E+03 0.00473 
  106    1    1    1    1    1    1    1   10    7  0.00000E+00 0.00000 
  107    1    1    1    1    1    1    1   10    8  7.76705E+03 0.00476 
  108    1    1    1    1    1    1    1   10    9  7.68571E+03 0.00491 
  109    1    1    1    1    1    1    1   10   10  0.00000E+00 0.00000 
