
DETassem1 = [
    1    1    1    1    1    1    1    1    1    1  0.00000E+00 0.00000 
    2    1    1    1    1    1    1    1    1    2  0.00000E+00 0.00000 
    3    1    1    1    1    1    1    1    1    3  0.00000E+00 0.00000 
    4    1    1    1    1    1    1    1    1    4  0.00000E+00 0.00000 
    5    1    1    1    1    1    1    1    1    5  0.00000E+00 0.00000 
    6    1    1    1    1    1    1    1    1    6  0.00000E+00 0.00000 
    7    1    1    1    1    1    1    1    1    7  0.00000E+00 0.00000 
    8    1    1    1    1    1    1    1    1    8  1.72970E+04 0.00362 
    9    1    1    1    1    1    1    1    1    9  1.34288E+04 0.00391 
   10    1    1    1    1    1    1    1    1   10  0.00000E+00 0.00000 
   11    1    1    1    1    1    1    1    1   11  1.01716E+04 0.00424 
   12    1    1    1    1    1    1    1    2    1  1.86759E+04 0.00353 
   13    1    1    1    1    1    1    1    2    2  0.00000E+00 0.00000 
   14    1    1    1    1    1    1    1    2    3  0.00000E+00 0.00000 
   15    1    1    1    1    1    1    1    2    4  0.00000E+00 0.00000 
   16    1    1    1    1    1    1    1    2    5  0.00000E+00 0.00000 
   17    1    1    1    1    1    1    1    2    6  1.86536E+04 0.00352 
   18    1    1    1    1    1    1    1    2    7  1.51453E+04 0.00373 
   19    1    1    1    1    1    1    1    2    8  0.00000E+00 0.00000 
   20    1    1    1    1    1    1    1    2    9  1.11671E+04 0.00414 
   21    1    1    1    1    1    1    1    2   10  1.00694E+04 0.00429 
   22    1    1    1    1    1    1    1    2   11  0.00000E+00 0.00000 
   23    1    1    1    1    1    1    1    3    1  1.51632E+04 0.00380 
   24    1    1    1    1    1    1    1    3    2  1.73532E+04 0.00362 
   25    1    1    1    1    1    1    1    3    3  0.00000E+00 0.00000 
   26    1    1    1    1    1    1    1    3    4  1.73924E+04 0.00362 
   27    1    1    1    1    1    1    1    3    5  1.51112E+04 0.00384 
   28    1    1    1    1    1    1    1    3    6  0.00000E+00 0.00000 
   29    1    1    1    1    1    1    1    3    7  1.18171E+04 0.00414 
   30    1    1    1    1    1    1    1    3    8  1.08539E+04 0.00422 
   31    1    1    1    1    1    1    1    3    9  0.00000E+00 0.00000 
   32    1    1    1    1    1    1    1    3   10  9.47626E+03 0.00448 
   33    1    1    1    1    1    1    1    3   11  9.11287E+03 0.00427 
   34    1    1    1    1    1    1    1    4    1  0.00000E+00 0.00000 
   35    1    1    1    1    1    1    1    4    2  1.33757E+04 0.00393 
   36    1    1    1    1    1    1    1    4    3  1.34323E+04 0.00400 
   37    1    1    1    1    1    1    1    4    4  0.00000E+00 0.00000 
   38    1    1    1    1    1    1    1    4    5  1.18788E+04 0.00405 
   39    1    1    1    1    1    1    1    4    6  1.09512E+04 0.00413 
   40    1    1    1    1    1    1    1    4    7  0.00000E+00 0.00000 
   41    1    1    1    1    1    1    1    4    8  9.64960E+03 0.00429 
   42    1    1    1    1    1    1    1    4    9  9.23759E+03 0.00432 
   43    1    1    1    1    1    1    1    4   10  0.00000E+00 0.00000 
   44    1    1    1    1    1    1    1    4   11  8.85271E+03 0.00445 
   45    1    1    1    1    1    1    1    5    1  1.11038E+04 0.00410 
   46    1    1    1    1    1    1    1    5    2  0.00000E+00 0.00000 
   47    1    1    1    1    1    1    1    5    3  1.10316E+04 0.00416 
   48    1    1    1    1    1    1    1    5    4  1.08080E+04 0.00417 
   49    1    1    1    1    1    1    1    5    5  0.00000E+00 0.00000 
   50    1    1    1    1    1    1    1    5    6  9.68169E+03 0.00434 
   51    1    1    1    1    1    1    1    5    7  9.25492E+03 0.00431 
   52    1    1    1    1    1    1    1    5    8  0.00000E+00 0.00000 
   53    1    1    1    1    1    1    1    5    9  8.84631E+03 0.00439 
   54    1    1    1    1    1    1    1    5   10  8.70076E+03 0.00449 
   55    1    1    1    1    1    1    1    5   11  0.00000E+00 0.00000 
   56    1    1    1    1    1    1    1    6    1  1.00840E+04 0.00431 
   57    1    1    1    1    1    1    1    6    2  1.01032E+04 0.00436 
   58    1    1    1    1    1    1    1    6    3  0.00000E+00 0.00000 
   59    1    1    1    1    1    1    1    6    4  9.66225E+03 0.00423 
   60    1    1    1    1    1    1    1    6    5  9.28185E+03 0.00434 
   61    1    1    1    1    1    1    1    6    6  0.00000E+00 0.00000 
   62    1    1    1    1    1    1    1    6    7  8.92397E+03 0.00451 
   63    1    1    1    1    1    1    1    6    8  8.69520E+03 0.00448 
   64    1    1    1    1    1    1    1    6    9  0.00000E+00 0.00000 
   65    1    1    1    1    1    1    1    6   10  8.59360E+03 0.00454 
   66    1    1    1    1    1    1    1    6   11  8.50728E+03 0.00443 
   67    1    1    1    1    1    1    1    7    1  0.00000E+00 0.00000 
   68    1    1    1    1    1    1    1    7    2  9.40588E+03 0.00440 
   69    1    1    1    1    1    1    1    7    3  9.24450E+03 0.00435 
   70    1    1    1    1    1    1    1    7    4  0.00000E+00 0.00000 
   71    1    1    1    1    1    1    1    7    5  8.96035E+03 0.00438 
   72    1    1    1    1    1    1    1    7    6  8.75557E+03 0.00448 
   73    1    1    1    1    1    1    1    7    7  0.00000E+00 0.00000 
   74    1    1    1    1    1    1    1    7    8  8.49142E+03 0.00462 
   75    1    1    1    1    1    1    1    7    9  8.44593E+03 0.00456 
   76    1    1    1    1    1    1    1    7   10  0.00000E+00 0.00000 
   77    1    1    1    1    1    1    1    7   11  8.19518E+03 0.00457 
   78    1    1    1    1    1    1    1    8    1  9.05002E+03 0.00438 
   79    1    1    1    1    1    1    1    8    2  0.00000E+00 0.00000 
   80    1    1    1    1    1    1    1    8    3  8.79493E+03 0.00437 
   81    1    1    1    1    1    1    1    8    4  8.74445E+03 0.00438 
   82    1    1    1    1    1    1    1    8    5  0.00000E+00 0.00000 
   83    1    1    1    1    1    1    1    8    6  8.52130E+03 0.00442 
   84    1    1    1    1    1    1    1    8    7  8.32735E+03 0.00466 
   85    1    1    1    1    1    1    1    8    8  0.00000E+00 0.00000 
   86    1    1    1    1    1    1    1    8    9  8.37501E+03 0.00463 
   87    1    1    1    1    1    1    1    8   10  8.22189E+03 0.00457 
   88    1    1    1    1    1    1    1    8   11  0.00000E+00 0.00000 
   89    1    1    1    1    1    1    1    9    1  8.81337E+03 0.00450 
   90    1    1    1    1    1    1    1    9    2  8.79702E+03 0.00453 
   91    1    1    1    1    1    1    1    9    3  0.00000E+00 0.00000 
   92    1    1    1    1    1    1    1    9    4  8.50841E+03 0.00459 
   93    1    1    1    1    1    1    1    9    5  8.40045E+03 0.00445 
   94    1    1    1    1    1    1    1    9    6  0.00000E+00 0.00000 
   95    1    1    1    1    1    1    1    9    7  8.25068E+03 0.00462 
   96    1    1    1    1    1    1    1    9    8  8.14880E+03 0.00455 
   97    1    1    1    1    1    1    1    9    9  0.00000E+00 0.00000 
   98    1    1    1    1    1    1    1    9   10  8.08376E+03 0.00467 
   99    1    1    1    1    1    1    1    9   11  7.99692E+03 0.00457 
  100    1    1    1    1    1    1    1   10    1  0.00000E+00 0.00000 
  101    1    1    1    1    1    1    1   10    2  8.56595E+03 0.00450 
  102    1    1    1    1    1    1    1   10    3  8.40611E+03 0.00442 
  103    1    1    1    1    1    1    1   10    4  0.00000E+00 0.00000 
  104    1    1    1    1    1    1    1   10    5  8.25229E+03 0.00459 
  105    1    1    1    1    1    1    1   10    6  8.17201E+03 0.00464 
  106    1    1    1    1    1    1    1   10    7  0.00000E+00 0.00000 
  107    1    1    1    1    1    1    1   10    8  7.97495E+03 0.00473 
  108    1    1    1    1    1    1    1   10    9  7.87858E+03 0.00475 
  109    1    1    1    1    1    1    1   10   10  0.00000E+00 0.00000 
