
DETassem1 = [
    1    1    1    1    1    1    1    1    1    1  0.00000E+00 0.00000 
    2    1    1    1    1    1    1    1    1    2  0.00000E+00 0.00000 
    3    1    1    1    1    1    1    1    1    3  0.00000E+00 0.00000 
    4    1    1    1    1    1    1    1    1    4  0.00000E+00 0.00000 
    5    1    1    1    1    1    1    1    1    5  0.00000E+00 0.00000 
    6    1    1    1    1    1    1    1    1    6  0.00000E+00 0.00000 
    7    1    1    1    1    1    1    1    1    7  0.00000E+00 0.00000 
    8    1    1    1    1    1    1    1    1    8  1.83558E+04 0.00375 
    9    1    1    1    1    1    1    1    1    9  1.39976E+04 0.00411 
   10    1    1    1    1    1    1    1    1   10  0.00000E+00 0.00000 
   11    1    1    1    1    1    1    1    1   11  1.01205E+04 0.00444 
   12    1    1    1    1    1    1    1    2    1  1.98132E+04 0.00357 
   13    1    1    1    1    1    1    1    2    2  0.00000E+00 0.00000 
   14    1    1    1    1    1    1    1    2    3  0.00000E+00 0.00000 
   15    1    1    1    1    1    1    1    2    4  0.00000E+00 0.00000 
   16    1    1    1    1    1    1    1    2    5  0.00000E+00 0.00000 
   17    1    1    1    1    1    1    1    2    6  1.99368E+04 0.00354 
   18    1    1    1    1    1    1    1    2    7  1.59697E+04 0.00372 
   19    1    1    1    1    1    1    1    2    8  0.00000E+00 0.00000 
   20    1    1    1    1    1    1    1    2    9  1.13259E+04 0.00425 
   21    1    1    1    1    1    1    1    2   10  1.01329E+04 0.00441 
   22    1    1    1    1    1    1    1    2   11  0.00000E+00 0.00000 
   23    1    1    1    1    1    1    1    3    1  1.58263E+04 0.00391 
   24    1    1    1    1    1    1    1    3    2  1.84434E+04 0.00381 
   25    1    1    1    1    1    1    1    3    3  0.00000E+00 0.00000 
   26    1    1    1    1    1    1    1    3    4  1.84059E+04 0.00368 
   27    1    1    1    1    1    1    1    3    5  1.59489E+04 0.00376 
   28    1    1    1    1    1    1    1    3    6  0.00000E+00 0.00000 
   29    1    1    1    1    1    1    1    3    7  1.21094E+04 0.00415 
   30    1    1    1    1    1    1    1    3    8  1.08741E+04 0.00427 
   31    1    1    1    1    1    1    1    3    9  0.00000E+00 0.00000 
   32    1    1    1    1    1    1    1    3   10  9.31785E+03 0.00444 
   33    1    1    1    1    1    1    1    3   11  8.89774E+03 0.00454 
   34    1    1    1    1    1    1    1    4    1  0.00000E+00 0.00000 
   35    1    1    1    1    1    1    1    4    2  1.40817E+04 0.00392 
   36    1    1    1    1    1    1    1    4    3  1.39882E+04 0.00409 
   37    1    1    1    1    1    1    1    4    4  0.00000E+00 0.00000 
   38    1    1    1    1    1    1    1    4    5  1.20879E+04 0.00424 
   39    1    1    1    1    1    1    1    4    6  1.11963E+04 0.00426 
   40    1    1    1    1    1    1    1    4    7  0.00000E+00 0.00000 
   41    1    1    1    1    1    1    1    4    8  9.57161E+03 0.00453 
   42    1    1    1    1    1    1    1    4    9  9.17074E+03 0.00461 
   43    1    1    1    1    1    1    1    4   10  0.00000E+00 0.00000 
   44    1    1    1    1    1    1    1    4   11  8.58079E+03 0.00456 
   45    1    1    1    1    1    1    1    5    1  1.12623E+04 0.00435 
   46    1    1    1    1    1    1    1    5    2  0.00000E+00 0.00000 
   47    1    1    1    1    1    1    1    5    3  1.13427E+04 0.00427 
   48    1    1    1    1    1    1    1    5    4  1.09193E+04 0.00432 
   49    1    1    1    1    1    1    1    5    5  0.00000E+00 0.00000 
   50    1    1    1    1    1    1    1    5    6  9.78602E+03 0.00448 
   51    1    1    1    1    1    1    1    5    7  9.37709E+03 0.00442 
   52    1    1    1    1    1    1    1    5    8  0.00000E+00 0.00000 
   53    1    1    1    1    1    1    1    5    9  8.71359E+03 0.00459 
   54    1    1    1    1    1    1    1    5   10  8.60605E+03 0.00464 
   55    1    1    1    1    1    1    1    5   11  0.00000E+00 0.00000 
   56    1    1    1    1    1    1    1    6    1  1.00711E+04 0.00449 
   57    1    1    1    1    1    1    1    6    2  1.00911E+04 0.00436 
   58    1    1    1    1    1    1    1    6    3  0.00000E+00 0.00000 
   59    1    1    1    1    1    1    1    6    4  9.72959E+03 0.00454 
   60    1    1    1    1    1    1    1    6    5  9.31404E+03 0.00448 
   61    1    1    1    1    1    1    1    6    6  0.00000E+00 0.00000 
   62    1    1    1    1    1    1    1    6    7  8.80601E+03 0.00466 
   63    1    1    1    1    1    1    1    6    8  8.58659E+03 0.00462 
   64    1    1    1    1    1    1    1    6    9  0.00000E+00 0.00000 
   65    1    1    1    1    1    1    1    6   10  8.28360E+03 0.00473 
   66    1    1    1    1    1    1    1    6   11  8.26496E+03 0.00468 
   67    1    1    1    1    1    1    1    7    1  0.00000E+00 0.00000 
   68    1    1    1    1    1    1    1    7    2  9.29028E+03 0.00457 
   69    1    1    1    1    1    1    1    7    3  9.20191E+03 0.00447 
   70    1    1    1    1    1    1    1    7    4  0.00000E+00 0.00000 
   71    1    1    1    1    1    1    1    7    5  8.78269E+03 0.00452 
   72    1    1    1    1    1    1    1    7    6  8.63075E+03 0.00472 
   73    1    1    1    1    1    1    1    7    7  0.00000E+00 0.00000 
   74    1    1    1    1    1    1    1    7    8  8.31987E+03 0.00470 
   75    1    1    1    1    1    1    1    7    9  8.28741E+03 0.00475 
   76    1    1    1    1    1    1    1    7   10  0.00000E+00 0.00000 
   77    1    1    1    1    1    1    1    7   11  8.00560E+03 0.00490 
   78    1    1    1    1    1    1    1    8    1  8.91657E+03 0.00456 
   79    1    1    1    1    1    1    1    8    2  0.00000E+00 0.00000 
   80    1    1    1    1    1    1    1    8    3  8.73220E+03 0.00461 
   81    1    1    1    1    1    1    1    8    4  8.63987E+03 0.00469 
   82    1    1    1    1    1    1    1    8    5  0.00000E+00 0.00000 
   83    1    1    1    1    1    1    1    8    6  8.21229E+03 0.00463 
   84    1    1    1    1    1    1    1    8    7  8.12612E+03 0.00471 
   85    1    1    1    1    1    1    1    8    8  0.00000E+00 0.00000 
   86    1    1    1    1    1    1    1    8    9  8.13958E+03 0.00472 
   87    1    1    1    1    1    1    1    8   10  7.97867E+03 0.00473 
   88    1    1    1    1    1    1    1    8   11  0.00000E+00 0.00000 
   89    1    1    1    1    1    1    1    9    1  8.60351E+03 0.00461 
   90    1    1    1    1    1    1    1    9    2  8.48751E+03 0.00469 
   91    1    1    1    1    1    1    1    9    3  0.00000E+00 0.00000 
   92    1    1    1    1    1    1    1    9    4  8.30935E+03 0.00455 
   93    1    1    1    1    1    1    1    9    5  8.11026E+03 0.00473 
   94    1    1    1    1    1    1    1    9    6  0.00000E+00 0.00000 
   95    1    1    1    1    1    1    1    9    7  8.03225E+03 0.00472 
   96    1    1    1    1    1    1    1    9    8  7.98401E+03 0.00481 
   97    1    1    1    1    1    1    1    9    9  0.00000E+00 0.00000 
   98    1    1    1    1    1    1    1    9   10  7.79013E+03 0.00480 
   99    1    1    1    1    1    1    1    9   11  7.69375E+03 0.00488 
  100    1    1    1    1    1    1    1   10    1  0.00000E+00 0.00000 
  101    1    1    1    1    1    1    1   10    2  8.31401E+03 0.00473 
  102    1    1    1    1    1    1    1   10    3  8.17089E+03 0.00475 
  103    1    1    1    1    1    1    1   10    4  0.00000E+00 0.00000 
  104    1    1    1    1    1    1    1   10    5  8.01451E+03 0.00471 
  105    1    1    1    1    1    1    1   10    6  7.94459E+03 0.00483 
  106    1    1    1    1    1    1    1   10    7  0.00000E+00 0.00000 
  107    1    1    1    1    1    1    1   10    8  7.77679E+03 0.00484 
  108    1    1    1    1    1    1    1   10    9  7.67962E+03 0.00488 
  109    1    1    1    1    1    1    1   10   10  0.00000E+00 0.00000 
