
DETassem1 = [
    1    1    1    1    1    1    1    1    1    1  0.00000E+00 0.00000 
    2    1    1    1    1    1    1    1    1    2  0.00000E+00 0.00000 
    3    1    1    1    1    1    1    1    1    3  0.00000E+00 0.00000 
    4    1    1    1    1    1    1    1    1    4  0.00000E+00 0.00000 
    5    1    1    1    1    1    1    1    1    5  0.00000E+00 0.00000 
    6    1    1    1    1    1    1    1    1    6  0.00000E+00 0.00000 
    7    1    1    1    1    1    1    1    1    7  0.00000E+00 0.00000 
    8    1    1    1    1    1    1    1    1    8  1.77981E+04 0.00349 
    9    1    1    1    1    1    1    1    1    9  1.39389E+04 0.00382 
   10    1    1    1    1    1    1    1    1   10  0.00000E+00 0.00000 
   11    1    1    1    1    1    1    1    1   11  1.03073E+04 0.00417 
   12    1    1    1    1    1    1    1    2    1  1.88858E+04 0.00351 
   13    1    1    1    1    1    1    1    2    2  0.00000E+00 0.00000 
   14    1    1    1    1    1    1    1    2    3  0.00000E+00 0.00000 
   15    1    1    1    1    1    1    1    2    4  0.00000E+00 0.00000 
   16    1    1    1    1    1    1    1    2    5  0.00000E+00 0.00000 
   17    1    1    1    1    1    1    1    2    6  1.90319E+04 0.00345 
   18    1    1    1    1    1    1    1    2    7  1.55468E+04 0.00367 
   19    1    1    1    1    1    1    1    2    8  0.00000E+00 0.00000 
   20    1    1    1    1    1    1    1    2    9  1.14881E+04 0.00403 
   21    1    1    1    1    1    1    1    2   10  1.03738E+04 0.00426 
   22    1    1    1    1    1    1    1    2   11  0.00000E+00 0.00000 
   23    1    1    1    1    1    1    1    3    1  1.56833E+04 0.00366 
   24    1    1    1    1    1    1    1    3    2  1.78422E+04 0.00357 
   25    1    1    1    1    1    1    1    3    3  0.00000E+00 0.00000 
   26    1    1    1    1    1    1    1    3    4  1.77702E+04 0.00353 
   27    1    1    1    1    1    1    1    3    5  1.56054E+04 0.00364 
   28    1    1    1    1    1    1    1    3    6  0.00000E+00 0.00000 
   29    1    1    1    1    1    1    1    3    7  1.21619E+04 0.00407 
   30    1    1    1    1    1    1    1    3    8  1.10700E+04 0.00404 
   31    1    1    1    1    1    1    1    3    9  0.00000E+00 0.00000 
   32    1    1    1    1    1    1    1    3   10  9.45741E+03 0.00432 
   33    1    1    1    1    1    1    1    3   11  9.08921E+03 0.00432 
   34    1    1    1    1    1    1    1    4    1  0.00000E+00 0.00000 
   35    1    1    1    1    1    1    1    4    2  1.40144E+04 0.00393 
   36    1    1    1    1    1    1    1    4    3  1.39144E+04 0.00390 
   37    1    1    1    1    1    1    1    4    4  0.00000E+00 0.00000 
   38    1    1    1    1    1    1    1    4    5  1.22605E+04 0.00405 
   39    1    1    1    1    1    1    1    4    6  1.11942E+04 0.00417 
   40    1    1    1    1    1    1    1    4    7  0.00000E+00 0.00000 
   41    1    1    1    1    1    1    1    4    8  9.82531E+03 0.00422 
   42    1    1    1    1    1    1    1    4    9  9.38976E+03 0.00445 
   43    1    1    1    1    1    1    1    4   10  0.00000E+00 0.00000 
   44    1    1    1    1    1    1    1    4   11  8.86229E+03 0.00446 
   45    1    1    1    1    1    1    1    5    1  1.14391E+04 0.00420 
   46    1    1    1    1    1    1    1    5    2  0.00000E+00 0.00000 
   47    1    1    1    1    1    1    1    5    3  1.14295E+04 0.00409 
   48    1    1    1    1    1    1    1    5    4  1.10395E+04 0.00417 
   49    1    1    1    1    1    1    1    5    5  0.00000E+00 0.00000 
   50    1    1    1    1    1    1    1    5    6  9.92561E+03 0.00437 
   51    1    1    1    1    1    1    1    5    7  9.46108E+03 0.00432 
   52    1    1    1    1    1    1    1    5    8  0.00000E+00 0.00000 
   53    1    1    1    1    1    1    1    5    9  8.92899E+03 0.00447 
   54    1    1    1    1    1    1    1    5   10  8.76965E+03 0.00450 
   55    1    1    1    1    1    1    1    5   11  0.00000E+00 0.00000 
   56    1    1    1    1    1    1    1    6    1  1.02271E+04 0.00415 
   57    1    1    1    1    1    1    1    6    2  1.02547E+04 0.00423 
   58    1    1    1    1    1    1    1    6    3  0.00000E+00 0.00000 
   59    1    1    1    1    1    1    1    6    4  9.80164E+03 0.00440 
   60    1    1    1    1    1    1    1    6    5  9.43481E+03 0.00435 
   61    1    1    1    1    1    1    1    6    6  0.00000E+00 0.00000 
   62    1    1    1    1    1    1    1    6    7  8.99360E+03 0.00445 
   63    1    1    1    1    1    1    1    6    8  8.72602E+03 0.00442 
   64    1    1    1    1    1    1    1    6    9  0.00000E+00 0.00000 
   65    1    1    1    1    1    1    1    6   10  8.52786E+03 0.00461 
   66    1    1    1    1    1    1    1    6   11  8.45719E+03 0.00452 
   67    1    1    1    1    1    1    1    7    1  0.00000E+00 0.00000 
   68    1    1    1    1    1    1    1    7    2  9.41442E+03 0.00441 
   69    1    1    1    1    1    1    1    7    3  9.39743E+03 0.00438 
   70    1    1    1    1    1    1    1    7    4  0.00000E+00 0.00000 
   71    1    1    1    1    1    1    1    7    5  8.94507E+03 0.00444 
   72    1    1    1    1    1    1    1    7    6  8.81654E+03 0.00447 
   73    1    1    1    1    1    1    1    7    7  0.00000E+00 0.00000 
   74    1    1    1    1    1    1    1    7    8  8.53415E+03 0.00461 
   75    1    1    1    1    1    1    1    7    9  8.46355E+03 0.00450 
   76    1    1    1    1    1    1    1    7   10  0.00000E+00 0.00000 
   77    1    1    1    1    1    1    1    7   11  8.34128E+03 0.00463 
   78    1    1    1    1    1    1    1    8    1  9.11338E+03 0.00446 
   79    1    1    1    1    1    1    1    8    2  0.00000E+00 0.00000 
   80    1    1    1    1    1    1    1    8    3  8.97164E+03 0.00435 
   81    1    1    1    1    1    1    1    8    4  8.72068E+03 0.00432 
   82    1    1    1    1    1    1    1    8    5  0.00000E+00 0.00000 
   83    1    1    1    1    1    1    1    8    6  8.59745E+03 0.00447 
   84    1    1    1    1    1    1    1    8    7  8.42433E+03 0.00462 
   85    1    1    1    1    1    1    1    8    8  0.00000E+00 0.00000 
   86    1    1    1    1    1    1    1    8    9  8.31510E+03 0.00447 
   87    1    1    1    1    1    1    1    8   10  8.22214E+03 0.00458 
   88    1    1    1    1    1    1    1    8   11  0.00000E+00 0.00000 
   89    1    1    1    1    1    1    1    9    1  8.68823E+03 0.00451 
   90    1    1    1    1    1    1    1    9    2  8.71786E+03 0.00436 
   91    1    1    1    1    1    1    1    9    3  0.00000E+00 0.00000 
   92    1    1    1    1    1    1    1    9    4  8.58673E+03 0.00448 
   93    1    1    1    1    1    1    1    9    5  8.50627E+03 0.00452 
   94    1    1    1    1    1    1    1    9    6  0.00000E+00 0.00000 
   95    1    1    1    1    1    1    1    9    7  8.26106E+03 0.00457 
   96    1    1    1    1    1    1    1    9    8  8.21529E+03 0.00462 
   97    1    1    1    1    1    1    1    9    9  0.00000E+00 0.00000 
   98    1    1    1    1    1    1    1    9   10  8.00966E+03 0.00467 
   99    1    1    1    1    1    1    1    9   11  7.91862E+03 0.00465 
  100    1    1    1    1    1    1    1   10    1  0.00000E+00 0.00000 
  101    1    1    1    1    1    1    1   10    2  8.54532E+03 0.00449 
  102    1    1    1    1    1    1    1   10    3  8.49487E+03 0.00451 
  103    1    1    1    1    1    1    1   10    4  0.00000E+00 0.00000 
  104    1    1    1    1    1    1    1   10    5  8.29906E+03 0.00451 
  105    1    1    1    1    1    1    1   10    6  8.24034E+03 0.00453 
  106    1    1    1    1    1    1    1   10    7  0.00000E+00 0.00000 
  107    1    1    1    1    1    1    1   10    8  8.08880E+03 0.00463 
  108    1    1    1    1    1    1    1   10    9  7.94258E+03 0.00475 
  109    1    1    1    1    1    1    1   10   10  0.00000E+00 0.00000 
