
DETassem1 = [
    1    1    1    1    1    1    1    1    1    1  0.00000E+00 0.00000 
    2    1    1    1    1    1    1    1    1    2  0.00000E+00 0.00000 
    3    1    1    1    1    1    1    1    1    3  0.00000E+00 0.00000 
    4    1    1    1    1    1    1    1    1    4  0.00000E+00 0.00000 
    5    1    1    1    1    1    1    1    1    5  0.00000E+00 0.00000 
    6    1    1    1    1    1    1    1    1    6  0.00000E+00 0.00000 
    7    1    1    1    1    1    1    1    1    7  0.00000E+00 0.00000 
    8    1    1    1    1    1    1    1    1    8  1.76014E+04 0.00362 
    9    1    1    1    1    1    1    1    1    9  1.38298E+04 0.00385 
   10    1    1    1    1    1    1    1    1   10  0.00000E+00 0.00000 
   11    1    1    1    1    1    1    1    1   11  1.02302E+04 0.00432 
   12    1    1    1    1    1    1    1    2    1  1.88726E+04 0.00342 
   13    1    1    1    1    1    1    1    2    2  0.00000E+00 0.00000 
   14    1    1    1    1    1    1    1    2    3  0.00000E+00 0.00000 
   15    1    1    1    1    1    1    1    2    4  0.00000E+00 0.00000 
   16    1    1    1    1    1    1    1    2    5  0.00000E+00 0.00000 
   17    1    1    1    1    1    1    1    2    6  1.87727E+04 0.00352 
   18    1    1    1    1    1    1    1    2    7  1.55400E+04 0.00373 
   19    1    1    1    1    1    1    1    2    8  0.00000E+00 0.00000 
   20    1    1    1    1    1    1    1    2    9  1.12384E+04 0.00421 
   21    1    1    1    1    1    1    1    2   10  1.04245E+04 0.00421 
   22    1    1    1    1    1    1    1    2   11  0.00000E+00 0.00000 
   23    1    1    1    1    1    1    1    3    1  1.55551E+04 0.00372 
   24    1    1    1    1    1    1    1    3    2  1.77874E+04 0.00362 
   25    1    1    1    1    1    1    1    3    3  0.00000E+00 0.00000 
   26    1    1    1    1    1    1    1    3    4  1.76123E+04 0.00356 
   27    1    1    1    1    1    1    1    3    5  1.54665E+04 0.00372 
   28    1    1    1    1    1    1    1    3    6  0.00000E+00 0.00000 
   29    1    1    1    1    1    1    1    3    7  1.21326E+04 0.00400 
   30    1    1    1    1    1    1    1    3    8  1.10070E+04 0.00416 
   31    1    1    1    1    1    1    1    3    9  0.00000E+00 0.00000 
   32    1    1    1    1    1    1    1    3   10  9.41012E+03 0.00440 
   33    1    1    1    1    1    1    1    3   11  9.08127E+03 0.00446 
   34    1    1    1    1    1    1    1    4    1  0.00000E+00 0.00000 
   35    1    1    1    1    1    1    1    4    2  1.38449E+04 0.00388 
   36    1    1    1    1    1    1    1    4    3  1.38553E+04 0.00393 
   37    1    1    1    1    1    1    1    4    4  0.00000E+00 0.00000 
   38    1    1    1    1    1    1    1    4    5  1.20547E+04 0.00404 
   39    1    1    1    1    1    1    1    4    6  1.12408E+04 0.00406 
   40    1    1    1    1    1    1    1    4    7  0.00000E+00 0.00000 
   41    1    1    1    1    1    1    1    4    8  9.80048E+03 0.00428 
   42    1    1    1    1    1    1    1    4    9  9.35841E+03 0.00442 
   43    1    1    1    1    1    1    1    4   10  0.00000E+00 0.00000 
   44    1    1    1    1    1    1    1    4   11  8.90633E+03 0.00440 
   45    1    1    1    1    1    1    1    5    1  1.12597E+04 0.00413 
   46    1    1    1    1    1    1    1    5    2  0.00000E+00 0.00000 
   47    1    1    1    1    1    1    1    5    3  1.12564E+04 0.00414 
   48    1    1    1    1    1    1    1    5    4  1.09955E+04 0.00424 
   49    1    1    1    1    1    1    1    5    5  0.00000E+00 0.00000 
   50    1    1    1    1    1    1    1    5    6  9.94992E+03 0.00433 
   51    1    1    1    1    1    1    1    5    7  9.61737E+03 0.00431 
   52    1    1    1    1    1    1    1    5    8  0.00000E+00 0.00000 
   53    1    1    1    1    1    1    1    5    9  8.83783E+03 0.00449 
   54    1    1    1    1    1    1    1    5   10  8.76332E+03 0.00442 
   55    1    1    1    1    1    1    1    5   11  0.00000E+00 0.00000 
   56    1    1    1    1    1    1    1    6    1  1.02406E+04 0.00426 
   57    1    1    1    1    1    1    1    6    2  1.02134E+04 0.00423 
   58    1    1    1    1    1    1    1    6    3  0.00000E+00 0.00000 
   59    1    1    1    1    1    1    1    6    4  9.77664E+03 0.00436 
   60    1    1    1    1    1    1    1    6    5  9.54369E+03 0.00433 
   61    1    1    1    1    1    1    1    6    6  0.00000E+00 0.00000 
   62    1    1    1    1    1    1    1    6    7  9.05086E+03 0.00437 
   63    1    1    1    1    1    1    1    6    8  8.79309E+03 0.00443 
   64    1    1    1    1    1    1    1    6    9  0.00000E+00 0.00000 
   65    1    1    1    1    1    1    1    6   10  8.51072E+03 0.00453 
   66    1    1    1    1    1    1    1    6   11  8.41692E+03 0.00456 
   67    1    1    1    1    1    1    1    7    1  0.00000E+00 0.00000 
   68    1    1    1    1    1    1    1    7    2  9.39770E+03 0.00436 
   69    1    1    1    1    1    1    1    7    3  9.37360E+03 0.00435 
   70    1    1    1    1    1    1    1    7    4  0.00000E+00 0.00000 
   71    1    1    1    1    1    1    1    7    5  9.00475E+03 0.00451 
   72    1    1    1    1    1    1    1    7    6  8.90315E+03 0.00442 
   73    1    1    1    1    1    1    1    7    7  0.00000E+00 0.00000 
   74    1    1    1    1    1    1    1    7    8  8.59942E+03 0.00448 
   75    1    1    1    1    1    1    1    7    9  8.50092E+03 0.00446 
   76    1    1    1    1    1    1    1    7   10  0.00000E+00 0.00000 
   77    1    1    1    1    1    1    1    7   11  8.29264E+03 0.00460 
   78    1    1    1    1    1    1    1    8    1  9.17240E+03 0.00446 
   79    1    1    1    1    1    1    1    8    2  0.00000E+00 0.00000 
   80    1    1    1    1    1    1    1    8    3  8.87190E+03 0.00446 
   81    1    1    1    1    1    1    1    8    4  8.78382E+03 0.00442 
   82    1    1    1    1    1    1    1    8    5  0.00000E+00 0.00000 
   83    1    1    1    1    1    1    1    8    6  8.57835E+03 0.00444 
   84    1    1    1    1    1    1    1    8    7  8.44485E+03 0.00457 
   85    1    1    1    1    1    1    1    8    8  0.00000E+00 0.00000 
   86    1    1    1    1    1    1    1    8    9  8.28732E+03 0.00455 
   87    1    1    1    1    1    1    1    8   10  8.16728E+03 0.00461 
   88    1    1    1    1    1    1    1    8   11  0.00000E+00 0.00000 
   89    1    1    1    1    1    1    1    9    1  8.83415E+03 0.00444 
   90    1    1    1    1    1    1    1    9    2  8.73450E+03 0.00450 
   91    1    1    1    1    1    1    1    9    3  0.00000E+00 0.00000 
   92    1    1    1    1    1    1    1    9    4  8.56605E+03 0.00451 
   93    1    1    1    1    1    1    1    9    5  8.45566E+03 0.00457 
   94    1    1    1    1    1    1    1    9    6  0.00000E+00 0.00000 
   95    1    1    1    1    1    1    1    9    7  8.25257E+03 0.00463 
   96    1    1    1    1    1    1    1    9    8  8.18114E+03 0.00456 
   97    1    1    1    1    1    1    1    9    9  0.00000E+00 0.00000 
   98    1    1    1    1    1    1    1    9   10  8.05010E+03 0.00458 
   99    1    1    1    1    1    1    1    9   11  7.88638E+03 0.00467 
  100    1    1    1    1    1    1    1   10    1  0.00000E+00 0.00000 
  101    1    1    1    1    1    1    1   10    2  8.52333E+03 0.00449 
  102    1    1    1    1    1    1    1   10    3  8.44430E+03 0.00457 
  103    1    1    1    1    1    1    1   10    4  0.00000E+00 0.00000 
  104    1    1    1    1    1    1    1   10    5  8.31033E+03 0.00452 
  105    1    1    1    1    1    1    1   10    6  8.25773E+03 0.00451 
  106    1    1    1    1    1    1    1   10    7  0.00000E+00 0.00000 
  107    1    1    1    1    1    1    1   10    8  8.00151E+03 0.00466 
  108    1    1    1    1    1    1    1   10    9  7.90742E+03 0.00465 
  109    1    1    1    1    1    1    1   10   10  0.00000E+00 0.00000 
