
ZAI = [
922350
922380
666
0
];

NAMES = [
'U235            '
'U238            '
'lost            '
'total           '
];

i922350 = 1; iU235             = 1;
i922380 = 2; iU238             = 2;
iLOST    = 3;
iTOT     = 4;

MAT_un_VOLUME = [ 2.67533E+05 2.67533E+05 ];

MAT_un_BURNUP = [ 0.00000E+00 4.28462E+01 ];

MAT_un_ADENS = [
4.83387E-03 3.51043E-03 % U235
1.93936E-02 1.88545E-02 % U238
0.00000E+00 3.36849E-30 % lost data
7.26897E-02 7.37998E-02 % total
];

MAT_un_MDENS = [
1.88669E+00 1.37014E+00 % U235
7.66628E+00 7.45317E+00 % U238
0.00000E+00 0.00000E+00 % lost data
1.08000E+01 1.07986E+01 % total
];

MAT_un_A = [
4.03594E+10 2.93096E+10 % U235
2.55067E+10 2.47976E+10 % U238
0.00000E+00 0.00000E+00 % lost data
6.58661E+10 3.28299E+18 % total
];

MAT_un_H = [
3.02550E-02 2.19717E-02 % U235
1.74502E-02 1.69651E-02 % U238
0.00000E+00 0.00000E+00 % lost data
4.77052E-02 9.64623E+05 % total
];

MAT_un_SF = [
2.90588E+00 2.11029E+00 % U235
1.39267E+04 1.35395E+04 % U238
0.00000E+00 0.00000E+00 % lost data
1.39296E+04 1.03364E+08 % total
];

MAT_un_GSRC = [
5.09944E+10 3.70329E+10 % U235
2.25871E+09 2.19592E+09 % U238
0.00000E+00 0.00000E+00 % lost data
5.32531E+10 3.52930E+18 % total
];

MAT_un_ING_TOX = [
1.89689E+03 1.37755E+03 % U235
1.14780E+03 1.11589E+03 % U238
0.00000E+00 0.00000E+00 % lost data
3.04469E+03 2.23490E+09 % total
];

MAT_un_INH_TOX = [
3.43055E+05 2.49132E+05 % U235
2.04054E+05 1.98381E+05 % U238
0.00000E+00 0.00000E+00 % lost data
5.47108E+05 8.00887E+10 % total
];

TOT_VOLUME = [ 2.67533E+05 2.67533E+05 ];

TOT_BURNUP = [ 0.00000E+00 4.28462E+01 ];

TOT_ADENS = [
4.83387E-03 3.51043E-03 % U235
1.93936E-02 1.88545E-02 % U238
0.00000E+00 3.36849E-30 % lost data
7.26897E-02 7.37998E-02 % total
];

TOT_MASS = [
5.04751E+05 3.66558E+05 % U235
2.05098E+06 1.99396E+06 % U238
0.00000E+00 0.00000E+00 % lost data
2.88935E+06 2.88898E+06 % total
];

TOT_A = [
4.03594E+10 2.93096E+10 % U235
2.55067E+10 2.47976E+10 % U238
0.00000E+00 0.00000E+00 % lost data
6.58661E+10 3.28299E+18 % total
];

TOT_H = [
3.02550E-02 2.19717E-02 % U235
1.74502E-02 1.69651E-02 % U238
0.00000E+00 0.00000E+00 % lost data
4.77052E-02 9.64623E+05 % total
];

TOT_SF = [
2.90588E+00 2.11029E+00 % U235
1.39267E+04 1.35395E+04 % U238
0.00000E+00 0.00000E+00 % lost data
1.39296E+04 1.03364E+08 % total
];

TOT_GSRC = [
5.09944E+10 3.70329E+10 % U235
2.25871E+09 2.19592E+09 % U238
0.00000E+00 0.00000E+00 % lost data
5.32531E+10 3.52930E+18 % total
];

TOT_ING_TOX = [
1.89689E+03 1.37755E+03 % U235
1.14780E+03 1.11589E+03 % U238
0.00000E+00 0.00000E+00 % lost data
3.04469E+03 2.23490E+09 % total
];

TOT_INH_TOX = [
3.43055E+05 2.49132E+05 % U235
2.04054E+05 1.98381E+05 % U238
0.00000E+00 0.00000E+00 % lost data
5.47108E+05 8.00887E+10 % total
];

BU = [ 0.00000E+00 4.28449E+01 ];

DAYS = [ 0.00000E+00 7.30000E+03 ];
