
DETassem1 = [
    1    1    1    1    1    1    1    1    1    1  0.00000E+00 0.00000 
    2    1    1    1    1    1    1    1    1    2  0.00000E+00 0.00000 
    3    1    1    1    1    1    1    1    1    3  0.00000E+00 0.00000 
    4    1    1    1    1    1    1    1    1    4  0.00000E+00 0.00000 
    5    1    1    1    1    1    1    1    1    5  0.00000E+00 0.00000 
    6    1    1    1    1    1    1    1    1    6  0.00000E+00 0.00000 
    7    1    1    1    1    1    1    1    1    7  0.00000E+00 0.00000 
    8    1    1    1    1    1    1    1    1    8  1.84097E+04 0.00368 
    9    1    1    1    1    1    1    1    1    9  1.40521E+04 0.00399 
   10    1    1    1    1    1    1    1    1   10  0.00000E+00 0.00000 
   11    1    1    1    1    1    1    1    1   11  1.01949E+04 0.00444 
   12    1    1    1    1    1    1    1    2    1  1.97769E+04 0.00364 
   13    1    1    1    1    1    1    1    2    2  0.00000E+00 0.00000 
   14    1    1    1    1    1    1    1    2    3  0.00000E+00 0.00000 
   15    1    1    1    1    1    1    1    2    4  0.00000E+00 0.00000 
   16    1    1    1    1    1    1    1    2    5  0.00000E+00 0.00000 
   17    1    1    1    1    1    1    1    2    6  1.98162E+04 0.00351 
   18    1    1    1    1    1    1    1    2    7  1.59040E+04 0.00382 
   19    1    1    1    1    1    1    1    2    8  0.00000E+00 0.00000 
   20    1    1    1    1    1    1    1    2    9  1.13785E+04 0.00421 
   21    1    1    1    1    1    1    1    2   10  1.01968E+04 0.00428 
   22    1    1    1    1    1    1    1    2   11  0.00000E+00 0.00000 
   23    1    1    1    1    1    1    1    3    1  1.58625E+04 0.00382 
   24    1    1    1    1    1    1    1    3    2  1.83547E+04 0.00361 
   25    1    1    1    1    1    1    1    3    3  0.00000E+00 0.00000 
   26    1    1    1    1    1    1    1    3    4  1.84252E+04 0.00368 
   27    1    1    1    1    1    1    1    3    5  1.60061E+04 0.00381 
   28    1    1    1    1    1    1    1    3    6  0.00000E+00 0.00000 
   29    1    1    1    1    1    1    1    3    7  1.20503E+04 0.00418 
   30    1    1    1    1    1    1    1    3    8  1.08880E+04 0.00430 
   31    1    1    1    1    1    1    1    3    9  0.00000E+00 0.00000 
   32    1    1    1    1    1    1    1    3   10  9.34275E+03 0.00449 
   33    1    1    1    1    1    1    1    3   11  8.93695E+03 0.00451 
   34    1    1    1    1    1    1    1    4    1  0.00000E+00 0.00000 
   35    1    1    1    1    1    1    1    4    2  1.40685E+04 0.00408 
   36    1    1    1    1    1    1    1    4    3  1.39960E+04 0.00392 
   37    1    1    1    1    1    1    1    4    4  0.00000E+00 0.00000 
   38    1    1    1    1    1    1    1    4    5  1.21065E+04 0.00430 
   39    1    1    1    1    1    1    1    4    6  1.11432E+04 0.00430 
   40    1    1    1    1    1    1    1    4    7  0.00000E+00 0.00000 
   41    1    1    1    1    1    1    1    4    8  9.58426E+03 0.00444 
   42    1    1    1    1    1    1    1    4    9  9.19306E+03 0.00443 
   43    1    1    1    1    1    1    1    4   10  0.00000E+00 0.00000 
   44    1    1    1    1    1    1    1    4   11  8.69815E+03 0.00464 
   45    1    1    1    1    1    1    1    5    1  1.12928E+04 0.00429 
   46    1    1    1    1    1    1    1    5    2  0.00000E+00 0.00000 
   47    1    1    1    1    1    1    1    5    3  1.12032E+04 0.00441 
   48    1    1    1    1    1    1    1    5    4  1.08771E+04 0.00428 
   49    1    1    1    1    1    1    1    5    5  0.00000E+00 0.00000 
   50    1    1    1    1    1    1    1    5    6  9.76838E+03 0.00444 
   51    1    1    1    1    1    1    1    5    7  9.38374E+03 0.00454 
   52    1    1    1    1    1    1    1    5    8  0.00000E+00 0.00000 
   53    1    1    1    1    1    1    1    5    9  8.74893E+03 0.00461 
   54    1    1    1    1    1    1    1    5   10  8.49698E+03 0.00461 
   55    1    1    1    1    1    1    1    5   11  0.00000E+00 0.00000 
   56    1    1    1    1    1    1    1    6    1  1.01517E+04 0.00434 
   57    1    1    1    1    1    1    1    6    2  1.01249E+04 0.00440 
   58    1    1    1    1    1    1    1    6    3  0.00000E+00 0.00000 
   59    1    1    1    1    1    1    1    6    4  9.57545E+03 0.00457 
   60    1    1    1    1    1    1    1    6    5  9.34830E+03 0.00454 
   61    1    1    1    1    1    1    1    6    6  0.00000E+00 0.00000 
   62    1    1    1    1    1    1    1    6    7  8.82122E+03 0.00453 
   63    1    1    1    1    1    1    1    6    8  8.62646E+03 0.00465 
   64    1    1    1    1    1    1    1    6    9  0.00000E+00 0.00000 
   65    1    1    1    1    1    1    1    6   10  8.28953E+03 0.00478 
   66    1    1    1    1    1    1    1    6   11  8.22998E+03 0.00468 
   67    1    1    1    1    1    1    1    7    1  0.00000E+00 0.00000 
   68    1    1    1    1    1    1    1    7    2  9.32931E+03 0.00447 
   69    1    1    1    1    1    1    1    7    3  9.22298E+03 0.00457 
   70    1    1    1    1    1    1    1    7    4  0.00000E+00 0.00000 
   71    1    1    1    1    1    1    1    7    5  8.81752E+03 0.00459 
   72    1    1    1    1    1    1    1    7    6  8.66506E+03 0.00455 
   73    1    1    1    1    1    1    1    7    7  0.00000E+00 0.00000 
   74    1    1    1    1    1    1    1    7    8  8.35542E+03 0.00455 
   75    1    1    1    1    1    1    1    7    9  8.22172E+03 0.00474 
   76    1    1    1    1    1    1    1    7   10  0.00000E+00 0.00000 
   77    1    1    1    1    1    1    1    7   11  8.09673E+03 0.00474 
   78    1    1    1    1    1    1    1    8    1  8.87775E+03 0.00457 
   79    1    1    1    1    1    1    1    8    2  0.00000E+00 0.00000 
   80    1    1    1    1    1    1    1    8    3  8.65974E+03 0.00465 
   81    1    1    1    1    1    1    1    8    4  8.54825E+03 0.00458 
   82    1    1    1    1    1    1    1    8    5  0.00000E+00 0.00000 
   83    1    1    1    1    1    1    1    8    6  8.38047E+03 0.00463 
   84    1    1    1    1    1    1    1    8    7  8.22463E+03 0.00468 
   85    1    1    1    1    1    1    1    8    8  0.00000E+00 0.00000 
   86    1    1    1    1    1    1    1    8    9  8.09472E+03 0.00472 
   87    1    1    1    1    1    1    1    8   10  8.06229E+03 0.00474 
   88    1    1    1    1    1    1    1    8   11  0.00000E+00 0.00000 
   89    1    1    1    1    1    1    1    9    1  8.65514E+03 0.00456 
   90    1    1    1    1    1    1    1    9    2  8.58934E+03 0.00457 
   91    1    1    1    1    1    1    1    9    3  0.00000E+00 0.00000 
   92    1    1    1    1    1    1    1    9    4  8.34388E+03 0.00477 
   93    1    1    1    1    1    1    1    9    5  8.29813E+03 0.00475 
   94    1    1    1    1    1    1    1    9    6  0.00000E+00 0.00000 
   95    1    1    1    1    1    1    1    9    7  8.11367E+03 0.00468 
   96    1    1    1    1    1    1    1    9    8  8.02512E+03 0.00459 
   97    1    1    1    1    1    1    1    9    9  0.00000E+00 0.00000 
   98    1    1    1    1    1    1    1    9   10  7.81025E+03 0.00481 
   99    1    1    1    1    1    1    1    9   11  7.75703E+03 0.00486 
  100    1    1    1    1    1    1    1   10    1  0.00000E+00 0.00000 
  101    1    1    1    1    1    1    1   10    2  8.38804E+03 0.00463 
  102    1    1    1    1    1    1    1   10    3  8.19328E+03 0.00471 
  103    1    1    1    1    1    1    1   10    4  0.00000E+00 0.00000 
  104    1    1    1    1    1    1    1   10    5  8.07880E+03 0.00472 
  105    1    1    1    1    1    1    1   10    6  8.03588E+03 0.00469 
  106    1    1    1    1    1    1    1   10    7  0.00000E+00 0.00000 
  107    1    1    1    1    1    1    1   10    8  7.79517E+03 0.00482 
  108    1    1    1    1    1    1    1   10    9  7.71573E+03 0.00486 
  109    1    1    1    1    1    1    1   10   10  0.00000E+00 0.00000 
