
ZAI = [
922350
922380
666
0
];

NAMES = [
'U235            '
'U238            '
'lost            '
'total           '
];

i922350 = 1; iU235             = 1;
i922380 = 2; iU238             = 2;
iLOST    = 3;
iTOT     = 4;

MAT_un_VOLUME = [ 2.67231E+05 2.67231E+05 ];

MAT_un_BURNUP = [ 0.00000E+00 4.28946E+01 ];

MAT_un_ADENS = [
4.83387E-03 3.50897E-03 % U235
1.93936E-02 1.88534E-02 % U238
0.00000E+00 4.03775E-30 % lost data
7.26897E-02 7.38011E-02 % total
];

MAT_un_MDENS = [
1.88669E+00 1.36957E+00 % U235
7.66628E+00 7.45271E+00 % U238
0.00000E+00 0.00000E+00 % lost data
1.08000E+01 1.07986E+01 % total
];

MAT_un_A = [
4.03139E+10 2.92644E+10 % U235
2.54780E+10 2.47682E+10 % U238
0.00000E+00 0.00000E+00 % lost data
6.57919E+10 3.28359E+18 % total
];

MAT_un_H = [
3.02209E-02 2.19378E-02 % U235
1.74305E-02 1.69450E-02 % U238
0.00000E+00 0.00000E+00 % lost data
4.76515E-02 9.64660E+05 % total
];

MAT_un_SF = [
2.90260E+00 2.10704E+00 % U235
1.39110E+04 1.35234E+04 % U238
0.00000E+00 0.00000E+00 % lost data
1.39139E+04 1.03788E+08 % total
];

MAT_un_GSRC = [
5.09369E+10 3.69758E+10 % U235
2.25617E+09 2.19331E+09 % U238
0.00000E+00 0.00000E+00 % lost data
5.31930E+10 3.53000E+18 % total
];

MAT_un_ING_TOX = [
1.89475E+03 1.37543E+03 % U235
1.14651E+03 1.11457E+03 % U238
0.00000E+00 0.00000E+00 % lost data
3.04126E+03 2.23575E+09 % total
];

MAT_un_INH_TOX = [
3.42668E+05 2.48748E+05 % U235
2.03824E+05 1.98145E+05 % U238
0.00000E+00 0.00000E+00 % lost data
5.46492E+05 8.03149E+10 % total
];

TOT_VOLUME = [ 2.67231E+05 2.67231E+05 ];

TOT_BURNUP = [ 0.00000E+00 4.28946E+01 ];

TOT_ADENS = [
4.83387E-03 3.50897E-03 % U235
1.93936E-02 1.88534E-02 % U238
0.00000E+00 4.03775E-30 % lost data
7.26897E-02 7.38011E-02 % total
];

TOT_MASS = [
5.04182E+05 3.65993E+05 % U235
2.04867E+06 1.99160E+06 % U238
0.00000E+00 0.00000E+00 % lost data
2.88610E+06 2.88572E+06 % total
];

TOT_A = [
4.03139E+10 2.92644E+10 % U235
2.54780E+10 2.47682E+10 % U238
0.00000E+00 0.00000E+00 % lost data
6.57919E+10 3.28359E+18 % total
];

TOT_H = [
3.02209E-02 2.19378E-02 % U235
1.74305E-02 1.69450E-02 % U238
0.00000E+00 0.00000E+00 % lost data
4.76515E-02 9.64660E+05 % total
];

TOT_SF = [
2.90260E+00 2.10704E+00 % U235
1.39110E+04 1.35234E+04 % U238
0.00000E+00 0.00000E+00 % lost data
1.39139E+04 1.03788E+08 % total
];

TOT_GSRC = [
5.09369E+10 3.69758E+10 % U235
2.25617E+09 2.19331E+09 % U238
0.00000E+00 0.00000E+00 % lost data
5.31930E+10 3.53000E+18 % total
];

TOT_ING_TOX = [
1.89475E+03 1.37543E+03 % U235
1.14651E+03 1.11457E+03 % U238
0.00000E+00 0.00000E+00 % lost data
3.04126E+03 2.23575E+09 % total
];

TOT_INH_TOX = [
3.42668E+05 2.48748E+05 % U235
2.03824E+05 1.98145E+05 % U238
0.00000E+00 0.00000E+00 % lost data
5.46492E+05 8.03149E+10 % total
];

BU = [ 0.00000E+00 4.28932E+01 ];

DAYS = [ 0.00000E+00 7.30000E+03 ];
