
DETassem1 = [
    1    1    1    1    1    1    1    1    1    1  0.00000E+00 0.00000 
    2    1    1    1    1    1    1    1    1    2  0.00000E+00 0.00000 
    3    1    1    1    1    1    1    1    1    3  0.00000E+00 0.00000 
    4    1    1    1    1    1    1    1    1    4  0.00000E+00 0.00000 
    5    1    1    1    1    1    1    1    1    5  0.00000E+00 0.00000 
    6    1    1    1    1    1    1    1    1    6  0.00000E+00 0.00000 
    7    1    1    1    1    1    1    1    1    7  0.00000E+00 0.00000 
    8    1    1    1    1    1    1    1    1    8  1.84871E+04 0.00364 
    9    1    1    1    1    1    1    1    1    9  1.41947E+04 0.00404 
   10    1    1    1    1    1    1    1    1   10  0.00000E+00 0.00000 
   11    1    1    1    1    1    1    1    1   11  1.02083E+04 0.00424 
   12    1    1    1    1    1    1    1    2    1  2.00096E+04 0.00353 
   13    1    1    1    1    1    1    1    2    2  0.00000E+00 0.00000 
   14    1    1    1    1    1    1    1    2    3  0.00000E+00 0.00000 
   15    1    1    1    1    1    1    1    2    4  0.00000E+00 0.00000 
   16    1    1    1    1    1    1    1    2    5  0.00000E+00 0.00000 
   17    1    1    1    1    1    1    1    2    6  2.00567E+04 0.00358 
   18    1    1    1    1    1    1    1    2    7  1.59623E+04 0.00380 
   19    1    1    1    1    1    1    1    2    8  0.00000E+00 0.00000 
   20    1    1    1    1    1    1    1    2    9  1.13538E+04 0.00436 
   21    1    1    1    1    1    1    1    2   10  1.02173E+04 0.00448 
   22    1    1    1    1    1    1    1    2   11  0.00000E+00 0.00000 
   23    1    1    1    1    1    1    1    3    1  1.59660E+04 0.00384 
   24    1    1    1    1    1    1    1    3    2  1.85558E+04 0.00365 
   25    1    1    1    1    1    1    1    3    3  0.00000E+00 0.00000 
   26    1    1    1    1    1    1    1    3    4  1.85735E+04 0.00368 
   27    1    1    1    1    1    1    1    3    5  1.59226E+04 0.00377 
   28    1    1    1    1    1    1    1    3    6  0.00000E+00 0.00000 
   29    1    1    1    1    1    1    1    3    7  1.21878E+04 0.00422 
   30    1    1    1    1    1    1    1    3    8  1.08405E+04 0.00432 
   31    1    1    1    1    1    1    1    3    9  0.00000E+00 0.00000 
   32    1    1    1    1    1    1    1    3   10  9.43999E+03 0.00451 
   33    1    1    1    1    1    1    1    3   11  9.01718E+03 0.00455 
   34    1    1    1    1    1    1    1    4    1  0.00000E+00 0.00000 
   35    1    1    1    1    1    1    1    4    2  1.41420E+04 0.00400 
   36    1    1    1    1    1    1    1    4    3  1.40523E+04 0.00393 
   37    1    1    1    1    1    1    1    4    4  0.00000E+00 0.00000 
   38    1    1    1    1    1    1    1    4    5  1.22129E+04 0.00425 
   39    1    1    1    1    1    1    1    4    6  1.12478E+04 0.00431 
   40    1    1    1    1    1    1    1    4    7  0.00000E+00 0.00000 
   41    1    1    1    1    1    1    1    4    8  9.71849E+03 0.00445 
   42    1    1    1    1    1    1    1    4    9  9.20196E+03 0.00451 
   43    1    1    1    1    1    1    1    4   10  0.00000E+00 0.00000 
   44    1    1    1    1    1    1    1    4   11  8.69150E+03 0.00459 
   45    1    1    1    1    1    1    1    5    1  1.13527E+04 0.00428 
   46    1    1    1    1    1    1    1    5    2  0.00000E+00 0.00000 
   47    1    1    1    1    1    1    1    5    3  1.13248E+04 0.00429 
   48    1    1    1    1    1    1    1    5    4  1.09308E+04 0.00432 
   49    1    1    1    1    1    1    1    5    5  0.00000E+00 0.00000 
   50    1    1    1    1    1    1    1    5    6  9.74508E+03 0.00442 
   51    1    1    1    1    1    1    1    5    7  9.30402E+03 0.00453 
   52    1    1    1    1    1    1    1    5    8  0.00000E+00 0.00000 
   53    1    1    1    1    1    1    1    5    9  8.74475E+03 0.00460 
   54    1    1    1    1    1    1    1    5   10  8.62777E+03 0.00459 
   55    1    1    1    1    1    1    1    5   11  0.00000E+00 0.00000 
   56    1    1    1    1    1    1    1    6    1  1.00713E+04 0.00442 
   57    1    1    1    1    1    1    1    6    2  1.00979E+04 0.00448 
   58    1    1    1    1    1    1    1    6    3  0.00000E+00 0.00000 
   59    1    1    1    1    1    1    1    6    4  9.61382E+03 0.00442 
   60    1    1    1    1    1    1    1    6    5  9.32236E+03 0.00443 
   61    1    1    1    1    1    1    1    6    6  0.00000E+00 0.00000 
   62    1    1    1    1    1    1    1    6    7  8.76214E+03 0.00460 
   63    1    1    1    1    1    1    1    6    8  8.68287E+03 0.00458 
   64    1    1    1    1    1    1    1    6    9  0.00000E+00 0.00000 
   65    1    1    1    1    1    1    1    6   10  8.41660E+03 0.00459 
   66    1    1    1    1    1    1    1    6   11  8.34030E+03 0.00462 
   67    1    1    1    1    1    1    1    7    1  0.00000E+00 0.00000 
   68    1    1    1    1    1    1    1    7    2  9.34777E+03 0.00454 
   69    1    1    1    1    1    1    1    7    3  9.23090E+03 0.00450 
   70    1    1    1    1    1    1    1    7    4  0.00000E+00 0.00000 
   71    1    1    1    1    1    1    1    7    5  8.80106E+03 0.00468 
   72    1    1    1    1    1    1    1    7    6  8.60762E+03 0.00459 
   73    1    1    1    1    1    1    1    7    7  0.00000E+00 0.00000 
   74    1    1    1    1    1    1    1    7    8  8.26204E+03 0.00470 
   75    1    1    1    1    1    1    1    7    9  8.22852E+03 0.00467 
   76    1    1    1    1    1    1    1    7   10  0.00000E+00 0.00000 
   77    1    1    1    1    1    1    1    7   11  8.09446E+03 0.00474 
   78    1    1    1    1    1    1    1    8    1  8.93356E+03 0.00456 
   79    1    1    1    1    1    1    1    8    2  0.00000E+00 0.00000 
   80    1    1    1    1    1    1    1    8    3  8.69698E+03 0.00455 
   81    1    1    1    1    1    1    1    8    4  8.57372E+03 0.00464 
   82    1    1    1    1    1    1    1    8    5  0.00000E+00 0.00000 
   83    1    1    1    1    1    1    1    8    6  8.35282E+03 0.00467 
   84    1    1    1    1    1    1    1    8    7  8.21706E+03 0.00464 
   85    1    1    1    1    1    1    1    8    8  0.00000E+00 0.00000 
   86    1    1    1    1    1    1    1    8    9  8.00195E+03 0.00476 
   87    1    1    1    1    1    1    1    8   10  8.09170E+03 0.00487 
   88    1    1    1    1    1    1    1    8   11  0.00000E+00 0.00000 
   89    1    1    1    1    1    1    1    9    1  8.67441E+03 0.00455 
   90    1    1    1    1    1    1    1    9    2  8.64455E+03 0.00455 
   91    1    1    1    1    1    1    1    9    3  0.00000E+00 0.00000 
   92    1    1    1    1    1    1    1    9    4  8.36571E+03 0.00466 
   93    1    1    1    1    1    1    1    9    5  8.21043E+03 0.00465 
   94    1    1    1    1    1    1    1    9    6  0.00000E+00 0.00000 
   95    1    1    1    1    1    1    1    9    7  7.97238E+03 0.00477 
   96    1    1    1    1    1    1    1    9    8  7.90046E+03 0.00483 
   97    1    1    1    1    1    1    1    9    9  0.00000E+00 0.00000 
   98    1    1    1    1    1    1    1    9   10  7.90082E+03 0.00484 
   99    1    1    1    1    1    1    1    9   11  7.67389E+03 0.00484 
  100    1    1    1    1    1    1    1   10    1  0.00000E+00 0.00000 
  101    1    1    1    1    1    1    1   10    2  8.41689E+03 0.00471 
  102    1    1    1    1    1    1    1   10    3  8.20871E+03 0.00473 
  103    1    1    1    1    1    1    1   10    4  0.00000E+00 0.00000 
  104    1    1    1    1    1    1    1   10    5  7.98306E+03 0.00482 
  105    1    1    1    1    1    1    1   10    6  8.00380E+03 0.00484 
  106    1    1    1    1    1    1    1   10    7  0.00000E+00 0.00000 
  107    1    1    1    1    1    1    1   10    8  7.69811E+03 0.00467 
  108    1    1    1    1    1    1    1   10    9  7.74344E+03 0.00484 
  109    1    1    1    1    1    1    1   10   10  0.00000E+00 0.00000 
