
DETassem1 = [
    1    1    1    1    1    1    1    1    1    1  0.00000E+00 0.00000 
    2    1    1    1    1    1    1    1    1    2  0.00000E+00 0.00000 
    3    1    1    1    1    1    1    1    1    3  0.00000E+00 0.00000 
    4    1    1    1    1    1    1    1    1    4  0.00000E+00 0.00000 
    5    1    1    1    1    1    1    1    1    5  0.00000E+00 0.00000 
    6    1    1    1    1    1    1    1    1    6  0.00000E+00 0.00000 
    7    1    1    1    1    1    1    1    1    7  0.00000E+00 0.00000 
    8    1    1    1    1    1    1    1    1    8  1.79741E+04 0.00356 
    9    1    1    1    1    1    1    1    1    9  1.39972E+04 0.00387 
   10    1    1    1    1    1    1    1    1   10  0.00000E+00 0.00000 
   11    1    1    1    1    1    1    1    1   11  1.04183E+04 0.00421 
   12    1    1    1    1    1    1    1    2    1  1.90972E+04 0.00347 
   13    1    1    1    1    1    1    1    2    2  0.00000E+00 0.00000 
   14    1    1    1    1    1    1    1    2    3  0.00000E+00 0.00000 
   15    1    1    1    1    1    1    1    2    4  0.00000E+00 0.00000 
   16    1    1    1    1    1    1    1    2    5  0.00000E+00 0.00000 
   17    1    1    1    1    1    1    1    2    6  1.91731E+04 0.00352 
   18    1    1    1    1    1    1    1    2    7  1.57784E+04 0.00370 
   19    1    1    1    1    1    1    1    2    8  0.00000E+00 0.00000 
   20    1    1    1    1    1    1    1    2    9  1.14434E+04 0.00423 
   21    1    1    1    1    1    1    1    2   10  1.03654E+04 0.00428 
   22    1    1    1    1    1    1    1    2   11  0.00000E+00 0.00000 
   23    1    1    1    1    1    1    1    3    1  1.56827E+04 0.00377 
   24    1    1    1    1    1    1    1    3    2  1.79668E+04 0.00360 
   25    1    1    1    1    1    1    1    3    3  0.00000E+00 0.00000 
   26    1    1    1    1    1    1    1    3    4  1.78190E+04 0.00357 
   27    1    1    1    1    1    1    1    3    5  1.56812E+04 0.00365 
   28    1    1    1    1    1    1    1    3    6  0.00000E+00 0.00000 
   29    1    1    1    1    1    1    1    3    7  1.21868E+04 0.00405 
   30    1    1    1    1    1    1    1    3    8  1.10848E+04 0.00422 
   31    1    1    1    1    1    1    1    3    9  0.00000E+00 0.00000 
   32    1    1    1    1    1    1    1    3   10  9.57961E+03 0.00431 
   33    1    1    1    1    1    1    1    3   11  9.14683E+03 0.00429 
   34    1    1    1    1    1    1    1    4    1  0.00000E+00 0.00000 
   35    1    1    1    1    1    1    1    4    2  1.39732E+04 0.00384 
   36    1    1    1    1    1    1    1    4    3  1.40695E+04 0.00386 
   37    1    1    1    1    1    1    1    4    4  0.00000E+00 0.00000 
   38    1    1    1    1    1    1    1    4    5  1.22644E+04 0.00411 
   39    1    1    1    1    1    1    1    4    6  1.13698E+04 0.00407 
   40    1    1    1    1    1    1    1    4    7  0.00000E+00 0.00000 
   41    1    1    1    1    1    1    1    4    8  9.81299E+03 0.00417 
   42    1    1    1    1    1    1    1    4    9  9.40901E+03 0.00429 
   43    1    1    1    1    1    1    1    4   10  0.00000E+00 0.00000 
   44    1    1    1    1    1    1    1    4   11  8.87453E+03 0.00444 
   45    1    1    1    1    1    1    1    5    1  1.15020E+04 0.00405 
   46    1    1    1    1    1    1    1    5    2  0.00000E+00 0.00000 
   47    1    1    1    1    1    1    1    5    3  1.15410E+04 0.00411 
   48    1    1    1    1    1    1    1    5    4  1.10952E+04 0.00411 
   49    1    1    1    1    1    1    1    5    5  0.00000E+00 0.00000 
   50    1    1    1    1    1    1    1    5    6  9.92775E+03 0.00424 
   51    1    1    1    1    1    1    1    5    7  9.44530E+03 0.00428 
   52    1    1    1    1    1    1    1    5    8  0.00000E+00 0.00000 
   53    1    1    1    1    1    1    1    5    9  8.93722E+03 0.00431 
   54    1    1    1    1    1    1    1    5   10  8.70921E+03 0.00447 
   55    1    1    1    1    1    1    1    5   11  0.00000E+00 0.00000 
   56    1    1    1    1    1    1    1    6    1  1.04186E+04 0.00425 
   57    1    1    1    1    1    1    1    6    2  1.03651E+04 0.00418 
   58    1    1    1    1    1    1    1    6    3  0.00000E+00 0.00000 
   59    1    1    1    1    1    1    1    6    4  9.88407E+03 0.00444 
   60    1    1    1    1    1    1    1    6    5  9.43185E+03 0.00435 
   61    1    1    1    1    1    1    1    6    6  0.00000E+00 0.00000 
   62    1    1    1    1    1    1    1    6    7  8.98879E+03 0.00442 
   63    1    1    1    1    1    1    1    6    8  8.82725E+03 0.00441 
   64    1    1    1    1    1    1    1    6    9  0.00000E+00 0.00000 
   65    1    1    1    1    1    1    1    6   10  8.48884E+03 0.00455 
   66    1    1    1    1    1    1    1    6   11  8.41253E+03 0.00457 
   67    1    1    1    1    1    1    1    7    1  0.00000E+00 0.00000 
   68    1    1    1    1    1    1    1    7    2  9.61787E+03 0.00431 
   69    1    1    1    1    1    1    1    7    3  9.35358E+03 0.00431 
   70    1    1    1    1    1    1    1    7    4  0.00000E+00 0.00000 
   71    1    1    1    1    1    1    1    7    5  8.99109E+03 0.00430 
   72    1    1    1    1    1    1    1    7    6  8.88864E+03 0.00435 
   73    1    1    1    1    1    1    1    7    7  0.00000E+00 0.00000 
   74    1    1    1    1    1    1    1    7    8  8.60977E+03 0.00448 
   75    1    1    1    1    1    1    1    7    9  8.37492E+03 0.00446 
   76    1    1    1    1    1    1    1    7   10  0.00000E+00 0.00000 
   77    1    1    1    1    1    1    1    7   11  8.31198E+03 0.00442 
   78    1    1    1    1    1    1    1    8    1  9.24186E+03 0.00433 
   79    1    1    1    1    1    1    1    8    2  0.00000E+00 0.00000 
   80    1    1    1    1    1    1    1    8    3  8.95607E+03 0.00437 
   81    1    1    1    1    1    1    1    8    4  8.89377E+03 0.00439 
   82    1    1    1    1    1    1    1    8    5  0.00000E+00 0.00000 
   83    1    1    1    1    1    1    1    8    6  8.56057E+03 0.00448 
   84    1    1    1    1    1    1    1    8    7  8.51649E+03 0.00453 
   85    1    1    1    1    1    1    1    8    8  0.00000E+00 0.00000 
   86    1    1    1    1    1    1    1    8    9  8.28140E+03 0.00462 
   87    1    1    1    1    1    1    1    8   10  8.26206E+03 0.00462 
   88    1    1    1    1    1    1    1    8   11  0.00000E+00 0.00000 
   89    1    1    1    1    1    1    1    9    1  8.89282E+03 0.00448 
   90    1    1    1    1    1    1    1    9    2  8.73795E+03 0.00452 
   91    1    1    1    1    1    1    1    9    3  0.00000E+00 0.00000 
   92    1    1    1    1    1    1    1    9    4  8.59540E+03 0.00447 
   93    1    1    1    1    1    1    1    9    5  8.47604E+03 0.00460 
   94    1    1    1    1    1    1    1    9    6  0.00000E+00 0.00000 
   95    1    1    1    1    1    1    1    9    7  8.29429E+03 0.00445 
   96    1    1    1    1    1    1    1    9    8  8.23581E+03 0.00457 
   97    1    1    1    1    1    1    1    9    9  0.00000E+00 0.00000 
   98    1    1    1    1    1    1    1    9   10  8.19099E+03 0.00470 
   99    1    1    1    1    1    1    1    9   11  7.97148E+03 0.00473 
  100    1    1    1    1    1    1    1   10    1  0.00000E+00 0.00000 
  101    1    1    1    1    1    1    1   10    2  8.57146E+03 0.00447 
  102    1    1    1    1    1    1    1   10    3  8.45834E+03 0.00452 
  103    1    1    1    1    1    1    1   10    4  0.00000E+00 0.00000 
  104    1    1    1    1    1    1    1   10    5  8.32087E+03 0.00453 
  105    1    1    1    1    1    1    1   10    6  8.26696E+03 0.00448 
  106    1    1    1    1    1    1    1   10    7  0.00000E+00 0.00000 
  107    1    1    1    1    1    1    1   10    8  8.04494E+03 0.00467 
  108    1    1    1    1    1    1    1   10    9  7.93498E+03 0.00460 
  109    1    1    1    1    1    1    1   10   10  0.00000E+00 0.00000 
