
ZAI = [
922350
922380
666
0
];

NAMES = [
'U235            '
'U238            '
'lost            '
'total           '
];

i922350 = 1; iU235             = 1;
i922380 = 2; iU238             = 2;
iLOST    = 3;
iTOT     = 4;

MAT_un_VOLUME = [ 2.67431E+05 2.67431E+05 ];

MAT_un_BURNUP = [ 0.00000E+00 4.28626E+01 ];

MAT_un_ADENS = [
4.83387E-03 3.51011E-03 % U235
1.93936E-02 1.88546E-02 % U238
0.00000E+00 4.36093E-30 % lost data
7.26897E-02 7.38003E-02 % total
];

MAT_un_MDENS = [
1.88669E+00 1.37002E+00 % U235
7.66628E+00 7.45321E+00 % U238
0.00000E+00 0.00000E+00 % lost data
1.08000E+01 1.07986E+01 % total
];

MAT_un_A = [
4.03440E+10 2.92958E+10 % U235
2.54970E+10 2.47883E+10 % U238
0.00000E+00 0.00000E+00 % lost data
6.58410E+10 3.28260E+18 % total
];

MAT_un_H = [
3.02435E-02 2.19613E-02 % U235
1.74436E-02 1.69587E-02 % U238
0.00000E+00 0.00000E+00 % lost data
4.76871E-02 9.64568E+05 % total
];

MAT_un_SF = [
2.90477E+00 2.10930E+00 % U235
1.39214E+04 1.35344E+04 % U238
0.00000E+00 0.00000E+00 % lost data
1.39243E+04 1.03653E+08 % total
];

MAT_un_GSRC = [
5.09749E+10 3.70154E+10 % U235
2.25785E+09 2.19510E+09 % U238
0.00000E+00 0.00000E+00 % lost data
5.32328E+10 3.52883E+18 % total
];

MAT_un_ING_TOX = [
1.89617E+03 1.37690E+03 % U235
1.14736E+03 1.11548E+03 % U238
0.00000E+00 0.00000E+00 % lost data
3.04353E+03 2.23493E+09 % total
];

MAT_un_INH_TOX = [
3.42924E+05 2.49014E+05 % U235
2.03976E+05 1.98307E+05 % U238
0.00000E+00 0.00000E+00 % lost data
5.46900E+05 8.01636E+10 % total
];

TOT_VOLUME = [ 2.67431E+05 2.67431E+05 ];

TOT_BURNUP = [ 0.00000E+00 4.28626E+01 ];

TOT_ADENS = [
4.83387E-03 3.51011E-03 % U235
1.93936E-02 1.88546E-02 % U238
0.00000E+00 4.36093E-30 % lost data
7.26897E-02 7.38003E-02 % total
];

TOT_MASS = [
5.04559E+05 3.66385E+05 % U235
2.05020E+06 1.99322E+06 % U238
0.00000E+00 0.00000E+00 % lost data
2.88825E+06 2.88788E+06 % total
];

TOT_A = [
4.03440E+10 2.92958E+10 % U235
2.54970E+10 2.47883E+10 % U238
0.00000E+00 0.00000E+00 % lost data
6.58410E+10 3.28260E+18 % total
];

TOT_H = [
3.02435E-02 2.19613E-02 % U235
1.74436E-02 1.69587E-02 % U238
0.00000E+00 0.00000E+00 % lost data
4.76871E-02 9.64568E+05 % total
];

TOT_SF = [
2.90477E+00 2.10930E+00 % U235
1.39214E+04 1.35344E+04 % U238
0.00000E+00 0.00000E+00 % lost data
1.39243E+04 1.03653E+08 % total
];

TOT_GSRC = [
5.09749E+10 3.70154E+10 % U235
2.25785E+09 2.19510E+09 % U238
0.00000E+00 0.00000E+00 % lost data
5.32328E+10 3.52883E+18 % total
];

TOT_ING_TOX = [
1.89617E+03 1.37690E+03 % U235
1.14736E+03 1.11548E+03 % U238
0.00000E+00 0.00000E+00 % lost data
3.04353E+03 2.23493E+09 % total
];

TOT_INH_TOX = [
3.42924E+05 2.49014E+05 % U235
2.03976E+05 1.98307E+05 % U238
0.00000E+00 0.00000E+00 % lost data
5.46900E+05 8.01636E+10 % total
];

BU = [ 0.00000E+00 4.28612E+01 ];

DAYS = [ 0.00000E+00 7.30000E+03 ];
