
DETassem1 = [
    1    1    1    1    1    1    1    1    1    1  0.00000E+00 0.00000 
    2    1    1    1    1    1    1    1    1    2  0.00000E+00 0.00000 
    3    1    1    1    1    1    1    1    1    3  0.00000E+00 0.00000 
    4    1    1    1    1    1    1    1    1    4  0.00000E+00 0.00000 
    5    1    1    1    1    1    1    1    1    5  0.00000E+00 0.00000 
    6    1    1    1    1    1    1    1    1    6  0.00000E+00 0.00000 
    7    1    1    1    1    1    1    1    1    7  0.00000E+00 0.00000 
    8    1    1    1    1    1    1    1    1    8  1.79959E+04 0.00361 
    9    1    1    1    1    1    1    1    1    9  1.40905E+04 0.00378 
   10    1    1    1    1    1    1    1    1   10  0.00000E+00 0.00000 
   11    1    1    1    1    1    1    1    1   11  1.04976E+04 0.00423 
   12    1    1    1    1    1    1    1    2    1  1.92494E+04 0.00346 
   13    1    1    1    1    1    1    1    2    2  0.00000E+00 0.00000 
   14    1    1    1    1    1    1    1    2    3  0.00000E+00 0.00000 
   15    1    1    1    1    1    1    1    2    4  0.00000E+00 0.00000 
   16    1    1    1    1    1    1    1    2    5  0.00000E+00 0.00000 
   17    1    1    1    1    1    1    1    2    6  1.93169E+04 0.00348 
   18    1    1    1    1    1    1    1    2    7  1.59406E+04 0.00364 
   19    1    1    1    1    1    1    1    2    8  0.00000E+00 0.00000 
   20    1    1    1    1    1    1    1    2    9  1.15489E+04 0.00411 
   21    1    1    1    1    1    1    1    2   10  1.04682E+04 0.00417 
   22    1    1    1    1    1    1    1    2   11  0.00000E+00 0.00000 
   23    1    1    1    1    1    1    1    3    1  1.59607E+04 0.00365 
   24    1    1    1    1    1    1    1    3    2  1.80458E+04 0.00346 
   25    1    1    1    1    1    1    1    3    3  0.00000E+00 0.00000 
   26    1    1    1    1    1    1    1    3    4  1.80935E+04 0.00355 
   27    1    1    1    1    1    1    1    3    5  1.58778E+04 0.00376 
   28    1    1    1    1    1    1    1    3    6  0.00000E+00 0.00000 
   29    1    1    1    1    1    1    1    3    7  1.22856E+04 0.00400 
   30    1    1    1    1    1    1    1    3    8  1.13262E+04 0.00417 
   31    1    1    1    1    1    1    1    3    9  0.00000E+00 0.00000 
   32    1    1    1    1    1    1    1    3   10  9.68143E+03 0.00433 
   33    1    1    1    1    1    1    1    3   11  9.25384E+03 0.00440 
   34    1    1    1    1    1    1    1    4    1  0.00000E+00 0.00000 
   35    1    1    1    1    1    1    1    4    2  1.40772E+04 0.00387 
   36    1    1    1    1    1    1    1    4    3  1.42130E+04 0.00380 
   37    1    1    1    1    1    1    1    4    4  0.00000E+00 0.00000 
   38    1    1    1    1    1    1    1    4    5  1.23877E+04 0.00404 
   39    1    1    1    1    1    1    1    4    6  1.14424E+04 0.00404 
   40    1    1    1    1    1    1    1    4    7  0.00000E+00 0.00000 
   41    1    1    1    1    1    1    1    4    8  1.00487E+04 0.00425 
   42    1    1    1    1    1    1    1    4    9  9.44108E+03 0.00429 
   43    1    1    1    1    1    1    1    4   10  0.00000E+00 0.00000 
   44    1    1    1    1    1    1    1    4   11  8.99278E+03 0.00444 
   45    1    1    1    1    1    1    1    5    1  1.16390E+04 0.00401 
   46    1    1    1    1    1    1    1    5    2  0.00000E+00 0.00000 
   47    1    1    1    1    1    1    1    5    3  1.15778E+04 0.00412 
   48    1    1    1    1    1    1    1    5    4  1.12067E+04 0.00425 
   49    1    1    1    1    1    1    1    5    5  0.00000E+00 0.00000 
   50    1    1    1    1    1    1    1    5    6  1.01466E+04 0.00425 
   51    1    1    1    1    1    1    1    5    7  9.85430E+03 0.00437 
   52    1    1    1    1    1    1    1    5    8  0.00000E+00 0.00000 
   53    1    1    1    1    1    1    1    5    9  9.02165E+03 0.00431 
   54    1    1    1    1    1    1    1    5   10  8.94464E+03 0.00437 
   55    1    1    1    1    1    1    1    5   11  0.00000E+00 0.00000 
   56    1    1    1    1    1    1    1    6    1  1.04374E+04 0.00420 
   57    1    1    1    1    1    1    1    6    2  1.04702E+04 0.00420 
   58    1    1    1    1    1    1    1    6    3  0.00000E+00 0.00000 
   59    1    1    1    1    1    1    1    6    4  9.98682E+03 0.00428 
   60    1    1    1    1    1    1    1    6    5  9.74218E+03 0.00436 
   61    1    1    1    1    1    1    1    6    6  0.00000E+00 0.00000 
   62    1    1    1    1    1    1    1    6    7  9.18138E+03 0.00427 
   63    1    1    1    1    1    1    1    6    8  8.92985E+03 0.00448 
   64    1    1    1    1    1    1    1    6    9  0.00000E+00 0.00000 
   65    1    1    1    1    1    1    1    6   10  8.70270E+03 0.00454 
   66    1    1    1    1    1    1    1    6   11  8.51694E+03 0.00459 
   67    1    1    1    1    1    1    1    7    1  0.00000E+00 0.00000 
   68    1    1    1    1    1    1    1    7    2  9.57897E+03 0.00431 
   69    1    1    1    1    1    1    1    7    3  9.50689E+03 0.00426 
   70    1    1    1    1    1    1    1    7    4  0.00000E+00 0.00000 
   71    1    1    1    1    1    1    1    7    5  9.20208E+03 0.00440 
   72    1    1    1    1    1    1    1    7    6  9.02261E+03 0.00435 
   73    1    1    1    1    1    1    1    7    7  0.00000E+00 0.00000 
   74    1    1    1    1    1    1    1    7    8  8.65743E+03 0.00445 
   75    1    1    1    1    1    1    1    7    9  8.50916E+03 0.00450 
   76    1    1    1    1    1    1    1    7   10  0.00000E+00 0.00000 
   77    1    1    1    1    1    1    1    7   11  8.31346E+03 0.00451 
   78    1    1    1    1    1    1    1    8    1  9.35885E+03 0.00423 
   79    1    1    1    1    1    1    1    8    2  0.00000E+00 0.00000 
   80    1    1    1    1    1    1    1    8    3  9.00994E+03 0.00435 
   81    1    1    1    1    1    1    1    8    4  9.01634E+03 0.00449 
   82    1    1    1    1    1    1    1    8    5  0.00000E+00 0.00000 
   83    1    1    1    1    1    1    1    8    6  8.64872E+03 0.00447 
   84    1    1    1    1    1    1    1    8    7  8.46066E+03 0.00451 
   85    1    1    1    1    1    1    1    8    8  0.00000E+00 0.00000 
   86    1    1    1    1    1    1    1    8    9  8.39426E+03 0.00458 
   87    1    1    1    1    1    1    1    8   10  8.21653E+03 0.00463 
   88    1    1    1    1    1    1    1    8   11  0.00000E+00 0.00000 
   89    1    1    1    1    1    1    1    9    1  8.97865E+03 0.00440 
   90    1    1    1    1    1    1    1    9    2  8.88954E+03 0.00440 
   91    1    1    1    1    1    1    1    9    3  0.00000E+00 0.00000 
   92    1    1    1    1    1    1    1    9    4  8.65368E+03 0.00451 
   93    1    1    1    1    1    1    1    9    5  8.49139E+03 0.00447 
   94    1    1    1    1    1    1    1    9    6  0.00000E+00 0.00000 
   95    1    1    1    1    1    1    1    9    7  8.32006E+03 0.00468 
   96    1    1    1    1    1    1    1    9    8  8.17909E+03 0.00454 
   97    1    1    1    1    1    1    1    9    9  0.00000E+00 0.00000 
   98    1    1    1    1    1    1    1    9   10  8.07080E+03 0.00460 
   99    1    1    1    1    1    1    1    9   11  7.98555E+03 0.00457 
  100    1    1    1    1    1    1    1   10    1  0.00000E+00 0.00000 
  101    1    1    1    1    1    1    1   10    2  8.64828E+03 0.00438 
  102    1    1    1    1    1    1    1   10    3  8.43270E+03 0.00453 
  103    1    1    1    1    1    1    1   10    4  0.00000E+00 0.00000 
  104    1    1    1    1    1    1    1   10    5  8.33401E+03 0.00442 
  105    1    1    1    1    1    1    1   10    6  8.21730E+03 0.00463 
  106    1    1    1    1    1    1    1   10    7  0.00000E+00 0.00000 
  107    1    1    1    1    1    1    1   10    8  8.00702E+03 0.00457 
  108    1    1    1    1    1    1    1   10    9  7.93155E+03 0.00478 
  109    1    1    1    1    1    1    1   10   10  0.00000E+00 0.00000 
