
DETassem1 = [
    1    1    1    1    1    1    1    1    1    1  0.00000E+00 0.00000 
    2    1    1    1    1    1    1    1    1    2  0.00000E+00 0.00000 
    3    1    1    1    1    1    1    1    1    3  0.00000E+00 0.00000 
    4    1    1    1    1    1    1    1    1    4  0.00000E+00 0.00000 
    5    1    1    1    1    1    1    1    1    5  0.00000E+00 0.00000 
    6    1    1    1    1    1    1    1    1    6  0.00000E+00 0.00000 
    7    1    1    1    1    1    1    1    1    7  0.00000E+00 0.00000 
    8    1    1    1    1    1    1    1    1    8  1.78899E+04 0.00346 
    9    1    1    1    1    1    1    1    1    9  1.39214E+04 0.00387 
   10    1    1    1    1    1    1    1    1   10  0.00000E+00 0.00000 
   11    1    1    1    1    1    1    1    1   11  1.03679E+04 0.00426 
   12    1    1    1    1    1    1    1    2    1  1.92064E+04 0.00345 
   13    1    1    1    1    1    1    1    2    2  0.00000E+00 0.00000 
   14    1    1    1    1    1    1    1    2    3  0.00000E+00 0.00000 
   15    1    1    1    1    1    1    1    2    4  0.00000E+00 0.00000 
   16    1    1    1    1    1    1    1    2    5  0.00000E+00 0.00000 
   17    1    1    1    1    1    1    1    2    6  1.92456E+04 0.00343 
   18    1    1    1    1    1    1    1    2    7  1.55092E+04 0.00371 
   19    1    1    1    1    1    1    1    2    8  0.00000E+00 0.00000 
   20    1    1    1    1    1    1    1    2    9  1.14249E+04 0.00419 
   21    1    1    1    1    1    1    1    2   10  1.03433E+04 0.00433 
   22    1    1    1    1    1    1    1    2   11  0.00000E+00 0.00000 
   23    1    1    1    1    1    1    1    3    1  1.56786E+04 0.00372 
   24    1    1    1    1    1    1    1    3    2  1.79612E+04 0.00355 
   25    1    1    1    1    1    1    1    3    3  0.00000E+00 0.00000 
   26    1    1    1    1    1    1    1    3    4  1.77975E+04 0.00352 
   27    1    1    1    1    1    1    1    3    5  1.56658E+04 0.00362 
   28    1    1    1    1    1    1    1    3    6  0.00000E+00 0.00000 
   29    1    1    1    1    1    1    1    3    7  1.22345E+04 0.00401 
   30    1    1    1    1    1    1    1    3    8  1.09852E+04 0.00417 
   31    1    1    1    1    1    1    1    3    9  0.00000E+00 0.00000 
   32    1    1    1    1    1    1    1    3   10  9.61651E+03 0.00431 
   33    1    1    1    1    1    1    1    3   11  9.17860E+03 0.00437 
   34    1    1    1    1    1    1    1    4    1  0.00000E+00 0.00000 
   35    1    1    1    1    1    1    1    4    2  1.39683E+04 0.00385 
   36    1    1    1    1    1    1    1    4    3  1.39435E+04 0.00383 
   37    1    1    1    1    1    1    1    4    4  0.00000E+00 0.00000 
   38    1    1    1    1    1    1    1    4    5  1.21481E+04 0.00402 
   39    1    1    1    1    1    1    1    4    6  1.13880E+04 0.00410 
   40    1    1    1    1    1    1    1    4    7  0.00000E+00 0.00000 
   41    1    1    1    1    1    1    1    4    8  9.90784E+03 0.00433 
   42    1    1    1    1    1    1    1    4    9  9.40449E+03 0.00442 
   43    1    1    1    1    1    1    1    4   10  0.00000E+00 0.00000 
   44    1    1    1    1    1    1    1    4   11  8.83293E+03 0.00439 
   45    1    1    1    1    1    1    1    5    1  1.15543E+04 0.00412 
   46    1    1    1    1    1    1    1    5    2  0.00000E+00 0.00000 
   47    1    1    1    1    1    1    1    5    3  1.15107E+04 0.00410 
   48    1    1    1    1    1    1    1    5    4  1.09158E+04 0.00418 
   49    1    1    1    1    1    1    1    5    5  0.00000E+00 0.00000 
   50    1    1    1    1    1    1    1    5    6  9.88934E+03 0.00422 
   51    1    1    1    1    1    1    1    5    7  9.56826E+03 0.00433 
   52    1    1    1    1    1    1    1    5    8  0.00000E+00 0.00000 
   53    1    1    1    1    1    1    1    5    9  8.93418E+03 0.00442 
   54    1    1    1    1    1    1    1    5   10  8.65660E+03 0.00446 
   55    1    1    1    1    1    1    1    5   11  0.00000E+00 0.00000 
   56    1    1    1    1    1    1    1    6    1  1.04168E+04 0.00414 
   57    1    1    1    1    1    1    1    6    2  1.03692E+04 0.00420 
   58    1    1    1    1    1    1    1    6    3  0.00000E+00 0.00000 
   59    1    1    1    1    1    1    1    6    4  9.85530E+03 0.00434 
   60    1    1    1    1    1    1    1    6    5  9.57352E+03 0.00424 
   61    1    1    1    1    1    1    1    6    6  0.00000E+00 0.00000 
   62    1    1    1    1    1    1    1    6    7  8.99707E+03 0.00453 
   63    1    1    1    1    1    1    1    6    8  8.83969E+03 0.00437 
   64    1    1    1    1    1    1    1    6    9  0.00000E+00 0.00000 
   65    1    1    1    1    1    1    1    6   10  8.43075E+03 0.00450 
   66    1    1    1    1    1    1    1    6   11  8.50499E+03 0.00459 
   67    1    1    1    1    1    1    1    7    1  0.00000E+00 0.00000 
   68    1    1    1    1    1    1    1    7    2  9.62152E+03 0.00437 
   69    1    1    1    1    1    1    1    7    3  9.36855E+03 0.00434 
   70    1    1    1    1    1    1    1    7    4  0.00000E+00 0.00000 
   71    1    1    1    1    1    1    1    7    5  9.05084E+03 0.00435 
   72    1    1    1    1    1    1    1    7    6  8.81285E+03 0.00440 
   73    1    1    1    1    1    1    1    7    7  0.00000E+00 0.00000 
   74    1    1    1    1    1    1    1    7    8  8.46368E+03 0.00441 
   75    1    1    1    1    1    1    1    7    9  8.43912E+03 0.00461 
   76    1    1    1    1    1    1    1    7   10  0.00000E+00 0.00000 
   77    1    1    1    1    1    1    1    7   11  8.29028E+03 0.00458 
   78    1    1    1    1    1    1    1    8    1  9.17872E+03 0.00436 
   79    1    1    1    1    1    1    1    8    2  0.00000E+00 0.00000 
   80    1    1    1    1    1    1    1    8    3  8.92409E+03 0.00441 
   81    1    1    1    1    1    1    1    8    4  8.81375E+03 0.00439 
   82    1    1    1    1    1    1    1    8    5  0.00000E+00 0.00000 
   83    1    1    1    1    1    1    1    8    6  8.52004E+03 0.00463 
   84    1    1    1    1    1    1    1    8    7  8.37813E+03 0.00455 
   85    1    1    1    1    1    1    1    8    8  0.00000E+00 0.00000 
   86    1    1    1    1    1    1    1    8    9  8.29482E+03 0.00448 
   87    1    1    1    1    1    1    1    8   10  8.23866E+03 0.00463 
   88    1    1    1    1    1    1    1    8   11  0.00000E+00 0.00000 
   89    1    1    1    1    1    1    1    9    1  8.89347E+03 0.00447 
   90    1    1    1    1    1    1    1    9    2  8.76978E+03 0.00455 
   91    1    1    1    1    1    1    1    9    3  0.00000E+00 0.00000 
   92    1    1    1    1    1    1    1    9    4  8.42932E+03 0.00453 
   93    1    1    1    1    1    1    1    9    5  8.41952E+03 0.00455 
   94    1    1    1    1    1    1    1    9    6  0.00000E+00 0.00000 
   95    1    1    1    1    1    1    1    9    7  8.26831E+03 0.00455 
   96    1    1    1    1    1    1    1    9    8  8.22685E+03 0.00451 
   97    1    1    1    1    1    1    1    9    9  0.00000E+00 0.00000 
   98    1    1    1    1    1    1    1    9   10  8.00625E+03 0.00459 
   99    1    1    1    1    1    1    1    9   11  7.97945E+03 0.00465 
  100    1    1    1    1    1    1    1   10    1  0.00000E+00 0.00000 
  101    1    1    1    1    1    1    1   10    2  8.55979E+03 0.00448 
  102    1    1    1    1    1    1    1   10    3  8.41131E+03 0.00458 
  103    1    1    1    1    1    1    1   10    4  0.00000E+00 0.00000 
  104    1    1    1    1    1    1    1   10    5  8.23762E+03 0.00453 
  105    1    1    1    1    1    1    1   10    6  8.25155E+03 0.00459 
  106    1    1    1    1    1    1    1   10    7  0.00000E+00 0.00000 
  107    1    1    1    1    1    1    1   10    8  8.03633E+03 0.00475 
  108    1    1    1    1    1    1    1   10    9  7.86986E+03 0.00469 
  109    1    1    1    1    1    1    1   10   10  0.00000E+00 0.00000 
