
ZAI = [
922350
922380
666
0
];

NAMES = [
'U235            '
'U238            '
'lost            '
'total           '
];

i922350 = 1; iU235             = 1;
i922380 = 2; iU238             = 2;
iLOST    = 3;
iTOT     = 4;

MAT_un_VOLUME = [ 2.67411E+05 2.67411E+05 ];

MAT_un_BURNUP = [ 0.00000E+00 4.28658E+01 ];

MAT_un_ADENS = [
4.83387E-03 3.50978E-03 % U235
1.93936E-02 1.88539E-02 % U238
0.00000E+00 3.85740E-30 % lost data
7.26897E-02 7.38004E-02 % total
];

MAT_un_MDENS = [
1.88669E+00 1.36989E+00 % U235
7.66628E+00 7.45293E+00 % U238
0.00000E+00 0.00000E+00 % lost data
1.08000E+01 1.07986E+01 % total
];

MAT_un_A = [
4.03410E+10 2.92908E+10 % U235
2.54951E+10 2.47856E+10 % U238
0.00000E+00 0.00000E+00 % lost data
6.58361E+10 3.28372E+18 % total
];

MAT_un_H = [
3.02412E-02 2.19576E-02 % U235
1.74423E-02 1.69568E-02 % U238
0.00000E+00 0.00000E+00 % lost data
4.76835E-02 9.64720E+05 % total
];

MAT_un_SF = [
2.90455E+00 2.10894E+00 % U235
1.39203E+04 1.35329E+04 % U238
0.00000E+00 0.00000E+00 % lost data
1.39232E+04 1.03732E+08 % total
];

MAT_un_GSRC = [
5.09711E+10 3.70091E+10 % U235
2.25768E+09 2.19485E+09 % U238
0.00000E+00 0.00000E+00 % lost data
5.32288E+10 3.53014E+18 % total
];

MAT_un_ING_TOX = [
1.89603E+03 1.37667E+03 % U235
1.14728E+03 1.11535E+03 % U238
0.00000E+00 0.00000E+00 % lost data
3.04331E+03 2.23583E+09 % total
];

MAT_un_INH_TOX = [
3.42898E+05 2.48972E+05 % U235
2.03961E+05 1.98284E+05 % U238
0.00000E+00 0.00000E+00 % lost data
5.46859E+05 8.02808E+10 % total
];

TOT_VOLUME = [ 2.67411E+05 2.67411E+05 ];

TOT_BURNUP = [ 0.00000E+00 4.28658E+01 ];

TOT_ADENS = [
4.83387E-03 3.50978E-03 % U235
1.93936E-02 1.88539E-02 % U238
0.00000E+00 3.85740E-30 % lost data
7.26897E-02 7.38004E-02 % total
];

TOT_MASS = [
5.04521E+05 3.66323E+05 % U235
2.05005E+06 1.99299E+06 % U238
0.00000E+00 0.00000E+00 % lost data
2.88804E+06 2.88766E+06 % total
];

TOT_A = [
4.03410E+10 2.92908E+10 % U235
2.54951E+10 2.47856E+10 % U238
0.00000E+00 0.00000E+00 % lost data
6.58361E+10 3.28372E+18 % total
];

TOT_H = [
3.02412E-02 2.19576E-02 % U235
1.74423E-02 1.69568E-02 % U238
0.00000E+00 0.00000E+00 % lost data
4.76835E-02 9.64720E+05 % total
];

TOT_SF = [
2.90455E+00 2.10894E+00 % U235
1.39203E+04 1.35329E+04 % U238
0.00000E+00 0.00000E+00 % lost data
1.39232E+04 1.03732E+08 % total
];

TOT_GSRC = [
5.09711E+10 3.70091E+10 % U235
2.25768E+09 2.19485E+09 % U238
0.00000E+00 0.00000E+00 % lost data
5.32288E+10 3.53014E+18 % total
];

TOT_ING_TOX = [
1.89603E+03 1.37667E+03 % U235
1.14728E+03 1.11535E+03 % U238
0.00000E+00 0.00000E+00 % lost data
3.04331E+03 2.23583E+09 % total
];

TOT_INH_TOX = [
3.42898E+05 2.48972E+05 % U235
2.03961E+05 1.98284E+05 % U238
0.00000E+00 0.00000E+00 % lost data
5.46859E+05 8.02808E+10 % total
];

BU = [ 0.00000E+00 4.28644E+01 ];

DAYS = [ 0.00000E+00 7.30000E+03 ];
