
ZAI = [
922350
922380
666
0
];

NAMES = [
'U235            '
'U238            '
'lost            '
'total           '
];

i922350 = 1; iU235             = 1;
i922380 = 2; iU238             = 2;
iLOST    = 3;
iTOT     = 4;

MAT_un_VOLUME = [ 2.67224E+05 2.67224E+05 ];

MAT_un_BURNUP = [ 0.00000E+00 4.28957E+01 ];

MAT_un_ADENS = [
4.83387E-03 3.50902E-03 % U235
1.93936E-02 1.88535E-02 % U238
0.00000E+00 3.47348E-30 % lost data
7.26897E-02 7.38011E-02 % total
];

MAT_un_MDENS = [
1.88669E+00 1.36959E+00 % U235
7.66628E+00 7.45277E+00 % U238
0.00000E+00 0.00000E+00 % lost data
1.08000E+01 1.07986E+01 % total
];

MAT_un_A = [
4.03128E+10 2.92640E+10 % U235
2.54773E+10 2.47677E+10 % U238
0.00000E+00 0.00000E+00 % lost data
6.57901E+10 3.28347E+18 % total
];

MAT_un_H = [
3.02201E-02 2.19375E-02 % U235
1.74301E-02 1.69446E-02 % U238
0.00000E+00 0.00000E+00 % lost data
4.76502E-02 9.64639E+05 % total
];

MAT_un_SF = [
2.90252E+00 2.10701E+00 % U235
1.39106E+04 1.35232E+04 % U238
0.00000E+00 0.00000E+00 % lost data
1.39135E+04 1.03737E+08 % total
];

MAT_un_GSRC = [
5.09355E+10 3.69753E+10 % U235
2.25610E+09 2.19327E+09 % U238
0.00000E+00 0.00000E+00 % lost data
5.31916E+10 3.52986E+18 % total
];

MAT_un_ING_TOX = [
1.89470E+03 1.37541E+03 % U235
1.14648E+03 1.11455E+03 % U238
0.00000E+00 0.00000E+00 % lost data
3.04118E+03 2.23565E+09 % total
];

MAT_un_INH_TOX = [
3.42659E+05 2.48744E+05 % U235
2.03818E+05 1.98141E+05 % U238
0.00000E+00 0.00000E+00 % lost data
5.46477E+05 8.02974E+10 % total
];

TOT_VOLUME = [ 2.67224E+05 2.67224E+05 ];

TOT_BURNUP = [ 0.00000E+00 4.28957E+01 ];

TOT_ADENS = [
4.83387E-03 3.50902E-03 % U235
1.93936E-02 1.88535E-02 % U238
0.00000E+00 3.47348E-30 % lost data
7.26897E-02 7.38011E-02 % total
];

TOT_MASS = [
5.04168E+05 3.65988E+05 % U235
2.04861E+06 1.99156E+06 % U238
0.00000E+00 0.00000E+00 % lost data
2.88602E+06 2.88564E+06 % total
];

TOT_A = [
4.03128E+10 2.92640E+10 % U235
2.54773E+10 2.47677E+10 % U238
0.00000E+00 0.00000E+00 % lost data
6.57901E+10 3.28347E+18 % total
];

TOT_H = [
3.02201E-02 2.19375E-02 % U235
1.74301E-02 1.69446E-02 % U238
0.00000E+00 0.00000E+00 % lost data
4.76502E-02 9.64639E+05 % total
];

TOT_SF = [
2.90252E+00 2.10701E+00 % U235
1.39106E+04 1.35232E+04 % U238
0.00000E+00 0.00000E+00 % lost data
1.39135E+04 1.03737E+08 % total
];

TOT_GSRC = [
5.09355E+10 3.69753E+10 % U235
2.25610E+09 2.19327E+09 % U238
0.00000E+00 0.00000E+00 % lost data
5.31916E+10 3.52986E+18 % total
];

TOT_ING_TOX = [
1.89470E+03 1.37541E+03 % U235
1.14648E+03 1.11455E+03 % U238
0.00000E+00 0.00000E+00 % lost data
3.04118E+03 2.23565E+09 % total
];

TOT_INH_TOX = [
3.42659E+05 2.48744E+05 % U235
2.03818E+05 1.98141E+05 % U238
0.00000E+00 0.00000E+00 % lost data
5.46477E+05 8.02974E+10 % total
];

BU = [ 0.00000E+00 4.28944E+01 ];

DAYS = [ 0.00000E+00 7.30000E+03 ];
