
ZAI = [
922350
922380
666
0
];

NAMES = [
'U235            '
'U238            '
'lost            '
'total           '
];

i922350 = 1; iU235             = 1;
i922380 = 2; iU238             = 2;
iLOST    = 3;
iTOT     = 4;

MAT_un_VOLUME = [ 2.67232E+05 2.67232E+05 ];

MAT_un_BURNUP = [ 0.00000E+00 4.28945E+01 ];

MAT_un_ADENS = [
4.83387E-03 3.50910E-03 % U235
1.93936E-02 1.88537E-02 % U238
0.00000E+00 3.25940E-30 % lost data
7.26897E-02 7.38012E-02 % total
];

MAT_un_MDENS = [
1.88669E+00 1.36962E+00 % U235
7.66628E+00 7.45287E+00 % U238
0.00000E+00 0.00000E+00 % lost data
1.08000E+01 1.07986E+01 % total
];

MAT_un_A = [
4.03140E+10 2.92656E+10 % U235
2.54780E+10 2.47688E+10 % U238
0.00000E+00 0.00000E+00 % lost data
6.57920E+10 3.28337E+18 % total
];

MAT_un_H = [
3.02210E-02 2.19386E-02 % U235
1.74306E-02 1.69453E-02 % U238
0.00000E+00 0.00000E+00 % lost data
4.76516E-02 9.64656E+05 % total
];

MAT_un_SF = [
2.90261E+00 2.10712E+00 % U235
1.39110E+04 1.35237E+04 % U238
0.00000E+00 0.00000E+00 % lost data
1.39139E+04 1.04049E+08 % total
];

MAT_un_GSRC = [
5.09370E+10 3.69772E+10 % U235
2.25617E+09 2.19336E+09 % U238
0.00000E+00 0.00000E+00 % lost data
5.31932E+10 3.52971E+18 % total
];

MAT_un_ING_TOX = [
1.89476E+03 1.37548E+03 % U235
1.14651E+03 1.11459E+03 % U238
0.00000E+00 0.00000E+00 % lost data
3.04127E+03 2.23598E+09 % total
];

MAT_un_INH_TOX = [
3.42669E+05 2.48757E+05 % U235
2.03824E+05 1.98150E+05 % U238
0.00000E+00 0.00000E+00 % lost data
5.46493E+05 8.03791E+10 % total
];

TOT_VOLUME = [ 2.67232E+05 2.67232E+05 ];

TOT_BURNUP = [ 0.00000E+00 4.28945E+01 ];

TOT_ADENS = [
4.83387E-03 3.50910E-03 % U235
1.93936E-02 1.88537E-02 % U238
0.00000E+00 3.25940E-30 % lost data
7.26897E-02 7.38012E-02 % total
];

TOT_MASS = [
5.04183E+05 3.66007E+05 % U235
2.04867E+06 1.99164E+06 % U238
0.00000E+00 0.00000E+00 % lost data
2.88610E+06 2.88573E+06 % total
];

TOT_A = [
4.03140E+10 2.92656E+10 % U235
2.54780E+10 2.47688E+10 % U238
0.00000E+00 0.00000E+00 % lost data
6.57920E+10 3.28337E+18 % total
];

TOT_H = [
3.02210E-02 2.19386E-02 % U235
1.74306E-02 1.69453E-02 % U238
0.00000E+00 0.00000E+00 % lost data
4.76516E-02 9.64656E+05 % total
];

TOT_SF = [
2.90261E+00 2.10712E+00 % U235
1.39110E+04 1.35237E+04 % U238
0.00000E+00 0.00000E+00 % lost data
1.39139E+04 1.04049E+08 % total
];

TOT_GSRC = [
5.09370E+10 3.69772E+10 % U235
2.25617E+09 2.19336E+09 % U238
0.00000E+00 0.00000E+00 % lost data
5.31932E+10 3.52971E+18 % total
];

TOT_ING_TOX = [
1.89476E+03 1.37548E+03 % U235
1.14651E+03 1.11459E+03 % U238
0.00000E+00 0.00000E+00 % lost data
3.04127E+03 2.23598E+09 % total
];

TOT_INH_TOX = [
3.42669E+05 2.48757E+05 % U235
2.03824E+05 1.98150E+05 % U238
0.00000E+00 0.00000E+00 % lost data
5.46493E+05 8.03791E+10 % total
];

BU = [ 0.00000E+00 4.28931E+01 ];

DAYS = [ 0.00000E+00 7.30000E+03 ];
