
DETassem1 = [
    1    1    1    1    1    1    1    1    1    1  0.00000E+00 0.00000 
    2    1    1    1    1    1    1    1    1    2  0.00000E+00 0.00000 
    3    1    1    1    1    1    1    1    1    3  0.00000E+00 0.00000 
    4    1    1    1    1    1    1    1    1    4  0.00000E+00 0.00000 
    5    1    1    1    1    1    1    1    1    5  0.00000E+00 0.00000 
    6    1    1    1    1    1    1    1    1    6  0.00000E+00 0.00000 
    7    1    1    1    1    1    1    1    1    7  0.00000E+00 0.00000 
    8    1    1    1    1    1    1    1    1    8  1.82976E+04 0.00372 
    9    1    1    1    1    1    1    1    1    9  1.38775E+04 0.00399 
   10    1    1    1    1    1    1    1    1   10  0.00000E+00 0.00000 
   11    1    1    1    1    1    1    1    1   11  9.99296E+03 0.00437 
   12    1    1    1    1    1    1    1    2    1  1.98038E+04 0.00362 
   13    1    1    1    1    1    1    1    2    2  0.00000E+00 0.00000 
   14    1    1    1    1    1    1    1    2    3  0.00000E+00 0.00000 
   15    1    1    1    1    1    1    1    2    4  0.00000E+00 0.00000 
   16    1    1    1    1    1    1    1    2    5  0.00000E+00 0.00000 
   17    1    1    1    1    1    1    1    2    6  1.96780E+04 0.00363 
   18    1    1    1    1    1    1    1    2    7  1.57833E+04 0.00384 
   19    1    1    1    1    1    1    1    2    8  0.00000E+00 0.00000 
   20    1    1    1    1    1    1    1    2    9  1.11948E+04 0.00425 
   21    1    1    1    1    1    1    1    2   10  1.00583E+04 0.00438 
   22    1    1    1    1    1    1    1    2   11  0.00000E+00 0.00000 
   23    1    1    1    1    1    1    1    3    1  1.58412E+04 0.00384 
   24    1    1    1    1    1    1    1    3    2  1.81882E+04 0.00366 
   25    1    1    1    1    1    1    1    3    3  0.00000E+00 0.00000 
   26    1    1    1    1    1    1    1    3    4  1.83098E+04 0.00364 
   27    1    1    1    1    1    1    1    3    5  1.57781E+04 0.00384 
   28    1    1    1    1    1    1    1    3    6  0.00000E+00 0.00000 
   29    1    1    1    1    1    1    1    3    7  1.20028E+04 0.00418 
   30    1    1    1    1    1    1    1    3    8  1.07533E+04 0.00425 
   31    1    1    1    1    1    1    1    3    9  0.00000E+00 0.00000 
   32    1    1    1    1    1    1    1    3   10  9.27864E+03 0.00456 
   33    1    1    1    1    1    1    1    3   11  8.85431E+03 0.00455 
   34    1    1    1    1    1    1    1    4    1  0.00000E+00 0.00000 
   35    1    1    1    1    1    1    1    4    2  1.38561E+04 0.00406 
   36    1    1    1    1    1    1    1    4    3  1.38496E+04 0.00398 
   37    1    1    1    1    1    1    1    4    4  0.00000E+00 0.00000 
   38    1    1    1    1    1    1    1    4    5  1.19980E+04 0.00425 
   39    1    1    1    1    1    1    1    4    6  1.10279E+04 0.00433 
   40    1    1    1    1    1    1    1    4    7  0.00000E+00 0.00000 
   41    1    1    1    1    1    1    1    4    8  9.54941E+03 0.00452 
   42    1    1    1    1    1    1    1    4    9  9.11992E+03 0.00452 
   43    1    1    1    1    1    1    1    4   10  0.00000E+00 0.00000 
   44    1    1    1    1    1    1    1    4   11  8.48034E+03 0.00453 
   45    1    1    1    1    1    1    1    5    1  1.11555E+04 0.00425 
   46    1    1    1    1    1    1    1    5    2  0.00000E+00 0.00000 
   47    1    1    1    1    1    1    1    5    3  1.11452E+04 0.00428 
   48    1    1    1    1    1    1    1    5    4  1.06426E+04 0.00438 
   49    1    1    1    1    1    1    1    5    5  0.00000E+00 0.00000 
   50    1    1    1    1    1    1    1    5    6  9.58820E+03 0.00450 
   51    1    1    1    1    1    1    1    5    7  9.18627E+03 0.00450 
   52    1    1    1    1    1    1    1    5    8  0.00000E+00 0.00000 
   53    1    1    1    1    1    1    1    5    9  8.55371E+03 0.00464 
   54    1    1    1    1    1    1    1    5   10  8.39079E+03 0.00456 
   55    1    1    1    1    1    1    1    5   11  0.00000E+00 0.00000 
   56    1    1    1    1    1    1    1    6    1  9.89574E+03 0.00444 
   57    1    1    1    1    1    1    1    6    2  9.93433E+03 0.00435 
   58    1    1    1    1    1    1    1    6    3  0.00000E+00 0.00000 
   59    1    1    1    1    1    1    1    6    4  9.46889E+03 0.00451 
   60    1    1    1    1    1    1    1    6    5  9.21134E+03 0.00459 
   61    1    1    1    1    1    1    1    6    6  0.00000E+00 0.00000 
   62    1    1    1    1    1    1    1    6    7  8.71116E+03 0.00461 
   63    1    1    1    1    1    1    1    6    8  8.50666E+03 0.00476 
   64    1    1    1    1    1    1    1    6    9  0.00000E+00 0.00000 
   65    1    1    1    1    1    1    1    6   10  8.23931E+03 0.00469 
   66    1    1    1    1    1    1    1    6   11  8.16831E+03 0.00469 
   67    1    1    1    1    1    1    1    7    1  0.00000E+00 0.00000 
   68    1    1    1    1    1    1    1    7    2  9.16265E+03 0.00450 
   69    1    1    1    1    1    1    1    7    3  9.04950E+03 0.00463 
   70    1    1    1    1    1    1    1    7    4  0.00000E+00 0.00000 
   71    1    1    1    1    1    1    1    7    5  8.68214E+03 0.00471 
   72    1    1    1    1    1    1    1    7    6  8.44418E+03 0.00460 
   73    1    1    1    1    1    1    1    7    7  0.00000E+00 0.00000 
   74    1    1    1    1    1    1    1    7    8  8.16095E+03 0.00472 
   75    1    1    1    1    1    1    1    7    9  8.14644E+03 0.00475 
   76    1    1    1    1    1    1    1    7   10  0.00000E+00 0.00000 
   77    1    1    1    1    1    1    1    7   11  8.08781E+03 0.00473 
   78    1    1    1    1    1    1    1    8    1  8.83689E+03 0.00452 
   79    1    1    1    1    1    1    1    8    2  0.00000E+00 0.00000 
   80    1    1    1    1    1    1    1    8    3  8.58928E+03 0.00459 
   81    1    1    1    1    1    1    1    8    4  8.45491E+03 0.00462 
   82    1    1    1    1    1    1    1    8    5  0.00000E+00 0.00000 
   83    1    1    1    1    1    1    1    8    6  8.20248E+03 0.00473 
   84    1    1    1    1    1    1    1    8    7  8.07888E+03 0.00469 
   85    1    1    1    1    1    1    1    8    8  0.00000E+00 0.00000 
   86    1    1    1    1    1    1    1    8    9  8.03318E+03 0.00477 
   87    1    1    1    1    1    1    1    8   10  7.93640E+03 0.00475 
   88    1    1    1    1    1    1    1    8   11  0.00000E+00 0.00000 
   89    1    1    1    1    1    1    1    9    1  8.51745E+03 0.00466 
   90    1    1    1    1    1    1    1    9    2  8.37347E+03 0.00468 
   91    1    1    1    1    1    1    1    9    3  0.00000E+00 0.00000 
   92    1    1    1    1    1    1    1    9    4  8.15792E+03 0.00471 
   93    1    1    1    1    1    1    1    9    5  7.99371E+03 0.00488 
   94    1    1    1    1    1    1    1    9    6  0.00000E+00 0.00000 
   95    1    1    1    1    1    1    1    9    7  7.87480E+03 0.00471 
   96    1    1    1    1    1    1    1    9    8  7.92958E+03 0.00472 
   97    1    1    1    1    1    1    1    9    9  0.00000E+00 0.00000 
   98    1    1    1    1    1    1    1    9   10  7.85257E+03 0.00485 
   99    1    1    1    1    1    1    1    9   11  7.74025E+03 0.00491 
  100    1    1    1    1    1    1    1   10    1  0.00000E+00 0.00000 
  101    1    1    1    1    1    1    1   10    2  8.24601E+03 0.00462 
  102    1    1    1    1    1    1    1   10    3  8.12353E+03 0.00473 
  103    1    1    1    1    1    1    1   10    4  0.00000E+00 0.00000 
  104    1    1    1    1    1    1    1   10    5  7.94565E+03 0.00466 
  105    1    1    1    1    1    1    1   10    6  7.94430E+03 0.00477 
  106    1    1    1    1    1    1    1   10    7  0.00000E+00 0.00000 
  107    1    1    1    1    1    1    1   10    8  7.76317E+03 0.00490 
  108    1    1    1    1    1    1    1   10    9  7.70544E+03 0.00476 
  109    1    1    1    1    1    1    1   10   10  0.00000E+00 0.00000 
