
DETassem1 = [
    1    1    1    1    1    1    1    1    1    1  0.00000E+00 0.00000 
    2    1    1    1    1    1    1    1    1    2  0.00000E+00 0.00000 
    3    1    1    1    1    1    1    1    1    3  0.00000E+00 0.00000 
    4    1    1    1    1    1    1    1    1    4  0.00000E+00 0.00000 
    5    1    1    1    1    1    1    1    1    5  0.00000E+00 0.00000 
    6    1    1    1    1    1    1    1    1    6  0.00000E+00 0.00000 
    7    1    1    1    1    1    1    1    1    7  0.00000E+00 0.00000 
    8    1    1    1    1    1    1    1    1    8  1.77434E+04 0.00367 
    9    1    1    1    1    1    1    1    1    9  1.34534E+04 0.00407 
   10    1    1    1    1    1    1    1    1   10  0.00000E+00 0.00000 
   11    1    1    1    1    1    1    1    1   11  9.86319E+03 0.00458 
   12    1    1    1    1    1    1    1    2    1  1.92792E+04 0.00358 
   13    1    1    1    1    1    1    1    2    2  0.00000E+00 0.00000 
   14    1    1    1    1    1    1    1    2    3  0.00000E+00 0.00000 
   15    1    1    1    1    1    1    1    2    4  0.00000E+00 0.00000 
   16    1    1    1    1    1    1    1    2    5  0.00000E+00 0.00000 
   17    1    1    1    1    1    1    1    2    6  1.94137E+04 0.00353 
   18    1    1    1    1    1    1    1    2    7  1.52732E+04 0.00398 
   19    1    1    1    1    1    1    1    2    8  0.00000E+00 0.00000 
   20    1    1    1    1    1    1    1    2    9  1.08614E+04 0.00437 
   21    1    1    1    1    1    1    1    2   10  9.76469E+03 0.00450 
   22    1    1    1    1    1    1    1    2   11  0.00000E+00 0.00000 
   23    1    1    1    1    1    1    1    3    1  1.52383E+04 0.00393 
   24    1    1    1    1    1    1    1    3    2  1.78671E+04 0.00368 
   25    1    1    1    1    1    1    1    3    3  0.00000E+00 0.00000 
   26    1    1    1    1    1    1    1    3    4  1.79252E+04 0.00369 
   27    1    1    1    1    1    1    1    3    5  1.52670E+04 0.00397 
   28    1    1    1    1    1    1    1    3    6  0.00000E+00 0.00000 
   29    1    1    1    1    1    1    1    3    7  1.16081E+04 0.00427 
   30    1    1    1    1    1    1    1    3    8  1.05203E+04 0.00443 
   31    1    1    1    1    1    1    1    3    9  0.00000E+00 0.00000 
   32    1    1    1    1    1    1    1    3   10  9.12609E+03 0.00459 
   33    1    1    1    1    1    1    1    3   11  8.76887E+03 0.00460 
   34    1    1    1    1    1    1    1    4    1  0.00000E+00 0.00000 
   35    1    1    1    1    1    1    1    4    2  1.34797E+04 0.00408 
   36    1    1    1    1    1    1    1    4    3  1.34883E+04 0.00409 
   37    1    1    1    1    1    1    1    4    4  0.00000E+00 0.00000 
   38    1    1    1    1    1    1    1    4    5  1.16864E+04 0.00420 
   39    1    1    1    1    1    1    1    4    6  1.06271E+04 0.00435 
   40    1    1    1    1    1    1    1    4    7  0.00000E+00 0.00000 
   41    1    1    1    1    1    1    1    4    8  9.38146E+03 0.00456 
   42    1    1    1    1    1    1    1    4    9  8.95589E+03 0.00462 
   43    1    1    1    1    1    1    1    4   10  0.00000E+00 0.00000 
   44    1    1    1    1    1    1    1    4   11  8.56132E+03 0.00463 
   45    1    1    1    1    1    1    1    5    1  1.08943E+04 0.00438 
   46    1    1    1    1    1    1    1    5    2  0.00000E+00 0.00000 
   47    1    1    1    1    1    1    1    5    3  1.08619E+04 0.00445 
   48    1    1    1    1    1    1    1    5    4  1.05677E+04 0.00443 
   49    1    1    1    1    1    1    1    5    5  0.00000E+00 0.00000 
   50    1    1    1    1    1    1    1    5    6  9.39890E+03 0.00458 
   51    1    1    1    1    1    1    1    5    7  8.98659E+03 0.00456 
   52    1    1    1    1    1    1    1    5    8  0.00000E+00 0.00000 
   53    1    1    1    1    1    1    1    5    9  8.53015E+03 0.00471 
   54    1    1    1    1    1    1    1    5   10  8.42472E+03 0.00463 
   55    1    1    1    1    1    1    1    5   11  0.00000E+00 0.00000 
   56    1    1    1    1    1    1    1    6    1  9.79302E+03 0.00448 
   57    1    1    1    1    1    1    1    6    2  9.93400E+03 0.00443 
   58    1    1    1    1    1    1    1    6    3  0.00000E+00 0.00000 
   59    1    1    1    1    1    1    1    6    4  9.39307E+03 0.00460 
   60    1    1    1    1    1    1    1    6    5  9.09432E+03 0.00462 
   61    1    1    1    1    1    1    1    6    6  0.00000E+00 0.00000 
   62    1    1    1    1    1    1    1    6    7  8.66377E+03 0.00478 
   63    1    1    1    1    1    1    1    6    8  8.48590E+03 0.00460 
   64    1    1    1    1    1    1    1    6    9  0.00000E+00 0.00000 
   65    1    1    1    1    1    1    1    6   10  8.22750E+03 0.00473 
   66    1    1    1    1    1    1    1    6   11  8.19571E+03 0.00478 
   67    1    1    1    1    1    1    1    7    1  0.00000E+00 0.00000 
   68    1    1    1    1    1    1    1    7    2  9.19694E+03 0.00446 
   69    1    1    1    1    1    1    1    7    3  8.94994E+03 0.00461 
   70    1    1    1    1    1    1    1    7    4  0.00000E+00 0.00000 
   71    1    1    1    1    1    1    1    7    5  8.57778E+03 0.00465 
   72    1    1    1    1    1    1    1    7    6  8.39498E+03 0.00465 
   73    1    1    1    1    1    1    1    7    7  0.00000E+00 0.00000 
   74    1    1    1    1    1    1    1    7    8  8.22183E+03 0.00477 
   75    1    1    1    1    1    1    1    7    9  8.20454E+03 0.00472 
   76    1    1    1    1    1    1    1    7   10  0.00000E+00 0.00000 
   77    1    1    1    1    1    1    1    7   11  8.07146E+03 0.00480 
   78    1    1    1    1    1    1    1    8    1  8.78458E+03 0.00462 
   79    1    1    1    1    1    1    1    8    2  0.00000E+00 0.00000 
   80    1    1    1    1    1    1    1    8    3  8.56391E+03 0.00460 
   81    1    1    1    1    1    1    1    8    4  8.40735E+03 0.00457 
   82    1    1    1    1    1    1    1    8    5  0.00000E+00 0.00000 
   83    1    1    1    1    1    1    1    8    6  8.14280E+03 0.00473 
   84    1    1    1    1    1    1    1    8    7  8.07417E+03 0.00469 
   85    1    1    1    1    1    1    1    8    8  0.00000E+00 0.00000 
   86    1    1    1    1    1    1    1    8    9  8.04769E+03 0.00481 
   87    1    1    1    1    1    1    1    8   10  8.01014E+03 0.00471 
   88    1    1    1    1    1    1    1    8   11  0.00000E+00 0.00000 
   89    1    1    1    1    1    1    1    9    1  8.65244E+03 0.00472 
   90    1    1    1    1    1    1    1    9    2  8.48678E+03 0.00461 
   91    1    1    1    1    1    1    1    9    3  0.00000E+00 0.00000 
   92    1    1    1    1    1    1    1    9    4  8.22808E+03 0.00476 
   93    1    1    1    1    1    1    1    9    5  8.07830E+03 0.00468 
   94    1    1    1    1    1    1    1    9    6  0.00000E+00 0.00000 
   95    1    1    1    1    1    1    1    9    7  7.97370E+03 0.00472 
   96    1    1    1    1    1    1    1    9    8  7.89973E+03 0.00474 
   97    1    1    1    1    1    1    1    9    9  0.00000E+00 0.00000 
   98    1    1    1    1    1    1    1    9   10  7.81168E+03 0.00484 
   99    1    1    1    1    1    1    1    9   11  7.69316E+03 0.00487 
  100    1    1    1    1    1    1    1   10    1  0.00000E+00 0.00000 
  101    1    1    1    1    1    1    1   10    2  8.27437E+03 0.00471 
  102    1    1    1    1    1    1    1   10    3  8.21898E+03 0.00475 
  103    1    1    1    1    1    1    1   10    4  0.00000E+00 0.00000 
  104    1    1    1    1    1    1    1   10    5  7.98791E+03 0.00479 
  105    1    1    1    1    1    1    1   10    6  7.94121E+03 0.00475 
  106    1    1    1    1    1    1    1   10    7  0.00000E+00 0.00000 
  107    1    1    1    1    1    1    1   10    8  7.73690E+03 0.00492 
  108    1    1    1    1    1    1    1   10    9  7.72299E+03 0.00481 
  109    1    1    1    1    1    1    1   10   10  0.00000E+00 0.00000 
