
DETassem1 = [
    1    1    1    1    1    1    1    1    1    1  0.00000E+00 0.00000 
    2    1    1    1    1    1    1    1    1    2  0.00000E+00 0.00000 
    3    1    1    1    1    1    1    1    1    3  0.00000E+00 0.00000 
    4    1    1    1    1    1    1    1    1    4  0.00000E+00 0.00000 
    5    1    1    1    1    1    1    1    1    5  0.00000E+00 0.00000 
    6    1    1    1    1    1    1    1    1    6  0.00000E+00 0.00000 
    7    1    1    1    1    1    1    1    1    7  0.00000E+00 0.00000 
    8    1    1    1    1    1    1    1    1    8  1.78468E+04 0.00354 
    9    1    1    1    1    1    1    1    1    9  1.39505E+04 0.00392 
   10    1    1    1    1    1    1    1    1   10  0.00000E+00 0.00000 
   11    1    1    1    1    1    1    1    1   11  1.03614E+04 0.00429 
   12    1    1    1    1    1    1    1    2    1  1.91376E+04 0.00342 
   13    1    1    1    1    1    1    1    2    2  0.00000E+00 0.00000 
   14    1    1    1    1    1    1    1    2    3  0.00000E+00 0.00000 
   15    1    1    1    1    1    1    1    2    4  0.00000E+00 0.00000 
   16    1    1    1    1    1    1    1    2    5  0.00000E+00 0.00000 
   17    1    1    1    1    1    1    1    2    6  1.91388E+04 0.00344 
   18    1    1    1    1    1    1    1    2    7  1.56047E+04 0.00373 
   19    1    1    1    1    1    1    1    2    8  0.00000E+00 0.00000 
   20    1    1    1    1    1    1    1    2    9  1.15841E+04 0.00405 
   21    1    1    1    1    1    1    1    2   10  1.03434E+04 0.00429 
   22    1    1    1    1    1    1    1    2   11  0.00000E+00 0.00000 
   23    1    1    1    1    1    1    1    3    1  1.55894E+04 0.00368 
   24    1    1    1    1    1    1    1    3    2  1.77915E+04 0.00344 
   25    1    1    1    1    1    1    1    3    3  0.00000E+00 0.00000 
   26    1    1    1    1    1    1    1    3    4  1.78563E+04 0.00349 
   27    1    1    1    1    1    1    1    3    5  1.55118E+04 0.00380 
   28    1    1    1    1    1    1    1    3    6  0.00000E+00 0.00000 
   29    1    1    1    1    1    1    1    3    7  1.21938E+04 0.00411 
   30    1    1    1    1    1    1    1    3    8  1.10632E+04 0.00408 
   31    1    1    1    1    1    1    1    3    9  0.00000E+00 0.00000 
   32    1    1    1    1    1    1    1    3   10  9.54491E+03 0.00440 
   33    1    1    1    1    1    1    1    3   11  9.03368E+03 0.00434 
   34    1    1    1    1    1    1    1    4    1  0.00000E+00 0.00000 
   35    1    1    1    1    1    1    1    4    2  1.39842E+04 0.00395 
   36    1    1    1    1    1    1    1    4    3  1.40062E+04 0.00383 
   37    1    1    1    1    1    1    1    4    4  0.00000E+00 0.00000 
   38    1    1    1    1    1    1    1    4    5  1.21267E+04 0.00404 
   39    1    1    1    1    1    1    1    4    6  1.12358E+04 0.00415 
   40    1    1    1    1    1    1    1    4    7  0.00000E+00 0.00000 
   41    1    1    1    1    1    1    1    4    8  9.93331E+03 0.00429 
   42    1    1    1    1    1    1    1    4    9  9.44403E+03 0.00433 
   43    1    1    1    1    1    1    1    4   10  0.00000E+00 0.00000 
   44    1    1    1    1    1    1    1    4   11  8.68260E+03 0.00437 
   45    1    1    1    1    1    1    1    5    1  1.15286E+04 0.00407 
   46    1    1    1    1    1    1    1    5    2  0.00000E+00 0.00000 
   47    1    1    1    1    1    1    1    5    3  1.14609E+04 0.00416 
   48    1    1    1    1    1    1    1    5    4  1.10594E+04 0.00417 
   49    1    1    1    1    1    1    1    5    5  0.00000E+00 0.00000 
   50    1    1    1    1    1    1    1    5    6  9.94839E+03 0.00423 
   51    1    1    1    1    1    1    1    5    7  9.61841E+03 0.00438 
   52    1    1    1    1    1    1    1    5    8  0.00000E+00 0.00000 
   53    1    1    1    1    1    1    1    5    9  8.92487E+03 0.00443 
   54    1    1    1    1    1    1    1    5   10  8.72793E+03 0.00445 
   55    1    1    1    1    1    1    1    5   11  0.00000E+00 0.00000 
   56    1    1    1    1    1    1    1    6    1  1.03290E+04 0.00417 
   57    1    1    1    1    1    1    1    6    2  1.03333E+04 0.00428 
   58    1    1    1    1    1    1    1    6    3  0.00000E+00 0.00000 
   59    1    1    1    1    1    1    1    6    4  9.82865E+03 0.00434 
   60    1    1    1    1    1    1    1    6    5  9.53278E+03 0.00439 
   61    1    1    1    1    1    1    1    6    6  0.00000E+00 0.00000 
   62    1    1    1    1    1    1    1    6    7  9.03023E+03 0.00444 
   63    1    1    1    1    1    1    1    6    8  8.79671E+03 0.00448 
   64    1    1    1    1    1    1    1    6    9  0.00000E+00 0.00000 
   65    1    1    1    1    1    1    1    6   10  8.37179E+03 0.00450 
   66    1    1    1    1    1    1    1    6   11  8.26739E+03 0.00458 
   67    1    1    1    1    1    1    1    7    1  0.00000E+00 0.00000 
   68    1    1    1    1    1    1    1    7    2  9.52152E+03 0.00428 
   69    1    1    1    1    1    1    1    7    3  9.37826E+03 0.00434 
   70    1    1    1    1    1    1    1    7    4  0.00000E+00 0.00000 
   71    1    1    1    1    1    1    1    7    5  9.06784E+03 0.00441 
   72    1    1    1    1    1    1    1    7    6  8.87931E+03 0.00426 
   73    1    1    1    1    1    1    1    7    7  0.00000E+00 0.00000 
   74    1    1    1    1    1    1    1    7    8  8.50720E+03 0.00449 
   75    1    1    1    1    1    1    1    7    9  8.37096E+03 0.00452 
   76    1    1    1    1    1    1    1    7   10  0.00000E+00 0.00000 
   77    1    1    1    1    1    1    1    7   11  8.16519E+03 0.00461 
   78    1    1    1    1    1    1    1    8    1  9.04663E+03 0.00435 
   79    1    1    1    1    1    1    1    8    2  0.00000E+00 0.00000 
   80    1    1    1    1    1    1    1    8    3  8.95095E+03 0.00438 
   81    1    1    1    1    1    1    1    8    4  8.84588E+03 0.00441 
   82    1    1    1    1    1    1    1    8    5  0.00000E+00 0.00000 
   83    1    1    1    1    1    1    1    8    6  8.46401E+03 0.00457 
   84    1    1    1    1    1    1    1    8    7  8.35338E+03 0.00446 
   85    1    1    1    1    1    1    1    8    8  0.00000E+00 0.00000 
   86    1    1    1    1    1    1    1    8    9  8.17931E+03 0.00456 
   87    1    1    1    1    1    1    1    8   10  8.09947E+03 0.00457 
   88    1    1    1    1    1    1    1    8   11  0.00000E+00 0.00000 
   89    1    1    1    1    1    1    1    9    1  8.66480E+03 0.00443 
   90    1    1    1    1    1    1    1    9    2  8.66578E+03 0.00469 
   91    1    1    1    1    1    1    1    9    3  0.00000E+00 0.00000 
   92    1    1    1    1    1    1    1    9    4  8.47146E+03 0.00443 
   93    1    1    1    1    1    1    1    9    5  8.38668E+03 0.00458 
   94    1    1    1    1    1    1    1    9    6  0.00000E+00 0.00000 
   95    1    1    1    1    1    1    1    9    7  8.23516E+03 0.00451 
   96    1    1    1    1    1    1    1    9    8  8.14624E+03 0.00453 
   97    1    1    1    1    1    1    1    9    9  0.00000E+00 0.00000 
   98    1    1    1    1    1    1    1    9   10  7.96312E+03 0.00472 
   99    1    1    1    1    1    1    1    9   11  7.95073E+03 0.00469 
  100    1    1    1    1    1    1    1   10    1  0.00000E+00 0.00000 
  101    1    1    1    1    1    1    1   10    2  8.44419E+03 0.00443 
  102    1    1    1    1    1    1    1   10    3  8.42149E+03 0.00456 
  103    1    1    1    1    1    1    1   10    4  0.00000E+00 0.00000 
  104    1    1    1    1    1    1    1   10    5  8.24071E+03 0.00451 
  105    1    1    1    1    1    1    1   10    6  8.20210E+03 0.00463 
  106    1    1    1    1    1    1    1   10    7  0.00000E+00 0.00000 
  107    1    1    1    1    1    1    1   10    8  7.99036E+03 0.00474 
  108    1    1    1    1    1    1    1   10    9  7.91739E+03 0.00466 
  109    1    1    1    1    1    1    1   10   10  0.00000E+00 0.00000 
