
DETassem1 = [
    1    1    1    1    1    1    1    1    1    1  0.00000E+00 0.00000 
    2    1    1    1    1    1    1    1    1    2  0.00000E+00 0.00000 
    3    1    1    1    1    1    1    1    1    3  0.00000E+00 0.00000 
    4    1    1    1    1    1    1    1    1    4  0.00000E+00 0.00000 
    5    1    1    1    1    1    1    1    1    5  0.00000E+00 0.00000 
    6    1    1    1    1    1    1    1    1    6  0.00000E+00 0.00000 
    7    1    1    1    1    1    1    1    1    7  0.00000E+00 0.00000 
    8    1    1    1    1    1    1    1    1    8  1.82944E+04 0.00368 
    9    1    1    1    1    1    1    1    1    9  1.38493E+04 0.00402 
   10    1    1    1    1    1    1    1    1   10  0.00000E+00 0.00000 
   11    1    1    1    1    1    1    1    1   11  1.01002E+04 0.00439 
   12    1    1    1    1    1    1    1    2    1  1.97130E+04 0.00358 
   13    1    1    1    1    1    1    1    2    2  0.00000E+00 0.00000 
   14    1    1    1    1    1    1    1    2    3  0.00000E+00 0.00000 
   15    1    1    1    1    1    1    1    2    4  0.00000E+00 0.00000 
   16    1    1    1    1    1    1    1    2    5  0.00000E+00 0.00000 
   17    1    1    1    1    1    1    1    2    6  1.98008E+04 0.00354 
   18    1    1    1    1    1    1    1    2    7  1.57824E+04 0.00379 
   19    1    1    1    1    1    1    1    2    8  0.00000E+00 0.00000 
   20    1    1    1    1    1    1    1    2    9  1.11646E+04 0.00441 
   21    1    1    1    1    1    1    1    2   10  1.00891E+04 0.00428 
   22    1    1    1    1    1    1    1    2   11  0.00000E+00 0.00000 
   23    1    1    1    1    1    1    1    3    1  1.56786E+04 0.00393 
   24    1    1    1    1    1    1    1    3    2  1.83239E+04 0.00373 
   25    1    1    1    1    1    1    1    3    3  0.00000E+00 0.00000 
   26    1    1    1    1    1    1    1    3    4  1.82348E+04 0.00369 
   27    1    1    1    1    1    1    1    3    5  1.58046E+04 0.00378 
   28    1    1    1    1    1    1    1    3    6  0.00000E+00 0.00000 
   29    1    1    1    1    1    1    1    3    7  1.18323E+04 0.00418 
   30    1    1    1    1    1    1    1    3    8  1.08189E+04 0.00428 
   31    1    1    1    1    1    1    1    3    9  0.00000E+00 0.00000 
   32    1    1    1    1    1    1    1    3   10  9.27522E+03 0.00447 
   33    1    1    1    1    1    1    1    3   11  8.93573E+03 0.00465 
   34    1    1    1    1    1    1    1    4    1  0.00000E+00 0.00000 
   35    1    1    1    1    1    1    1    4    2  1.39098E+04 0.00405 
   36    1    1    1    1    1    1    1    4    3  1.39219E+04 0.00406 
   37    1    1    1    1    1    1    1    4    4  0.00000E+00 0.00000 
   38    1    1    1    1    1    1    1    4    5  1.17736E+04 0.00426 
   39    1    1    1    1    1    1    1    4    6  1.09013E+04 0.00432 
   40    1    1    1    1    1    1    1    4    7  0.00000E+00 0.00000 
   41    1    1    1    1    1    1    1    4    8  9.47059E+03 0.00457 
   42    1    1    1    1    1    1    1    4    9  9.10269E+03 0.00454 
   43    1    1    1    1    1    1    1    4   10  0.00000E+00 0.00000 
   44    1    1    1    1    1    1    1    4   11  8.63897E+03 0.00459 
   45    1    1    1    1    1    1    1    5    1  1.11604E+04 0.00420 
   46    1    1    1    1    1    1    1    5    2  0.00000E+00 0.00000 
   47    1    1    1    1    1    1    1    5    3  1.12245E+04 0.00425 
   48    1    1    1    1    1    1    1    5    4  1.07390E+04 0.00425 
   49    1    1    1    1    1    1    1    5    5  0.00000E+00 0.00000 
   50    1    1    1    1    1    1    1    5    6  9.67968E+03 0.00448 
   51    1    1    1    1    1    1    1    5    7  9.26572E+03 0.00458 
   52    1    1    1    1    1    1    1    5    8  0.00000E+00 0.00000 
   53    1    1    1    1    1    1    1    5    9  8.72490E+03 0.00462 
   54    1    1    1    1    1    1    1    5   10  8.57803E+03 0.00467 
   55    1    1    1    1    1    1    1    5   11  0.00000E+00 0.00000 
   56    1    1    1    1    1    1    1    6    1  1.01268E+04 0.00436 
   57    1    1    1    1    1    1    1    6    2  1.01074E+04 0.00437 
   58    1    1    1    1    1    1    1    6    3  0.00000E+00 0.00000 
   59    1    1    1    1    1    1    1    6    4  9.49908E+03 0.00444 
   60    1    1    1    1    1    1    1    6    5  9.34998E+03 0.00445 
   61    1    1    1    1    1    1    1    6    6  0.00000E+00 0.00000 
   62    1    1    1    1    1    1    1    6    7  8.67138E+03 0.00465 
   63    1    1    1    1    1    1    1    6    8  8.53415E+03 0.00460 
   64    1    1    1    1    1    1    1    6    9  0.00000E+00 0.00000 
   65    1    1    1    1    1    1    1    6   10  8.29304E+03 0.00462 
   66    1    1    1    1    1    1    1    6   11  8.29463E+03 0.00470 
   67    1    1    1    1    1    1    1    7    1  0.00000E+00 0.00000 
   68    1    1    1    1    1    1    1    7    2  9.30934E+03 0.00446 
   69    1    1    1    1    1    1    1    7    3  9.15616E+03 0.00456 
   70    1    1    1    1    1    1    1    7    4  0.00000E+00 0.00000 
   71    1    1    1    1    1    1    1    7    5  8.76175E+03 0.00456 
   72    1    1    1    1    1    1    1    7    6  8.50545E+03 0.00468 
   73    1    1    1    1    1    1    1    7    7  0.00000E+00 0.00000 
   74    1    1    1    1    1    1    1    7    8  8.29729E+03 0.00474 
   75    1    1    1    1    1    1    1    7    9  8.23291E+03 0.00468 
   76    1    1    1    1    1    1    1    7   10  0.00000E+00 0.00000 
   77    1    1    1    1    1    1    1    7   11  8.07068E+03 0.00469 
   78    1    1    1    1    1    1    1    8    1  8.86516E+03 0.00463 
   79    1    1    1    1    1    1    1    8    2  0.00000E+00 0.00000 
   80    1    1    1    1    1    1    1    8    3  8.66326E+03 0.00463 
   81    1    1    1    1    1    1    1    8    4  8.61674E+03 0.00460 
   82    1    1    1    1    1    1    1    8    5  0.00000E+00 0.00000 
   83    1    1    1    1    1    1    1    8    6  8.23680E+03 0.00467 
   84    1    1    1    1    1    1    1    8    7  8.05125E+03 0.00466 
   85    1    1    1    1    1    1    1    8    8  0.00000E+00 0.00000 
   86    1    1    1    1    1    1    1    8    9  8.03350E+03 0.00471 
   87    1    1    1    1    1    1    1    8   10  8.00196E+03 0.00477 
   88    1    1    1    1    1    1    1    8   11  0.00000E+00 0.00000 
   89    1    1    1    1    1    1    1    9    1  8.52753E+03 0.00466 
   90    1    1    1    1    1    1    1    9    2  8.52936E+03 0.00468 
   91    1    1    1    1    1    1    1    9    3  0.00000E+00 0.00000 
   92    1    1    1    1    1    1    1    9    4  8.18176E+03 0.00471 
   93    1    1    1    1    1    1    1    9    5  8.18388E+03 0.00474 
   94    1    1    1    1    1    1    1    9    6  0.00000E+00 0.00000 
   95    1    1    1    1    1    1    1    9    7  8.02828E+03 0.00467 
   96    1    1    1    1    1    1    1    9    8  7.91958E+03 0.00486 
   97    1    1    1    1    1    1    1    9    9  0.00000E+00 0.00000 
   98    1    1    1    1    1    1    1    9   10  7.73932E+03 0.00480 
   99    1    1    1    1    1    1    1    9   11  7.68276E+03 0.00483 
  100    1    1    1    1    1    1    1   10    1  0.00000E+00 0.00000 
  101    1    1    1    1    1    1    1   10    2  8.33117E+03 0.00467 
  102    1    1    1    1    1    1    1   10    3  8.15806E+03 0.00459 
  103    1    1    1    1    1    1    1   10    4  0.00000E+00 0.00000 
  104    1    1    1    1    1    1    1   10    5  8.04913E+03 0.00476 
  105    1    1    1    1    1    1    1   10    6  7.96534E+03 0.00474 
  106    1    1    1    1    1    1    1   10    7  0.00000E+00 0.00000 
  107    1    1    1    1    1    1    1   10    8  7.82984E+03 0.00479 
  108    1    1    1    1    1    1    1   10    9  7.62454E+03 0.00489 
  109    1    1    1    1    1    1    1   10   10  0.00000E+00 0.00000 
