
DETassem1 = [
    1    1    1    1    1    1    1    1    1    1  0.00000E+00 0.00000 
    2    1    1    1    1    1    1    1    1    2  0.00000E+00 0.00000 
    3    1    1    1    1    1    1    1    1    3  0.00000E+00 0.00000 
    4    1    1    1    1    1    1    1    1    4  0.00000E+00 0.00000 
    5    1    1    1    1    1    1    1    1    5  0.00000E+00 0.00000 
    6    1    1    1    1    1    1    1    1    6  0.00000E+00 0.00000 
    7    1    1    1    1    1    1    1    1    7  0.00000E+00 0.00000 
    8    1    1    1    1    1    1    1    1    8  1.83232E+04 0.00379 
    9    1    1    1    1    1    1    1    1    9  1.38509E+04 0.00408 
   10    1    1    1    1    1    1    1    1   10  0.00000E+00 0.00000 
   11    1    1    1    1    1    1    1    1   11  1.00338E+04 0.00442 
   12    1    1    1    1    1    1    1    2    1  1.97113E+04 0.00360 
   13    1    1    1    1    1    1    1    2    2  0.00000E+00 0.00000 
   14    1    1    1    1    1    1    1    2    3  0.00000E+00 0.00000 
   15    1    1    1    1    1    1    1    2    4  0.00000E+00 0.00000 
   16    1    1    1    1    1    1    1    2    5  0.00000E+00 0.00000 
   17    1    1    1    1    1    1    1    2    6  1.98620E+04 0.00357 
   18    1    1    1    1    1    1    1    2    7  1.59024E+04 0.00387 
   19    1    1    1    1    1    1    1    2    8  0.00000E+00 0.00000 
   20    1    1    1    1    1    1    1    2    9  1.11917E+04 0.00431 
   21    1    1    1    1    1    1    1    2   10  1.00186E+04 0.00444 
   22    1    1    1    1    1    1    1    2   11  0.00000E+00 0.00000 
   23    1    1    1    1    1    1    1    3    1  1.57628E+04 0.00384 
   24    1    1    1    1    1    1    1    3    2  1.83732E+04 0.00361 
   25    1    1    1    1    1    1    1    3    3  0.00000E+00 0.00000 
   26    1    1    1    1    1    1    1    3    4  1.82288E+04 0.00365 
   27    1    1    1    1    1    1    1    3    5  1.58867E+04 0.00382 
   28    1    1    1    1    1    1    1    3    6  0.00000E+00 0.00000 
   29    1    1    1    1    1    1    1    3    7  1.19898E+04 0.00425 
   30    1    1    1    1    1    1    1    3    8  1.07310E+04 0.00426 
   31    1    1    1    1    1    1    1    3    9  0.00000E+00 0.00000 
   32    1    1    1    1    1    1    1    3   10  9.31109E+03 0.00449 
   33    1    1    1    1    1    1    1    3   11  8.86041E+03 0.00466 
   34    1    1    1    1    1    1    1    4    1  0.00000E+00 0.00000 
   35    1    1    1    1    1    1    1    4    2  1.38455E+04 0.00399 
   36    1    1    1    1    1    1    1    4    3  1.39208E+04 0.00395 
   37    1    1    1    1    1    1    1    4    4  0.00000E+00 0.00000 
   38    1    1    1    1    1    1    1    4    5  1.20347E+04 0.00418 
   39    1    1    1    1    1    1    1    4    6  1.11609E+04 0.00424 
   40    1    1    1    1    1    1    1    4    7  0.00000E+00 0.00000 
   41    1    1    1    1    1    1    1    4    8  9.49003E+03 0.00442 
   42    1    1    1    1    1    1    1    4    9  9.13957E+03 0.00456 
   43    1    1    1    1    1    1    1    4   10  0.00000E+00 0.00000 
   44    1    1    1    1    1    1    1    4   11  8.55275E+03 0.00454 
   45    1    1    1    1    1    1    1    5    1  1.12302E+04 0.00435 
   46    1    1    1    1    1    1    1    5    2  0.00000E+00 0.00000 
   47    1    1    1    1    1    1    1    5    3  1.13168E+04 0.00421 
   48    1    1    1    1    1    1    1    5    4  1.08550E+04 0.00425 
   49    1    1    1    1    1    1    1    5    5  0.00000E+00 0.00000 
   50    1    1    1    1    1    1    1    5    6  9.57633E+03 0.00447 
   51    1    1    1    1    1    1    1    5    7  9.19952E+03 0.00447 
   52    1    1    1    1    1    1    1    5    8  0.00000E+00 0.00000 
   53    1    1    1    1    1    1    1    5    9  8.59408E+03 0.00453 
   54    1    1    1    1    1    1    1    5   10  8.45878E+03 0.00466 
   55    1    1    1    1    1    1    1    5   11  0.00000E+00 0.00000 
   56    1    1    1    1    1    1    1    6    1  1.00866E+04 0.00447 
   57    1    1    1    1    1    1    1    6    2  1.01027E+04 0.00438 
   58    1    1    1    1    1    1    1    6    3  0.00000E+00 0.00000 
   59    1    1    1    1    1    1    1    6    4  9.50575E+03 0.00455 
   60    1    1    1    1    1    1    1    6    5  9.22193E+03 0.00448 
   61    1    1    1    1    1    1    1    6    6  0.00000E+00 0.00000 
   62    1    1    1    1    1    1    1    6    7  8.68678E+03 0.00449 
   63    1    1    1    1    1    1    1    6    8  8.45666E+03 0.00467 
   64    1    1    1    1    1    1    1    6    9  0.00000E+00 0.00000 
   65    1    1    1    1    1    1    1    6   10  8.28812E+03 0.00470 
   66    1    1    1    1    1    1    1    6   11  8.13214E+03 0.00459 
   67    1    1    1    1    1    1    1    7    1  0.00000E+00 0.00000 
   68    1    1    1    1    1    1    1    7    2  9.26404E+03 0.00442 
   69    1    1    1    1    1    1    1    7    3  9.09477E+03 0.00443 
   70    1    1    1    1    1    1    1    7    4  0.00000E+00 0.00000 
   71    1    1    1    1    1    1    1    7    5  8.65007E+03 0.00465 
   72    1    1    1    1    1    1    1    7    6  8.54547E+03 0.00452 
   73    1    1    1    1    1    1    1    7    7  0.00000E+00 0.00000 
   74    1    1    1    1    1    1    1    7    8  8.26117E+03 0.00462 
   75    1    1    1    1    1    1    1    7    9  8.08921E+03 0.00471 
   76    1    1    1    1    1    1    1    7   10  0.00000E+00 0.00000 
   77    1    1    1    1    1    1    1    7   11  8.10815E+03 0.00490 
   78    1    1    1    1    1    1    1    8    1  8.86237E+03 0.00452 
   79    1    1    1    1    1    1    1    8    2  0.00000E+00 0.00000 
   80    1    1    1    1    1    1    1    8    3  8.58824E+03 0.00461 
   81    1    1    1    1    1    1    1    8    4  8.46966E+03 0.00460 
   82    1    1    1    1    1    1    1    8    5  0.00000E+00 0.00000 
   83    1    1    1    1    1    1    1    8    6  8.34792E+03 0.00465 
   84    1    1    1    1    1    1    1    8    7  8.14322E+03 0.00474 
   85    1    1    1    1    1    1    1    8    8  0.00000E+00 0.00000 
   86    1    1    1    1    1    1    1    8    9  8.06414E+03 0.00481 
   87    1    1    1    1    1    1    1    8   10  7.96821E+03 0.00471 
   88    1    1    1    1    1    1    1    8   11  0.00000E+00 0.00000 
   89    1    1    1    1    1    1    1    9    1  8.65137E+03 0.00457 
   90    1    1    1    1    1    1    1    9    2  8.39598E+03 0.00470 
   91    1    1    1    1    1    1    1    9    3  0.00000E+00 0.00000 
   92    1    1    1    1    1    1    1    9    4  8.28603E+03 0.00468 
   93    1    1    1    1    1    1    1    9    5  8.11179E+03 0.00472 
   94    1    1    1    1    1    1    1    9    6  0.00000E+00 0.00000 
   95    1    1    1    1    1    1    1    9    7  7.94279E+03 0.00472 
   96    1    1    1    1    1    1    1    9    8  7.93334E+03 0.00481 
   97    1    1    1    1    1    1    1    9    9  0.00000E+00 0.00000 
   98    1    1    1    1    1    1    1    9   10  7.83194E+03 0.00478 
   99    1    1    1    1    1    1    1    9   11  7.78968E+03 0.00482 
  100    1    1    1    1    1    1    1   10    1  0.00000E+00 0.00000 
  101    1    1    1    1    1    1    1   10    2  8.23671E+03 0.00468 
  102    1    1    1    1    1    1    1   10    3  8.11566E+03 0.00472 
  103    1    1    1    1    1    1    1   10    4  0.00000E+00 0.00000 
  104    1    1    1    1    1    1    1   10    5  7.96469E+03 0.00479 
  105    1    1    1    1    1    1    1   10    6  7.95425E+03 0.00478 
  106    1    1    1    1    1    1    1   10    7  0.00000E+00 0.00000 
  107    1    1    1    1    1    1    1   10    8  7.76707E+03 0.00497 
  108    1    1    1    1    1    1    1   10    9  7.67313E+03 0.00485 
  109    1    1    1    1    1    1    1   10   10  0.00000E+00 0.00000 
