
DETassem1 = [
    1    1    1    1    1    1    1    1    1    1  0.00000E+00 0.00000 
    2    1    1    1    1    1    1    1    1    2  0.00000E+00 0.00000 
    3    1    1    1    1    1    1    1    1    3  0.00000E+00 0.00000 
    4    1    1    1    1    1    1    1    1    4  0.00000E+00 0.00000 
    5    1    1    1    1    1    1    1    1    5  0.00000E+00 0.00000 
    6    1    1    1    1    1    1    1    1    6  0.00000E+00 0.00000 
    7    1    1    1    1    1    1    1    1    7  0.00000E+00 0.00000 
    8    1    1    1    1    1    1    1    1    8  1.80459E+04 0.00351 
    9    1    1    1    1    1    1    1    1    9  1.41482E+04 0.00385 
   10    1    1    1    1    1    1    1    1   10  0.00000E+00 0.00000 
   11    1    1    1    1    1    1    1    1   11  1.04460E+04 0.00418 
   12    1    1    1    1    1    1    1    2    1  1.93160E+04 0.00352 
   13    1    1    1    1    1    1    1    2    2  0.00000E+00 0.00000 
   14    1    1    1    1    1    1    1    2    3  0.00000E+00 0.00000 
   15    1    1    1    1    1    1    1    2    4  0.00000E+00 0.00000 
   16    1    1    1    1    1    1    1    2    5  0.00000E+00 0.00000 
   17    1    1    1    1    1    1    1    2    6  1.93917E+04 0.00346 
   18    1    1    1    1    1    1    1    2    7  1.58794E+04 0.00366 
   19    1    1    1    1    1    1    1    2    8  0.00000E+00 0.00000 
   20    1    1    1    1    1    1    1    2    9  1.15892E+04 0.00410 
   21    1    1    1    1    1    1    1    2   10  1.04162E+04 0.00435 
   22    1    1    1    1    1    1    1    2   11  0.00000E+00 0.00000 
   23    1    1    1    1    1    1    1    3    1  1.58290E+04 0.00365 
   24    1    1    1    1    1    1    1    3    2  1.79603E+04 0.00363 
   25    1    1    1    1    1    1    1    3    3  0.00000E+00 0.00000 
   26    1    1    1    1    1    1    1    3    4  1.79984E+04 0.00353 
   27    1    1    1    1    1    1    1    3    5  1.56572E+04 0.00367 
   28    1    1    1    1    1    1    1    3    6  0.00000E+00 0.00000 
   29    1    1    1    1    1    1    1    3    7  1.22663E+04 0.00404 
   30    1    1    1    1    1    1    1    3    8  1.11405E+04 0.00420 
   31    1    1    1    1    1    1    1    3    9  0.00000E+00 0.00000 
   32    1    1    1    1    1    1    1    3   10  9.68010E+03 0.00430 
   33    1    1    1    1    1    1    1    3   11  9.21663E+03 0.00430 
   34    1    1    1    1    1    1    1    4    1  0.00000E+00 0.00000 
   35    1    1    1    1    1    1    1    4    2  1.41260E+04 0.00389 
   36    1    1    1    1    1    1    1    4    3  1.40565E+04 0.00391 
   37    1    1    1    1    1    1    1    4    4  0.00000E+00 0.00000 
   38    1    1    1    1    1    1    1    4    5  1.22964E+04 0.00404 
   39    1    1    1    1    1    1    1    4    6  1.14396E+04 0.00404 
   40    1    1    1    1    1    1    1    4    7  0.00000E+00 0.00000 
   41    1    1    1    1    1    1    1    4    8  1.00345E+04 0.00432 
   42    1    1    1    1    1    1    1    4    9  9.48715E+03 0.00432 
   43    1    1    1    1    1    1    1    4   10  0.00000E+00 0.00000 
   44    1    1    1    1    1    1    1    4   11  8.88321E+03 0.00450 
   45    1    1    1    1    1    1    1    5    1  1.14745E+04 0.00415 
   46    1    1    1    1    1    1    1    5    2  0.00000E+00 0.00000 
   47    1    1    1    1    1    1    1    5    3  1.15509E+04 0.00408 
   48    1    1    1    1    1    1    1    5    4  1.11440E+04 0.00416 
   49    1    1    1    1    1    1    1    5    5  0.00000E+00 0.00000 
   50    1    1    1    1    1    1    1    5    6  1.00853E+04 0.00428 
   51    1    1    1    1    1    1    1    5    7  9.57108E+03 0.00435 
   52    1    1    1    1    1    1    1    5    8  0.00000E+00 0.00000 
   53    1    1    1    1    1    1    1    5    9  8.95381E+03 0.00441 
   54    1    1    1    1    1    1    1    5   10  8.82951E+03 0.00443 
   55    1    1    1    1    1    1    1    5   11  0.00000E+00 0.00000 
   56    1    1    1    1    1    1    1    6    1  1.03959E+04 0.00426 
   57    1    1    1    1    1    1    1    6    2  1.03872E+04 0.00426 
   58    1    1    1    1    1    1    1    6    3  0.00000E+00 0.00000 
   59    1    1    1    1    1    1    1    6    4  9.99542E+03 0.00428 
   60    1    1    1    1    1    1    1    6    5  9.75816E+03 0.00429 
   61    1    1    1    1    1    1    1    6    6  0.00000E+00 0.00000 
   62    1    1    1    1    1    1    1    6    7  9.10403E+03 0.00439 
   63    1    1    1    1    1    1    1    6    8  8.79413E+03 0.00438 
   64    1    1    1    1    1    1    1    6    9  0.00000E+00 0.00000 
   65    1    1    1    1    1    1    1    6   10  8.64861E+03 0.00452 
   66    1    1    1    1    1    1    1    6   11  8.50278E+03 0.00454 
   67    1    1    1    1    1    1    1    7    1  0.00000E+00 0.00000 
   68    1    1    1    1    1    1    1    7    2  9.61714E+03 0.00439 
   69    1    1    1    1    1    1    1    7    3  9.42623E+03 0.00434 
   70    1    1    1    1    1    1    1    7    4  0.00000E+00 0.00000 
   71    1    1    1    1    1    1    1    7    5  9.05916E+03 0.00444 
   72    1    1    1    1    1    1    1    7    6  8.85302E+03 0.00440 
   73    1    1    1    1    1    1    1    7    7  0.00000E+00 0.00000 
   74    1    1    1    1    1    1    1    7    8  8.57028E+03 0.00438 
   75    1    1    1    1    1    1    1    7    9  8.45297E+03 0.00461 
   76    1    1    1    1    1    1    1    7   10  0.00000E+00 0.00000 
   77    1    1    1    1    1    1    1    7   11  8.23662E+03 0.00464 
   78    1    1    1    1    1    1    1    8    1  9.17629E+03 0.00451 
   79    1    1    1    1    1    1    1    8    2  0.00000E+00 0.00000 
   80    1    1    1    1    1    1    1    8    3  9.02779E+03 0.00438 
   81    1    1    1    1    1    1    1    8    4  8.91137E+03 0.00437 
   82    1    1    1    1    1    1    1    8    5  0.00000E+00 0.00000 
   83    1    1    1    1    1    1    1    8    6  8.43103E+03 0.00446 
   84    1    1    1    1    1    1    1    8    7  8.32498E+03 0.00442 
   85    1    1    1    1    1    1    1    8    8  0.00000E+00 0.00000 
   86    1    1    1    1    1    1    1    8    9  8.27840E+03 0.00448 
   87    1    1    1    1    1    1    1    8   10  8.18963E+03 0.00457 
   88    1    1    1    1    1    1    1    8   11  0.00000E+00 0.00000 
   89    1    1    1    1    1    1    1    9    1  8.85872E+03 0.00440 
   90    1    1    1    1    1    1    1    9    2  8.82032E+03 0.00436 
   91    1    1    1    1    1    1    1    9    3  0.00000E+00 0.00000 
   92    1    1    1    1    1    1    1    9    4  8.53799E+03 0.00450 
   93    1    1    1    1    1    1    1    9    5  8.35519E+03 0.00451 
   94    1    1    1    1    1    1    1    9    6  0.00000E+00 0.00000 
   95    1    1    1    1    1    1    1    9    7  8.29161E+03 0.00448 
   96    1    1    1    1    1    1    1    9    8  8.18326E+03 0.00457 
   97    1    1    1    1    1    1    1    9    9  0.00000E+00 0.00000 
   98    1    1    1    1    1    1    1    9   10  8.00374E+03 0.00464 
   99    1    1    1    1    1    1    1    9   11  7.90323E+03 0.00463 
  100    1    1    1    1    1    1    1   10    1  0.00000E+00 0.00000 
  101    1    1    1    1    1    1    1   10    2  8.64964E+03 0.00454 
  102    1    1    1    1    1    1    1   10    3  8.43405E+03 0.00445 
  103    1    1    1    1    1    1    1   10    4  0.00000E+00 0.00000 
  104    1    1    1    1    1    1    1   10    5  8.29204E+03 0.00457 
  105    1    1    1    1    1    1    1   10    6  8.16768E+03 0.00463 
  106    1    1    1    1    1    1    1   10    7  0.00000E+00 0.00000 
  107    1    1    1    1    1    1    1   10    8  8.02975E+03 0.00451 
  108    1    1    1    1    1    1    1   10    9  7.87039E+03 0.00473 
  109    1    1    1    1    1    1    1   10   10  0.00000E+00 0.00000 
