
ZAI = [
922350
922380
666
0
];

NAMES = [
'U235            '
'U238            '
'lost            '
'total           '
];

i922350 = 1; iU235             = 1;
i922380 = 2; iU238             = 2;
iLOST    = 3;
iTOT     = 4;

MAT_un_VOLUME = [ 2.67157E+05 2.67157E+05 ];

MAT_un_BURNUP = [ 0.00000E+00 4.29064E+01 ];

MAT_un_ADENS = [
4.83387E-03 3.50871E-03 % U235
1.93936E-02 1.88532E-02 % U238
0.00000E+00 4.44547E-30 % lost data
7.26897E-02 7.38014E-02 % total
];

MAT_un_MDENS = [
1.88669E+00 1.36947E+00 % U235
7.66628E+00 7.45267E+00 % U238
0.00000E+00 0.00000E+00 % lost data
1.08000E+01 1.07986E+01 % total
];

MAT_un_A = [
4.03027E+10 2.92541E+10 % U235
2.54709E+10 2.47612E+10 % U238
0.00000E+00 0.00000E+00 % lost data
6.57736E+10 3.28340E+18 % total
];

MAT_un_H = [
3.02125E-02 2.19301E-02 % U235
1.74257E-02 1.69402E-02 % U238
0.00000E+00 0.00000E+00 % lost data
4.76382E-02 9.64611E+05 % total
];

MAT_un_SF = [
2.90180E+00 2.10629E+00 % U235
1.39071E+04 1.35196E+04 % U238
0.00000E+00 0.00000E+00 % lost data
1.39100E+04 1.03790E+08 % total
];

MAT_un_GSRC = [
5.09227E+10 3.69627E+10 % U235
2.25554E+09 2.19269E+09 % U238
0.00000E+00 0.00000E+00 % lost data
5.31783E+10 3.52979E+18 % total
];

MAT_un_ING_TOX = [
1.89423E+03 1.37494E+03 % U235
1.14619E+03 1.11425E+03 % U238
0.00000E+00 0.00000E+00 % lost data
3.04042E+03 2.23570E+09 % total
];

MAT_un_INH_TOX = [
3.42573E+05 2.48660E+05 % U235
2.03767E+05 1.98089E+05 % U238
0.00000E+00 0.00000E+00 % lost data
5.46340E+05 8.03175E+10 % total
];

TOT_VOLUME = [ 2.67157E+05 2.67157E+05 ];

TOT_BURNUP = [ 0.00000E+00 4.29064E+01 ];

TOT_ADENS = [
4.83387E-03 3.50871E-03 % U235
1.93936E-02 1.88532E-02 % U238
0.00000E+00 4.44547E-30 % lost data
7.26897E-02 7.38014E-02 % total
];

TOT_MASS = [
5.04042E+05 3.65864E+05 % U235
2.04810E+06 1.99103E+06 % U238
0.00000E+00 0.00000E+00 % lost data
2.88529E+06 2.88492E+06 % total
];

TOT_A = [
4.03027E+10 2.92541E+10 % U235
2.54709E+10 2.47612E+10 % U238
0.00000E+00 0.00000E+00 % lost data
6.57736E+10 3.28340E+18 % total
];

TOT_H = [
3.02125E-02 2.19301E-02 % U235
1.74257E-02 1.69402E-02 % U238
0.00000E+00 0.00000E+00 % lost data
4.76382E-02 9.64611E+05 % total
];

TOT_SF = [
2.90180E+00 2.10629E+00 % U235
1.39071E+04 1.35196E+04 % U238
0.00000E+00 0.00000E+00 % lost data
1.39100E+04 1.03790E+08 % total
];

TOT_GSRC = [
5.09227E+10 3.69627E+10 % U235
2.25554E+09 2.19269E+09 % U238
0.00000E+00 0.00000E+00 % lost data
5.31783E+10 3.52979E+18 % total
];

TOT_ING_TOX = [
1.89423E+03 1.37494E+03 % U235
1.14619E+03 1.11425E+03 % U238
0.00000E+00 0.00000E+00 % lost data
3.04042E+03 2.23570E+09 % total
];

TOT_INH_TOX = [
3.42573E+05 2.48660E+05 % U235
2.03767E+05 1.98089E+05 % U238
0.00000E+00 0.00000E+00 % lost data
5.46340E+05 8.03175E+10 % total
];

BU = [ 0.00000E+00 4.29051E+01 ];

DAYS = [ 0.00000E+00 7.30000E+03 ];
