
DETassem1 = [
    1    1    1    1    1    1    1    1    1    1  0.00000E+00 0.00000 
    2    1    1    1    1    1    1    1    1    2  0.00000E+00 0.00000 
    3    1    1    1    1    1    1    1    1    3  0.00000E+00 0.00000 
    4    1    1    1    1    1    1    1    1    4  0.00000E+00 0.00000 
    5    1    1    1    1    1    1    1    1    5  0.00000E+00 0.00000 
    6    1    1    1    1    1    1    1    1    6  0.00000E+00 0.00000 
    7    1    1    1    1    1    1    1    1    7  0.00000E+00 0.00000 
    8    1    1    1    1    1    1    1    1    8  1.78689E+04 0.00350 
    9    1    1    1    1    1    1    1    1    9  1.40759E+04 0.00383 
   10    1    1    1    1    1    1    1    1   10  0.00000E+00 0.00000 
   11    1    1    1    1    1    1    1    1   11  1.03911E+04 0.00423 
   12    1    1    1    1    1    1    1    2    1  1.91387E+04 0.00348 
   13    1    1    1    1    1    1    1    2    2  0.00000E+00 0.00000 
   14    1    1    1    1    1    1    1    2    3  0.00000E+00 0.00000 
   15    1    1    1    1    1    1    1    2    4  0.00000E+00 0.00000 
   16    1    1    1    1    1    1    1    2    5  0.00000E+00 0.00000 
   17    1    1    1    1    1    1    1    2    6  1.90883E+04 0.00346 
   18    1    1    1    1    1    1    1    2    7  1.56342E+04 0.00373 
   19    1    1    1    1    1    1    1    2    8  0.00000E+00 0.00000 
   20    1    1    1    1    1    1    1    2    9  1.14434E+04 0.00408 
   21    1    1    1    1    1    1    1    2   10  1.04002E+04 0.00422 
   22    1    1    1    1    1    1    1    2   11  0.00000E+00 0.00000 
   23    1    1    1    1    1    1    1    3    1  1.56560E+04 0.00371 
   24    1    1    1    1    1    1    1    3    2  1.79297E+04 0.00359 
   25    1    1    1    1    1    1    1    3    3  0.00000E+00 0.00000 
   26    1    1    1    1    1    1    1    3    4  1.78962E+04 0.00348 
   27    1    1    1    1    1    1    1    3    5  1.56566E+04 0.00366 
   28    1    1    1    1    1    1    1    3    6  0.00000E+00 0.00000 
   29    1    1    1    1    1    1    1    3    7  1.20149E+04 0.00402 
   30    1    1    1    1    1    1    1    3    8  1.10295E+04 0.00413 
   31    1    1    1    1    1    1    1    3    9  0.00000E+00 0.00000 
   32    1    1    1    1    1    1    1    3   10  9.65768E+03 0.00433 
   33    1    1    1    1    1    1    1    3   11  9.21422E+03 0.00444 
   34    1    1    1    1    1    1    1    4    1  0.00000E+00 0.00000 
   35    1    1    1    1    1    1    1    4    2  1.39917E+04 0.00386 
   36    1    1    1    1    1    1    1    4    3  1.39708E+04 0.00387 
   37    1    1    1    1    1    1    1    4    4  0.00000E+00 0.00000 
   38    1    1    1    1    1    1    1    4    5  1.20257E+04 0.00399 
   39    1    1    1    1    1    1    1    4    6  1.11667E+04 0.00413 
   40    1    1    1    1    1    1    1    4    7  0.00000E+00 0.00000 
   41    1    1    1    1    1    1    1    4    8  9.86458E+03 0.00430 
   42    1    1    1    1    1    1    1    4    9  9.49112E+03 0.00436 
   43    1    1    1    1    1    1    1    4   10  0.00000E+00 0.00000 
   44    1    1    1    1    1    1    1    4   11  8.91789E+03 0.00447 
   45    1    1    1    1    1    1    1    5    1  1.15545E+04 0.00405 
   46    1    1    1    1    1    1    1    5    2  0.00000E+00 0.00000 
   47    1    1    1    1    1    1    1    5    3  1.15318E+04 0.00416 
   48    1    1    1    1    1    1    1    5    4  1.11012E+04 0.00417 
   49    1    1    1    1    1    1    1    5    5  0.00000E+00 0.00000 
   50    1    1    1    1    1    1    1    5    6  9.97262E+03 0.00417 
   51    1    1    1    1    1    1    1    5    7  9.61639E+03 0.00432 
   52    1    1    1    1    1    1    1    5    8  0.00000E+00 0.00000 
   53    1    1    1    1    1    1    1    5    9  9.04345E+03 0.00448 
   54    1    1    1    1    1    1    1    5   10  8.84725E+03 0.00453 
   55    1    1    1    1    1    1    1    5   11  0.00000E+00 0.00000 
   56    1    1    1    1    1    1    1    6    1  1.04291E+04 0.00424 
   57    1    1    1    1    1    1    1    6    2  1.04848E+04 0.00424 
   58    1    1    1    1    1    1    1    6    3  0.00000E+00 0.00000 
   59    1    1    1    1    1    1    1    6    4  9.95936E+03 0.00424 
   60    1    1    1    1    1    1    1    6    5  9.56834E+03 0.00430 
   61    1    1    1    1    1    1    1    6    6  0.00000E+00 0.00000 
   62    1    1    1    1    1    1    1    6    7  9.06363E+03 0.00437 
   63    1    1    1    1    1    1    1    6    8  8.90051E+03 0.00458 
   64    1    1    1    1    1    1    1    6    9  0.00000E+00 0.00000 
   65    1    1    1    1    1    1    1    6   10  8.61862E+03 0.00467 
   66    1    1    1    1    1    1    1    6   11  8.44486E+03 0.00453 
   67    1    1    1    1    1    1    1    7    1  0.00000E+00 0.00000 
   68    1    1    1    1    1    1    1    7    2  9.64194E+03 0.00423 
   69    1    1    1    1    1    1    1    7    3  9.54316E+03 0.00434 
   70    1    1    1    1    1    1    1    7    4  0.00000E+00 0.00000 
   71    1    1    1    1    1    1    1    7    5  9.07597E+03 0.00441 
   72    1    1    1    1    1    1    1    7    6  9.01332E+03 0.00443 
   73    1    1    1    1    1    1    1    7    7  0.00000E+00 0.00000 
   74    1    1    1    1    1    1    1    7    8  8.63506E+03 0.00455 
   75    1    1    1    1    1    1    1    7    9  8.44941E+03 0.00453 
   76    1    1    1    1    1    1    1    7   10  0.00000E+00 0.00000 
   77    1    1    1    1    1    1    1    7   11  8.28634E+03 0.00451 
   78    1    1    1    1    1    1    1    8    1  9.35591E+03 0.00437 
   79    1    1    1    1    1    1    1    8    2  0.00000E+00 0.00000 
   80    1    1    1    1    1    1    1    8    3  9.01383E+03 0.00426 
   81    1    1    1    1    1    1    1    8    4  8.86486E+03 0.00454 
   82    1    1    1    1    1    1    1    8    5  0.00000E+00 0.00000 
   83    1    1    1    1    1    1    1    8    6  8.61000E+03 0.00449 
   84    1    1    1    1    1    1    1    8    7  8.37511E+03 0.00455 
   85    1    1    1    1    1    1    1    8    8  0.00000E+00 0.00000 
   86    1    1    1    1    1    1    1    8    9  8.35227E+03 0.00451 
   87    1    1    1    1    1    1    1    8   10  8.25813E+03 0.00452 
   88    1    1    1    1    1    1    1    8   11  0.00000E+00 0.00000 
   89    1    1    1    1    1    1    1    9    1  8.98918E+03 0.00446 
   90    1    1    1    1    1    1    1    9    2  8.81672E+03 0.00433 
   91    1    1    1    1    1    1    1    9    3  0.00000E+00 0.00000 
   92    1    1    1    1    1    1    1    9    4  8.58517E+03 0.00448 
   93    1    1    1    1    1    1    1    9    5  8.51001E+03 0.00453 
   94    1    1    1    1    1    1    1    9    6  0.00000E+00 0.00000 
   95    1    1    1    1    1    1    1    9    7  8.25448E+03 0.00444 
   96    1    1    1    1    1    1    1    9    8  8.17518E+03 0.00455 
   97    1    1    1    1    1    1    1    9    9  0.00000E+00 0.00000 
   98    1    1    1    1    1    1    1    9   10  7.98427E+03 0.00459 
   99    1    1    1    1    1    1    1    9   11  7.96931E+03 0.00465 
  100    1    1    1    1    1    1    1   10    1  0.00000E+00 0.00000 
  101    1    1    1    1    1    1    1   10    2  8.63626E+03 0.00447 
  102    1    1    1    1    1    1    1   10    3  8.45758E+03 0.00454 
  103    1    1    1    1    1    1    1   10    4  0.00000E+00 0.00000 
  104    1    1    1    1    1    1    1   10    5  8.32321E+03 0.00459 
  105    1    1    1    1    1    1    1   10    6  8.18064E+03 0.00450 
  106    1    1    1    1    1    1    1   10    7  0.00000E+00 0.00000 
  107    1    1    1    1    1    1    1   10    8  8.02133E+03 0.00476 
  108    1    1    1    1    1    1    1   10    9  7.89821E+03 0.00461 
  109    1    1    1    1    1    1    1   10   10  0.00000E+00 0.00000 
