
DETassem1 = [
    1    1    1    1    1    1    1    1    1    1  0.00000E+00 0.00000 
    2    1    1    1    1    1    1    1    1    2  0.00000E+00 0.00000 
    3    1    1    1    1    1    1    1    1    3  0.00000E+00 0.00000 
    4    1    1    1    1    1    1    1    1    4  0.00000E+00 0.00000 
    5    1    1    1    1    1    1    1    1    5  0.00000E+00 0.00000 
    6    1    1    1    1    1    1    1    1    6  0.00000E+00 0.00000 
    7    1    1    1    1    1    1    1    1    7  0.00000E+00 0.00000 
    8    1    1    1    1    1    1    1    1    8  1.81975E+04 0.00364 
    9    1    1    1    1    1    1    1    1    9  1.38905E+04 0.00403 
   10    1    1    1    1    1    1    1    1   10  0.00000E+00 0.00000 
   11    1    1    1    1    1    1    1    1   11  9.96823E+03 0.00449 
   12    1    1    1    1    1    1    1    2    1  1.94420E+04 0.00358 
   13    1    1    1    1    1    1    1    2    2  0.00000E+00 0.00000 
   14    1    1    1    1    1    1    1    2    3  0.00000E+00 0.00000 
   15    1    1    1    1    1    1    1    2    4  0.00000E+00 0.00000 
   16    1    1    1    1    1    1    1    2    5  0.00000E+00 0.00000 
   17    1    1    1    1    1    1    1    2    6  1.96973E+04 0.00354 
   18    1    1    1    1    1    1    1    2    7  1.57942E+04 0.00387 
   19    1    1    1    1    1    1    1    2    8  0.00000E+00 0.00000 
   20    1    1    1    1    1    1    1    2    9  1.10517E+04 0.00437 
   21    1    1    1    1    1    1    1    2   10  9.92094E+03 0.00448 
   22    1    1    1    1    1    1    1    2   11  0.00000E+00 0.00000 
   23    1    1    1    1    1    1    1    3    1  1.55460E+04 0.00386 
   24    1    1    1    1    1    1    1    3    2  1.81632E+04 0.00360 
   25    1    1    1    1    1    1    1    3    3  0.00000E+00 0.00000 
   26    1    1    1    1    1    1    1    3    4  1.80284E+04 0.00373 
   27    1    1    1    1    1    1    1    3    5  1.56841E+04 0.00386 
   28    1    1    1    1    1    1    1    3    6  0.00000E+00 0.00000 
   29    1    1    1    1    1    1    1    3    7  1.19092E+04 0.00430 
   30    1    1    1    1    1    1    1    3    8  1.06845E+04 0.00432 
   31    1    1    1    1    1    1    1    3    9  0.00000E+00 0.00000 
   32    1    1    1    1    1    1    1    3   10  9.09979E+03 0.00449 
   33    1    1    1    1    1    1    1    3   11  8.74278E+03 0.00461 
   34    1    1    1    1    1    1    1    4    1  0.00000E+00 0.00000 
   35    1    1    1    1    1    1    1    4    2  1.39295E+04 0.00399 
   36    1    1    1    1    1    1    1    4    3  1.38992E+04 0.00393 
   37    1    1    1    1    1    1    1    4    4  0.00000E+00 0.00000 
   38    1    1    1    1    1    1    1    4    5  1.18967E+04 0.00428 
   39    1    1    1    1    1    1    1    4    6  1.09404E+04 0.00433 
   40    1    1    1    1    1    1    1    4    7  0.00000E+00 0.00000 
   41    1    1    1    1    1    1    1    4    8  9.44264E+03 0.00446 
   42    1    1    1    1    1    1    1    4    9  8.95661E+03 0.00453 
   43    1    1    1    1    1    1    1    4   10  0.00000E+00 0.00000 
   44    1    1    1    1    1    1    1    4   11  8.40412E+03 0.00464 
   45    1    1    1    1    1    1    1    5    1  1.11403E+04 0.00430 
   46    1    1    1    1    1    1    1    5    2  0.00000E+00 0.00000 
   47    1    1    1    1    1    1    1    5    3  1.11922E+04 0.00424 
   48    1    1    1    1    1    1    1    5    4  1.07066E+04 0.00434 
   49    1    1    1    1    1    1    1    5    5  0.00000E+00 0.00000 
   50    1    1    1    1    1    1    1    5    6  9.63557E+03 0.00444 
   51    1    1    1    1    1    1    1    5    7  9.06244E+03 0.00452 
   52    1    1    1    1    1    1    1    5    8  0.00000E+00 0.00000 
   53    1    1    1    1    1    1    1    5    9  8.53247E+03 0.00460 
   54    1    1    1    1    1    1    1    5   10  8.41885E+03 0.00464 
   55    1    1    1    1    1    1    1    5   11  0.00000E+00 0.00000 
   56    1    1    1    1    1    1    1    6    1  9.95745E+03 0.00434 
   57    1    1    1    1    1    1    1    6    2  9.93570E+03 0.00444 
   58    1    1    1    1    1    1    1    6    3  0.00000E+00 0.00000 
   59    1    1    1    1    1    1    1    6    4  9.43510E+03 0.00444 
   60    1    1    1    1    1    1    1    6    5  9.15506E+03 0.00456 
   61    1    1    1    1    1    1    1    6    6  0.00000E+00 0.00000 
   62    1    1    1    1    1    1    1    6    7  8.68570E+03 0.00459 
   63    1    1    1    1    1    1    1    6    8  8.41034E+03 0.00466 
   64    1    1    1    1    1    1    1    6    9  0.00000E+00 0.00000 
   65    1    1    1    1    1    1    1    6   10  8.31271E+03 0.00474 
   66    1    1    1    1    1    1    1    6   11  8.16195E+03 0.00477 
   67    1    1    1    1    1    1    1    7    1  0.00000E+00 0.00000 
   68    1    1    1    1    1    1    1    7    2  9.02450E+03 0.00457 
   69    1    1    1    1    1    1    1    7    3  9.06460E+03 0.00461 
   70    1    1    1    1    1    1    1    7    4  0.00000E+00 0.00000 
   71    1    1    1    1    1    1    1    7    5  8.69234E+03 0.00463 
   72    1    1    1    1    1    1    1    7    6  8.50897E+03 0.00466 
   73    1    1    1    1    1    1    1    7    7  0.00000E+00 0.00000 
   74    1    1    1    1    1    1    1    7    8  8.26589E+03 0.00474 
   75    1    1    1    1    1    1    1    7    9  8.20275E+03 0.00465 
   76    1    1    1    1    1    1    1    7   10  0.00000E+00 0.00000 
   77    1    1    1    1    1    1    1    7   11  7.96116E+03 0.00472 
   78    1    1    1    1    1    1    1    8    1  8.82421E+03 0.00458 
   79    1    1    1    1    1    1    1    8    2  0.00000E+00 0.00000 
   80    1    1    1    1    1    1    1    8    3  8.57833E+03 0.00466 
   81    1    1    1    1    1    1    1    8    4  8.39933E+03 0.00458 
   82    1    1    1    1    1    1    1    8    5  0.00000E+00 0.00000 
   83    1    1    1    1    1    1    1    8    6  8.29175E+03 0.00464 
   84    1    1    1    1    1    1    1    8    7  8.10786E+03 0.00473 
   85    1    1    1    1    1    1    1    8    8  0.00000E+00 0.00000 
   86    1    1    1    1    1    1    1    8    9  8.05145E+03 0.00476 
   87    1    1    1    1    1    1    1    8   10  7.88377E+03 0.00472 
   88    1    1    1    1    1    1    1    8   11  0.00000E+00 0.00000 
   89    1    1    1    1    1    1    1    9    1  8.42074E+03 0.00463 
   90    1    1    1    1    1    1    1    9    2  8.43191E+03 0.00462 
   91    1    1    1    1    1    1    1    9    3  0.00000E+00 0.00000 
   92    1    1    1    1    1    1    1    9    4  8.22518E+03 0.00460 
   93    1    1    1    1    1    1    1    9    5  8.21667E+03 0.00471 
   94    1    1    1    1    1    1    1    9    6  0.00000E+00 0.00000 
   95    1    1    1    1    1    1    1    9    7  7.96538E+03 0.00472 
   96    1    1    1    1    1    1    1    9    8  7.93147E+03 0.00484 
   97    1    1    1    1    1    1    1    9    9  0.00000E+00 0.00000 
   98    1    1    1    1    1    1    1    9   10  7.75583E+03 0.00482 
   99    1    1    1    1    1    1    1    9   11  7.68707E+03 0.00489 
  100    1    1    1    1    1    1    1   10    1  0.00000E+00 0.00000 
  101    1    1    1    1    1    1    1   10    2  8.23829E+03 0.00478 
  102    1    1    1    1    1    1    1   10    3  8.15138E+03 0.00480 
  103    1    1    1    1    1    1    1   10    4  0.00000E+00 0.00000 
  104    1    1    1    1    1    1    1   10    5  8.04827E+03 0.00473 
  105    1    1    1    1    1    1    1   10    6  7.93379E+03 0.00481 
  106    1    1    1    1    1    1    1   10    7  0.00000E+00 0.00000 
  107    1    1    1    1    1    1    1   10    8  7.78952E+03 0.00484 
  108    1    1    1    1    1    1    1   10    9  7.68936E+03 0.00483 
  109    1    1    1    1    1    1    1   10   10  0.00000E+00 0.00000 
