
DETassem1 = [
    1    1    1    1    1    1    1    1    1    1  0.00000E+00 0.00000 
    2    1    1    1    1    1    1    1    1    2  0.00000E+00 0.00000 
    3    1    1    1    1    1    1    1    1    3  0.00000E+00 0.00000 
    4    1    1    1    1    1    1    1    1    4  0.00000E+00 0.00000 
    5    1    1    1    1    1    1    1    1    5  0.00000E+00 0.00000 
    6    1    1    1    1    1    1    1    1    6  0.00000E+00 0.00000 
    7    1    1    1    1    1    1    1    1    7  0.00000E+00 0.00000 
    8    1    1    1    1    1    1    1    1    8  1.80220E+04 0.00355 
    9    1    1    1    1    1    1    1    1    9  1.41231E+04 0.00383 
   10    1    1    1    1    1    1    1    1   10  0.00000E+00 0.00000 
   11    1    1    1    1    1    1    1    1   11  1.05026E+04 0.00419 
   12    1    1    1    1    1    1    1    2    1  1.94529E+04 0.00341 
   13    1    1    1    1    1    1    1    2    2  0.00000E+00 0.00000 
   14    1    1    1    1    1    1    1    2    3  0.00000E+00 0.00000 
   15    1    1    1    1    1    1    1    2    4  0.00000E+00 0.00000 
   16    1    1    1    1    1    1    1    2    5  0.00000E+00 0.00000 
   17    1    1    1    1    1    1    1    2    6  1.94271E+04 0.00340 
   18    1    1    1    1    1    1    1    2    7  1.58026E+04 0.00363 
   19    1    1    1    1    1    1    1    2    8  0.00000E+00 0.00000 
   20    1    1    1    1    1    1    1    2    9  1.16459E+04 0.00403 
   21    1    1    1    1    1    1    1    2   10  1.04103E+04 0.00427 
   22    1    1    1    1    1    1    1    2   11  0.00000E+00 0.00000 
   23    1    1    1    1    1    1    1    3    1  1.59144E+04 0.00371 
   24    1    1    1    1    1    1    1    3    2  1.81492E+04 0.00356 
   25    1    1    1    1    1    1    1    3    3  0.00000E+00 0.00000 
   26    1    1    1    1    1    1    1    3    4  1.81593E+04 0.00357 
   27    1    1    1    1    1    1    1    3    5  1.58826E+04 0.00371 
   28    1    1    1    1    1    1    1    3    6  0.00000E+00 0.00000 
   29    1    1    1    1    1    1    1    3    7  1.23818E+04 0.00400 
   30    1    1    1    1    1    1    1    3    8  1.12197E+04 0.00415 
   31    1    1    1    1    1    1    1    3    9  0.00000E+00 0.00000 
   32    1    1    1    1    1    1    1    3   10  9.70513E+03 0.00422 
   33    1    1    1    1    1    1    1    3   11  9.32948E+03 0.00428 
   34    1    1    1    1    1    1    1    4    1  0.00000E+00 0.00000 
   35    1    1    1    1    1    1    1    4    2  1.42027E+04 0.00381 
   36    1    1    1    1    1    1    1    4    3  1.41289E+04 0.00389 
   37    1    1    1    1    1    1    1    4    4  0.00000E+00 0.00000 
   38    1    1    1    1    1    1    1    4    5  1.23208E+04 0.00406 
   39    1    1    1    1    1    1    1    4    6  1.14867E+04 0.00419 
   40    1    1    1    1    1    1    1    4    7  0.00000E+00 0.00000 
   41    1    1    1    1    1    1    1    4    8  1.00320E+04 0.00423 
   42    1    1    1    1    1    1    1    4    9  9.52132E+03 0.00424 
   43    1    1    1    1    1    1    1    4   10  0.00000E+00 0.00000 
   44    1    1    1    1    1    1    1    4   11  8.94535E+03 0.00445 
   45    1    1    1    1    1    1    1    5    1  1.16854E+04 0.00410 
   46    1    1    1    1    1    1    1    5    2  0.00000E+00 0.00000 
   47    1    1    1    1    1    1    1    5    3  1.16527E+04 0.00415 
   48    1    1    1    1    1    1    1    5    4  1.12352E+04 0.00407 
   49    1    1    1    1    1    1    1    5    5  0.00000E+00 0.00000 
   50    1    1    1    1    1    1    1    5    6  1.01460E+04 0.00426 
   51    1    1    1    1    1    1    1    5    7  9.68407E+03 0.00432 
   52    1    1    1    1    1    1    1    5    8  0.00000E+00 0.00000 
   53    1    1    1    1    1    1    1    5    9  9.06262E+03 0.00435 
   54    1    1    1    1    1    1    1    5   10  8.86275E+03 0.00453 
   55    1    1    1    1    1    1    1    5   11  0.00000E+00 0.00000 
   56    1    1    1    1    1    1    1    6    1  1.05376E+04 0.00422 
   57    1    1    1    1    1    1    1    6    2  1.05067E+04 0.00422 
   58    1    1    1    1    1    1    1    6    3  0.00000E+00 0.00000 
   59    1    1    1    1    1    1    1    6    4  1.00616E+04 0.00433 
   60    1    1    1    1    1    1    1    6    5  9.65456E+03 0.00430 
   61    1    1    1    1    1    1    1    6    6  0.00000E+00 0.00000 
   62    1    1    1    1    1    1    1    6    7  9.09814E+03 0.00443 
   63    1    1    1    1    1    1    1    6    8  8.84998E+03 0.00438 
   64    1    1    1    1    1    1    1    6    9  0.00000E+00 0.00000 
   65    1    1    1    1    1    1    1    6   10  8.68395E+03 0.00447 
   66    1    1    1    1    1    1    1    6   11  8.56924E+03 0.00445 
   67    1    1    1    1    1    1    1    7    1  0.00000E+00 0.00000 
   68    1    1    1    1    1    1    1    7    2  9.64526E+03 0.00438 
   69    1    1    1    1    1    1    1    7    3  9.57673E+03 0.00440 
   70    1    1    1    1    1    1    1    7    4  0.00000E+00 0.00000 
   71    1    1    1    1    1    1    1    7    5  9.17562E+03 0.00432 
   72    1    1    1    1    1    1    1    7    6  8.91580E+03 0.00435 
   73    1    1    1    1    1    1    1    7    7  0.00000E+00 0.00000 
   74    1    1    1    1    1    1    1    7    8  8.58923E+03 0.00445 
   75    1    1    1    1    1    1    1    7    9  8.49781E+03 0.00457 
   76    1    1    1    1    1    1    1    7   10  0.00000E+00 0.00000 
   77    1    1    1    1    1    1    1    7   11  8.38593E+03 0.00456 
   78    1    1    1    1    1    1    1    8    1  9.30116E+03 0.00432 
   79    1    1    1    1    1    1    1    8    2  0.00000E+00 0.00000 
   80    1    1    1    1    1    1    1    8    3  9.09821E+03 0.00442 
   81    1    1    1    1    1    1    1    8    4  8.89109E+03 0.00447 
   82    1    1    1    1    1    1    1    8    5  0.00000E+00 0.00000 
   83    1    1    1    1    1    1    1    8    6  8.61276E+03 0.00454 
   84    1    1    1    1    1    1    1    8    7  8.53719E+03 0.00439 
   85    1    1    1    1    1    1    1    8    8  0.00000E+00 0.00000 
   86    1    1    1    1    1    1    1    8    9  8.30724E+03 0.00448 
   87    1    1    1    1    1    1    1    8   10  8.32467E+03 0.00456 
   88    1    1    1    1    1    1    1    8   11  0.00000E+00 0.00000 
   89    1    1    1    1    1    1    1    9    1  9.01761E+03 0.00445 
   90    1    1    1    1    1    1    1    9    2  8.88527E+03 0.00442 
   91    1    1    1    1    1    1    1    9    3  0.00000E+00 0.00000 
   92    1    1    1    1    1    1    1    9    4  8.56076E+03 0.00449 
   93    1    1    1    1    1    1    1    9    5  8.45555E+03 0.00457 
   94    1    1    1    1    1    1    1    9    6  0.00000E+00 0.00000 
   95    1    1    1    1    1    1    1    9    7  8.32893E+03 0.00460 
   96    1    1    1    1    1    1    1    9    8  8.24231E+03 0.00458 
   97    1    1    1    1    1    1    1    9    9  0.00000E+00 0.00000 
   98    1    1    1    1    1    1    1    9   10  8.09021E+03 0.00471 
   99    1    1    1    1    1    1    1    9   11  8.07248E+03 0.00463 
  100    1    1    1    1    1    1    1   10    1  0.00000E+00 0.00000 
  101    1    1    1    1    1    1    1   10    2  8.69301E+03 0.00450 
  102    1    1    1    1    1    1    1   10    3  8.48454E+03 0.00453 
  103    1    1    1    1    1    1    1   10    4  0.00000E+00 0.00000 
  104    1    1    1    1    1    1    1   10    5  8.31252E+03 0.00449 
  105    1    1    1    1    1    1    1   10    6  8.32233E+03 0.00461 
  106    1    1    1    1    1    1    1   10    7  0.00000E+00 0.00000 
  107    1    1    1    1    1    1    1   10    8  8.01234E+03 0.00459 
  108    1    1    1    1    1    1    1   10    9  7.95010E+03 0.00469 
  109    1    1    1    1    1    1    1   10   10  0.00000E+00 0.00000 
