
DETassem1 = [
    1    1    1    1    1    1    1    1    1    1  0.00000E+00 0.00000 
    2    1    1    1    1    1    1    1    1    2  0.00000E+00 0.00000 
    3    1    1    1    1    1    1    1    1    3  0.00000E+00 0.00000 
    4    1    1    1    1    1    1    1    1    4  0.00000E+00 0.00000 
    5    1    1    1    1    1    1    1    1    5  0.00000E+00 0.00000 
    6    1    1    1    1    1    1    1    1    6  0.00000E+00 0.00000 
    7    1    1    1    1    1    1    1    1    7  0.00000E+00 0.00000 
    8    1    1    1    1    1    1    1    1    8  1.82067E+04 0.00367 
    9    1    1    1    1    1    1    1    1    9  1.38564E+04 0.00397 
   10    1    1    1    1    1    1    1    1   10  0.00000E+00 0.00000 
   11    1    1    1    1    1    1    1    1   11  1.00766E+04 0.00443 
   12    1    1    1    1    1    1    1    2    1  1.98379E+04 0.00363 
   13    1    1    1    1    1    1    1    2    2  0.00000E+00 0.00000 
   14    1    1    1    1    1    1    1    2    3  0.00000E+00 0.00000 
   15    1    1    1    1    1    1    1    2    4  0.00000E+00 0.00000 
   16    1    1    1    1    1    1    1    2    5  0.00000E+00 0.00000 
   17    1    1    1    1    1    1    1    2    6  1.96972E+04 0.00362 
   18    1    1    1    1    1    1    1    2    7  1.57534E+04 0.00384 
   19    1    1    1    1    1    1    1    2    8  0.00000E+00 0.00000 
   20    1    1    1    1    1    1    1    2    9  1.11981E+04 0.00424 
   21    1    1    1    1    1    1    1    2   10  9.97467E+03 0.00436 
   22    1    1    1    1    1    1    1    2   11  0.00000E+00 0.00000 
   23    1    1    1    1    1    1    1    3    1  1.58761E+04 0.00379 
   24    1    1    1    1    1    1    1    3    2  1.81984E+04 0.00378 
   25    1    1    1    1    1    1    1    3    3  0.00000E+00 0.00000 
   26    1    1    1    1    1    1    1    3    4  1.81685E+04 0.00366 
   27    1    1    1    1    1    1    1    3    5  1.56382E+04 0.00390 
   28    1    1    1    1    1    1    1    3    6  0.00000E+00 0.00000 
   29    1    1    1    1    1    1    1    3    7  1.20186E+04 0.00408 
   30    1    1    1    1    1    1    1    3    8  1.07569E+04 0.00441 
   31    1    1    1    1    1    1    1    3    9  0.00000E+00 0.00000 
   32    1    1    1    1    1    1    1    3   10  9.20165E+03 0.00449 
   33    1    1    1    1    1    1    1    3   11  8.79501E+03 0.00462 
   34    1    1    1    1    1    1    1    4    1  0.00000E+00 0.00000 
   35    1    1    1    1    1    1    1    4    2  1.38282E+04 0.00400 
   36    1    1    1    1    1    1    1    4    3  1.39191E+04 0.00397 
   37    1    1    1    1    1    1    1    4    4  0.00000E+00 0.00000 
   38    1    1    1    1    1    1    1    4    5  1.19576E+04 0.00424 
   39    1    1    1    1    1    1    1    4    6  1.09033E+04 0.00437 
   40    1    1    1    1    1    1    1    4    7  0.00000E+00 0.00000 
   41    1    1    1    1    1    1    1    4    8  9.52115E+03 0.00446 
   42    1    1    1    1    1    1    1    4    9  9.07916E+03 0.00451 
   43    1    1    1    1    1    1    1    4   10  0.00000E+00 0.00000 
   44    1    1    1    1    1    1    1    4   11  8.39975E+03 0.00468 
   45    1    1    1    1    1    1    1    5    1  1.11470E+04 0.00419 
   46    1    1    1    1    1    1    1    5    2  0.00000E+00 0.00000 
   47    1    1    1    1    1    1    1    5    3  1.12116E+04 0.00430 
   48    1    1    1    1    1    1    1    5    4  1.07711E+04 0.00433 
   49    1    1    1    1    1    1    1    5    5  0.00000E+00 0.00000 
   50    1    1    1    1    1    1    1    5    6  9.68905E+03 0.00458 
   51    1    1    1    1    1    1    1    5    7  9.23645E+03 0.00458 
   52    1    1    1    1    1    1    1    5    8  0.00000E+00 0.00000 
   53    1    1    1    1    1    1    1    5    9  8.64872E+03 0.00468 
   54    1    1    1    1    1    1    1    5   10  8.40419E+03 0.00475 
   55    1    1    1    1    1    1    1    5   11  0.00000E+00 0.00000 
   56    1    1    1    1    1    1    1    6    1  1.00442E+04 0.00449 
   57    1    1    1    1    1    1    1    6    2  1.00451E+04 0.00438 
   58    1    1    1    1    1    1    1    6    3  0.00000E+00 0.00000 
   59    1    1    1    1    1    1    1    6    4  9.47970E+03 0.00444 
   60    1    1    1    1    1    1    1    6    5  9.23813E+03 0.00448 
   61    1    1    1    1    1    1    1    6    6  0.00000E+00 0.00000 
   62    1    1    1    1    1    1    1    6    7  8.62170E+03 0.00467 
   63    1    1    1    1    1    1    1    6    8  8.45336E+03 0.00462 
   64    1    1    1    1    1    1    1    6    9  0.00000E+00 0.00000 
   65    1    1    1    1    1    1    1    6   10  8.16191E+03 0.00473 
   66    1    1    1    1    1    1    1    6   11  8.04877E+03 0.00472 
   67    1    1    1    1    1    1    1    7    1  0.00000E+00 0.00000 
   68    1    1    1    1    1    1    1    7    2  9.23435E+03 0.00450 
   69    1    1    1    1    1    1    1    7    3  8.99679E+03 0.00453 
   70    1    1    1    1    1    1    1    7    4  0.00000E+00 0.00000 
   71    1    1    1    1    1    1    1    7    5  8.59884E+03 0.00461 
   72    1    1    1    1    1    1    1    7    6  8.49631E+03 0.00461 
   73    1    1    1    1    1    1    1    7    7  0.00000E+00 0.00000 
   74    1    1    1    1    1    1    1    7    8  8.24913E+03 0.00470 
   75    1    1    1    1    1    1    1    7    9  8.11131E+03 0.00462 
   76    1    1    1    1    1    1    1    7   10  0.00000E+00 0.00000 
   77    1    1    1    1    1    1    1    7   11  7.97751E+03 0.00479 
   78    1    1    1    1    1    1    1    8    1  8.81550E+03 0.00474 
   79    1    1    1    1    1    1    1    8    2  0.00000E+00 0.00000 
   80    1    1    1    1    1    1    1    8    3  8.59600E+03 0.00456 
   81    1    1    1    1    1    1    1    8    4  8.49493E+03 0.00462 
   82    1    1    1    1    1    1    1    8    5  0.00000E+00 0.00000 
   83    1    1    1    1    1    1    1    8    6  8.14811E+03 0.00476 
   84    1    1    1    1    1    1    1    8    7  8.15339E+03 0.00481 
   85    1    1    1    1    1    1    1    8    8  0.00000E+00 0.00000 
   86    1    1    1    1    1    1    1    8    9  7.94303E+03 0.00466 
   87    1    1    1    1    1    1    1    8   10  7.91571E+03 0.00483 
   88    1    1    1    1    1    1    1    8   11  0.00000E+00 0.00000 
   89    1    1    1    1    1    1    1    9    1  8.45724E+03 0.00471 
   90    1    1    1    1    1    1    1    9    2  8.37886E+03 0.00469 
   91    1    1    1    1    1    1    1    9    3  0.00000E+00 0.00000 
   92    1    1    1    1    1    1    1    9    4  8.20809E+03 0.00478 
   93    1    1    1    1    1    1    1    9    5  8.08044E+03 0.00467 
   94    1    1    1    1    1    1    1    9    6  0.00000E+00 0.00000 
   95    1    1    1    1    1    1    1    9    7  7.98348E+03 0.00462 
   96    1    1    1    1    1    1    1    9    8  7.91174E+03 0.00490 
   97    1    1    1    1    1    1    1    9    9  0.00000E+00 0.00000 
   98    1    1    1    1    1    1    1    9   10  7.77611E+03 0.00482 
   99    1    1    1    1    1    1    1    9   11  7.73779E+03 0.00474 
  100    1    1    1    1    1    1    1   10    1  0.00000E+00 0.00000 
  101    1    1    1    1    1    1    1   10    2  8.16568E+03 0.00466 
  102    1    1    1    1    1    1    1   10    3  8.20710E+03 0.00473 
  103    1    1    1    1    1    1    1   10    4  0.00000E+00 0.00000 
  104    1    1    1    1    1    1    1   10    5  7.97137E+03 0.00465 
  105    1    1    1    1    1    1    1   10    6  7.98019E+03 0.00470 
  106    1    1    1    1    1    1    1   10    7  0.00000E+00 0.00000 
  107    1    1    1    1    1    1    1   10    8  7.75904E+03 0.00480 
  108    1    1    1    1    1    1    1   10    9  7.66294E+03 0.00489 
  109    1    1    1    1    1    1    1   10   10  0.00000E+00 0.00000 
