
DETassem1 = [
    1    1    1    1    1    1    1    1    1    1  0.00000E+00 0.00000 
    2    1    1    1    1    1    1    1    1    2  0.00000E+00 0.00000 
    3    1    1    1    1    1    1    1    1    3  0.00000E+00 0.00000 
    4    1    1    1    1    1    1    1    1    4  0.00000E+00 0.00000 
    5    1    1    1    1    1    1    1    1    5  0.00000E+00 0.00000 
    6    1    1    1    1    1    1    1    1    6  0.00000E+00 0.00000 
    7    1    1    1    1    1    1    1    1    7  0.00000E+00 0.00000 
    8    1    1    1    1    1    1    1    1    8  1.82418E+04 0.00353 
    9    1    1    1    1    1    1    1    1    9  1.40773E+04 0.00381 
   10    1    1    1    1    1    1    1    1   10  0.00000E+00 0.00000 
   11    1    1    1    1    1    1    1    1   11  1.04516E+04 0.00427 
   12    1    1    1    1    1    1    1    2    1  1.93753E+04 0.00342 
   13    1    1    1    1    1    1    1    2    2  0.00000E+00 0.00000 
   14    1    1    1    1    1    1    1    2    3  0.00000E+00 0.00000 
   15    1    1    1    1    1    1    1    2    4  0.00000E+00 0.00000 
   16    1    1    1    1    1    1    1    2    5  0.00000E+00 0.00000 
   17    1    1    1    1    1    1    1    2    6  1.94677E+04 0.00339 
   18    1    1    1    1    1    1    1    2    7  1.59160E+04 0.00367 
   19    1    1    1    1    1    1    1    2    8  0.00000E+00 0.00000 
   20    1    1    1    1    1    1    1    2    9  1.17206E+04 0.00410 
   21    1    1    1    1    1    1    1    2   10  1.05159E+04 0.00424 
   22    1    1    1    1    1    1    1    2   11  0.00000E+00 0.00000 
   23    1    1    1    1    1    1    1    3    1  1.58663E+04 0.00367 
   24    1    1    1    1    1    1    1    3    2  1.82448E+04 0.00355 
   25    1    1    1    1    1    1    1    3    3  0.00000E+00 0.00000 
   26    1    1    1    1    1    1    1    3    4  1.80851E+04 0.00346 
   27    1    1    1    1    1    1    1    3    5  1.58152E+04 0.00376 
   28    1    1    1    1    1    1    1    3    6  0.00000E+00 0.00000 
   29    1    1    1    1    1    1    1    3    7  1.23250E+04 0.00407 
   30    1    1    1    1    1    1    1    3    8  1.12520E+04 0.00413 
   31    1    1    1    1    1    1    1    3    9  0.00000E+00 0.00000 
   32    1    1    1    1    1    1    1    3   10  9.80455E+03 0.00433 
   33    1    1    1    1    1    1    1    3   11  9.25092E+03 0.00429 
   34    1    1    1    1    1    1    1    4    1  0.00000E+00 0.00000 
   35    1    1    1    1    1    1    1    4    2  1.42019E+04 0.00386 
   36    1    1    1    1    1    1    1    4    3  1.41570E+04 0.00389 
   37    1    1    1    1    1    1    1    4    4  0.00000E+00 0.00000 
   38    1    1    1    1    1    1    1    4    5  1.23970E+04 0.00392 
   39    1    1    1    1    1    1    1    4    6  1.15120E+04 0.00413 
   40    1    1    1    1    1    1    1    4    7  0.00000E+00 0.00000 
   41    1    1    1    1    1    1    1    4    8  9.99104E+03 0.00429 
   42    1    1    1    1    1    1    1    4    9  9.53777E+03 0.00444 
   43    1    1    1    1    1    1    1    4   10  0.00000E+00 0.00000 
   44    1    1    1    1    1    1    1    4   11  8.98612E+03 0.00441 
   45    1    1    1    1    1    1    1    5    1  1.17593E+04 0.00399 
   46    1    1    1    1    1    1    1    5    2  0.00000E+00 0.00000 
   47    1    1    1    1    1    1    1    5    3  1.16469E+04 0.00405 
   48    1    1    1    1    1    1    1    5    4  1.13289E+04 0.00411 
   49    1    1    1    1    1    1    1    5    5  0.00000E+00 0.00000 
   50    1    1    1    1    1    1    1    5    6  1.01386E+04 0.00426 
   51    1    1    1    1    1    1    1    5    7  9.59558E+03 0.00451 
   52    1    1    1    1    1    1    1    5    8  0.00000E+00 0.00000 
   53    1    1    1    1    1    1    1    5    9  9.10042E+03 0.00431 
   54    1    1    1    1    1    1    1    5   10  8.91676E+03 0.00443 
   55    1    1    1    1    1    1    1    5   11  0.00000E+00 0.00000 
   56    1    1    1    1    1    1    1    6    1  1.05549E+04 0.00423 
   57    1    1    1    1    1    1    1    6    2  1.05838E+04 0.00430 
   58    1    1    1    1    1    1    1    6    3  0.00000E+00 0.00000 
   59    1    1    1    1    1    1    1    6    4  1.00448E+04 0.00418 
   60    1    1    1    1    1    1    1    6    5  9.57139E+03 0.00433 
   61    1    1    1    1    1    1    1    6    6  0.00000E+00 0.00000 
   62    1    1    1    1    1    1    1    6    7  9.10195E+03 0.00434 
   63    1    1    1    1    1    1    1    6    8  8.94652E+03 0.00433 
   64    1    1    1    1    1    1    1    6    9  0.00000E+00 0.00000 
   65    1    1    1    1    1    1    1    6   10  8.63683E+03 0.00449 
   66    1    1    1    1    1    1    1    6   11  8.59122E+03 0.00446 
   67    1    1    1    1    1    1    1    7    1  0.00000E+00 0.00000 
   68    1    1    1    1    1    1    1    7    2  9.75818E+03 0.00433 
   69    1    1    1    1    1    1    1    7    3  9.58854E+03 0.00430 
   70    1    1    1    1    1    1    1    7    4  0.00000E+00 0.00000 
   71    1    1    1    1    1    1    1    7    5  9.10646E+03 0.00441 
   72    1    1    1    1    1    1    1    7    6  8.91154E+03 0.00446 
   73    1    1    1    1    1    1    1    7    7  0.00000E+00 0.00000 
   74    1    1    1    1    1    1    1    7    8  8.64135E+03 0.00443 
   75    1    1    1    1    1    1    1    7    9  8.58244E+03 0.00439 
   76    1    1    1    1    1    1    1    7   10  0.00000E+00 0.00000 
   77    1    1    1    1    1    1    1    7   11  8.34218E+03 0.00461 
   78    1    1    1    1    1    1    1    8    1  9.33739E+03 0.00435 
   79    1    1    1    1    1    1    1    8    2  0.00000E+00 0.00000 
   80    1    1    1    1    1    1    1    8    3  9.04169E+03 0.00432 
   81    1    1    1    1    1    1    1    8    4  8.90589E+03 0.00438 
   82    1    1    1    1    1    1    1    8    5  0.00000E+00 0.00000 
   83    1    1    1    1    1    1    1    8    6  8.60348E+03 0.00450 
   84    1    1    1    1    1    1    1    8    7  8.49659E+03 0.00444 
   85    1    1    1    1    1    1    1    8    8  0.00000E+00 0.00000 
   86    1    1    1    1    1    1    1    8    9  8.31986E+03 0.00459 
   87    1    1    1    1    1    1    1    8   10  8.28382E+03 0.00445 
   88    1    1    1    1    1    1    1    8   11  0.00000E+00 0.00000 
   89    1    1    1    1    1    1    1    9    1  9.05335E+03 0.00446 
   90    1    1    1    1    1    1    1    9    2  8.95640E+03 0.00431 
   91    1    1    1    1    1    1    1    9    3  0.00000E+00 0.00000 
   92    1    1    1    1    1    1    1    9    4  8.58707E+03 0.00448 
   93    1    1    1    1    1    1    1    9    5  8.49933E+03 0.00452 
   94    1    1    1    1    1    1    1    9    6  0.00000E+00 0.00000 
   95    1    1    1    1    1    1    1    9    7  8.18725E+03 0.00459 
   96    1    1    1    1    1    1    1    9    8  8.13658E+03 0.00455 
   97    1    1    1    1    1    1    1    9    9  0.00000E+00 0.00000 
   98    1    1    1    1    1    1    1    9   10  8.05963E+03 0.00464 
   99    1    1    1    1    1    1    1    9   11  7.91693E+03 0.00466 
  100    1    1    1    1    1    1    1   10    1  0.00000E+00 0.00000 
  101    1    1    1    1    1    1    1   10    2  8.67884E+03 0.00450 
  102    1    1    1    1    1    1    1   10    3  8.54802E+03 0.00443 
  103    1    1    1    1    1    1    1   10    4  0.00000E+00 0.00000 
  104    1    1    1    1    1    1    1   10    5  8.22832E+03 0.00462 
  105    1    1    1    1    1    1    1   10    6  8.15284E+03 0.00460 
  106    1    1    1    1    1    1    1   10    7  0.00000E+00 0.00000 
  107    1    1    1    1    1    1    1   10    8  7.92102E+03 0.00464 
  108    1    1    1    1    1    1    1   10    9  7.90558E+03 0.00465 
  109    1    1    1    1    1    1    1   10   10  0.00000E+00 0.00000 
