
DETassem1 = [
    1    1    1    1    1    1    1    1    1    1  0.00000E+00 0.00000 
    2    1    1    1    1    1    1    1    1    2  0.00000E+00 0.00000 
    3    1    1    1    1    1    1    1    1    3  0.00000E+00 0.00000 
    4    1    1    1    1    1    1    1    1    4  0.00000E+00 0.00000 
    5    1    1    1    1    1    1    1    1    5  0.00000E+00 0.00000 
    6    1    1    1    1    1    1    1    1    6  0.00000E+00 0.00000 
    7    1    1    1    1    1    1    1    1    7  0.00000E+00 0.00000 
    8    1    1    1    1    1    1    1    1    8  1.78648E+04 0.00349 
    9    1    1    1    1    1    1    1    1    9  1.38984E+04 0.00388 
   10    1    1    1    1    1    1    1    1   10  0.00000E+00 0.00000 
   11    1    1    1    1    1    1    1    1   11  1.02744E+04 0.00424 
   12    1    1    1    1    1    1    1    2    1  1.91061E+04 0.00350 
   13    1    1    1    1    1    1    1    2    2  0.00000E+00 0.00000 
   14    1    1    1    1    1    1    1    2    3  0.00000E+00 0.00000 
   15    1    1    1    1    1    1    1    2    4  0.00000E+00 0.00000 
   16    1    1    1    1    1    1    1    2    5  0.00000E+00 0.00000 
   17    1    1    1    1    1    1    1    2    6  1.91038E+04 0.00346 
   18    1    1    1    1    1    1    1    2    7  1.56489E+04 0.00369 
   19    1    1    1    1    1    1    1    2    8  0.00000E+00 0.00000 
   20    1    1    1    1    1    1    1    2    9  1.13569E+04 0.00419 
   21    1    1    1    1    1    1    1    2   10  1.02712E+04 0.00424 
   22    1    1    1    1    1    1    1    2   11  0.00000E+00 0.00000 
   23    1    1    1    1    1    1    1    3    1  1.55191E+04 0.00368 
   24    1    1    1    1    1    1    1    3    2  1.77542E+04 0.00359 
   25    1    1    1    1    1    1    1    3    3  0.00000E+00 0.00000 
   26    1    1    1    1    1    1    1    3    4  1.79325E+04 0.00355 
   27    1    1    1    1    1    1    1    3    5  1.56332E+04 0.00381 
   28    1    1    1    1    1    1    1    3    6  0.00000E+00 0.00000 
   29    1    1    1    1    1    1    1    3    7  1.23027E+04 0.00414 
   30    1    1    1    1    1    1    1    3    8  1.10609E+04 0.00419 
   31    1    1    1    1    1    1    1    3    9  0.00000E+00 0.00000 
   32    1    1    1    1    1    1    1    3   10  9.54057E+03 0.00440 
   33    1    1    1    1    1    1    1    3   11  9.21564E+03 0.00433 
   34    1    1    1    1    1    1    1    4    1  0.00000E+00 0.00000 
   35    1    1    1    1    1    1    1    4    2  1.39179E+04 0.00397 
   36    1    1    1    1    1    1    1    4    3  1.39064E+04 0.00404 
   37    1    1    1    1    1    1    1    4    4  0.00000E+00 0.00000 
   38    1    1    1    1    1    1    1    4    5  1.21700E+04 0.00411 
   39    1    1    1    1    1    1    1    4    6  1.14320E+04 0.00413 
   40    1    1    1    1    1    1    1    4    7  0.00000E+00 0.00000 
   41    1    1    1    1    1    1    1    4    8  9.77422E+03 0.00436 
   42    1    1    1    1    1    1    1    4    9  9.34863E+03 0.00432 
   43    1    1    1    1    1    1    1    4   10  0.00000E+00 0.00000 
   44    1    1    1    1    1    1    1    4   11  8.77978E+03 0.00453 
   45    1    1    1    1    1    1    1    5    1  1.13327E+04 0.00417 
   46    1    1    1    1    1    1    1    5    2  0.00000E+00 0.00000 
   47    1    1    1    1    1    1    1    5    3  1.13901E+04 0.00421 
   48    1    1    1    1    1    1    1    5    4  1.10678E+04 0.00417 
   49    1    1    1    1    1    1    1    5    5  0.00000E+00 0.00000 
   50    1    1    1    1    1    1    1    5    6  9.99631E+03 0.00431 
   51    1    1    1    1    1    1    1    5    7  9.64673E+03 0.00430 
   52    1    1    1    1    1    1    1    5    8  0.00000E+00 0.00000 
   53    1    1    1    1    1    1    1    5    9  8.81948E+03 0.00434 
   54    1    1    1    1    1    1    1    5   10  8.74613E+03 0.00447 
   55    1    1    1    1    1    1    1    5   11  0.00000E+00 0.00000 
   56    1    1    1    1    1    1    1    6    1  1.02675E+04 0.00432 
   57    1    1    1    1    1    1    1    6    2  1.03155E+04 0.00416 
   58    1    1    1    1    1    1    1    6    3  0.00000E+00 0.00000 
   59    1    1    1    1    1    1    1    6    4  9.88644E+03 0.00430 
   60    1    1    1    1    1    1    1    6    5  9.61384E+03 0.00436 
   61    1    1    1    1    1    1    1    6    6  0.00000E+00 0.00000 
   62    1    1    1    1    1    1    1    6    7  9.03275E+03 0.00440 
   63    1    1    1    1    1    1    1    6    8  8.79010E+03 0.00443 
   64    1    1    1    1    1    1    1    6    9  0.00000E+00 0.00000 
   65    1    1    1    1    1    1    1    6   10  8.48548E+03 0.00449 
   66    1    1    1    1    1    1    1    6   11  8.44960E+03 0.00446 
   67    1    1    1    1    1    1    1    7    1  0.00000E+00 0.00000 
   68    1    1    1    1    1    1    1    7    2  9.59352E+03 0.00433 
   69    1    1    1    1    1    1    1    7    3  9.43131E+03 0.00427 
   70    1    1    1    1    1    1    1    7    4  0.00000E+00 0.00000 
   71    1    1    1    1    1    1    1    7    5  9.00948E+03 0.00450 
   72    1    1    1    1    1    1    1    7    6  8.88485E+03 0.00446 
   73    1    1    1    1    1    1    1    7    7  0.00000E+00 0.00000 
   74    1    1    1    1    1    1    1    7    8  8.54114E+03 0.00455 
   75    1    1    1    1    1    1    1    7    9  8.44868E+03 0.00455 
   76    1    1    1    1    1    1    1    7   10  0.00000E+00 0.00000 
   77    1    1    1    1    1    1    1    7   11  8.24334E+03 0.00450 
   78    1    1    1    1    1    1    1    8    1  9.17555E+03 0.00439 
   79    1    1    1    1    1    1    1    8    2  0.00000E+00 0.00000 
   80    1    1    1    1    1    1    1    8    3  8.90907E+03 0.00440 
   81    1    1    1    1    1    1    1    8    4  8.82646E+03 0.00433 
   82    1    1    1    1    1    1    1    8    5  0.00000E+00 0.00000 
   83    1    1    1    1    1    1    1    8    6  8.52829E+03 0.00454 
   84    1    1    1    1    1    1    1    8    7  8.44301E+03 0.00453 
   85    1    1    1    1    1    1    1    8    8  0.00000E+00 0.00000 
   86    1    1    1    1    1    1    1    8    9  8.25521E+03 0.00457 
   87    1    1    1    1    1    1    1    8   10  8.11135E+03 0.00459 
   88    1    1    1    1    1    1    1    8   11  0.00000E+00 0.00000 
   89    1    1    1    1    1    1    1    9    1  8.85012E+03 0.00445 
   90    1    1    1    1    1    1    1    9    2  8.74938E+03 0.00448 
   91    1    1    1    1    1    1    1    9    3  0.00000E+00 0.00000 
   92    1    1    1    1    1    1    1    9    4  8.51232E+03 0.00450 
   93    1    1    1    1    1    1    1    9    5  8.41205E+03 0.00448 
   94    1    1    1    1    1    1    1    9    6  0.00000E+00 0.00000 
   95    1    1    1    1    1    1    1    9    7  8.20109E+03 0.00456 
   96    1    1    1    1    1    1    1    9    8  8.07244E+03 0.00456 
   97    1    1    1    1    1    1    1    9    9  0.00000E+00 0.00000 
   98    1    1    1    1    1    1    1    9   10  7.86637E+03 0.00461 
   99    1    1    1    1    1    1    1    9   11  7.89213E+03 0.00467 
  100    1    1    1    1    1    1    1   10    1  0.00000E+00 0.00000 
  101    1    1    1    1    1    1    1   10    2  8.51123E+03 0.00455 
  102    1    1    1    1    1    1    1   10    3  8.36918E+03 0.00455 
  103    1    1    1    1    1    1    1   10    4  0.00000E+00 0.00000 
  104    1    1    1    1    1    1    1   10    5  8.19942E+03 0.00454 
  105    1    1    1    1    1    1    1   10    6  8.13171E+03 0.00458 
  106    1    1    1    1    1    1    1   10    7  0.00000E+00 0.00000 
  107    1    1    1    1    1    1    1   10    8  7.80396E+03 0.00468 
  108    1    1    1    1    1    1    1   10    9  7.80322E+03 0.00460 
  109    1    1    1    1    1    1    1   10   10  0.00000E+00 0.00000 
