
DETassem1 = [
    1    1    1    1    1    1    1    1    1    1  0.00000E+00 0.00000 
    2    1    1    1    1    1    1    1    1    2  0.00000E+00 0.00000 
    3    1    1    1    1    1    1    1    1    3  0.00000E+00 0.00000 
    4    1    1    1    1    1    1    1    1    4  0.00000E+00 0.00000 
    5    1    1    1    1    1    1    1    1    5  0.00000E+00 0.00000 
    6    1    1    1    1    1    1    1    1    6  0.00000E+00 0.00000 
    7    1    1    1    1    1    1    1    1    7  0.00000E+00 0.00000 
    8    1    1    1    1    1    1    1    1    8  1.80222E+04 0.00356 
    9    1    1    1    1    1    1    1    1    9  1.41206E+04 0.00393 
   10    1    1    1    1    1    1    1    1   10  0.00000E+00 0.00000 
   11    1    1    1    1    1    1    1    1   11  1.05399E+04 0.00417 
   12    1    1    1    1    1    1    1    2    1  1.92498E+04 0.00349 
   13    1    1    1    1    1    1    1    2    2  0.00000E+00 0.00000 
   14    1    1    1    1    1    1    1    2    3  0.00000E+00 0.00000 
   15    1    1    1    1    1    1    1    2    4  0.00000E+00 0.00000 
   16    1    1    1    1    1    1    1    2    5  0.00000E+00 0.00000 
   17    1    1    1    1    1    1    1    2    6  1.93391E+04 0.00346 
   18    1    1    1    1    1    1    1    2    7  1.58571E+04 0.00376 
   19    1    1    1    1    1    1    1    2    8  0.00000E+00 0.00000 
   20    1    1    1    1    1    1    1    2    9  1.15277E+04 0.00405 
   21    1    1    1    1    1    1    1    2   10  1.04715E+04 0.00409 
   22    1    1    1    1    1    1    1    2   11  0.00000E+00 0.00000 
   23    1    1    1    1    1    1    1    3    1  1.58129E+04 0.00367 
   24    1    1    1    1    1    1    1    3    2  1.81531E+04 0.00354 
   25    1    1    1    1    1    1    1    3    3  0.00000E+00 0.00000 
   26    1    1    1    1    1    1    1    3    4  1.80040E+04 0.00354 
   27    1    1    1    1    1    1    1    3    5  1.58822E+04 0.00368 
   28    1    1    1    1    1    1    1    3    6  0.00000E+00 0.00000 
   29    1    1    1    1    1    1    1    3    7  1.23470E+04 0.00396 
   30    1    1    1    1    1    1    1    3    8  1.12661E+04 0.00418 
   31    1    1    1    1    1    1    1    3    9  0.00000E+00 0.00000 
   32    1    1    1    1    1    1    1    3   10  9.72329E+03 0.00443 
   33    1    1    1    1    1    1    1    3   11  9.23886E+03 0.00438 
   34    1    1    1    1    1    1    1    4    1  0.00000E+00 0.00000 
   35    1    1    1    1    1    1    1    4    2  1.40850E+04 0.00379 
   36    1    1    1    1    1    1    1    4    3  1.40588E+04 0.00394 
   37    1    1    1    1    1    1    1    4    4  0.00000E+00 0.00000 
   38    1    1    1    1    1    1    1    4    5  1.22712E+04 0.00398 
   39    1    1    1    1    1    1    1    4    6  1.14718E+04 0.00417 
   40    1    1    1    1    1    1    1    4    7  0.00000E+00 0.00000 
   41    1    1    1    1    1    1    1    4    8  9.99835E+03 0.00427 
   42    1    1    1    1    1    1    1    4    9  9.54136E+03 0.00435 
   43    1    1    1    1    1    1    1    4   10  0.00000E+00 0.00000 
   44    1    1    1    1    1    1    1    4   11  8.93336E+03 0.00444 
   45    1    1    1    1    1    1    1    5    1  1.15838E+04 0.00409 
   46    1    1    1    1    1    1    1    5    2  0.00000E+00 0.00000 
   47    1    1    1    1    1    1    1    5    3  1.15119E+04 0.00401 
   48    1    1    1    1    1    1    1    5    4  1.11658E+04 0.00416 
   49    1    1    1    1    1    1    1    5    5  0.00000E+00 0.00000 
   50    1    1    1    1    1    1    1    5    6  1.01748E+04 0.00431 
   51    1    1    1    1    1    1    1    5    7  9.68161E+03 0.00435 
   52    1    1    1    1    1    1    1    5    8  0.00000E+00 0.00000 
   53    1    1    1    1    1    1    1    5    9  9.07500E+03 0.00436 
   54    1    1    1    1    1    1    1    5   10  8.80759E+03 0.00444 
   55    1    1    1    1    1    1    1    5   11  0.00000E+00 0.00000 
   56    1    1    1    1    1    1    1    6    1  1.04281E+04 0.00424 
   57    1    1    1    1    1    1    1    6    2  1.05011E+04 0.00432 
   58    1    1    1    1    1    1    1    6    3  0.00000E+00 0.00000 
   59    1    1    1    1    1    1    1    6    4  1.00113E+04 0.00429 
   60    1    1    1    1    1    1    1    6    5  9.63084E+03 0.00424 
   61    1    1    1    1    1    1    1    6    6  0.00000E+00 0.00000 
   62    1    1    1    1    1    1    1    6    7  9.14429E+03 0.00427 
   63    1    1    1    1    1    1    1    6    8  8.91564E+03 0.00441 
   64    1    1    1    1    1    1    1    6    9  0.00000E+00 0.00000 
   65    1    1    1    1    1    1    1    6   10  8.57498E+03 0.00459 
   66    1    1    1    1    1    1    1    6   11  8.44151E+03 0.00454 
   67    1    1    1    1    1    1    1    7    1  0.00000E+00 0.00000 
   68    1    1    1    1    1    1    1    7    2  9.64024E+03 0.00421 
   69    1    1    1    1    1    1    1    7    3  9.54366E+03 0.00424 
   70    1    1    1    1    1    1    1    7    4  0.00000E+00 0.00000 
   71    1    1    1    1    1    1    1    7    5  9.12608E+03 0.00438 
   72    1    1    1    1    1    1    1    7    6  8.97415E+03 0.00449 
   73    1    1    1    1    1    1    1    7    7  0.00000E+00 0.00000 
   74    1    1    1    1    1    1    1    7    8  8.63568E+03 0.00444 
   75    1    1    1    1    1    1    1    7    9  8.49541E+03 0.00449 
   76    1    1    1    1    1    1    1    7   10  0.00000E+00 0.00000 
   77    1    1    1    1    1    1    1    7   11  8.15432E+03 0.00465 
   78    1    1    1    1    1    1    1    8    1  9.24322E+03 0.00448 
   79    1    1    1    1    1    1    1    8    2  0.00000E+00 0.00000 
   80    1    1    1    1    1    1    1    8    3  9.02057E+03 0.00447 
   81    1    1    1    1    1    1    1    8    4  8.90407E+03 0.00447 
   82    1    1    1    1    1    1    1    8    5  0.00000E+00 0.00000 
   83    1    1    1    1    1    1    1    8    6  8.61648E+03 0.00438 
   84    1    1    1    1    1    1    1    8    7  8.49601E+03 0.00445 
   85    1    1    1    1    1    1    1    8    8  0.00000E+00 0.00000 
   86    1    1    1    1    1    1    1    8    9  8.27517E+03 0.00461 
   87    1    1    1    1    1    1    1    8   10  8.20295E+03 0.00457 
   88    1    1    1    1    1    1    1    8   11  0.00000E+00 0.00000 
   89    1    1    1    1    1    1    1    9    1  8.96131E+03 0.00445 
   90    1    1    1    1    1    1    1    9    2  8.86452E+03 0.00454 
   91    1    1    1    1    1    1    1    9    3  0.00000E+00 0.00000 
   92    1    1    1    1    1    1    1    9    4  8.57440E+03 0.00447 
   93    1    1    1    1    1    1    1    9    5  8.50547E+03 0.00457 
   94    1    1    1    1    1    1    1    9    6  0.00000E+00 0.00000 
   95    1    1    1    1    1    1    1    9    7  8.19669E+03 0.00448 
   96    1    1    1    1    1    1    1    9    8  8.23112E+03 0.00450 
   97    1    1    1    1    1    1    1    9    9  0.00000E+00 0.00000 
   98    1    1    1    1    1    1    1    9   10  7.98706E+03 0.00466 
   99    1    1    1    1    1    1    1    9   11  7.99768E+03 0.00473 
  100    1    1    1    1    1    1    1   10    1  0.00000E+00 0.00000 
  101    1    1    1    1    1    1    1   10    2  8.57490E+03 0.00452 
  102    1    1    1    1    1    1    1   10    3  8.52439E+03 0.00453 
  103    1    1    1    1    1    1    1   10    4  0.00000E+00 0.00000 
  104    1    1    1    1    1    1    1   10    5  8.20978E+03 0.00449 
  105    1    1    1    1    1    1    1   10    6  8.21197E+03 0.00458 
  106    1    1    1    1    1    1    1   10    7  0.00000E+00 0.00000 
  107    1    1    1    1    1    1    1   10    8  8.03294E+03 0.00461 
  108    1    1    1    1    1    1    1   10    9  7.92946E+03 0.00468 
  109    1    1    1    1    1    1    1   10   10  0.00000E+00 0.00000 
