
ZAI = [
922350
922380
666
0
];

NAMES = [
'U235            '
'U238            '
'lost            '
'total           '
];

i922350 = 1; iU235             = 1;
i922380 = 2; iU238             = 2;
iLOST    = 3;
iTOT     = 4;

MAT_un_VOLUME = [ 2.67463E+05 2.67463E+05 ];

MAT_un_BURNUP = [ 0.00000E+00 4.28574E+01 ];

MAT_un_ADENS = [
4.83387E-03 3.51021E-03 % U235
1.93936E-02 1.88546E-02 % U238
0.00000E+00 3.90801E-30 % lost data
7.26897E-02 7.38001E-02 % total
];

MAT_un_MDENS = [
1.88669E+00 1.37006E+00 % U235
7.66628E+00 7.45320E+00 % U238
0.00000E+00 0.00000E+00 % lost data
1.08000E+01 1.07986E+01 % total
];

MAT_un_A = [
4.03489E+10 2.93002E+10 % U235
2.55001E+10 2.47913E+10 % U238
0.00000E+00 0.00000E+00 % lost data
6.58489E+10 3.28266E+18 % total
];

MAT_un_H = [
3.02471E-02 2.19646E-02 % U235
1.74457E-02 1.69608E-02 % U238
0.00000E+00 0.00000E+00 % lost data
4.76928E-02 9.64583E+05 % total
];

MAT_un_SF = [
2.90512E+00 2.10961E+00 % U235
1.39230E+04 1.35361E+04 % U238
0.00000E+00 0.00000E+00 % lost data
1.39259E+04 1.03368E+08 % total
];

MAT_un_GSRC = [
5.09811E+10 3.70209E+10 % U235
2.25812E+09 2.19536E+09 % U238
0.00000E+00 0.00000E+00 % lost data
5.32392E+10 3.52892E+18 % total
];

MAT_un_ING_TOX = [
1.89640E+03 1.37711E+03 % U235
1.14750E+03 1.11561E+03 % U238
0.00000E+00 0.00000E+00 % lost data
3.04390E+03 2.23474E+09 % total
];

MAT_un_INH_TOX = [
3.42965E+05 2.49051E+05 % U235
2.04000E+05 1.98330E+05 % U238
0.00000E+00 0.00000E+00 % lost data
5.46966E+05 8.00770E+10 % total
];

TOT_VOLUME = [ 2.67463E+05 2.67463E+05 ];

TOT_BURNUP = [ 0.00000E+00 4.28574E+01 ];

TOT_ADENS = [
4.83387E-03 3.51021E-03 % U235
1.93936E-02 1.88546E-02 % U238
0.00000E+00 3.90801E-30 % lost data
7.26897E-02 7.38001E-02 % total
];

TOT_MASS = [
5.04619E+05 3.66440E+05 % U235
2.05045E+06 1.99345E+06 % U238
0.00000E+00 0.00000E+00 % lost data
2.88860E+06 2.88823E+06 % total
];

TOT_A = [
4.03489E+10 2.93002E+10 % U235
2.55001E+10 2.47913E+10 % U238
0.00000E+00 0.00000E+00 % lost data
6.58489E+10 3.28266E+18 % total
];

TOT_H = [
3.02471E-02 2.19646E-02 % U235
1.74457E-02 1.69608E-02 % U238
0.00000E+00 0.00000E+00 % lost data
4.76928E-02 9.64583E+05 % total
];

TOT_SF = [
2.90512E+00 2.10961E+00 % U235
1.39230E+04 1.35361E+04 % U238
0.00000E+00 0.00000E+00 % lost data
1.39259E+04 1.03368E+08 % total
];

TOT_GSRC = [
5.09811E+10 3.70209E+10 % U235
2.25812E+09 2.19536E+09 % U238
0.00000E+00 0.00000E+00 % lost data
5.32392E+10 3.52892E+18 % total
];

TOT_ING_TOX = [
1.89640E+03 1.37711E+03 % U235
1.14750E+03 1.11561E+03 % U238
0.00000E+00 0.00000E+00 % lost data
3.04390E+03 2.23474E+09 % total
];

TOT_INH_TOX = [
3.42965E+05 2.49051E+05 % U235
2.04000E+05 1.98330E+05 % U238
0.00000E+00 0.00000E+00 % lost data
5.46966E+05 8.00770E+10 % total
];

BU = [ 0.00000E+00 4.28561E+01 ];

DAYS = [ 0.00000E+00 7.30000E+03 ];
