
ZAI = [
922350
922380
666
0
];

NAMES = [
'U235            '
'U238            '
'lost            '
'total           '
];

i922350 = 1; iU235             = 1;
i922380 = 2; iU238             = 2;
iLOST    = 3;
iTOT     = 4;

MAT_un_VOLUME = [ 2.67315E+05 2.67315E+05 ];

MAT_un_BURNUP = [ 0.00000E+00 4.28812E+01 ];

MAT_un_ADENS = [
4.83387E-03 3.50967E-03 % U235
1.93936E-02 1.88549E-02 % U238
0.00000E+00 2.72990E-30 % lost data
7.26897E-02 7.38007E-02 % total
];

MAT_un_MDENS = [
1.88669E+00 1.36985E+00 % U235
7.66628E+00 7.45332E+00 % U238
0.00000E+00 0.00000E+00 % lost data
1.08000E+01 1.07986E+01 % total
];

MAT_un_A = [
4.03265E+10 2.92794E+10 % U235
2.54859E+10 2.47779E+10 % U238
0.00000E+00 0.00000E+00 % lost data
6.58124E+10 3.28195E+18 % total
];

MAT_un_H = [
3.02304E-02 2.19490E-02 % U235
1.74360E-02 1.69516E-02 % U238
0.00000E+00 0.00000E+00 % lost data
4.76664E-02 9.64487E+05 % total
];

MAT_un_SF = [
2.90351E+00 2.10812E+00 % U235
1.39153E+04 1.35288E+04 % U238
0.00000E+00 0.00000E+00 % lost data
1.39182E+04 1.03638E+08 % total
];

MAT_un_GSRC = [
5.09528E+10 3.69947E+10 % U235
2.25687E+09 2.19418E+09 % U238
0.00000E+00 0.00000E+00 % lost data
5.32097E+10 3.52804E+18 % total
];

MAT_un_ING_TOX = [
1.89535E+03 1.37613E+03 % U235
1.14687E+03 1.11501E+03 % U238
0.00000E+00 0.00000E+00 % lost data
3.04221E+03 2.23442E+09 % total
];

MAT_un_INH_TOX = [
3.42775E+05 2.48875E+05 % U235
2.03887E+05 1.98224E+05 % U238
0.00000E+00 0.00000E+00 % lost data
5.46663E+05 8.01196E+10 % total
];

TOT_VOLUME = [ 2.67315E+05 2.67315E+05 ];

TOT_BURNUP = [ 0.00000E+00 4.28812E+01 ];

TOT_ADENS = [
4.83387E-03 3.50967E-03 % U235
1.93936E-02 1.88549E-02 % U238
0.00000E+00 2.72990E-30 % lost data
7.26897E-02 7.38007E-02 % total
];

TOT_MASS = [
5.04340E+05 3.66180E+05 % U235
2.04931E+06 1.99238E+06 % U238
0.00000E+00 0.00000E+00 % lost data
2.88700E+06 2.88662E+06 % total
];

TOT_A = [
4.03265E+10 2.92794E+10 % U235
2.54859E+10 2.47779E+10 % U238
0.00000E+00 0.00000E+00 % lost data
6.58124E+10 3.28195E+18 % total
];

TOT_H = [
3.02304E-02 2.19490E-02 % U235
1.74360E-02 1.69516E-02 % U238
0.00000E+00 0.00000E+00 % lost data
4.76664E-02 9.64487E+05 % total
];

TOT_SF = [
2.90351E+00 2.10812E+00 % U235
1.39153E+04 1.35288E+04 % U238
0.00000E+00 0.00000E+00 % lost data
1.39182E+04 1.03638E+08 % total
];

TOT_GSRC = [
5.09528E+10 3.69947E+10 % U235
2.25687E+09 2.19418E+09 % U238
0.00000E+00 0.00000E+00 % lost data
5.32097E+10 3.52804E+18 % total
];

TOT_ING_TOX = [
1.89535E+03 1.37613E+03 % U235
1.14687E+03 1.11501E+03 % U238
0.00000E+00 0.00000E+00 % lost data
3.04221E+03 2.23442E+09 % total
];

TOT_INH_TOX = [
3.42775E+05 2.48875E+05 % U235
2.03887E+05 1.98224E+05 % U238
0.00000E+00 0.00000E+00 % lost data
5.46663E+05 8.01196E+10 % total
];

BU = [ 0.00000E+00 4.28798E+01 ];

DAYS = [ 0.00000E+00 7.30000E+03 ];
