
DETassem1 = [
    1    1    1    1    1    1    1    1    1    1  0.00000E+00 0.00000 
    2    1    1    1    1    1    1    1    1    2  0.00000E+00 0.00000 
    3    1    1    1    1    1    1    1    1    3  0.00000E+00 0.00000 
    4    1    1    1    1    1    1    1    1    4  0.00000E+00 0.00000 
    5    1    1    1    1    1    1    1    1    5  0.00000E+00 0.00000 
    6    1    1    1    1    1    1    1    1    6  0.00000E+00 0.00000 
    7    1    1    1    1    1    1    1    1    7  0.00000E+00 0.00000 
    8    1    1    1    1    1    1    1    1    8  1.77037E+04 0.00369 
    9    1    1    1    1    1    1    1    1    9  1.37816E+04 0.00384 
   10    1    1    1    1    1    1    1    1   10  0.00000E+00 0.00000 
   11    1    1    1    1    1    1    1    1   11  1.03162E+04 0.00423 
   12    1    1    1    1    1    1    1    2    1  1.88446E+04 0.00348 
   13    1    1    1    1    1    1    1    2    2  0.00000E+00 0.00000 
   14    1    1    1    1    1    1    1    2    3  0.00000E+00 0.00000 
   15    1    1    1    1    1    1    1    2    4  0.00000E+00 0.00000 
   16    1    1    1    1    1    1    1    2    5  0.00000E+00 0.00000 
   17    1    1    1    1    1    1    1    2    6  1.88397E+04 0.00349 
   18    1    1    1    1    1    1    1    2    7  1.55251E+04 0.00378 
   19    1    1    1    1    1    1    1    2    8  0.00000E+00 0.00000 
   20    1    1    1    1    1    1    1    2    9  1.14449E+04 0.00409 
   21    1    1    1    1    1    1    1    2   10  1.02359E+04 0.00419 
   22    1    1    1    1    1    1    1    2   11  0.00000E+00 0.00000 
   23    1    1    1    1    1    1    1    3    1  1.55327E+04 0.00370 
   24    1    1    1    1    1    1    1    3    2  1.77975E+04 0.00356 
   25    1    1    1    1    1    1    1    3    3  0.00000E+00 0.00000 
   26    1    1    1    1    1    1    1    3    4  1.78163E+04 0.00354 
   27    1    1    1    1    1    1    1    3    5  1.55853E+04 0.00378 
   28    1    1    1    1    1    1    1    3    6  0.00000E+00 0.00000 
   29    1    1    1    1    1    1    1    3    7  1.21674E+04 0.00399 
   30    1    1    1    1    1    1    1    3    8  1.09434E+04 0.00414 
   31    1    1    1    1    1    1    1    3    9  0.00000E+00 0.00000 
   32    1    1    1    1    1    1    1    3   10  9.36427E+03 0.00442 
   33    1    1    1    1    1    1    1    3   11  9.10467E+03 0.00430 
   34    1    1    1    1    1    1    1    4    1  0.00000E+00 0.00000 
   35    1    1    1    1    1    1    1    4    2  1.38580E+04 0.00391 
   36    1    1    1    1    1    1    1    4    3  1.39146E+04 0.00388 
   37    1    1    1    1    1    1    1    4    4  0.00000E+00 0.00000 
   38    1    1    1    1    1    1    1    4    5  1.20731E+04 0.00406 
   39    1    1    1    1    1    1    1    4    6  1.12154E+04 0.00419 
   40    1    1    1    1    1    1    1    4    7  0.00000E+00 0.00000 
   41    1    1    1    1    1    1    1    4    8  9.72833E+03 0.00435 
   42    1    1    1    1    1    1    1    4    9  9.28078E+03 0.00438 
   43    1    1    1    1    1    1    1    4   10  0.00000E+00 0.00000 
   44    1    1    1    1    1    1    1    4   11  8.89945E+03 0.00447 
   45    1    1    1    1    1    1    1    5    1  1.14457E+04 0.00416 
   46    1    1    1    1    1    1    1    5    2  0.00000E+00 0.00000 
   47    1    1    1    1    1    1    1    5    3  1.14133E+04 0.00404 
   48    1    1    1    1    1    1    1    5    4  1.09967E+04 0.00418 
   49    1    1    1    1    1    1    1    5    5  0.00000E+00 0.00000 
   50    1    1    1    1    1    1    1    5    6  1.00756E+04 0.00425 
   51    1    1    1    1    1    1    1    5    7  9.46380E+03 0.00439 
   52    1    1    1    1    1    1    1    5    8  0.00000E+00 0.00000 
   53    1    1    1    1    1    1    1    5    9  8.82214E+03 0.00438 
   54    1    1    1    1    1    1    1    5   10  8.78555E+03 0.00444 
   55    1    1    1    1    1    1    1    5   11  0.00000E+00 0.00000 
   56    1    1    1    1    1    1    1    6    1  1.02887E+04 0.00425 
   57    1    1    1    1    1    1    1    6    2  1.02905E+04 0.00433 
   58    1    1    1    1    1    1    1    6    3  0.00000E+00 0.00000 
   59    1    1    1    1    1    1    1    6    4  9.75216E+03 0.00428 
   60    1    1    1    1    1    1    1    6    5  9.55513E+03 0.00427 
   61    1    1    1    1    1    1    1    6    6  0.00000E+00 0.00000 
   62    1    1    1    1    1    1    1    6    7  9.01212E+03 0.00438 
   63    1    1    1    1    1    1    1    6    8  8.76899E+03 0.00451 
   64    1    1    1    1    1    1    1    6    9  0.00000E+00 0.00000 
   65    1    1    1    1    1    1    1    6   10  8.60575E+03 0.00451 
   66    1    1    1    1    1    1    1    6   11  8.47247E+03 0.00447 
   67    1    1    1    1    1    1    1    7    1  0.00000E+00 0.00000 
   68    1    1    1    1    1    1    1    7    2  9.47650E+03 0.00431 
   69    1    1    1    1    1    1    1    7    3  9.38513E+03 0.00431 
   70    1    1    1    1    1    1    1    7    4  0.00000E+00 0.00000 
   71    1    1    1    1    1    1    1    7    5  8.99002E+03 0.00453 
   72    1    1    1    1    1    1    1    7    6  8.80582E+03 0.00448 
   73    1    1    1    1    1    1    1    7    7  0.00000E+00 0.00000 
   74    1    1    1    1    1    1    1    7    8  8.49924E+03 0.00444 
   75    1    1    1    1    1    1    1    7    9  8.39787E+03 0.00443 
   76    1    1    1    1    1    1    1    7   10  0.00000E+00 0.00000 
   77    1    1    1    1    1    1    1    7   11  8.24488E+03 0.00455 
   78    1    1    1    1    1    1    1    8    1  9.16454E+03 0.00431 
   79    1    1    1    1    1    1    1    8    2  0.00000E+00 0.00000 
   80    1    1    1    1    1    1    1    8    3  8.89973E+03 0.00436 
   81    1    1    1    1    1    1    1    8    4  8.76060E+03 0.00458 
   82    1    1    1    1    1    1    1    8    5  0.00000E+00 0.00000 
   83    1    1    1    1    1    1    1    8    6  8.54391E+03 0.00444 
   84    1    1    1    1    1    1    1    8    7  8.35130E+03 0.00459 
   85    1    1    1    1    1    1    1    8    8  0.00000E+00 0.00000 
   86    1    1    1    1    1    1    1    8    9  8.27400E+03 0.00453 
   87    1    1    1    1    1    1    1    8   10  8.20877E+03 0.00465 
   88    1    1    1    1    1    1    1    8   11  0.00000E+00 0.00000 
   89    1    1    1    1    1    1    1    9    1  8.86953E+03 0.00440 
   90    1    1    1    1    1    1    1    9    2  8.76385E+03 0.00438 
   91    1    1    1    1    1    1    1    9    3  0.00000E+00 0.00000 
   92    1    1    1    1    1    1    1    9    4  8.51653E+03 0.00433 
   93    1    1    1    1    1    1    1    9    5  8.45510E+03 0.00460 
   94    1    1    1    1    1    1    1    9    6  0.00000E+00 0.00000 
   95    1    1    1    1    1    1    1    9    7  8.23302E+03 0.00451 
   96    1    1    1    1    1    1    1    9    8  8.10947E+03 0.00468 
   97    1    1    1    1    1    1    1    9    9  0.00000E+00 0.00000 
   98    1    1    1    1    1    1    1    9   10  8.09876E+03 0.00466 
   99    1    1    1    1    1    1    1    9   11  7.96504E+03 0.00472 
  100    1    1    1    1    1    1    1   10    1  0.00000E+00 0.00000 
  101    1    1    1    1    1    1    1   10    2  8.55873E+03 0.00454 
  102    1    1    1    1    1    1    1   10    3  8.42597E+03 0.00453 
  103    1    1    1    1    1    1    1   10    4  0.00000E+00 0.00000 
  104    1    1    1    1    1    1    1   10    5  8.22015E+03 0.00452 
  105    1    1    1    1    1    1    1   10    6  8.13561E+03 0.00477 
  106    1    1    1    1    1    1    1   10    7  0.00000E+00 0.00000 
  107    1    1    1    1    1    1    1   10    8  7.86313E+03 0.00472 
  108    1    1    1    1    1    1    1   10    9  7.91692E+03 0.00475 
  109    1    1    1    1    1    1    1   10   10  0.00000E+00 0.00000 
