
ZAI = [
922350
922380
666
0
];

NAMES = [
'U235            '
'U238            '
'lost            '
'total           '
];

i922350 = 1; iU235             = 1;
i922380 = 2; iU238             = 2;
iLOST    = 3;
iTOT     = 4;

MAT_un_VOLUME = [ 2.67452E+05 2.67452E+05 ];

MAT_un_BURNUP = [ 0.00000E+00 4.28591E+01 ];

MAT_un_ADENS = [
4.83387E-03 3.50988E-03 % U235
1.93936E-02 1.88532E-02 % U238
0.00000E+00 3.60811E-30 % lost data
7.26897E-02 7.38001E-02 % total
];

MAT_un_MDENS = [
1.88669E+00 1.36993E+00 % U235
7.66628E+00 7.45267E+00 % U238
0.00000E+00 0.00000E+00 % lost data
1.08000E+01 1.07986E+01 % total
];

MAT_un_A = [
4.03473E+10 2.92963E+10 % U235
2.54991E+10 2.47885E+10 % U238
0.00000E+00 0.00000E+00 % lost data
6.58463E+10 3.28372E+18 % total
];

MAT_un_H = [
3.02459E-02 2.19617E-02 % U235
1.74450E-02 1.69589E-02 % U238
0.00000E+00 0.00000E+00 % lost data
4.76909E-02 9.64629E+05 % total
];

MAT_un_SF = [
2.90500E+00 2.10933E+00 % U235
1.39225E+04 1.35345E+04 % U238
0.00000E+00 0.00000E+00 % lost data
1.39254E+04 1.03452E+08 % total
];

MAT_un_GSRC = [
5.09790E+10 3.70160E+10 % U235
2.25803E+09 2.19511E+09 % U238
0.00000E+00 0.00000E+00 % lost data
5.32371E+10 3.53021E+18 % total
];

MAT_un_ING_TOX = [
1.89632E+03 1.37692E+03 % U235
1.14746E+03 1.11548E+03 % U238
0.00000E+00 0.00000E+00 % lost data
3.04378E+03 2.23558E+09 % total
];

MAT_un_INH_TOX = [
3.42952E+05 2.49018E+05 % U235
2.03992E+05 1.98308E+05 % U238
0.00000E+00 0.00000E+00 % lost data
5.46944E+05 8.02424E+10 % total
];

TOT_VOLUME = [ 2.67452E+05 2.67452E+05 ];

TOT_BURNUP = [ 0.00000E+00 4.28591E+01 ];

TOT_ADENS = [
4.83387E-03 3.50988E-03 % U235
1.93936E-02 1.88532E-02 % U238
0.00000E+00 3.60811E-30 % lost data
7.26897E-02 7.38001E-02 % total
];

TOT_MASS = [
5.04599E+05 3.66391E+05 % U235
2.05036E+06 1.99323E+06 % U238
0.00000E+00 0.00000E+00 % lost data
2.88849E+06 2.88811E+06 % total
];

TOT_A = [
4.03473E+10 2.92963E+10 % U235
2.54991E+10 2.47885E+10 % U238
0.00000E+00 0.00000E+00 % lost data
6.58463E+10 3.28372E+18 % total
];

TOT_H = [
3.02459E-02 2.19617E-02 % U235
1.74450E-02 1.69589E-02 % U238
0.00000E+00 0.00000E+00 % lost data
4.76909E-02 9.64629E+05 % total
];

TOT_SF = [
2.90500E+00 2.10933E+00 % U235
1.39225E+04 1.35345E+04 % U238
0.00000E+00 0.00000E+00 % lost data
1.39254E+04 1.03452E+08 % total
];

TOT_GSRC = [
5.09790E+10 3.70160E+10 % U235
2.25803E+09 2.19511E+09 % U238
0.00000E+00 0.00000E+00 % lost data
5.32371E+10 3.53021E+18 % total
];

TOT_ING_TOX = [
1.89632E+03 1.37692E+03 % U235
1.14746E+03 1.11548E+03 % U238
0.00000E+00 0.00000E+00 % lost data
3.04378E+03 2.23558E+09 % total
];

TOT_INH_TOX = [
3.42952E+05 2.49018E+05 % U235
2.03992E+05 1.98308E+05 % U238
0.00000E+00 0.00000E+00 % lost data
5.46944E+05 8.02424E+10 % total
];

BU = [ 0.00000E+00 4.28577E+01 ];

DAYS = [ 0.00000E+00 7.30000E+03 ];
