
DETassem1 = [
    1    1    1    1    1    1    1    1    1    1  0.00000E+00 0.00000 
    2    1    1    1    1    1    1    1    1    2  0.00000E+00 0.00000 
    3    1    1    1    1    1    1    1    1    3  0.00000E+00 0.00000 
    4    1    1    1    1    1    1    1    1    4  0.00000E+00 0.00000 
    5    1    1    1    1    1    1    1    1    5  0.00000E+00 0.00000 
    6    1    1    1    1    1    1    1    1    6  0.00000E+00 0.00000 
    7    1    1    1    1    1    1    1    1    7  0.00000E+00 0.00000 
    8    1    1    1    1    1    1    1    1    8  1.83030E+04 0.00367 
    9    1    1    1    1    1    1    1    1    9  1.38996E+04 0.00409 
   10    1    1    1    1    1    1    1    1   10  0.00000E+00 0.00000 
   11    1    1    1    1    1    1    1    1   11  1.00688E+04 0.00445 
   12    1    1    1    1    1    1    1    2    1  1.97540E+04 0.00365 
   13    1    1    1    1    1    1    1    2    2  0.00000E+00 0.00000 
   14    1    1    1    1    1    1    1    2    3  0.00000E+00 0.00000 
   15    1    1    1    1    1    1    1    2    4  0.00000E+00 0.00000 
   16    1    1    1    1    1    1    1    2    5  0.00000E+00 0.00000 
   17    1    1    1    1    1    1    1    2    6  1.96019E+04 0.00359 
   18    1    1    1    1    1    1    1    2    7  1.57157E+04 0.00399 
   19    1    1    1    1    1    1    1    2    8  0.00000E+00 0.00000 
   20    1    1    1    1    1    1    1    2    9  1.11790E+04 0.00434 
   21    1    1    1    1    1    1    1    2   10  9.99265E+03 0.00446 
   22    1    1    1    1    1    1    1    2   11  0.00000E+00 0.00000 
   23    1    1    1    1    1    1    1    3    1  1.57411E+04 0.00387 
   24    1    1    1    1    1    1    1    3    2  1.81515E+04 0.00364 
   25    1    1    1    1    1    1    1    3    3  0.00000E+00 0.00000 
   26    1    1    1    1    1    1    1    3    4  1.80529E+04 0.00358 
   27    1    1    1    1    1    1    1    3    5  1.57945E+04 0.00395 
   28    1    1    1    1    1    1    1    3    6  0.00000E+00 0.00000 
   29    1    1    1    1    1    1    1    3    7  1.18877E+04 0.00420 
   30    1    1    1    1    1    1    1    3    8  1.07194E+04 0.00434 
   31    1    1    1    1    1    1    1    3    9  0.00000E+00 0.00000 
   32    1    1    1    1    1    1    1    3   10  9.23748E+03 0.00453 
   33    1    1    1    1    1    1    1    3   11  8.78233E+03 0.00462 
   34    1    1    1    1    1    1    1    4    1  0.00000E+00 0.00000 
   35    1    1    1    1    1    1    1    4    2  1.39054E+04 0.00392 
   36    1    1    1    1    1    1    1    4    3  1.38189E+04 0.00401 
   37    1    1    1    1    1    1    1    4    4  0.00000E+00 0.00000 
   38    1    1    1    1    1    1    1    4    5  1.18994E+04 0.00425 
   39    1    1    1    1    1    1    1    4    6  1.10871E+04 0.00429 
   40    1    1    1    1    1    1    1    4    7  0.00000E+00 0.00000 
   41    1    1    1    1    1    1    1    4    8  9.45635E+03 0.00447 
   42    1    1    1    1    1    1    1    4    9  9.05101E+03 0.00458 
   43    1    1    1    1    1    1    1    4   10  0.00000E+00 0.00000 
   44    1    1    1    1    1    1    1    4   11  8.50068E+03 0.00472 
   45    1    1    1    1    1    1    1    5    1  1.11690E+04 0.00425 
   46    1    1    1    1    1    1    1    5    2  0.00000E+00 0.00000 
   47    1    1    1    1    1    1    1    5    3  1.10605E+04 0.00435 
   48    1    1    1    1    1    1    1    5    4  1.08054E+04 0.00430 
   49    1    1    1    1    1    1    1    5    5  0.00000E+00 0.00000 
   50    1    1    1    1    1    1    1    5    6  9.75056E+03 0.00447 
   51    1    1    1    1    1    1    1    5    7  9.23294E+03 0.00455 
   52    1    1    1    1    1    1    1    5    8  0.00000E+00 0.00000 
   53    1    1    1    1    1    1    1    5    9  8.60852E+03 0.00459 
   54    1    1    1    1    1    1    1    5   10  8.44124E+03 0.00467 
   55    1    1    1    1    1    1    1    5   11  0.00000E+00 0.00000 
   56    1    1    1    1    1    1    1    6    1  1.00011E+04 0.00439 
   57    1    1    1    1    1    1    1    6    2  9.99789E+03 0.00447 
   58    1    1    1    1    1    1    1    6    3  0.00000E+00 0.00000 
   59    1    1    1    1    1    1    1    6    4  9.48048E+03 0.00455 
   60    1    1    1    1    1    1    1    6    5  9.16926E+03 0.00451 
   61    1    1    1    1    1    1    1    6    6  0.00000E+00 0.00000 
   62    1    1    1    1    1    1    1    6    7  8.77023E+03 0.00454 
   63    1    1    1    1    1    1    1    6    8  8.49360E+03 0.00468 
   64    1    1    1    1    1    1    1    6    9  0.00000E+00 0.00000 
   65    1    1    1    1    1    1    1    6   10  8.26290E+03 0.00461 
   66    1    1    1    1    1    1    1    6   11  8.22098E+03 0.00474 
   67    1    1    1    1    1    1    1    7    1  0.00000E+00 0.00000 
   68    1    1    1    1    1    1    1    7    2  9.21088E+03 0.00464 
   69    1    1    1    1    1    1    1    7    3  8.99092E+03 0.00460 
   70    1    1    1    1    1    1    1    7    4  0.00000E+00 0.00000 
   71    1    1    1    1    1    1    1    7    5  8.67678E+03 0.00456 
   72    1    1    1    1    1    1    1    7    6  8.48471E+03 0.00461 
   73    1    1    1    1    1    1    1    7    7  0.00000E+00 0.00000 
   74    1    1    1    1    1    1    1    7    8  8.22654E+03 0.00473 
   75    1    1    1    1    1    1    1    7    9  8.03839E+03 0.00464 
   76    1    1    1    1    1    1    1    7   10  0.00000E+00 0.00000 
   77    1    1    1    1    1    1    1    7   11  8.09930E+03 0.00476 
   78    1    1    1    1    1    1    1    8    1  8.67546E+03 0.00463 
   79    1    1    1    1    1    1    1    8    2  0.00000E+00 0.00000 
   80    1    1    1    1    1    1    1    8    3  8.62196E+03 0.00457 
   81    1    1    1    1    1    1    1    8    4  8.44941E+03 0.00463 
   82    1    1    1    1    1    1    1    8    5  0.00000E+00 0.00000 
   83    1    1    1    1    1    1    1    8    6  8.20446E+03 0.00460 
   84    1    1    1    1    1    1    1    8    7  8.12353E+03 0.00471 
   85    1    1    1    1    1    1    1    8    8  0.00000E+00 0.00000 
   86    1    1    1    1    1    1    1    8    9  8.00529E+03 0.00472 
   87    1    1    1    1    1    1    1    8   10  7.99405E+03 0.00475 
   88    1    1    1    1    1    1    1    8   11  0.00000E+00 0.00000 
   89    1    1    1    1    1    1    1    9    1  8.48794E+03 0.00466 
   90    1    1    1    1    1    1    1    9    2  8.48466E+03 0.00458 
   91    1    1    1    1    1    1    1    9    3  0.00000E+00 0.00000 
   92    1    1    1    1    1    1    1    9    4  8.29322E+03 0.00465 
   93    1    1    1    1    1    1    1    9    5  8.17929E+03 0.00474 
   94    1    1    1    1    1    1    1    9    6  0.00000E+00 0.00000 
   95    1    1    1    1    1    1    1    9    7  7.90989E+03 0.00484 
   96    1    1    1    1    1    1    1    9    8  7.91814E+03 0.00478 
   97    1    1    1    1    1    1    1    9    9  0.00000E+00 0.00000 
   98    1    1    1    1    1    1    1    9   10  7.78016E+03 0.00483 
   99    1    1    1    1    1    1    1    9   11  7.65934E+03 0.00480 
  100    1    1    1    1    1    1    1   10    1  0.00000E+00 0.00000 
  101    1    1    1    1    1    1    1   10    2  8.33004E+03 0.00469 
  102    1    1    1    1    1    1    1   10    3  8.10192E+03 0.00473 
  103    1    1    1    1    1    1    1   10    4  0.00000E+00 0.00000 
  104    1    1    1    1    1    1    1   10    5  8.02265E+03 0.00476 
  105    1    1    1    1    1    1    1   10    6  7.97783E+03 0.00486 
  106    1    1    1    1    1    1    1   10    7  0.00000E+00 0.00000 
  107    1    1    1    1    1    1    1   10    8  7.70524E+03 0.00481 
  108    1    1    1    1    1    1    1   10    9  7.58396E+03 0.00492 
  109    1    1    1    1    1    1    1   10   10  0.00000E+00 0.00000 
