
ZAI = [
922350
922380
666
0
];

NAMES = [
'U235            '
'U238            '
'lost            '
'total           '
];

i922350 = 1; iU235             = 1;
i922380 = 2; iU238             = 2;
iLOST    = 3;
iTOT     = 4;

MAT_un_VOLUME = [ 2.67260E+05 2.67260E+05 ];

MAT_un_BURNUP = [ 0.00000E+00 4.28899E+01 ];

MAT_un_ADENS = [
4.83387E-03 3.50926E-03 % U235
1.93936E-02 1.88539E-02 % U238
0.00000E+00 4.03425E-30 % lost data
7.26897E-02 7.38010E-02 % total
];

MAT_un_MDENS = [
1.88669E+00 1.36968E+00 % U235
7.66628E+00 7.45292E+00 % U238
0.00000E+00 0.00000E+00 % lost data
1.08000E+01 1.07986E+01 % total
];

MAT_un_A = [
4.03183E+10 2.92700E+10 % U235
2.54807E+10 2.47716E+10 % U238
0.00000E+00 0.00000E+00 % lost data
6.57990E+10 3.28320E+18 % total
];

MAT_un_H = [
3.02242E-02 2.19419E-02 % U235
1.74324E-02 1.69473E-02 % U238
0.00000E+00 0.00000E+00 % lost data
4.76566E-02 9.64627E+05 % total
];

MAT_un_SF = [
2.90292E+00 2.10744E+00 % U235
1.39125E+04 1.35253E+04 % U238
0.00000E+00 0.00000E+00 % lost data
1.39154E+04 1.03881E+08 % total
];

MAT_un_GSRC = [
5.09424E+10 3.69828E+10 % U235
2.25641E+09 2.19361E+09 % U238
0.00000E+00 0.00000E+00 % lost data
5.31988E+10 3.52952E+18 % total
];

MAT_un_ING_TOX = [
1.89496E+03 1.37569E+03 % U235
1.14663E+03 1.11472E+03 % U238
0.00000E+00 0.00000E+00 % lost data
3.04159E+03 2.23556E+09 % total
];

MAT_un_INH_TOX = [
3.42705E+05 2.48795E+05 % U235
2.03846E+05 1.98172E+05 % U238
0.00000E+00 0.00000E+00 % lost data
5.46551E+05 8.03078E+10 % total
];

TOT_VOLUME = [ 2.67260E+05 2.67260E+05 ];

TOT_BURNUP = [ 0.00000E+00 4.28899E+01 ];

TOT_ADENS = [
4.83387E-03 3.50926E-03 % U235
1.93936E-02 1.88539E-02 % U238
0.00000E+00 4.03425E-30 % lost data
7.26897E-02 7.38010E-02 % total
];

TOT_MASS = [
5.04237E+05 3.66062E+05 % U235
2.04889E+06 1.99187E+06 % U238
0.00000E+00 0.00000E+00 % lost data
2.88641E+06 2.88604E+06 % total
];

TOT_A = [
4.03183E+10 2.92700E+10 % U235
2.54807E+10 2.47716E+10 % U238
0.00000E+00 0.00000E+00 % lost data
6.57990E+10 3.28320E+18 % total
];

TOT_H = [
3.02242E-02 2.19419E-02 % U235
1.74324E-02 1.69473E-02 % U238
0.00000E+00 0.00000E+00 % lost data
4.76566E-02 9.64627E+05 % total
];

TOT_SF = [
2.90292E+00 2.10744E+00 % U235
1.39125E+04 1.35253E+04 % U238
0.00000E+00 0.00000E+00 % lost data
1.39154E+04 1.03881E+08 % total
];

TOT_GSRC = [
5.09424E+10 3.69828E+10 % U235
2.25641E+09 2.19361E+09 % U238
0.00000E+00 0.00000E+00 % lost data
5.31988E+10 3.52952E+18 % total
];

TOT_ING_TOX = [
1.89496E+03 1.37569E+03 % U235
1.14663E+03 1.11472E+03 % U238
0.00000E+00 0.00000E+00 % lost data
3.04159E+03 2.23556E+09 % total
];

TOT_INH_TOX = [
3.42705E+05 2.48795E+05 % U235
2.03846E+05 1.98172E+05 % U238
0.00000E+00 0.00000E+00 % lost data
5.46551E+05 8.03078E+10 % total
];

BU = [ 0.00000E+00 4.28886E+01 ];

DAYS = [ 0.00000E+00 7.30000E+03 ];
