
DETassem1 = [
    1    1    1    1    1    1    1    1    1    1  0.00000E+00 0.00000 
    2    1    1    1    1    1    1    1    1    2  0.00000E+00 0.00000 
    3    1    1    1    1    1    1    1    1    3  0.00000E+00 0.00000 
    4    1    1    1    1    1    1    1    1    4  0.00000E+00 0.00000 
    5    1    1    1    1    1    1    1    1    5  0.00000E+00 0.00000 
    6    1    1    1    1    1    1    1    1    6  0.00000E+00 0.00000 
    7    1    1    1    1    1    1    1    1    7  0.00000E+00 0.00000 
    8    1    1    1    1    1    1    1    1    8  1.83806E+04 0.00360 
    9    1    1    1    1    1    1    1    1    9  1.39080E+04 0.00411 
   10    1    1    1    1    1    1    1    1   10  0.00000E+00 0.00000 
   11    1    1    1    1    1    1    1    1   11  1.00927E+04 0.00432 
   12    1    1    1    1    1    1    1    2    1  1.99008E+04 0.00356 
   13    1    1    1    1    1    1    1    2    2  0.00000E+00 0.00000 
   14    1    1    1    1    1    1    1    2    3  0.00000E+00 0.00000 
   15    1    1    1    1    1    1    1    2    4  0.00000E+00 0.00000 
   16    1    1    1    1    1    1    1    2    5  0.00000E+00 0.00000 
   17    1    1    1    1    1    1    1    2    6  1.98964E+04 0.00350 
   18    1    1    1    1    1    1    1    2    7  1.58353E+04 0.00391 
   19    1    1    1    1    1    1    1    2    8  0.00000E+00 0.00000 
   20    1    1    1    1    1    1    1    2    9  1.12090E+04 0.00431 
   21    1    1    1    1    1    1    1    2   10  1.00697E+04 0.00438 
   22    1    1    1    1    1    1    1    2   11  0.00000E+00 0.00000 
   23    1    1    1    1    1    1    1    3    1  1.59258E+04 0.00386 
   24    1    1    1    1    1    1    1    3    2  1.83878E+04 0.00367 
   25    1    1    1    1    1    1    1    3    3  0.00000E+00 0.00000 
   26    1    1    1    1    1    1    1    3    4  1.84215E+04 0.00364 
   27    1    1    1    1    1    1    1    3    5  1.59058E+04 0.00385 
   28    1    1    1    1    1    1    1    3    6  0.00000E+00 0.00000 
   29    1    1    1    1    1    1    1    3    7  1.21077E+04 0.00421 
   30    1    1    1    1    1    1    1    3    8  1.08051E+04 0.00440 
   31    1    1    1    1    1    1    1    3    9  0.00000E+00 0.00000 
   32    1    1    1    1    1    1    1    3   10  9.32500E+03 0.00452 
   33    1    1    1    1    1    1    1    3   11  8.91949E+03 0.00457 
   34    1    1    1    1    1    1    1    4    1  0.00000E+00 0.00000 
   35    1    1    1    1    1    1    1    4    2  1.39371E+04 0.00398 
   36    1    1    1    1    1    1    1    4    3  1.39220E+04 0.00409 
   37    1    1    1    1    1    1    1    4    4  0.00000E+00 0.00000 
   38    1    1    1    1    1    1    1    4    5  1.20600E+04 0.00424 
   39    1    1    1    1    1    1    1    4    6  1.11255E+04 0.00429 
   40    1    1    1    1    1    1    1    4    7  0.00000E+00 0.00000 
   41    1    1    1    1    1    1    1    4    8  9.60250E+03 0.00451 
   42    1    1    1    1    1    1    1    4    9  9.10137E+03 0.00450 
   43    1    1    1    1    1    1    1    4   10  0.00000E+00 0.00000 
   44    1    1    1    1    1    1    1    4   11  8.64102E+03 0.00463 
   45    1    1    1    1    1    1    1    5    1  1.11808E+04 0.00434 
   46    1    1    1    1    1    1    1    5    2  0.00000E+00 0.00000 
   47    1    1    1    1    1    1    1    5    3  1.11697E+04 0.00424 
   48    1    1    1    1    1    1    1    5    4  1.08072E+04 0.00435 
   49    1    1    1    1    1    1    1    5    5  0.00000E+00 0.00000 
   50    1    1    1    1    1    1    1    5    6  9.77569E+03 0.00456 
   51    1    1    1    1    1    1    1    5    7  9.33727E+03 0.00452 
   52    1    1    1    1    1    1    1    5    8  0.00000E+00 0.00000 
   53    1    1    1    1    1    1    1    5    9  8.66252E+03 0.00467 
   54    1    1    1    1    1    1    1    5   10  8.52558E+03 0.00454 
   55    1    1    1    1    1    1    1    5   11  0.00000E+00 0.00000 
   56    1    1    1    1    1    1    1    6    1  1.00858E+04 0.00443 
   57    1    1    1    1    1    1    1    6    2  1.01404E+04 0.00455 
   58    1    1    1    1    1    1    1    6    3  0.00000E+00 0.00000 
   59    1    1    1    1    1    1    1    6    4  9.61828E+03 0.00447 
   60    1    1    1    1    1    1    1    6    5  9.23770E+03 0.00447 
   61    1    1    1    1    1    1    1    6    6  0.00000E+00 0.00000 
   62    1    1    1    1    1    1    1    6    7  8.77704E+03 0.00444 
   63    1    1    1    1    1    1    1    6    8  8.52050E+03 0.00452 
   64    1    1    1    1    1    1    1    6    9  0.00000E+00 0.00000 
   65    1    1    1    1    1    1    1    6   10  8.31268E+03 0.00464 
   66    1    1    1    1    1    1    1    6   11  8.26789E+03 0.00472 
   67    1    1    1    1    1    1    1    7    1  0.00000E+00 0.00000 
   68    1    1    1    1    1    1    1    7    2  9.29017E+03 0.00454 
   69    1    1    1    1    1    1    1    7    3  9.09154E+03 0.00467 
   70    1    1    1    1    1    1    1    7    4  0.00000E+00 0.00000 
   71    1    1    1    1    1    1    1    7    5  8.78816E+03 0.00459 
   72    1    1    1    1    1    1    1    7    6  8.57173E+03 0.00458 
   73    1    1    1    1    1    1    1    7    7  0.00000E+00 0.00000 
   74    1    1    1    1    1    1    1    7    8  8.27639E+03 0.00467 
   75    1    1    1    1    1    1    1    7    9  8.11312E+03 0.00483 
   76    1    1    1    1    1    1    1    7   10  0.00000E+00 0.00000 
   77    1    1    1    1    1    1    1    7   11  8.07591E+03 0.00478 
   78    1    1    1    1    1    1    1    8    1  8.91797E+03 0.00475 
   79    1    1    1    1    1    1    1    8    2  0.00000E+00 0.00000 
   80    1    1    1    1    1    1    1    8    3  8.74181E+03 0.00459 
   81    1    1    1    1    1    1    1    8    4  8.55759E+03 0.00468 
   82    1    1    1    1    1    1    1    8    5  0.00000E+00 0.00000 
   83    1    1    1    1    1    1    1    8    6  8.27885E+03 0.00472 
   84    1    1    1    1    1    1    1    8    7  8.11355E+03 0.00465 
   85    1    1    1    1    1    1    1    8    8  0.00000E+00 0.00000 
   86    1    1    1    1    1    1    1    8    9  7.90559E+03 0.00464 
   87    1    1    1    1    1    1    1    8   10  7.98857E+03 0.00481 
   88    1    1    1    1    1    1    1    8   11  0.00000E+00 0.00000 
   89    1    1    1    1    1    1    1    9    1  8.57429E+03 0.00457 
   90    1    1    1    1    1    1    1    9    2  8.51471E+03 0.00462 
   91    1    1    1    1    1    1    1    9    3  0.00000E+00 0.00000 
   92    1    1    1    1    1    1    1    9    4  8.29515E+03 0.00463 
   93    1    1    1    1    1    1    1    9    5  8.07461E+03 0.00464 
   94    1    1    1    1    1    1    1    9    6  0.00000E+00 0.00000 
   95    1    1    1    1    1    1    1    9    7  7.91845E+03 0.00475 
   96    1    1    1    1    1    1    1    9    8  7.77227E+03 0.00475 
   97    1    1    1    1    1    1    1    9    9  0.00000E+00 0.00000 
   98    1    1    1    1    1    1    1    9   10  7.75104E+03 0.00489 
   99    1    1    1    1    1    1    1    9   11  7.70140E+03 0.00484 
  100    1    1    1    1    1    1    1   10    1  0.00000E+00 0.00000 
  101    1    1    1    1    1    1    1   10    2  8.36207E+03 0.00464 
  102    1    1    1    1    1    1    1   10    3  8.13530E+03 0.00472 
  103    1    1    1    1    1    1    1   10    4  0.00000E+00 0.00000 
  104    1    1    1    1    1    1    1   10    5  7.94410E+03 0.00475 
  105    1    1    1    1    1    1    1   10    6  7.85896E+03 0.00475 
  106    1    1    1    1    1    1    1   10    7  0.00000E+00 0.00000 
  107    1    1    1    1    1    1    1   10    8  7.69111E+03 0.00485 
  108    1    1    1    1    1    1    1   10    9  7.61595E+03 0.00490 
  109    1    1    1    1    1    1    1   10   10  0.00000E+00 0.00000 
