
DETassem1 = [
    1    1    1    1    1    1    1    1    1    1  0.00000E+00 0.00000 
    2    1    1    1    1    1    1    1    1    2  0.00000E+00 0.00000 
    3    1    1    1    1    1    1    1    1    3  0.00000E+00 0.00000 
    4    1    1    1    1    1    1    1    1    4  0.00000E+00 0.00000 
    5    1    1    1    1    1    1    1    1    5  0.00000E+00 0.00000 
    6    1    1    1    1    1    1    1    1    6  0.00000E+00 0.00000 
    7    1    1    1    1    1    1    1    1    7  0.00000E+00 0.00000 
    8    1    1    1    1    1    1    1    1    8  1.80686E+04 0.00355 
    9    1    1    1    1    1    1    1    1    9  1.41343E+04 0.00393 
   10    1    1    1    1    1    1    1    1   10  0.00000E+00 0.00000 
   11    1    1    1    1    1    1    1    1   11  1.04328E+04 0.00414 
   12    1    1    1    1    1    1    1    2    1  1.93150E+04 0.00343 
   13    1    1    1    1    1    1    1    2    2  0.00000E+00 0.00000 
   14    1    1    1    1    1    1    1    2    3  0.00000E+00 0.00000 
   15    1    1    1    1    1    1    1    2    4  0.00000E+00 0.00000 
   16    1    1    1    1    1    1    1    2    5  0.00000E+00 0.00000 
   17    1    1    1    1    1    1    1    2    6  1.92977E+04 0.00350 
   18    1    1    1    1    1    1    1    2    7  1.58936E+04 0.00365 
   19    1    1    1    1    1    1    1    2    8  0.00000E+00 0.00000 
   20    1    1    1    1    1    1    1    2    9  1.16292E+04 0.00403 
   21    1    1    1    1    1    1    1    2   10  1.04913E+04 0.00413 
   22    1    1    1    1    1    1    1    2   11  0.00000E+00 0.00000 
   23    1    1    1    1    1    1    1    3    1  1.58221E+04 0.00371 
   24    1    1    1    1    1    1    1    3    2  1.80310E+04 0.00354 
   25    1    1    1    1    1    1    1    3    3  0.00000E+00 0.00000 
   26    1    1    1    1    1    1    1    3    4  1.80582E+04 0.00356 
   27    1    1    1    1    1    1    1    3    5  1.58632E+04 0.00371 
   28    1    1    1    1    1    1    1    3    6  0.00000E+00 0.00000 
   29    1    1    1    1    1    1    1    3    7  1.23685E+04 0.00396 
   30    1    1    1    1    1    1    1    3    8  1.12072E+04 0.00403 
   31    1    1    1    1    1    1    1    3    9  0.00000E+00 0.00000 
   32    1    1    1    1    1    1    1    3   10  9.70189E+03 0.00436 
   33    1    1    1    1    1    1    1    3   11  9.25063E+03 0.00446 
   34    1    1    1    1    1    1    1    4    1  0.00000E+00 0.00000 
   35    1    1    1    1    1    1    1    4    2  1.41568E+04 0.00388 
   36    1    1    1    1    1    1    1    4    3  1.40801E+04 0.00392 
   37    1    1    1    1    1    1    1    4    4  0.00000E+00 0.00000 
   38    1    1    1    1    1    1    1    4    5  1.23018E+04 0.00408 
   39    1    1    1    1    1    1    1    4    6  1.15605E+04 0.00408 
   40    1    1    1    1    1    1    1    4    7  0.00000E+00 0.00000 
   41    1    1    1    1    1    1    1    4    8  1.00210E+04 0.00425 
   42    1    1    1    1    1    1    1    4    9  9.56463E+03 0.00434 
   43    1    1    1    1    1    1    1    4   10  0.00000E+00 0.00000 
   44    1    1    1    1    1    1    1    4   11  8.92407E+03 0.00447 
   45    1    1    1    1    1    1    1    5    1  1.16412E+04 0.00413 
   46    1    1    1    1    1    1    1    5    2  0.00000E+00 0.00000 
   47    1    1    1    1    1    1    1    5    3  1.15877E+04 0.00407 
   48    1    1    1    1    1    1    1    5    4  1.11499E+04 0.00418 
   49    1    1    1    1    1    1    1    5    5  0.00000E+00 0.00000 
   50    1    1    1    1    1    1    1    5    6  1.00277E+04 0.00421 
   51    1    1    1    1    1    1    1    5    7  9.68373E+03 0.00439 
   52    1    1    1    1    1    1    1    5    8  0.00000E+00 0.00000 
   53    1    1    1    1    1    1    1    5    9  9.01137E+03 0.00442 
   54    1    1    1    1    1    1    1    5   10  8.84345E+03 0.00457 
   55    1    1    1    1    1    1    1    5   11  0.00000E+00 0.00000 
   56    1    1    1    1    1    1    1    6    1  1.04047E+04 0.00416 
   57    1    1    1    1    1    1    1    6    2  1.04706E+04 0.00429 
   58    1    1    1    1    1    1    1    6    3  0.00000E+00 0.00000 
   59    1    1    1    1    1    1    1    6    4  9.96883E+03 0.00433 
   60    1    1    1    1    1    1    1    6    5  9.67648E+03 0.00434 
   61    1    1    1    1    1    1    1    6    6  0.00000E+00 0.00000 
   62    1    1    1    1    1    1    1    6    7  9.06966E+03 0.00440 
   63    1    1    1    1    1    1    1    6    8  8.82891E+03 0.00442 
   64    1    1    1    1    1    1    1    6    9  0.00000E+00 0.00000 
   65    1    1    1    1    1    1    1    6   10  8.60056E+03 0.00450 
   66    1    1    1    1    1    1    1    6   11  8.49187E+03 0.00449 
   67    1    1    1    1    1    1    1    7    1  0.00000E+00 0.00000 
   68    1    1    1    1    1    1    1    7    2  9.68475E+03 0.00429 
   69    1    1    1    1    1    1    1    7    3  9.48666E+03 0.00439 
   70    1    1    1    1    1    1    1    7    4  0.00000E+00 0.00000 
   71    1    1    1    1    1    1    1    7    5  9.07399E+03 0.00439 
   72    1    1    1    1    1    1    1    7    6  8.86127E+03 0.00445 
   73    1    1    1    1    1    1    1    7    7  0.00000E+00 0.00000 
   74    1    1    1    1    1    1    1    7    8  8.58806E+03 0.00443 
   75    1    1    1    1    1    1    1    7    9  8.42179E+03 0.00444 
   76    1    1    1    1    1    1    1    7   10  0.00000E+00 0.00000 
   77    1    1    1    1    1    1    1    7   11  8.12184E+03 0.00455 
   78    1    1    1    1    1    1    1    8    1  9.27296E+03 0.00441 
   79    1    1    1    1    1    1    1    8    2  0.00000E+00 0.00000 
   80    1    1    1    1    1    1    1    8    3  9.05449E+03 0.00442 
   81    1    1    1    1    1    1    1    8    4  8.87696E+03 0.00431 
   82    1    1    1    1    1    1    1    8    5  0.00000E+00 0.00000 
   83    1    1    1    1    1    1    1    8    6  8.63510E+03 0.00439 
   84    1    1    1    1    1    1    1    8    7  8.44534E+03 0.00450 
   85    1    1    1    1    1    1    1    8    8  0.00000E+00 0.00000 
   86    1    1    1    1    1    1    1    8    9  8.17944E+03 0.00466 
   87    1    1    1    1    1    1    1    8   10  8.12969E+03 0.00465 
   88    1    1    1    1    1    1    1    8   11  0.00000E+00 0.00000 
   89    1    1    1    1    1    1    1    9    1  8.91027E+03 0.00445 
   90    1    1    1    1    1    1    1    9    2  8.82929E+03 0.00438 
   91    1    1    1    1    1    1    1    9    3  0.00000E+00 0.00000 
   92    1    1    1    1    1    1    1    9    4  8.60401E+03 0.00444 
   93    1    1    1    1    1    1    1    9    5  8.49641E+03 0.00450 
   94    1    1    1    1    1    1    1    9    6  0.00000E+00 0.00000 
   95    1    1    1    1    1    1    1    9    7  8.30100E+03 0.00445 
   96    1    1    1    1    1    1    1    9    8  8.19210E+03 0.00455 
   97    1    1    1    1    1    1    1    9    9  0.00000E+00 0.00000 
   98    1    1    1    1    1    1    1    9   10  7.96731E+03 0.00463 
   99    1    1    1    1    1    1    1    9   11  7.90219E+03 0.00473 
  100    1    1    1    1    1    1    1   10    1  0.00000E+00 0.00000 
  101    1    1    1    1    1    1    1   10    2  8.60897E+03 0.00444 
  102    1    1    1    1    1    1    1   10    3  8.44935E+03 0.00447 
  103    1    1    1    1    1    1    1   10    4  0.00000E+00 0.00000 
  104    1    1    1    1    1    1    1   10    5  8.31644E+03 0.00460 
  105    1    1    1    1    1    1    1   10    6  8.22704E+03 0.00470 
  106    1    1    1    1    1    1    1   10    7  0.00000E+00 0.00000 
  107    1    1    1    1    1    1    1   10    8  7.99746E+03 0.00465 
  108    1    1    1    1    1    1    1   10    9  7.88794E+03 0.00475 
  109    1    1    1    1    1    1    1   10   10  0.00000E+00 0.00000 
