
ZAI = [
922350
922380
666
0
];

NAMES = [
'U235            '
'U238            '
'lost            '
'total           '
];

i922350 = 1; iU235             = 1;
i922380 = 2; iU238             = 2;
iLOST    = 3;
iTOT     = 4;

MAT_un_VOLUME = [ 2.67284E+05 2.67284E+05 ];

MAT_un_BURNUP = [ 0.00000E+00 4.28861E+01 ];

MAT_un_ADENS = [
4.83387E-03 3.50943E-03 % U235
1.93936E-02 1.88543E-02 % U238
0.00000E+00 4.06956E-30 % lost data
7.26897E-02 7.38009E-02 % total
];

MAT_un_MDENS = [
1.88669E+00 1.36975E+00 % U235
7.66628E+00 7.45308E+00 % U238
0.00000E+00 0.00000E+00 % lost data
1.08000E+01 1.07986E+01 % total
];

MAT_un_A = [
4.03219E+10 2.92741E+10 % U235
2.54830E+10 2.47743E+10 % U238
0.00000E+00 0.00000E+00 % lost data
6.58048E+10 3.28283E+18 % total
];

MAT_un_H = [
3.02269E-02 2.19450E-02 % U235
1.74340E-02 1.69491E-02 % U238
0.00000E+00 0.00000E+00 % lost data
4.76609E-02 9.64602E+05 % total
];

MAT_un_SF = [
2.90317E+00 2.10773E+00 % U235
1.39137E+04 1.35268E+04 % U238
0.00000E+00 0.00000E+00 % lost data
1.39166E+04 1.03710E+08 % total
];

MAT_un_GSRC = [
5.09469E+10 3.69880E+10 % U235
2.25661E+09 2.19385E+09 % U238
0.00000E+00 0.00000E+00 % lost data
5.32035E+10 3.52909E+18 % total
];

MAT_un_ING_TOX = [
1.89513E+03 1.37588E+03 % U235
1.14673E+03 1.11484E+03 % U238
0.00000E+00 0.00000E+00 % lost data
3.04186E+03 2.23514E+09 % total
];

MAT_un_INH_TOX = [
3.42736E+05 2.48829E+05 % U235
2.03864E+05 1.98194E+05 % U238
0.00000E+00 0.00000E+00 % lost data
5.46600E+05 8.02044E+10 % total
];

TOT_VOLUME = [ 2.67284E+05 2.67284E+05 ];

TOT_BURNUP = [ 0.00000E+00 4.28861E+01 ];

TOT_ADENS = [
4.83387E-03 3.50943E-03 % U235
1.93936E-02 1.88543E-02 % U238
0.00000E+00 4.06956E-30 % lost data
7.26897E-02 7.38009E-02 % total
];

TOT_MASS = [
5.04282E+05 3.66113E+05 % U235
2.04907E+06 1.99209E+06 % U238
0.00000E+00 0.00000E+00 % lost data
2.88667E+06 2.88629E+06 % total
];

TOT_A = [
4.03219E+10 2.92741E+10 % U235
2.54830E+10 2.47743E+10 % U238
0.00000E+00 0.00000E+00 % lost data
6.58048E+10 3.28283E+18 % total
];

TOT_H = [
3.02269E-02 2.19450E-02 % U235
1.74340E-02 1.69491E-02 % U238
0.00000E+00 0.00000E+00 % lost data
4.76609E-02 9.64602E+05 % total
];

TOT_SF = [
2.90317E+00 2.10773E+00 % U235
1.39137E+04 1.35268E+04 % U238
0.00000E+00 0.00000E+00 % lost data
1.39166E+04 1.03710E+08 % total
];

TOT_GSRC = [
5.09469E+10 3.69880E+10 % U235
2.25661E+09 2.19385E+09 % U238
0.00000E+00 0.00000E+00 % lost data
5.32035E+10 3.52909E+18 % total
];

TOT_ING_TOX = [
1.89513E+03 1.37588E+03 % U235
1.14673E+03 1.11484E+03 % U238
0.00000E+00 0.00000E+00 % lost data
3.04186E+03 2.23514E+09 % total
];

TOT_INH_TOX = [
3.42736E+05 2.48829E+05 % U235
2.03864E+05 1.98194E+05 % U238
0.00000E+00 0.00000E+00 % lost data
5.46600E+05 8.02044E+10 % total
];

BU = [ 0.00000E+00 4.28848E+01 ];

DAYS = [ 0.00000E+00 7.30000E+03 ];
