
DETassem1 = [
    1    1    1    1    1    1    1    1    1    1  0.00000E+00 0.00000 
    2    1    1    1    1    1    1    1    1    2  0.00000E+00 0.00000 
    3    1    1    1    1    1    1    1    1    3  0.00000E+00 0.00000 
    4    1    1    1    1    1    1    1    1    4  0.00000E+00 0.00000 
    5    1    1    1    1    1    1    1    1    5  0.00000E+00 0.00000 
    6    1    1    1    1    1    1    1    1    6  0.00000E+00 0.00000 
    7    1    1    1    1    1    1    1    1    7  0.00000E+00 0.00000 
    8    1    1    1    1    1    1    1    1    8  1.84038E+04 0.00365 
    9    1    1    1    1    1    1    1    1    9  1.40767E+04 0.00401 
   10    1    1    1    1    1    1    1    1   10  0.00000E+00 0.00000 
   11    1    1    1    1    1    1    1    1   11  1.00880E+04 0.00438 
   12    1    1    1    1    1    1    1    2    1  1.97648E+04 0.00360 
   13    1    1    1    1    1    1    1    2    2  0.00000E+00 0.00000 
   14    1    1    1    1    1    1    1    2    3  0.00000E+00 0.00000 
   15    1    1    1    1    1    1    1    2    4  0.00000E+00 0.00000 
   16    1    1    1    1    1    1    1    2    5  0.00000E+00 0.00000 
   17    1    1    1    1    1    1    1    2    6  1.98111E+04 0.00351 
   18    1    1    1    1    1    1    1    2    7  1.58873E+04 0.00381 
   19    1    1    1    1    1    1    1    2    8  0.00000E+00 0.00000 
   20    1    1    1    1    1    1    1    2    9  1.13519E+04 0.00436 
   21    1    1    1    1    1    1    1    2   10  1.00331E+04 0.00433 
   22    1    1    1    1    1    1    1    2   11  0.00000E+00 0.00000 
   23    1    1    1    1    1    1    1    3    1  1.59010E+04 0.00385 
   24    1    1    1    1    1    1    1    3    2  1.83945E+04 0.00363 
   25    1    1    1    1    1    1    1    3    3  0.00000E+00 0.00000 
   26    1    1    1    1    1    1    1    3    4  1.83218E+04 0.00364 
   27    1    1    1    1    1    1    1    3    5  1.59099E+04 0.00374 
   28    1    1    1    1    1    1    1    3    6  0.00000E+00 0.00000 
   29    1    1    1    1    1    1    1    3    7  1.20502E+04 0.00425 
   30    1    1    1    1    1    1    1    3    8  1.07818E+04 0.00432 
   31    1    1    1    1    1    1    1    3    9  0.00000E+00 0.00000 
   32    1    1    1    1    1    1    1    3   10  9.28791E+03 0.00443 
   33    1    1    1    1    1    1    1    3   11  8.87777E+03 0.00455 
   34    1    1    1    1    1    1    1    4    1  0.00000E+00 0.00000 
   35    1    1    1    1    1    1    1    4    2  1.40111E+04 0.00406 
   36    1    1    1    1    1    1    1    4    3  1.40261E+04 0.00395 
   37    1    1    1    1    1    1    1    4    4  0.00000E+00 0.00000 
   38    1    1    1    1    1    1    1    4    5  1.21178E+04 0.00422 
   39    1    1    1    1    1    1    1    4    6  1.11208E+04 0.00434 
   40    1    1    1    1    1    1    1    4    7  0.00000E+00 0.00000 
   41    1    1    1    1    1    1    1    4    8  9.59373E+03 0.00443 
   42    1    1    1    1    1    1    1    4    9  9.19038E+03 0.00452 
   43    1    1    1    1    1    1    1    4   10  0.00000E+00 0.00000 
   44    1    1    1    1    1    1    1    4   11  8.62857E+03 0.00466 
   45    1    1    1    1    1    1    1    5    1  1.12874E+04 0.00436 
   46    1    1    1    1    1    1    1    5    2  0.00000E+00 0.00000 
   47    1    1    1    1    1    1    1    5    3  1.12800E+04 0.00432 
   48    1    1    1    1    1    1    1    5    4  1.07730E+04 0.00438 
   49    1    1    1    1    1    1    1    5    5  0.00000E+00 0.00000 
   50    1    1    1    1    1    1    1    5    6  9.75807E+03 0.00438 
   51    1    1    1    1    1    1    1    5    7  9.29058E+03 0.00456 
   52    1    1    1    1    1    1    1    5    8  0.00000E+00 0.00000 
   53    1    1    1    1    1    1    1    5    9  8.68204E+03 0.00463 
   54    1    1    1    1    1    1    1    5   10  8.50057E+03 0.00460 
   55    1    1    1    1    1    1    1    5   11  0.00000E+00 0.00000 
   56    1    1    1    1    1    1    1    6    1  1.01490E+04 0.00440 
   57    1    1    1    1    1    1    1    6    2  1.00715E+04 0.00442 
   58    1    1    1    1    1    1    1    6    3  0.00000E+00 0.00000 
   59    1    1    1    1    1    1    1    6    4  9.59535E+03 0.00439 
   60    1    1    1    1    1    1    1    6    5  9.39630E+03 0.00448 
   61    1    1    1    1    1    1    1    6    6  0.00000E+00 0.00000 
   62    1    1    1    1    1    1    1    6    7  8.76006E+03 0.00454 
   63    1    1    1    1    1    1    1    6    8  8.57517E+03 0.00467 
   64    1    1    1    1    1    1    1    6    9  0.00000E+00 0.00000 
   65    1    1    1    1    1    1    1    6   10  8.32815E+03 0.00473 
   66    1    1    1    1    1    1    1    6   11  8.17485E+03 0.00461 
   67    1    1    1    1    1    1    1    7    1  0.00000E+00 0.00000 
   68    1    1    1    1    1    1    1    7    2  9.29817E+03 0.00453 
   69    1    1    1    1    1    1    1    7    3  9.20126E+03 0.00448 
   70    1    1    1    1    1    1    1    7    4  0.00000E+00 0.00000 
   71    1    1    1    1    1    1    1    7    5  8.74630E+03 0.00447 
   72    1    1    1    1    1    1    1    7    6  8.53496E+03 0.00466 
   73    1    1    1    1    1    1    1    7    7  0.00000E+00 0.00000 
   74    1    1    1    1    1    1    1    7    8  8.33772E+03 0.00461 
   75    1    1    1    1    1    1    1    7    9  8.20102E+03 0.00468 
   76    1    1    1    1    1    1    1    7   10  0.00000E+00 0.00000 
   77    1    1    1    1    1    1    1    7   11  8.03793E+03 0.00478 
   78    1    1    1    1    1    1    1    8    1  8.87719E+03 0.00461 
   79    1    1    1    1    1    1    1    8    2  0.00000E+00 0.00000 
   80    1    1    1    1    1    1    1    8    3  8.76534E+03 0.00448 
   81    1    1    1    1    1    1    1    8    4  8.55384E+03 0.00466 
   82    1    1    1    1    1    1    1    8    5  0.00000E+00 0.00000 
   83    1    1    1    1    1    1    1    8    6  8.30555E+03 0.00469 
   84    1    1    1    1    1    1    1    8    7  8.18316E+03 0.00471 
   85    1    1    1    1    1    1    1    8    8  0.00000E+00 0.00000 
   86    1    1    1    1    1    1    1    8    9  8.05821E+03 0.00478 
   87    1    1    1    1    1    1    1    8   10  8.00011E+03 0.00477 
   88    1    1    1    1    1    1    1    8   11  0.00000E+00 0.00000 
   89    1    1    1    1    1    1    1    9    1  8.65103E+03 0.00470 
   90    1    1    1    1    1    1    1    9    2  8.46093E+03 0.00476 
   91    1    1    1    1    1    1    1    9    3  0.00000E+00 0.00000 
   92    1    1    1    1    1    1    1    9    4  8.30607E+03 0.00473 
   93    1    1    1    1    1    1    1    9    5  8.22020E+03 0.00470 
   94    1    1    1    1    1    1    1    9    6  0.00000E+00 0.00000 
   95    1    1    1    1    1    1    1    9    7  7.94653E+03 0.00474 
   96    1    1    1    1    1    1    1    9    8  7.95666E+03 0.00470 
   97    1    1    1    1    1    1    1    9    9  0.00000E+00 0.00000 
   98    1    1    1    1    1    1    1    9   10  7.80589E+03 0.00483 
   99    1    1    1    1    1    1    1    9   11  7.76875E+03 0.00472 
  100    1    1    1    1    1    1    1   10    1  0.00000E+00 0.00000 
  101    1    1    1    1    1    1    1   10    2  8.34767E+03 0.00471 
  102    1    1    1    1    1    1    1   10    3  8.21509E+03 0.00474 
  103    1    1    1    1    1    1    1   10    4  0.00000E+00 0.00000 
  104    1    1    1    1    1    1    1   10    5  7.94964E+03 0.00476 
  105    1    1    1    1    1    1    1   10    6  7.89606E+03 0.00482 
  106    1    1    1    1    1    1    1   10    7  0.00000E+00 0.00000 
  107    1    1    1    1    1    1    1   10    8  7.76038E+03 0.00480 
  108    1    1    1    1    1    1    1   10    9  7.73277E+03 0.00484 
  109    1    1    1    1    1    1    1   10   10  0.00000E+00 0.00000 
