
ZAI = [
922350
922380
666
0
];

NAMES = [
'U235            '
'U238            '
'lost            '
'total           '
];

i922350 = 1; iU235             = 1;
i922380 = 2; iU238             = 2;
iLOST    = 3;
iTOT     = 4;

MAT_un_VOLUME = [ 2.67695E+05 2.67695E+05 ];

MAT_un_BURNUP = [ 0.00000E+00 4.28202E+01 ];

MAT_un_ADENS = [
4.83387E-03 3.51131E-03 % U235
1.93936E-02 1.88556E-02 % U238
0.00000E+00 4.32197E-30 % lost data
7.26897E-02 7.37992E-02 % total
];

MAT_un_MDENS = [
1.88669E+00 1.37049E+00 % U235
7.66628E+00 7.45360E+00 % U238
0.00000E+00 0.00000E+00 % lost data
1.08000E+01 1.07986E+01 % total
];

MAT_un_A = [
4.03839E+10 2.93348E+10 % U235
2.55222E+10 2.48141E+10 % U238
0.00000E+00 0.00000E+00 % lost data
6.59061E+10 3.28225E+18 % total
];

MAT_un_H = [
3.02734E-02 2.19905E-02 % U235
1.74608E-02 1.69764E-02 % U238
0.00000E+00 0.00000E+00 % lost data
4.77342E-02 9.64584E+05 % total
];

MAT_un_SF = [
2.90764E+00 2.11210E+00 % U235
1.39351E+04 1.35485E+04 % U238
0.00000E+00 0.00000E+00 % lost data
1.39380E+04 1.03361E+08 % total
];

MAT_un_GSRC = [
5.10253E+10 3.70647E+10 % U235
2.26008E+09 2.19738E+09 % U238
0.00000E+00 0.00000E+00 % lost data
5.32854E+10 3.52841E+18 % total
];

MAT_un_ING_TOX = [
1.89804E+03 1.37873E+03 % U235
1.14850E+03 1.11664E+03 % U238
0.00000E+00 0.00000E+00 % lost data
3.04654E+03 2.23435E+09 % total
];

MAT_un_INH_TOX = [
3.43263E+05 2.49346E+05 % U235
2.04177E+05 1.98513E+05 % U238
0.00000E+00 0.00000E+00 % lost data
5.47440E+05 8.00188E+10 % total
];

TOT_VOLUME = [ 2.67695E+05 2.67695E+05 ];

TOT_BURNUP = [ 0.00000E+00 4.28202E+01 ];

TOT_ADENS = [
4.83387E-03 3.51131E-03 % U235
1.93936E-02 1.88556E-02 % U238
0.00000E+00 4.32197E-30 % lost data
7.26897E-02 7.37992E-02 % total
];

TOT_MASS = [
5.05057E+05 3.66873E+05 % U235
2.05222E+06 1.99529E+06 % U238
0.00000E+00 0.00000E+00 % lost data
2.89111E+06 2.89073E+06 % total
];

TOT_A = [
4.03839E+10 2.93348E+10 % U235
2.55222E+10 2.48141E+10 % U238
0.00000E+00 0.00000E+00 % lost data
6.59061E+10 3.28225E+18 % total
];

TOT_H = [
3.02734E-02 2.19905E-02 % U235
1.74608E-02 1.69764E-02 % U238
0.00000E+00 0.00000E+00 % lost data
4.77342E-02 9.64584E+05 % total
];

TOT_SF = [
2.90764E+00 2.11210E+00 % U235
1.39351E+04 1.35485E+04 % U238
0.00000E+00 0.00000E+00 % lost data
1.39380E+04 1.03361E+08 % total
];

TOT_GSRC = [
5.10253E+10 3.70647E+10 % U235
2.26008E+09 2.19738E+09 % U238
0.00000E+00 0.00000E+00 % lost data
5.32854E+10 3.52841E+18 % total
];

TOT_ING_TOX = [
1.89804E+03 1.37873E+03 % U235
1.14850E+03 1.11664E+03 % U238
0.00000E+00 0.00000E+00 % lost data
3.04654E+03 2.23435E+09 % total
];

TOT_INH_TOX = [
3.43263E+05 2.49346E+05 % U235
2.04177E+05 1.98513E+05 % U238
0.00000E+00 0.00000E+00 % lost data
5.47440E+05 8.00188E+10 % total
];

BU = [ 0.00000E+00 4.28189E+01 ];

DAYS = [ 0.00000E+00 7.30000E+03 ];
