
ZAI = [
922350
922380
666
0
];

NAMES = [
'U235            '
'U238            '
'lost            '
'total           '
];

i922350 = 1; iU235             = 1;
i922380 = 2; iU238             = 2;
iLOST    = 3;
iTOT     = 4;

MAT_un_VOLUME = [ 2.67352E+05 2.67352E+05 ];

MAT_un_BURNUP = [ 0.00000E+00 4.28752E+01 ];

MAT_un_ADENS = [
4.83387E-03 3.50976E-03 % U235
1.93936E-02 1.88548E-02 % U238
0.00000E+00 4.35856E-30 % lost data
7.26897E-02 7.38007E-02 % total
];

MAT_un_MDENS = [
1.88669E+00 1.36988E+00 % U235
7.66628E+00 7.45327E+00 % U238
0.00000E+00 0.00000E+00 % lost data
1.08000E+01 1.07986E+01 % total
];

MAT_un_A = [
4.03321E+10 2.92842E+10 % U235
2.54895E+10 2.47812E+10 % U238
0.00000E+00 0.00000E+00 % lost data
6.58216E+10 3.28259E+18 % total
];

MAT_un_H = [
3.02346E-02 2.19526E-02 % U235
1.74384E-02 1.69539E-02 % U238
0.00000E+00 0.00000E+00 % lost data
4.76730E-02 9.64605E+05 % total
];

MAT_un_SF = [
2.90391E+00 2.10846E+00 % U235
1.39173E+04 1.35306E+04 % U238
0.00000E+00 0.00000E+00 % lost data
1.39202E+04 1.03895E+08 % total
];

MAT_un_GSRC = [
5.09599E+10 3.70008E+10 % U235
2.25718E+09 2.19447E+09 % U238
0.00000E+00 0.00000E+00 % lost data
5.32171E+10 3.52876E+18 % total
];

MAT_un_ING_TOX = [
1.89561E+03 1.37636E+03 % U235
1.14703E+03 1.11516E+03 % U238
0.00000E+00 0.00000E+00 % lost data
3.04264E+03 2.23513E+09 % total
];

MAT_un_INH_TOX = [
3.42823E+05 2.48916E+05 % U235
2.03916E+05 1.98250E+05 % U238
0.00000E+00 0.00000E+00 % lost data
5.46739E+05 8.02394E+10 % total
];

TOT_VOLUME = [ 2.67352E+05 2.67352E+05 ];

TOT_BURNUP = [ 0.00000E+00 4.28752E+01 ];

TOT_ADENS = [
4.83387E-03 3.50976E-03 % U235
1.93936E-02 1.88548E-02 % U238
0.00000E+00 4.35856E-30 % lost data
7.26897E-02 7.38007E-02 % total
];

TOT_MASS = [
5.04410E+05 3.66240E+05 % U235
2.04959E+06 1.99265E+06 % U238
0.00000E+00 0.00000E+00 % lost data
2.88740E+06 2.88703E+06 % total
];

TOT_A = [
4.03321E+10 2.92842E+10 % U235
2.54895E+10 2.47812E+10 % U238
0.00000E+00 0.00000E+00 % lost data
6.58216E+10 3.28259E+18 % total
];

TOT_H = [
3.02346E-02 2.19526E-02 % U235
1.74384E-02 1.69539E-02 % U238
0.00000E+00 0.00000E+00 % lost data
4.76730E-02 9.64605E+05 % total
];

TOT_SF = [
2.90391E+00 2.10846E+00 % U235
1.39173E+04 1.35306E+04 % U238
0.00000E+00 0.00000E+00 % lost data
1.39202E+04 1.03895E+08 % total
];

TOT_GSRC = [
5.09599E+10 3.70008E+10 % U235
2.25718E+09 2.19447E+09 % U238
0.00000E+00 0.00000E+00 % lost data
5.32171E+10 3.52876E+18 % total
];

TOT_ING_TOX = [
1.89561E+03 1.37636E+03 % U235
1.14703E+03 1.11516E+03 % U238
0.00000E+00 0.00000E+00 % lost data
3.04264E+03 2.23513E+09 % total
];

TOT_INH_TOX = [
3.42823E+05 2.48916E+05 % U235
2.03916E+05 1.98250E+05 % U238
0.00000E+00 0.00000E+00 % lost data
5.46739E+05 8.02394E+10 % total
];

BU = [ 0.00000E+00 4.28739E+01 ];

DAYS = [ 0.00000E+00 7.30000E+03 ];
