
DETassem1 = [
    1    1    1    1    1    1    1    1    1    1  0.00000E+00 0.00000 
    2    1    1    1    1    1    1    1    1    2  0.00000E+00 0.00000 
    3    1    1    1    1    1    1    1    1    3  0.00000E+00 0.00000 
    4    1    1    1    1    1    1    1    1    4  0.00000E+00 0.00000 
    5    1    1    1    1    1    1    1    1    5  0.00000E+00 0.00000 
    6    1    1    1    1    1    1    1    1    6  0.00000E+00 0.00000 
    7    1    1    1    1    1    1    1    1    7  0.00000E+00 0.00000 
    8    1    1    1    1    1    1    1    1    8  1.81573E+04 0.00372 
    9    1    1    1    1    1    1    1    1    9  1.38020E+04 0.00403 
   10    1    1    1    1    1    1    1    1   10  0.00000E+00 0.00000 
   11    1    1    1    1    1    1    1    1   11  9.90366E+03 0.00450 
   12    1    1    1    1    1    1    1    2    1  1.93762E+04 0.00356 
   13    1    1    1    1    1    1    1    2    2  0.00000E+00 0.00000 
   14    1    1    1    1    1    1    1    2    3  0.00000E+00 0.00000 
   15    1    1    1    1    1    1    1    2    4  0.00000E+00 0.00000 
   16    1    1    1    1    1    1    1    2    5  0.00000E+00 0.00000 
   17    1    1    1    1    1    1    1    2    6  1.93498E+04 0.00358 
   18    1    1    1    1    1    1    1    2    7  1.55777E+04 0.00393 
   19    1    1    1    1    1    1    1    2    8  0.00000E+00 0.00000 
   20    1    1    1    1    1    1    1    2    9  1.10821E+04 0.00426 
   21    1    1    1    1    1    1    1    2   10  9.93844E+03 0.00452 
   22    1    1    1    1    1    1    1    2   11  0.00000E+00 0.00000 
   23    1    1    1    1    1    1    1    3    1  1.56432E+04 0.00384 
   24    1    1    1    1    1    1    1    3    2  1.81343E+04 0.00370 
   25    1    1    1    1    1    1    1    3    3  0.00000E+00 0.00000 
   26    1    1    1    1    1    1    1    3    4  1.80982E+04 0.00377 
   27    1    1    1    1    1    1    1    3    5  1.55050E+04 0.00383 
   28    1    1    1    1    1    1    1    3    6  0.00000E+00 0.00000 
   29    1    1    1    1    1    1    1    3    7  1.18693E+04 0.00422 
   30    1    1    1    1    1    1    1    3    8  1.06297E+04 0.00434 
   31    1    1    1    1    1    1    1    3    9  0.00000E+00 0.00000 
   32    1    1    1    1    1    1    1    3   10  9.08508E+03 0.00454 
   33    1    1    1    1    1    1    1    3   11  8.82874E+03 0.00466 
   34    1    1    1    1    1    1    1    4    1  0.00000E+00 0.00000 
   35    1    1    1    1    1    1    1    4    2  1.37057E+04 0.00400 
   36    1    1    1    1    1    1    1    4    3  1.38395E+04 0.00407 
   37    1    1    1    1    1    1    1    4    4  0.00000E+00 0.00000 
   38    1    1    1    1    1    1    1    4    5  1.18439E+04 0.00428 
   39    1    1    1    1    1    1    1    4    6  1.09714E+04 0.00435 
   40    1    1    1    1    1    1    1    4    7  0.00000E+00 0.00000 
   41    1    1    1    1    1    1    1    4    8  9.37562E+03 0.00455 
   42    1    1    1    1    1    1    1    4    9  9.01535E+03 0.00452 
   43    1    1    1    1    1    1    1    4   10  0.00000E+00 0.00000 
   44    1    1    1    1    1    1    1    4   11  8.48045E+03 0.00464 
   45    1    1    1    1    1    1    1    5    1  1.12416E+04 0.00431 
   46    1    1    1    1    1    1    1    5    2  0.00000E+00 0.00000 
   47    1    1    1    1    1    1    1    5    3  1.11791E+04 0.00426 
   48    1    1    1    1    1    1    1    5    4  1.07425E+04 0.00438 
   49    1    1    1    1    1    1    1    5    5  0.00000E+00 0.00000 
   50    1    1    1    1    1    1    1    5    6  9.59678E+03 0.00451 
   51    1    1    1    1    1    1    1    5    7  9.14394E+03 0.00446 
   52    1    1    1    1    1    1    1    5    8  0.00000E+00 0.00000 
   53    1    1    1    1    1    1    1    5    9  8.58849E+03 0.00458 
   54    1    1    1    1    1    1    1    5   10  8.47749E+03 0.00466 
   55    1    1    1    1    1    1    1    5   11  0.00000E+00 0.00000 
   56    1    1    1    1    1    1    1    6    1  9.94445E+03 0.00443 
   57    1    1    1    1    1    1    1    6    2  9.98636E+03 0.00445 
   58    1    1    1    1    1    1    1    6    3  0.00000E+00 0.00000 
   59    1    1    1    1    1    1    1    6    4  9.43213E+03 0.00448 
   60    1    1    1    1    1    1    1    6    5  9.20112E+03 0.00457 
   61    1    1    1    1    1    1    1    6    6  0.00000E+00 0.00000 
   62    1    1    1    1    1    1    1    6    7  8.61134E+03 0.00453 
   63    1    1    1    1    1    1    1    6    8  8.37886E+03 0.00460 
   64    1    1    1    1    1    1    1    6    9  0.00000E+00 0.00000 
   65    1    1    1    1    1    1    1    6   10  8.27375E+03 0.00469 
   66    1    1    1    1    1    1    1    6   11  8.16896E+03 0.00473 
   67    1    1    1    1    1    1    1    7    1  0.00000E+00 0.00000 
   68    1    1    1    1    1    1    1    7    2  9.09406E+03 0.00448 
   69    1    1    1    1    1    1    1    7    3  8.95883E+03 0.00458 
   70    1    1    1    1    1    1    1    7    4  0.00000E+00 0.00000 
   71    1    1    1    1    1    1    1    7    5  8.67963E+03 0.00467 
   72    1    1    1    1    1    1    1    7    6  8.48001E+03 0.00461 
   73    1    1    1    1    1    1    1    7    7  0.00000E+00 0.00000 
   74    1    1    1    1    1    1    1    7    8  8.21265E+03 0.00481 
   75    1    1    1    1    1    1    1    7    9  8.22686E+03 0.00469 
   76    1    1    1    1    1    1    1    7   10  0.00000E+00 0.00000 
   77    1    1    1    1    1    1    1    7   11  7.99877E+03 0.00489 
   78    1    1    1    1    1    1    1    8    1  8.75251E+03 0.00447 
   79    1    1    1    1    1    1    1    8    2  0.00000E+00 0.00000 
   80    1    1    1    1    1    1    1    8    3  8.62884E+03 0.00456 
   81    1    1    1    1    1    1    1    8    4  8.42983E+03 0.00474 
   82    1    1    1    1    1    1    1    8    5  0.00000E+00 0.00000 
   83    1    1    1    1    1    1    1    8    6  8.21244E+03 0.00482 
   84    1    1    1    1    1    1    1    8    7  8.12998E+03 0.00467 
   85    1    1    1    1    1    1    1    8    8  0.00000E+00 0.00000 
   86    1    1    1    1    1    1    1    8    9  7.95733E+03 0.00472 
   87    1    1    1    1    1    1    1    8   10  7.85721E+03 0.00472 
   88    1    1    1    1    1    1    1    8   11  0.00000E+00 0.00000 
   89    1    1    1    1    1    1    1    9    1  8.59842E+03 0.00464 
   90    1    1    1    1    1    1    1    9    2  8.39347E+03 0.00470 
   91    1    1    1    1    1    1    1    9    3  0.00000E+00 0.00000 
   92    1    1    1    1    1    1    1    9    4  8.19273E+03 0.00458 
   93    1    1    1    1    1    1    1    9    5  8.12705E+03 0.00465 
   94    1    1    1    1    1    1    1    9    6  0.00000E+00 0.00000 
   95    1    1    1    1    1    1    1    9    7  7.93576E+03 0.00482 
   96    1    1    1    1    1    1    1    9    8  7.80764E+03 0.00486 
   97    1    1    1    1    1    1    1    9    9  0.00000E+00 0.00000 
   98    1    1    1    1    1    1    1    9   10  7.78559E+03 0.00493 
   99    1    1    1    1    1    1    1    9   11  7.69991E+03 0.00476 
  100    1    1    1    1    1    1    1   10    1  0.00000E+00 0.00000 
  101    1    1    1    1    1    1    1   10    2  8.30481E+03 0.00484 
  102    1    1    1    1    1    1    1   10    3  8.19678E+03 0.00470 
  103    1    1    1    1    1    1    1   10    4  0.00000E+00 0.00000 
  104    1    1    1    1    1    1    1   10    5  7.96849E+03 0.00478 
  105    1    1    1    1    1    1    1   10    6  7.90362E+03 0.00473 
  106    1    1    1    1    1    1    1   10    7  0.00000E+00 0.00000 
  107    1    1    1    1    1    1    1   10    8  7.74000E+03 0.00475 
  108    1    1    1    1    1    1    1   10    9  7.62449E+03 0.00490 
  109    1    1    1    1    1    1    1   10   10  0.00000E+00 0.00000 
