
DETassem1 = [
    1    1    1    1    1    1    1    1    1    1  0.00000E+00 0.00000 
    2    1    1    1    1    1    1    1    1    2  0.00000E+00 0.00000 
    3    1    1    1    1    1    1    1    1    3  0.00000E+00 0.00000 
    4    1    1    1    1    1    1    1    1    4  0.00000E+00 0.00000 
    5    1    1    1    1    1    1    1    1    5  0.00000E+00 0.00000 
    6    1    1    1    1    1    1    1    1    6  0.00000E+00 0.00000 
    7    1    1    1    1    1    1    1    1    7  0.00000E+00 0.00000 
    8    1    1    1    1    1    1    1    1    8  1.81740E+04 0.00364 
    9    1    1    1    1    1    1    1    1    9  1.37936E+04 0.00400 
   10    1    1    1    1    1    1    1    1   10  0.00000E+00 0.00000 
   11    1    1    1    1    1    1    1    1   11  1.00579E+04 0.00440 
   12    1    1    1    1    1    1    1    2    1  1.95779E+04 0.00352 
   13    1    1    1    1    1    1    1    2    2  0.00000E+00 0.00000 
   14    1    1    1    1    1    1    1    2    3  0.00000E+00 0.00000 
   15    1    1    1    1    1    1    1    2    4  0.00000E+00 0.00000 
   16    1    1    1    1    1    1    1    2    5  0.00000E+00 0.00000 
   17    1    1    1    1    1    1    1    2    6  1.95321E+04 0.00367 
   18    1    1    1    1    1    1    1    2    7  1.57287E+04 0.00387 
   19    1    1    1    1    1    1    1    2    8  0.00000E+00 0.00000 
   20    1    1    1    1    1    1    1    2    9  1.10490E+04 0.00433 
   21    1    1    1    1    1    1    1    2   10  9.89480E+03 0.00453 
   22    1    1    1    1    1    1    1    2   11  0.00000E+00 0.00000 
   23    1    1    1    1    1    1    1    3    1  1.57630E+04 0.00373 
   24    1    1    1    1    1    1    1    3    2  1.81951E+04 0.00369 
   25    1    1    1    1    1    1    1    3    3  0.00000E+00 0.00000 
   26    1    1    1    1    1    1    1    3    4  1.80927E+04 0.00378 
   27    1    1    1    1    1    1    1    3    5  1.58102E+04 0.00384 
   28    1    1    1    1    1    1    1    3    6  0.00000E+00 0.00000 
   29    1    1    1    1    1    1    1    3    7  1.19228E+04 0.00431 
   30    1    1    1    1    1    1    1    3    8  1.07791E+04 0.00439 
   31    1    1    1    1    1    1    1    3    9  0.00000E+00 0.00000 
   32    1    1    1    1    1    1    1    3   10  9.17117E+03 0.00454 
   33    1    1    1    1    1    1    1    3   11  8.84446E+03 0.00461 
   34    1    1    1    1    1    1    1    4    1  0.00000E+00 0.00000 
   35    1    1    1    1    1    1    1    4    2  1.38808E+04 0.00407 
   36    1    1    1    1    1    1    1    4    3  1.38042E+04 0.00406 
   37    1    1    1    1    1    1    1    4    4  0.00000E+00 0.00000 
   38    1    1    1    1    1    1    1    4    5  1.19401E+04 0.00419 
   39    1    1    1    1    1    1    1    4    6  1.09880E+04 0.00437 
   40    1    1    1    1    1    1    1    4    7  0.00000E+00 0.00000 
   41    1    1    1    1    1    1    1    4    8  9.48864E+03 0.00448 
   42    1    1    1    1    1    1    1    4    9  9.02210E+03 0.00451 
   43    1    1    1    1    1    1    1    4   10  0.00000E+00 0.00000 
   44    1    1    1    1    1    1    1    4   11  8.52848E+03 0.00467 
   45    1    1    1    1    1    1    1    5    1  1.09845E+04 0.00428 
   46    1    1    1    1    1    1    1    5    2  0.00000E+00 0.00000 
   47    1    1    1    1    1    1    1    5    3  1.10549E+04 0.00443 
   48    1    1    1    1    1    1    1    5    4  1.06375E+04 0.00439 
   49    1    1    1    1    1    1    1    5    5  0.00000E+00 0.00000 
   50    1    1    1    1    1    1    1    5    6  9.66394E+03 0.00448 
   51    1    1    1    1    1    1    1    5    7  9.23528E+03 0.00458 
   52    1    1    1    1    1    1    1    5    8  0.00000E+00 0.00000 
   53    1    1    1    1    1    1    1    5    9  8.58931E+03 0.00464 
   54    1    1    1    1    1    1    1    5   10  8.45475E+03 0.00470 
   55    1    1    1    1    1    1    1    5   11  0.00000E+00 0.00000 
   56    1    1    1    1    1    1    1    6    1  9.95650E+03 0.00438 
   57    1    1    1    1    1    1    1    6    2  9.90481E+03 0.00446 
   58    1    1    1    1    1    1    1    6    3  0.00000E+00 0.00000 
   59    1    1    1    1    1    1    1    6    4  9.45217E+03 0.00449 
   60    1    1    1    1    1    1    1    6    5  9.24775E+03 0.00454 
   61    1    1    1    1    1    1    1    6    6  0.00000E+00 0.00000 
   62    1    1    1    1    1    1    1    6    7  8.65992E+03 0.00466 
   63    1    1    1    1    1    1    1    6    8  8.49833E+03 0.00467 
   64    1    1    1    1    1    1    1    6    9  0.00000E+00 0.00000 
   65    1    1    1    1    1    1    1    6   10  8.29921E+03 0.00459 
   66    1    1    1    1    1    1    1    6   11  8.08286E+03 0.00468 
   67    1    1    1    1    1    1    1    7    1  0.00000E+00 0.00000 
   68    1    1    1    1    1    1    1    7    2  9.17591E+03 0.00448 
   69    1    1    1    1    1    1    1    7    3  9.05782E+03 0.00456 
   70    1    1    1    1    1    1    1    7    4  0.00000E+00 0.00000 
   71    1    1    1    1    1    1    1    7    5  8.70582E+03 0.00457 
   72    1    1    1    1    1    1    1    7    6  8.53469E+03 0.00461 
   73    1    1    1    1    1    1    1    7    7  0.00000E+00 0.00000 
   74    1    1    1    1    1    1    1    7    8  8.24625E+03 0.00466 
   75    1    1    1    1    1    1    1    7    9  8.21565E+03 0.00471 
   76    1    1    1    1    1    1    1    7   10  0.00000E+00 0.00000 
   77    1    1    1    1    1    1    1    7   11  8.02776E+03 0.00476 
   78    1    1    1    1    1    1    1    8    1  8.82135E+03 0.00457 
   79    1    1    1    1    1    1    1    8    2  0.00000E+00 0.00000 
   80    1    1    1    1    1    1    1    8    3  8.60252E+03 0.00482 
   81    1    1    1    1    1    1    1    8    4  8.55096E+03 0.00468 
   82    1    1    1    1    1    1    1    8    5  0.00000E+00 0.00000 
   83    1    1    1    1    1    1    1    8    6  8.16002E+03 0.00457 
   84    1    1    1    1    1    1    1    8    7  8.05878E+03 0.00462 
   85    1    1    1    1    1    1    1    8    8  0.00000E+00 0.00000 
   86    1    1    1    1    1    1    1    8    9  8.10065E+03 0.00480 
   87    1    1    1    1    1    1    1    8   10  7.85063E+03 0.00476 
   88    1    1    1    1    1    1    1    8   11  0.00000E+00 0.00000 
   89    1    1    1    1    1    1    1    9    1  8.60266E+03 0.00460 
   90    1    1    1    1    1    1    1    9    2  8.40945E+03 0.00458 
   91    1    1    1    1    1    1    1    9    3  0.00000E+00 0.00000 
   92    1    1    1    1    1    1    1    9    4  8.29012E+03 0.00464 
   93    1    1    1    1    1    1    1    9    5  8.19940E+03 0.00491 
   94    1    1    1    1    1    1    1    9    6  0.00000E+00 0.00000 
   95    1    1    1    1    1    1    1    9    7  7.90957E+03 0.00471 
   96    1    1    1    1    1    1    1    9    8  7.93297E+03 0.00480 
   97    1    1    1    1    1    1    1    9    9  0.00000E+00 0.00000 
   98    1    1    1    1    1    1    1    9   10  7.75057E+03 0.00495 
   99    1    1    1    1    1    1    1    9   11  7.66271E+03 0.00478 
  100    1    1    1    1    1    1    1   10    1  0.00000E+00 0.00000 
  101    1    1    1    1    1    1    1   10    2  8.24879E+03 0.00478 
  102    1    1    1    1    1    1    1   10    3  8.14635E+03 0.00483 
  103    1    1    1    1    1    1    1   10    4  0.00000E+00 0.00000 
  104    1    1    1    1    1    1    1   10    5  7.96344E+03 0.00473 
  105    1    1    1    1    1    1    1   10    6  7.84877E+03 0.00480 
  106    1    1    1    1    1    1    1   10    7  0.00000E+00 0.00000 
  107    1    1    1    1    1    1    1   10    8  7.65351E+03 0.00483 
  108    1    1    1    1    1    1    1   10    9  7.59784E+03 0.00487 
  109    1    1    1    1    1    1    1   10   10  0.00000E+00 0.00000 
