
DETassem1 = [
    1    1    1    1    1    1    1    1    1    1  0.00000E+00 0.00000 
    2    1    1    1    1    1    1    1    1    2  0.00000E+00 0.00000 
    3    1    1    1    1    1    1    1    1    3  0.00000E+00 0.00000 
    4    1    1    1    1    1    1    1    1    4  0.00000E+00 0.00000 
    5    1    1    1    1    1    1    1    1    5  0.00000E+00 0.00000 
    6    1    1    1    1    1    1    1    1    6  0.00000E+00 0.00000 
    7    1    1    1    1    1    1    1    1    7  0.00000E+00 0.00000 
    8    1    1    1    1    1    1    1    1    8  1.78036E+04 0.00361 
    9    1    1    1    1    1    1    1    1    9  1.38113E+04 0.00387 
   10    1    1    1    1    1    1    1    1   10  0.00000E+00 0.00000 
   11    1    1    1    1    1    1    1    1   11  1.03472E+04 0.00424 
   12    1    1    1    1    1    1    1    2    1  1.92271E+04 0.00348 
   13    1    1    1    1    1    1    1    2    2  0.00000E+00 0.00000 
   14    1    1    1    1    1    1    1    2    3  0.00000E+00 0.00000 
   15    1    1    1    1    1    1    1    2    4  0.00000E+00 0.00000 
   16    1    1    1    1    1    1    1    2    5  0.00000E+00 0.00000 
   17    1    1    1    1    1    1    1    2    6  1.91377E+04 0.00348 
   18    1    1    1    1    1    1    1    2    7  1.56381E+04 0.00371 
   19    1    1    1    1    1    1    1    2    8  0.00000E+00 0.00000 
   20    1    1    1    1    1    1    1    2    9  1.13281E+04 0.00406 
   21    1    1    1    1    1    1    1    2   10  1.03485E+04 0.00424 
   22    1    1    1    1    1    1    1    2   11  0.00000E+00 0.00000 
   23    1    1    1    1    1    1    1    3    1  1.56584E+04 0.00370 
   24    1    1    1    1    1    1    1    3    2  1.77226E+04 0.00360 
   25    1    1    1    1    1    1    1    3    3  0.00000E+00 0.00000 
   26    1    1    1    1    1    1    1    3    4  1.77704E+04 0.00354 
   27    1    1    1    1    1    1    1    3    5  1.56880E+04 0.00380 
   28    1    1    1    1    1    1    1    3    6  0.00000E+00 0.00000 
   29    1    1    1    1    1    1    1    3    7  1.23522E+04 0.00420 
   30    1    1    1    1    1    1    1    3    8  1.09998E+04 0.00412 
   31    1    1    1    1    1    1    1    3    9  0.00000E+00 0.00000 
   32    1    1    1    1    1    1    1    3   10  9.55578E+03 0.00441 
   33    1    1    1    1    1    1    1    3   11  9.21120E+03 0.00438 
   34    1    1    1    1    1    1    1    4    1  0.00000E+00 0.00000 
   35    1    1    1    1    1    1    1    4    2  1.37308E+04 0.00392 
   36    1    1    1    1    1    1    1    4    3  1.38137E+04 0.00386 
   37    1    1    1    1    1    1    1    4    4  0.00000E+00 0.00000 
   38    1    1    1    1    1    1    1    4    5  1.21077E+04 0.00401 
   39    1    1    1    1    1    1    1    4    6  1.13893E+04 0.00401 
   40    1    1    1    1    1    1    1    4    7  0.00000E+00 0.00000 
   41    1    1    1    1    1    1    1    4    8  9.97286E+03 0.00425 
   42    1    1    1    1    1    1    1    4    9  9.37589E+03 0.00433 
   43    1    1    1    1    1    1    1    4   10  0.00000E+00 0.00000 
   44    1    1    1    1    1    1    1    4   11  8.94359E+03 0.00443 
   45    1    1    1    1    1    1    1    5    1  1.13981E+04 0.00419 
   46    1    1    1    1    1    1    1    5    2  0.00000E+00 0.00000 
   47    1    1    1    1    1    1    1    5    3  1.13990E+04 0.00413 
   48    1    1    1    1    1    1    1    5    4  1.10235E+04 0.00420 
   49    1    1    1    1    1    1    1    5    5  0.00000E+00 0.00000 
   50    1    1    1    1    1    1    1    5    6  1.00078E+04 0.00426 
   51    1    1    1    1    1    1    1    5    7  9.65322E+03 0.00439 
   52    1    1    1    1    1    1    1    5    8  0.00000E+00 0.00000 
   53    1    1    1    1    1    1    1    5    9  8.91778E+03 0.00429 
   54    1    1    1    1    1    1    1    5   10  8.79299E+03 0.00440 
   55    1    1    1    1    1    1    1    5   11  0.00000E+00 0.00000 
   56    1    1    1    1    1    1    1    6    1  1.03390E+04 0.00427 
   57    1    1    1    1    1    1    1    6    2  1.02831E+04 0.00429 
   58    1    1    1    1    1    1    1    6    3  0.00000E+00 0.00000 
   59    1    1    1    1    1    1    1    6    4  9.91091E+03 0.00430 
   60    1    1    1    1    1    1    1    6    5  9.61478E+03 0.00433 
   61    1    1    1    1    1    1    1    6    6  0.00000E+00 0.00000 
   62    1    1    1    1    1    1    1    6    7  9.10219E+03 0.00444 
   63    1    1    1    1    1    1    1    6    8  8.95232E+03 0.00444 
   64    1    1    1    1    1    1    1    6    9  0.00000E+00 0.00000 
   65    1    1    1    1    1    1    1    6   10  8.61854E+03 0.00448 
   66    1    1    1    1    1    1    1    6   11  8.52869E+03 0.00447 
   67    1    1    1    1    1    1    1    7    1  0.00000E+00 0.00000 
   68    1    1    1    1    1    1    1    7    2  9.52198E+03 0.00431 
   69    1    1    1    1    1    1    1    7    3  9.43330E+03 0.00436 
   70    1    1    1    1    1    1    1    7    4  0.00000E+00 0.00000 
   71    1    1    1    1    1    1    1    7    5  9.02064E+03 0.00433 
   72    1    1    1    1    1    1    1    7    6  8.81612E+03 0.00433 
   73    1    1    1    1    1    1    1    7    7  0.00000E+00 0.00000 
   74    1    1    1    1    1    1    1    7    8  8.58499E+03 0.00441 
   75    1    1    1    1    1    1    1    7    9  8.38917E+03 0.00451 
   76    1    1    1    1    1    1    1    7   10  0.00000E+00 0.00000 
   77    1    1    1    1    1    1    1    7   11  8.36188E+03 0.00444 
   78    1    1    1    1    1    1    1    8    1  9.15917E+03 0.00441 
   79    1    1    1    1    1    1    1    8    2  0.00000E+00 0.00000 
   80    1    1    1    1    1    1    1    8    3  8.92137E+03 0.00440 
   81    1    1    1    1    1    1    1    8    4  8.85224E+03 0.00440 
   82    1    1    1    1    1    1    1    8    5  0.00000E+00 0.00000 
   83    1    1    1    1    1    1    1    8    6  8.58553E+03 0.00442 
   84    1    1    1    1    1    1    1    8    7  8.49736E+03 0.00444 
   85    1    1    1    1    1    1    1    8    8  0.00000E+00 0.00000 
   86    1    1    1    1    1    1    1    8    9  8.24213E+03 0.00458 
   87    1    1    1    1    1    1    1    8   10  8.32370E+03 0.00455 
   88    1    1    1    1    1    1    1    8   11  0.00000E+00 0.00000 
   89    1    1    1    1    1    1    1    9    1  8.85011E+03 0.00437 
   90    1    1    1    1    1    1    1    9    2  8.73580E+03 0.00444 
   91    1    1    1    1    1    1    1    9    3  0.00000E+00 0.00000 
   92    1    1    1    1    1    1    1    9    4  8.54992E+03 0.00454 
   93    1    1    1    1    1    1    1    9    5  8.47399E+03 0.00450 
   94    1    1    1    1    1    1    1    9    6  0.00000E+00 0.00000 
   95    1    1    1    1    1    1    1    9    7  8.36119E+03 0.00452 
   96    1    1    1    1    1    1    1    9    8  8.24465E+03 0.00474 
   97    1    1    1    1    1    1    1    9    9  0.00000E+00 0.00000 
   98    1    1    1    1    1    1    1    9   10  8.12827E+03 0.00471 
   99    1    1    1    1    1    1    1    9   11  7.96753E+03 0.00469 
  100    1    1    1    1    1    1    1   10    1  0.00000E+00 0.00000 
  101    1    1    1    1    1    1    1   10    2  8.64174E+03 0.00452 
  102    1    1    1    1    1    1    1   10    3  8.43735E+03 0.00453 
  103    1    1    1    1    1    1    1   10    4  0.00000E+00 0.00000 
  104    1    1    1    1    1    1    1   10    5  8.34273E+03 0.00442 
  105    1    1    1    1    1    1    1   10    6  8.22855E+03 0.00449 
  106    1    1    1    1    1    1    1   10    7  0.00000E+00 0.00000 
  107    1    1    1    1    1    1    1   10    8  8.08763E+03 0.00460 
  108    1    1    1    1    1    1    1   10    9  7.96928E+03 0.00469 
  109    1    1    1    1    1    1    1   10   10  0.00000E+00 0.00000 
