
DETassem1 = [
    1    1    1    1    1    1    1    1    1    1  0.00000E+00 0.00000 
    2    1    1    1    1    1    1    1    1    2  0.00000E+00 0.00000 
    3    1    1    1    1    1    1    1    1    3  0.00000E+00 0.00000 
    4    1    1    1    1    1    1    1    1    4  0.00000E+00 0.00000 
    5    1    1    1    1    1    1    1    1    5  0.00000E+00 0.00000 
    6    1    1    1    1    1    1    1    1    6  0.00000E+00 0.00000 
    7    1    1    1    1    1    1    1    1    7  0.00000E+00 0.00000 
    8    1    1    1    1    1    1    1    1    8  1.77820E+04 0.00355 
    9    1    1    1    1    1    1    1    1    9  1.39817E+04 0.00384 
   10    1    1    1    1    1    1    1    1   10  0.00000E+00 0.00000 
   11    1    1    1    1    1    1    1    1   11  1.04132E+04 0.00431 
   12    1    1    1    1    1    1    1    2    1  1.90182E+04 0.00342 
   13    1    1    1    1    1    1    1    2    2  0.00000E+00 0.00000 
   14    1    1    1    1    1    1    1    2    3  0.00000E+00 0.00000 
   15    1    1    1    1    1    1    1    2    4  0.00000E+00 0.00000 
   16    1    1    1    1    1    1    1    2    5  0.00000E+00 0.00000 
   17    1    1    1    1    1    1    1    2    6  1.91588E+04 0.00347 
   18    1    1    1    1    1    1    1    2    7  1.56626E+04 0.00372 
   19    1    1    1    1    1    1    1    2    8  0.00000E+00 0.00000 
   20    1    1    1    1    1    1    1    2    9  1.14726E+04 0.00413 
   21    1    1    1    1    1    1    1    2   10  1.03167E+04 0.00421 
   22    1    1    1    1    1    1    1    2   11  0.00000E+00 0.00000 
   23    1    1    1    1    1    1    1    3    1  1.57150E+04 0.00374 
   24    1    1    1    1    1    1    1    3    2  1.78528E+04 0.00356 
   25    1    1    1    1    1    1    1    3    3  0.00000E+00 0.00000 
   26    1    1    1    1    1    1    1    3    4  1.79617E+04 0.00354 
   27    1    1    1    1    1    1    1    3    5  1.56441E+04 0.00366 
   28    1    1    1    1    1    1    1    3    6  0.00000E+00 0.00000 
   29    1    1    1    1    1    1    1    3    7  1.22528E+04 0.00403 
   30    1    1    1    1    1    1    1    3    8  1.10171E+04 0.00413 
   31    1    1    1    1    1    1    1    3    9  0.00000E+00 0.00000 
   32    1    1    1    1    1    1    1    3   10  9.57249E+03 0.00438 
   33    1    1    1    1    1    1    1    3   11  9.12972E+03 0.00433 
   34    1    1    1    1    1    1    1    4    1  0.00000E+00 0.00000 
   35    1    1    1    1    1    1    1    4    2  1.40129E+04 0.00382 
   36    1    1    1    1    1    1    1    4    3  1.39317E+04 0.00386 
   37    1    1    1    1    1    1    1    4    4  0.00000E+00 0.00000 
   38    1    1    1    1    1    1    1    4    5  1.22135E+04 0.00402 
   39    1    1    1    1    1    1    1    4    6  1.13624E+04 0.00403 
   40    1    1    1    1    1    1    1    4    7  0.00000E+00 0.00000 
   41    1    1    1    1    1    1    1    4    8  9.81050E+03 0.00418 
   42    1    1    1    1    1    1    1    4    9  9.43456E+03 0.00432 
   43    1    1    1    1    1    1    1    4   10  0.00000E+00 0.00000 
   44    1    1    1    1    1    1    1    4   11  8.88868E+03 0.00446 
   45    1    1    1    1    1    1    1    5    1  1.14719E+04 0.00410 
   46    1    1    1    1    1    1    1    5    2  0.00000E+00 0.00000 
   47    1    1    1    1    1    1    1    5    3  1.14996E+04 0.00413 
   48    1    1    1    1    1    1    1    5    4  1.10090E+04 0.00421 
   49    1    1    1    1    1    1    1    5    5  0.00000E+00 0.00000 
   50    1    1    1    1    1    1    1    5    6  1.00111E+04 0.00427 
   51    1    1    1    1    1    1    1    5    7  9.53693E+03 0.00431 
   52    1    1    1    1    1    1    1    5    8  0.00000E+00 0.00000 
   53    1    1    1    1    1    1    1    5    9  8.95936E+03 0.00440 
   54    1    1    1    1    1    1    1    5   10  8.83352E+03 0.00447 
   55    1    1    1    1    1    1    1    5   11  0.00000E+00 0.00000 
   56    1    1    1    1    1    1    1    6    1  1.03478E+04 0.00434 
   57    1    1    1    1    1    1    1    6    2  1.03165E+04 0.00429 
   58    1    1    1    1    1    1    1    6    3  0.00000E+00 0.00000 
   59    1    1    1    1    1    1    1    6    4  9.74888E+03 0.00432 
   60    1    1    1    1    1    1    1    6    5  9.55979E+03 0.00427 
   61    1    1    1    1    1    1    1    6    6  0.00000E+00 0.00000 
   62    1    1    1    1    1    1    1    6    7  9.02811E+03 0.00444 
   63    1    1    1    1    1    1    1    6    8  8.83318E+03 0.00441 
   64    1    1    1    1    1    1    1    6    9  0.00000E+00 0.00000 
   65    1    1    1    1    1    1    1    6   10  8.61716E+03 0.00451 
   66    1    1    1    1    1    1    1    6   11  8.48033E+03 0.00453 
   67    1    1    1    1    1    1    1    7    1  0.00000E+00 0.00000 
   68    1    1    1    1    1    1    1    7    2  9.53010E+03 0.00431 
   69    1    1    1    1    1    1    1    7    3  9.41784E+03 0.00433 
   70    1    1    1    1    1    1    1    7    4  0.00000E+00 0.00000 
   71    1    1    1    1    1    1    1    7    5  9.05052E+03 0.00441 
   72    1    1    1    1    1    1    1    7    6  8.93432E+03 0.00445 
   73    1    1    1    1    1    1    1    7    7  0.00000E+00 0.00000 
   74    1    1    1    1    1    1    1    7    8  8.61720E+03 0.00452 
   75    1    1    1    1    1    1    1    7    9  8.42930E+03 0.00449 
   76    1    1    1    1    1    1    1    7   10  0.00000E+00 0.00000 
   77    1    1    1    1    1    1    1    7   11  8.26334E+03 0.00450 
   78    1    1    1    1    1    1    1    8    1  9.04781E+03 0.00433 
   79    1    1    1    1    1    1    1    8    2  0.00000E+00 0.00000 
   80    1    1    1    1    1    1    1    8    3  8.88320E+03 0.00436 
   81    1    1    1    1    1    1    1    8    4  8.78536E+03 0.00453 
   82    1    1    1    1    1    1    1    8    5  0.00000E+00 0.00000 
   83    1    1    1    1    1    1    1    8    6  8.50471E+03 0.00453 
   84    1    1    1    1    1    1    1    8    7  8.38430E+03 0.00465 
   85    1    1    1    1    1    1    1    8    8  0.00000E+00 0.00000 
   86    1    1    1    1    1    1    1    8    9  8.32812E+03 0.00447 
   87    1    1    1    1    1    1    1    8   10  8.10986E+03 0.00465 
   88    1    1    1    1    1    1    1    8   11  0.00000E+00 0.00000 
   89    1    1    1    1    1    1    1    9    1  8.87514E+03 0.00442 
   90    1    1    1    1    1    1    1    9    2  8.75402E+03 0.00440 
   91    1    1    1    1    1    1    1    9    3  0.00000E+00 0.00000 
   92    1    1    1    1    1    1    1    9    4  8.50877E+03 0.00446 
   93    1    1    1    1    1    1    1    9    5  8.40277E+03 0.00439 
   94    1    1    1    1    1    1    1    9    6  0.00000E+00 0.00000 
   95    1    1    1    1    1    1    1    9    7  8.29200E+03 0.00449 
   96    1    1    1    1    1    1    1    9    8  8.22462E+03 0.00456 
   97    1    1    1    1    1    1    1    9    9  0.00000E+00 0.00000 
   98    1    1    1    1    1    1    1    9   10  7.94482E+03 0.00472 
   99    1    1    1    1    1    1    1    9   11  7.98167E+03 0.00468 
  100    1    1    1    1    1    1    1   10    1  0.00000E+00 0.00000 
  101    1    1    1    1    1    1    1   10    2  8.54134E+03 0.00451 
  102    1    1    1    1    1    1    1   10    3  8.43085E+03 0.00457 
  103    1    1    1    1    1    1    1   10    4  0.00000E+00 0.00000 
  104    1    1    1    1    1    1    1   10    5  8.29168E+03 0.00460 
  105    1    1    1    1    1    1    1   10    6  8.21422E+03 0.00468 
  106    1    1    1    1    1    1    1   10    7  0.00000E+00 0.00000 
  107    1    1    1    1    1    1    1   10    8  7.96414E+03 0.00459 
  108    1    1    1    1    1    1    1   10    9  7.76224E+03 0.00470 
  109    1    1    1    1    1    1    1   10   10  0.00000E+00 0.00000 
