
DETassem1 = [
    1    1    1    1    1    1    1    1    1    1  0.00000E+00 0.00000 
    2    1    1    1    1    1    1    1    1    2  0.00000E+00 0.00000 
    3    1    1    1    1    1    1    1    1    3  0.00000E+00 0.00000 
    4    1    1    1    1    1    1    1    1    4  0.00000E+00 0.00000 
    5    1    1    1    1    1    1    1    1    5  0.00000E+00 0.00000 
    6    1    1    1    1    1    1    1    1    6  0.00000E+00 0.00000 
    7    1    1    1    1    1    1    1    1    7  0.00000E+00 0.00000 
    8    1    1    1    1    1    1    1    1    8  1.84381E+04 0.00361 
    9    1    1    1    1    1    1    1    1    9  1.39139E+04 0.00400 
   10    1    1    1    1    1    1    1    1   10  0.00000E+00 0.00000 
   11    1    1    1    1    1    1    1    1   11  1.01214E+04 0.00443 
   12    1    1    1    1    1    1    1    2    1  1.98492E+04 0.00356 
   13    1    1    1    1    1    1    1    2    2  0.00000E+00 0.00000 
   14    1    1    1    1    1    1    1    2    3  0.00000E+00 0.00000 
   15    1    1    1    1    1    1    1    2    4  0.00000E+00 0.00000 
   16    1    1    1    1    1    1    1    2    5  0.00000E+00 0.00000 
   17    1    1    1    1    1    1    1    2    6  1.97167E+04 0.00361 
   18    1    1    1    1    1    1    1    2    7  1.59354E+04 0.00390 
   19    1    1    1    1    1    1    1    2    8  0.00000E+00 0.00000 
   20    1    1    1    1    1    1    1    2    9  1.13487E+04 0.00426 
   21    1    1    1    1    1    1    1    2   10  1.01000E+04 0.00449 
   22    1    1    1    1    1    1    1    2   11  0.00000E+00 0.00000 
   23    1    1    1    1    1    1    1    3    1  1.57687E+04 0.00388 
   24    1    1    1    1    1    1    1    3    2  1.84063E+04 0.00372 
   25    1    1    1    1    1    1    1    3    3  0.00000E+00 0.00000 
   26    1    1    1    1    1    1    1    3    4  1.83189E+04 0.00362 
   27    1    1    1    1    1    1    1    3    5  1.58061E+04 0.00376 
   28    1    1    1    1    1    1    1    3    6  0.00000E+00 0.00000 
   29    1    1    1    1    1    1    1    3    7  1.19606E+04 0.00427 
   30    1    1    1    1    1    1    1    3    8  1.08499E+04 0.00430 
   31    1    1    1    1    1    1    1    3    9  0.00000E+00 0.00000 
   32    1    1    1    1    1    1    1    3   10  9.34633E+03 0.00448 
   33    1    1    1    1    1    1    1    3   11  8.95263E+03 0.00457 
   34    1    1    1    1    1    1    1    4    1  0.00000E+00 0.00000 
   35    1    1    1    1    1    1    1    4    2  1.40244E+04 0.00403 
   36    1    1    1    1    1    1    1    4    3  1.39498E+04 0.00404 
   37    1    1    1    1    1    1    1    4    4  0.00000E+00 0.00000 
   38    1    1    1    1    1    1    1    4    5  1.20237E+04 0.00428 
   39    1    1    1    1    1    1    1    4    6  1.10001E+04 0.00429 
   40    1    1    1    1    1    1    1    4    7  0.00000E+00 0.00000 
   41    1    1    1    1    1    1    1    4    8  9.59622E+03 0.00452 
   42    1    1    1    1    1    1    1    4    9  9.22024E+03 0.00441 
   43    1    1    1    1    1    1    1    4   10  0.00000E+00 0.00000 
   44    1    1    1    1    1    1    1    4   11  8.61362E+03 0.00461 
   45    1    1    1    1    1    1    1    5    1  1.12429E+04 0.00429 
   46    1    1    1    1    1    1    1    5    2  0.00000E+00 0.00000 
   47    1    1    1    1    1    1    1    5    3  1.11818E+04 0.00431 
   48    1    1    1    1    1    1    1    5    4  1.07791E+04 0.00437 
   49    1    1    1    1    1    1    1    5    5  0.00000E+00 0.00000 
   50    1    1    1    1    1    1    1    5    6  9.70521E+03 0.00447 
   51    1    1    1    1    1    1    1    5    7  9.28860E+03 0.00441 
   52    1    1    1    1    1    1    1    5    8  0.00000E+00 0.00000 
   53    1    1    1    1    1    1    1    5    9  8.68389E+03 0.00461 
   54    1    1    1    1    1    1    1    5   10  8.47055E+03 0.00471 
   55    1    1    1    1    1    1    1    5   11  0.00000E+00 0.00000 
   56    1    1    1    1    1    1    1    6    1  1.00912E+04 0.00441 
   57    1    1    1    1    1    1    1    6    2  1.01268E+04 0.00444 
   58    1    1    1    1    1    1    1    6    3  0.00000E+00 0.00000 
   59    1    1    1    1    1    1    1    6    4  9.50013E+03 0.00450 
   60    1    1    1    1    1    1    1    6    5  9.30343E+03 0.00451 
   61    1    1    1    1    1    1    1    6    6  0.00000E+00 0.00000 
   62    1    1    1    1    1    1    1    6    7  8.76795E+03 0.00452 
   63    1    1    1    1    1    1    1    6    8  8.48005E+03 0.00461 
   64    1    1    1    1    1    1    1    6    9  0.00000E+00 0.00000 
   65    1    1    1    1    1    1    1    6   10  8.33019E+03 0.00450 
   66    1    1    1    1    1    1    1    6   11  8.09858E+03 0.00479 
   67    1    1    1    1    1    1    1    7    1  0.00000E+00 0.00000 
   68    1    1    1    1    1    1    1    7    2  9.24405E+03 0.00449 
   69    1    1    1    1    1    1    1    7    3  9.09545E+03 0.00461 
   70    1    1    1    1    1    1    1    7    4  0.00000E+00 0.00000 
   71    1    1    1    1    1    1    1    7    5  8.69521E+03 0.00461 
   72    1    1    1    1    1    1    1    7    6  8.60631E+03 0.00454 
   73    1    1    1    1    1    1    1    7    7  0.00000E+00 0.00000 
   74    1    1    1    1    1    1    1    7    8  8.24805E+03 0.00469 
   75    1    1    1    1    1    1    1    7    9  8.22015E+03 0.00471 
   76    1    1    1    1    1    1    1    7   10  0.00000E+00 0.00000 
   77    1    1    1    1    1    1    1    7   11  7.99720E+03 0.00481 
   78    1    1    1    1    1    1    1    8    1  8.89983E+03 0.00456 
   79    1    1    1    1    1    1    1    8    2  0.00000E+00 0.00000 
   80    1    1    1    1    1    1    1    8    3  8.64113E+03 0.00453 
   81    1    1    1    1    1    1    1    8    4  8.53121E+03 0.00459 
   82    1    1    1    1    1    1    1    8    5  0.00000E+00 0.00000 
   83    1    1    1    1    1    1    1    8    6  8.25530E+03 0.00461 
   84    1    1    1    1    1    1    1    8    7  8.16494E+03 0.00472 
   85    1    1    1    1    1    1    1    8    8  0.00000E+00 0.00000 
   86    1    1    1    1    1    1    1    8    9  7.99935E+03 0.00465 
   87    1    1    1    1    1    1    1    8   10  7.89829E+03 0.00482 
   88    1    1    1    1    1    1    1    8   11  0.00000E+00 0.00000 
   89    1    1    1    1    1    1    1    9    1  8.56380E+03 0.00464 
   90    1    1    1    1    1    1    1    9    2  8.45325E+03 0.00473 
   91    1    1    1    1    1    1    1    9    3  0.00000E+00 0.00000 
   92    1    1    1    1    1    1    1    9    4  8.27440E+03 0.00474 
   93    1    1    1    1    1    1    1    9    5  8.11858E+03 0.00467 
   94    1    1    1    1    1    1    1    9    6  0.00000E+00 0.00000 
   95    1    1    1    1    1    1    1    9    7  7.99522E+03 0.00470 
   96    1    1    1    1    1    1    1    9    8  7.92419E+03 0.00469 
   97    1    1    1    1    1    1    1    9    9  0.00000E+00 0.00000 
   98    1    1    1    1    1    1    1    9   10  7.80069E+03 0.00488 
   99    1    1    1    1    1    1    1    9   11  7.77094E+03 0.00475 
  100    1    1    1    1    1    1    1   10    1  0.00000E+00 0.00000 
  101    1    1    1    1    1    1    1   10    2  8.31205E+03 0.00468 
  102    1    1    1    1    1    1    1   10    3  8.22787E+03 0.00470 
  103    1    1    1    1    1    1    1   10    4  0.00000E+00 0.00000 
  104    1    1    1    1    1    1    1   10    5  7.93842E+03 0.00476 
  105    1    1    1    1    1    1    1   10    6  7.97942E+03 0.00479 
  106    1    1    1    1    1    1    1   10    7  0.00000E+00 0.00000 
  107    1    1    1    1    1    1    1   10    8  7.78479E+03 0.00480 
  108    1    1    1    1    1    1    1   10    9  7.62493E+03 0.00481 
  109    1    1    1    1    1    1    1   10   10  0.00000E+00 0.00000 
