
ZAI = [
922350
922380
666
0
];

NAMES = [
'U235            '
'U238            '
'lost            '
'total           '
];

i922350 = 1; iU235             = 1;
i922380 = 2; iU238             = 2;
iLOST    = 3;
iTOT     = 4;

MAT_un_VOLUME = [ 2.67704E+05 2.67704E+05 ];

MAT_un_BURNUP = [ 0.00000E+00 4.28188E+01 ];

MAT_un_ADENS = [
4.83387E-03 3.51120E-03 % U235
1.93936E-02 1.88545E-02 % U238
0.00000E+00 3.82061E-30 % lost data
7.26897E-02 7.37991E-02 % total
];

MAT_un_MDENS = [
1.88669E+00 1.37044E+00 % U235
7.66628E+00 7.45316E+00 % U238
0.00000E+00 0.00000E+00 % lost data
1.08000E+01 1.07986E+01 % total
];

MAT_un_A = [
4.03852E+10 2.93348E+10 % U235
2.55230E+10 2.48135E+10 % U238
0.00000E+00 0.00000E+00 % lost data
6.59082E+10 3.28339E+18 % total
];

MAT_un_H = [
3.02744E-02 2.19906E-02 % U235
1.74614E-02 1.69760E-02 % U238
0.00000E+00 0.00000E+00 % lost data
4.77358E-02 9.64680E+05 % total
];

MAT_un_SF = [
2.90773E+00 2.11211E+00 % U235
1.39356E+04 1.35482E+04 % U238
0.00000E+00 0.00000E+00 % lost data
1.39385E+04 1.03419E+08 % total
];

MAT_un_GSRC = [
5.10270E+10 3.70647E+10 % U235
2.26016E+09 2.19732E+09 % U238
0.00000E+00 0.00000E+00 % lost data
5.32871E+10 3.52979E+18 % total
];

MAT_un_ING_TOX = [
1.89810E+03 1.37874E+03 % U235
1.14854E+03 1.11661E+03 % U238
0.00000E+00 0.00000E+00 % lost data
3.04664E+03 2.23517E+09 % total
];

MAT_un_INH_TOX = [
3.43274E+05 2.49346E+05 % U235
2.04184E+05 1.98508E+05 % U238
0.00000E+00 0.00000E+00 % lost data
5.47458E+05 8.01694E+10 % total
];

TOT_VOLUME = [ 2.67704E+05 2.67704E+05 ];

TOT_BURNUP = [ 0.00000E+00 4.28188E+01 ];

TOT_ADENS = [
4.83387E-03 3.51120E-03 % U235
1.93936E-02 1.88545E-02 % U238
0.00000E+00 3.82061E-30 % lost data
7.26897E-02 7.37991E-02 % total
];

TOT_MASS = [
5.05074E+05 3.66873E+05 % U235
2.05229E+06 1.99524E+06 % U238
0.00000E+00 0.00000E+00 % lost data
2.89120E+06 2.89083E+06 % total
];

TOT_A = [
4.03852E+10 2.93348E+10 % U235
2.55230E+10 2.48135E+10 % U238
0.00000E+00 0.00000E+00 % lost data
6.59082E+10 3.28339E+18 % total
];

TOT_H = [
3.02744E-02 2.19906E-02 % U235
1.74614E-02 1.69760E-02 % U238
0.00000E+00 0.00000E+00 % lost data
4.77358E-02 9.64680E+05 % total
];

TOT_SF = [
2.90773E+00 2.11211E+00 % U235
1.39356E+04 1.35482E+04 % U238
0.00000E+00 0.00000E+00 % lost data
1.39385E+04 1.03419E+08 % total
];

TOT_GSRC = [
5.10270E+10 3.70647E+10 % U235
2.26016E+09 2.19732E+09 % U238
0.00000E+00 0.00000E+00 % lost data
5.32871E+10 3.52979E+18 % total
];

TOT_ING_TOX = [
1.89810E+03 1.37874E+03 % U235
1.14854E+03 1.11661E+03 % U238
0.00000E+00 0.00000E+00 % lost data
3.04664E+03 2.23517E+09 % total
];

TOT_INH_TOX = [
3.43274E+05 2.49346E+05 % U235
2.04184E+05 1.98508E+05 % U238
0.00000E+00 0.00000E+00 % lost data
5.47458E+05 8.01694E+10 % total
];

BU = [ 0.00000E+00 4.28175E+01 ];

DAYS = [ 0.00000E+00 7.30000E+03 ];
