
DETassem1 = [
    1    1    1    1    1    1    1    1    1    1  0.00000E+00 0.00000 
    2    1    1    1    1    1    1    1    1    2  0.00000E+00 0.00000 
    3    1    1    1    1    1    1    1    1    3  0.00000E+00 0.00000 
    4    1    1    1    1    1    1    1    1    4  0.00000E+00 0.00000 
    5    1    1    1    1    1    1    1    1    5  0.00000E+00 0.00000 
    6    1    1    1    1    1    1    1    1    6  0.00000E+00 0.00000 
    7    1    1    1    1    1    1    1    1    7  0.00000E+00 0.00000 
    8    1    1    1    1    1    1    1    1    8  1.76189E+04 0.00360 
    9    1    1    1    1    1    1    1    1    9  1.36804E+04 0.00391 
   10    1    1    1    1    1    1    1    1   10  0.00000E+00 0.00000 
   11    1    1    1    1    1    1    1    1   11  1.01741E+04 0.00422 
   12    1    1    1    1    1    1    1    2    1  1.85976E+04 0.00358 
   13    1    1    1    1    1    1    1    2    2  0.00000E+00 0.00000 
   14    1    1    1    1    1    1    1    2    3  0.00000E+00 0.00000 
   15    1    1    1    1    1    1    1    2    4  0.00000E+00 0.00000 
   16    1    1    1    1    1    1    1    2    5  0.00000E+00 0.00000 
   17    1    1    1    1    1    1    1    2    6  1.85405E+04 0.00354 
   18    1    1    1    1    1    1    1    2    7  1.53498E+04 0.00381 
   19    1    1    1    1    1    1    1    2    8  0.00000E+00 0.00000 
   20    1    1    1    1    1    1    1    2    9  1.11539E+04 0.00413 
   21    1    1    1    1    1    1    1    2   10  1.01601E+04 0.00423 
   22    1    1    1    1    1    1    1    2   11  0.00000E+00 0.00000 
   23    1    1    1    1    1    1    1    3    1  1.54541E+04 0.00380 
   24    1    1    1    1    1    1    1    3    2  1.75854E+04 0.00362 
   25    1    1    1    1    1    1    1    3    3  0.00000E+00 0.00000 
   26    1    1    1    1    1    1    1    3    4  1.75605E+04 0.00361 
   27    1    1    1    1    1    1    1    3    5  1.53325E+04 0.00376 
   28    1    1    1    1    1    1    1    3    6  0.00000E+00 0.00000 
   29    1    1    1    1    1    1    1    3    7  1.19819E+04 0.00411 
   30    1    1    1    1    1    1    1    3    8  1.08421E+04 0.00422 
   31    1    1    1    1    1    1    1    3    9  0.00000E+00 0.00000 
   32    1    1    1    1    1    1    1    3   10  9.52849E+03 0.00428 
   33    1    1    1    1    1    1    1    3   11  9.13554E+03 0.00438 
   34    1    1    1    1    1    1    1    4    1  0.00000E+00 0.00000 
   35    1    1    1    1    1    1    1    4    2  1.37311E+04 0.00380 
   36    1    1    1    1    1    1    1    4    3  1.37355E+04 0.00395 
   37    1    1    1    1    1    1    1    4    4  0.00000E+00 0.00000 
   38    1    1    1    1    1    1    1    4    5  1.19643E+04 0.00405 
   39    1    1    1    1    1    1    1    4    6  1.11074E+04 0.00416 
   40    1    1    1    1    1    1    1    4    7  0.00000E+00 0.00000 
   41    1    1    1    1    1    1    1    4    8  9.61568E+03 0.00431 
   42    1    1    1    1    1    1    1    4    9  9.28464E+03 0.00440 
   43    1    1    1    1    1    1    1    4   10  0.00000E+00 0.00000 
   44    1    1    1    1    1    1    1    4   11  8.86588E+03 0.00447 
   45    1    1    1    1    1    1    1    5    1  1.11337E+04 0.00414 
   46    1    1    1    1    1    1    1    5    2  0.00000E+00 0.00000 
   47    1    1    1    1    1    1    1    5    3  1.11306E+04 0.00414 
   48    1    1    1    1    1    1    1    5    4  1.08541E+04 0.00421 
   49    1    1    1    1    1    1    1    5    5  0.00000E+00 0.00000 
   50    1    1    1    1    1    1    1    5    6  9.76914E+03 0.00438 
   51    1    1    1    1    1    1    1    5    7  9.29554E+03 0.00435 
   52    1    1    1    1    1    1    1    5    8  0.00000E+00 0.00000 
   53    1    1    1    1    1    1    1    5    9  8.79191E+03 0.00445 
   54    1    1    1    1    1    1    1    5   10  8.68958E+03 0.00443 
   55    1    1    1    1    1    1    1    5   11  0.00000E+00 0.00000 
   56    1    1    1    1    1    1    1    6    1  1.01354E+04 0.00427 
   57    1    1    1    1    1    1    1    6    2  1.00891E+04 0.00440 
   58    1    1    1    1    1    1    1    6    3  0.00000E+00 0.00000 
   59    1    1    1    1    1    1    1    6    4  9.59491E+03 0.00435 
   60    1    1    1    1    1    1    1    6    5  9.33551E+03 0.00428 
   61    1    1    1    1    1    1    1    6    6  0.00000E+00 0.00000 
   62    1    1    1    1    1    1    1    6    7  8.92032E+03 0.00441 
   63    1    1    1    1    1    1    1    6    8  8.73424E+03 0.00448 
   64    1    1    1    1    1    1    1    6    9  0.00000E+00 0.00000 
   65    1    1    1    1    1    1    1    6   10  8.52704E+03 0.00450 
   66    1    1    1    1    1    1    1    6   11  8.41994E+03 0.00464 
   67    1    1    1    1    1    1    1    7    1  0.00000E+00 0.00000 
   68    1    1    1    1    1    1    1    7    2  9.45396E+03 0.00421 
   69    1    1    1    1    1    1    1    7    3  9.26665E+03 0.00439 
   70    1    1    1    1    1    1    1    7    4  0.00000E+00 0.00000 
   71    1    1    1    1    1    1    1    7    5  8.89571E+03 0.00436 
   72    1    1    1    1    1    1    1    7    6  8.71712E+03 0.00449 
   73    1    1    1    1    1    1    1    7    7  0.00000E+00 0.00000 
   74    1    1    1    1    1    1    1    7    8  8.47845E+03 0.00456 
   75    1    1    1    1    1    1    1    7    9  8.37300E+03 0.00455 
   76    1    1    1    1    1    1    1    7   10  0.00000E+00 0.00000 
   77    1    1    1    1    1    1    1    7   11  8.33828E+03 0.00452 
   78    1    1    1    1    1    1    1    8    1  9.15854E+03 0.00438 
   79    1    1    1    1    1    1    1    8    2  0.00000E+00 0.00000 
   80    1    1    1    1    1    1    1    8    3  8.85559E+03 0.00438 
   81    1    1    1    1    1    1    1    8    4  8.72917E+03 0.00442 
   82    1    1    1    1    1    1    1    8    5  0.00000E+00 0.00000 
   83    1    1    1    1    1    1    1    8    6  8.52565E+03 0.00445 
   84    1    1    1    1    1    1    1    8    7  8.30779E+03 0.00447 
   85    1    1    1    1    1    1    1    8    8  0.00000E+00 0.00000 
   86    1    1    1    1    1    1    1    8    9  8.28553E+03 0.00465 
   87    1    1    1    1    1    1    1    8   10  8.20573E+03 0.00453 
   88    1    1    1    1    1    1    1    8   11  0.00000E+00 0.00000 
   89    1    1    1    1    1    1    1    9    1  8.75061E+03 0.00448 
   90    1    1    1    1    1    1    1    9    2  8.72744E+03 0.00458 
   91    1    1    1    1    1    1    1    9    3  0.00000E+00 0.00000 
   92    1    1    1    1    1    1    1    9    4  8.47156E+03 0.00435 
   93    1    1    1    1    1    1    1    9    5  8.36003E+03 0.00458 
   94    1    1    1    1    1    1    1    9    6  0.00000E+00 0.00000 
   95    1    1    1    1    1    1    1    9    7  8.13771E+03 0.00459 
   96    1    1    1    1    1    1    1    9    8  8.18156E+03 0.00454 
   97    1    1    1    1    1    1    1    9    9  0.00000E+00 0.00000 
   98    1    1    1    1    1    1    1    9   10  8.01886E+03 0.00466 
   99    1    1    1    1    1    1    1    9   11  7.94104E+03 0.00471 
  100    1    1    1    1    1    1    1   10    1  0.00000E+00 0.00000 
  101    1    1    1    1    1    1    1   10    2  8.39718E+03 0.00460 
  102    1    1    1    1    1    1    1   10    3  8.40803E+03 0.00448 
  103    1    1    1    1    1    1    1   10    4  0.00000E+00 0.00000 
  104    1    1    1    1    1    1    1   10    5  8.09470E+03 0.00466 
  105    1    1    1    1    1    1    1   10    6  8.12956E+03 0.00474 
  106    1    1    1    1    1    1    1   10    7  0.00000E+00 0.00000 
  107    1    1    1    1    1    1    1   10    8  8.00680E+03 0.00467 
  108    1    1    1    1    1    1    1   10    9  7.92335E+03 0.00462 
  109    1    1    1    1    1    1    1   10   10  0.00000E+00 0.00000 
