
DETassem1 = [
    1    1    1    1    1    1    1    1    1    1  0.00000E+00 0.00000 
    2    1    1    1    1    1    1    1    1    2  0.00000E+00 0.00000 
    3    1    1    1    1    1    1    1    1    3  0.00000E+00 0.00000 
    4    1    1    1    1    1    1    1    1    4  0.00000E+00 0.00000 
    5    1    1    1    1    1    1    1    1    5  0.00000E+00 0.00000 
    6    1    1    1    1    1    1    1    1    6  0.00000E+00 0.00000 
    7    1    1    1    1    1    1    1    1    7  0.00000E+00 0.00000 
    8    1    1    1    1    1    1    1    1    8  1.79231E+04 0.00351 
    9    1    1    1    1    1    1    1    1    9  1.38614E+04 0.00390 
   10    1    1    1    1    1    1    1    1   10  0.00000E+00 0.00000 
   11    1    1    1    1    1    1    1    1   11  1.03079E+04 0.00423 
   12    1    1    1    1    1    1    1    2    1  1.91698E+04 0.00353 
   13    1    1    1    1    1    1    1    2    2  0.00000E+00 0.00000 
   14    1    1    1    1    1    1    1    2    3  0.00000E+00 0.00000 
   15    1    1    1    1    1    1    1    2    4  0.00000E+00 0.00000 
   16    1    1    1    1    1    1    1    2    5  0.00000E+00 0.00000 
   17    1    1    1    1    1    1    1    2    6  1.90337E+04 0.00351 
   18    1    1    1    1    1    1    1    2    7  1.55734E+04 0.00372 
   19    1    1    1    1    1    1    1    2    8  0.00000E+00 0.00000 
   20    1    1    1    1    1    1    1    2    9  1.14710E+04 0.00413 
   21    1    1    1    1    1    1    1    2   10  1.03208E+04 0.00425 
   22    1    1    1    1    1    1    1    2   11  0.00000E+00 0.00000 
   23    1    1    1    1    1    1    1    3    1  1.56073E+04 0.00369 
   24    1    1    1    1    1    1    1    3    2  1.78681E+04 0.00349 
   25    1    1    1    1    1    1    1    3    3  0.00000E+00 0.00000 
   26    1    1    1    1    1    1    1    3    4  1.78495E+04 0.00362 
   27    1    1    1    1    1    1    1    3    5  1.55832E+04 0.00369 
   28    1    1    1    1    1    1    1    3    6  0.00000E+00 0.00000 
   29    1    1    1    1    1    1    1    3    7  1.21297E+04 0.00401 
   30    1    1    1    1    1    1    1    3    8  1.10034E+04 0.00411 
   31    1    1    1    1    1    1    1    3    9  0.00000E+00 0.00000 
   32    1    1    1    1    1    1    1    3   10  9.60492E+03 0.00425 
   33    1    1    1    1    1    1    1    3   11  9.20146E+03 0.00447 
   34    1    1    1    1    1    1    1    4    1  0.00000E+00 0.00000 
   35    1    1    1    1    1    1    1    4    2  1.39897E+04 0.00392 
   36    1    1    1    1    1    1    1    4    3  1.39273E+04 0.00389 
   37    1    1    1    1    1    1    1    4    4  0.00000E+00 0.00000 
   38    1    1    1    1    1    1    1    4    5  1.20111E+04 0.00399 
   39    1    1    1    1    1    1    1    4    6  1.12914E+04 0.00424 
   40    1    1    1    1    1    1    1    4    7  0.00000E+00 0.00000 
   41    1    1    1    1    1    1    1    4    8  9.88407E+03 0.00426 
   42    1    1    1    1    1    1    1    4    9  9.43585E+03 0.00431 
   43    1    1    1    1    1    1    1    4   10  0.00000E+00 0.00000 
   44    1    1    1    1    1    1    1    4   11  8.95157E+03 0.00443 
   45    1    1    1    1    1    1    1    5    1  1.14305E+04 0.00423 
   46    1    1    1    1    1    1    1    5    2  0.00000E+00 0.00000 
   47    1    1    1    1    1    1    1    5    3  1.15151E+04 0.00409 
   48    1    1    1    1    1    1    1    5    4  1.09414E+04 0.00424 
   49    1    1    1    1    1    1    1    5    5  0.00000E+00 0.00000 
   50    1    1    1    1    1    1    1    5    6  9.99911E+03 0.00427 
   51    1    1    1    1    1    1    1    5    7  9.62713E+03 0.00433 
   52    1    1    1    1    1    1    1    5    8  0.00000E+00 0.00000 
   53    1    1    1    1    1    1    1    5    9  9.03539E+03 0.00438 
   54    1    1    1    1    1    1    1    5   10  8.86860E+03 0.00447 
   55    1    1    1    1    1    1    1    5   11  0.00000E+00 0.00000 
   56    1    1    1    1    1    1    1    6    1  1.03526E+04 0.00422 
   57    1    1    1    1    1    1    1    6    2  1.03414E+04 0.00421 
   58    1    1    1    1    1    1    1    6    3  0.00000E+00 0.00000 
   59    1    1    1    1    1    1    1    6    4  9.92045E+03 0.00430 
   60    1    1    1    1    1    1    1    6    5  9.55846E+03 0.00437 
   61    1    1    1    1    1    1    1    6    6  0.00000E+00 0.00000 
   62    1    1    1    1    1    1    1    6    7  9.05155E+03 0.00435 
   63    1    1    1    1    1    1    1    6    8  8.84478E+03 0.00458 
   64    1    1    1    1    1    1    1    6    9  0.00000E+00 0.00000 
   65    1    1    1    1    1    1    1    6   10  8.66360E+03 0.00460 
   66    1    1    1    1    1    1    1    6   11  8.51405E+03 0.00450 
   67    1    1    1    1    1    1    1    7    1  0.00000E+00 0.00000 
   68    1    1    1    1    1    1    1    7    2  9.65573E+03 0.00438 
   69    1    1    1    1    1    1    1    7    3  9.41202E+03 0.00440 
   70    1    1    1    1    1    1    1    7    4  0.00000E+00 0.00000 
   71    1    1    1    1    1    1    1    7    5  9.04790E+03 0.00431 
   72    1    1    1    1    1    1    1    7    6  8.87463E+03 0.00437 
   73    1    1    1    1    1    1    1    7    7  0.00000E+00 0.00000 
   74    1    1    1    1    1    1    1    7    8  8.55589E+03 0.00446 
   75    1    1    1    1    1    1    1    7    9  8.44738E+03 0.00447 
   76    1    1    1    1    1    1    1    7   10  0.00000E+00 0.00000 
   77    1    1    1    1    1    1    1    7   11  8.36650E+03 0.00450 
   78    1    1    1    1    1    1    1    8    1  9.17430E+03 0.00437 
   79    1    1    1    1    1    1    1    8    2  0.00000E+00 0.00000 
   80    1    1    1    1    1    1    1    8    3  9.02663E+03 0.00433 
   81    1    1    1    1    1    1    1    8    4  8.87124E+03 0.00436 
   82    1    1    1    1    1    1    1    8    5  0.00000E+00 0.00000 
   83    1    1    1    1    1    1    1    8    6  8.58779E+03 0.00454 
   84    1    1    1    1    1    1    1    8    7  8.49966E+03 0.00449 
   85    1    1    1    1    1    1    1    8    8  0.00000E+00 0.00000 
   86    1    1    1    1    1    1    1    8    9  8.21751E+03 0.00454 
   87    1    1    1    1    1    1    1    8   10  8.19211E+03 0.00454 
   88    1    1    1    1    1    1    1    8   11  0.00000E+00 0.00000 
   89    1    1    1    1    1    1    1    9    1  8.92005E+03 0.00445 
   90    1    1    1    1    1    1    1    9    2  8.76981E+03 0.00465 
   91    1    1    1    1    1    1    1    9    3  0.00000E+00 0.00000 
   92    1    1    1    1    1    1    1    9    4  8.48712E+03 0.00450 
   93    1    1    1    1    1    1    1    9    5  8.50734E+03 0.00440 
   94    1    1    1    1    1    1    1    9    6  0.00000E+00 0.00000 
   95    1    1    1    1    1    1    1    9    7  8.31586E+03 0.00446 
   96    1    1    1    1    1    1    1    9    8  8.21534E+03 0.00460 
   97    1    1    1    1    1    1    1    9    9  0.00000E+00 0.00000 
   98    1    1    1    1    1    1    1    9   10  8.09856E+03 0.00457 
   99    1    1    1    1    1    1    1    9   11  7.93277E+03 0.00467 
  100    1    1    1    1    1    1    1   10    1  0.00000E+00 0.00000 
  101    1    1    1    1    1    1    1   10    2  8.56407E+03 0.00459 
  102    1    1    1    1    1    1    1   10    3  8.39973E+03 0.00455 
  103    1    1    1    1    1    1    1   10    4  0.00000E+00 0.00000 
  104    1    1    1    1    1    1    1   10    5  8.33889E+03 0.00456 
  105    1    1    1    1    1    1    1   10    6  8.24208E+03 0.00460 
  106    1    1    1    1    1    1    1   10    7  0.00000E+00 0.00000 
  107    1    1    1    1    1    1    1   10    8  7.96575E+03 0.00471 
  108    1    1    1    1    1    1    1   10    9  7.78380E+03 0.00471 
  109    1    1    1    1    1    1    1   10   10  0.00000E+00 0.00000 
