
ZAI = [
922350
922380
666
0
];

NAMES = [
'U235            '
'U238            '
'lost            '
'total           '
];

i922350 = 1; iU235             = 1;
i922380 = 2; iU238             = 2;
iLOST    = 3;
iTOT     = 4;

MAT_un_VOLUME = [ 2.67084E+05 2.67084E+05 ];

MAT_un_BURNUP = [ 0.00000E+00 4.29182E+01 ];

MAT_un_ADENS = [
4.83387E-03 3.50826E-03 % U235
1.93936E-02 1.88534E-02 % U238
0.00000E+00 3.72785E-30 % lost data
7.26897E-02 7.38018E-02 % total
];

MAT_un_MDENS = [
1.88669E+00 1.36930E+00 % U235
7.66628E+00 7.45273E+00 % U238
0.00000E+00 0.00000E+00 % lost data
1.08000E+01 1.07986E+01 % total
];

MAT_un_A = [
4.02917E+10 2.92423E+10 % U235
2.54639E+10 2.47546E+10 % U238
0.00000E+00 0.00000E+00 % lost data
6.57556E+10 3.28365E+18 % total
];

MAT_un_H = [
3.02043E-02 2.19212E-02 % U235
1.74209E-02 1.69357E-02 % U238
0.00000E+00 0.00000E+00 % lost data
4.76252E-02 9.64695E+05 % total
];

MAT_un_SF = [
2.90100E+00 2.10545E+00 % U235
1.39033E+04 1.35160E+04 % U238
0.00000E+00 0.00000E+00 % lost data
1.39062E+04 1.04020E+08 % total
];

MAT_un_GSRC = [
5.09088E+10 3.69479E+10 % U235
2.25492E+09 2.19211E+09 % U238
0.00000E+00 0.00000E+00 % lost data
5.31637E+10 3.53003E+18 % total
];

MAT_un_ING_TOX = [
1.89371E+03 1.37439E+03 % U235
1.14588E+03 1.11396E+03 % U238
0.00000E+00 0.00000E+00 % lost data
3.03958E+03 2.23610E+09 % total
];

MAT_un_INH_TOX = [
3.42479E+05 2.48560E+05 % U235
2.03711E+05 1.98037E+05 % U238
0.00000E+00 0.00000E+00 % lost data
5.46190E+05 8.03834E+10 % total
];

TOT_VOLUME = [ 2.67084E+05 2.67084E+05 ];

TOT_BURNUP = [ 0.00000E+00 4.29182E+01 ];

TOT_ADENS = [
4.83387E-03 3.50826E-03 % U235
1.93936E-02 1.88534E-02 % U238
0.00000E+00 3.72785E-30 % lost data
7.26897E-02 7.38018E-02 % total
];

TOT_MASS = [
5.03904E+05 3.65717E+05 % U235
2.04754E+06 1.99050E+06 % U238
0.00000E+00 0.00000E+00 % lost data
2.88450E+06 2.88413E+06 % total
];

TOT_A = [
4.02917E+10 2.92423E+10 % U235
2.54639E+10 2.47546E+10 % U238
0.00000E+00 0.00000E+00 % lost data
6.57556E+10 3.28365E+18 % total
];

TOT_H = [
3.02043E-02 2.19212E-02 % U235
1.74209E-02 1.69357E-02 % U238
0.00000E+00 0.00000E+00 % lost data
4.76252E-02 9.64695E+05 % total
];

TOT_SF = [
2.90100E+00 2.10545E+00 % U235
1.39033E+04 1.35160E+04 % U238
0.00000E+00 0.00000E+00 % lost data
1.39062E+04 1.04020E+08 % total
];

TOT_GSRC = [
5.09088E+10 3.69479E+10 % U235
2.25492E+09 2.19211E+09 % U238
0.00000E+00 0.00000E+00 % lost data
5.31637E+10 3.53003E+18 % total
];

TOT_ING_TOX = [
1.89371E+03 1.37439E+03 % U235
1.14588E+03 1.11396E+03 % U238
0.00000E+00 0.00000E+00 % lost data
3.03958E+03 2.23610E+09 % total
];

TOT_INH_TOX = [
3.42479E+05 2.48560E+05 % U235
2.03711E+05 1.98037E+05 % U238
0.00000E+00 0.00000E+00 % lost data
5.46190E+05 8.03834E+10 % total
];

BU = [ 0.00000E+00 4.29169E+01 ];

DAYS = [ 0.00000E+00 7.30000E+03 ];
