
DETassem1 = [
    1    1    1    1    1    1    1    1    1    1  0.00000E+00 0.00000 
    2    1    1    1    1    1    1    1    1    2  0.00000E+00 0.00000 
    3    1    1    1    1    1    1    1    1    3  0.00000E+00 0.00000 
    4    1    1    1    1    1    1    1    1    4  0.00000E+00 0.00000 
    5    1    1    1    1    1    1    1    1    5  0.00000E+00 0.00000 
    6    1    1    1    1    1    1    1    1    6  0.00000E+00 0.00000 
    7    1    1    1    1    1    1    1    1    7  0.00000E+00 0.00000 
    8    1    1    1    1    1    1    1    1    8  1.81629E+04 0.00363 
    9    1    1    1    1    1    1    1    1    9  1.36752E+04 0.00403 
   10    1    1    1    1    1    1    1    1   10  0.00000E+00 0.00000 
   11    1    1    1    1    1    1    1    1   11  1.00131E+04 0.00445 
   12    1    1    1    1    1    1    1    2    1  1.97716E+04 0.00358 
   13    1    1    1    1    1    1    1    2    2  0.00000E+00 0.00000 
   14    1    1    1    1    1    1    1    2    3  0.00000E+00 0.00000 
   15    1    1    1    1    1    1    1    2    4  0.00000E+00 0.00000 
   16    1    1    1    1    1    1    1    2    5  0.00000E+00 0.00000 
   17    1    1    1    1    1    1    1    2    6  1.98538E+04 0.00354 
   18    1    1    1    1    1    1    1    2    7  1.57771E+04 0.00386 
   19    1    1    1    1    1    1    1    2    8  0.00000E+00 0.00000 
   20    1    1    1    1    1    1    1    2    9  1.11695E+04 0.00437 
   21    1    1    1    1    1    1    1    2   10  9.99991E+03 0.00434 
   22    1    1    1    1    1    1    1    2   11  0.00000E+00 0.00000 
   23    1    1    1    1    1    1    1    3    1  1.57285E+04 0.00388 
   24    1    1    1    1    1    1    1    3    2  1.81325E+04 0.00374 
   25    1    1    1    1    1    1    1    3    3  0.00000E+00 0.00000 
   26    1    1    1    1    1    1    1    3    4  1.82747E+04 0.00366 
   27    1    1    1    1    1    1    1    3    5  1.58139E+04 0.00389 
   28    1    1    1    1    1    1    1    3    6  0.00000E+00 0.00000 
   29    1    1    1    1    1    1    1    3    7  1.19749E+04 0.00422 
   30    1    1    1    1    1    1    1    3    8  1.07628E+04 0.00428 
   31    1    1    1    1    1    1    1    3    9  0.00000E+00 0.00000 
   32    1    1    1    1    1    1    1    3   10  9.23718E+03 0.00445 
   33    1    1    1    1    1    1    1    3   11  8.86014E+03 0.00465 
   34    1    1    1    1    1    1    1    4    1  0.00000E+00 0.00000 
   35    1    1    1    1    1    1    1    4    2  1.37339E+04 0.00405 
   36    1    1    1    1    1    1    1    4    3  1.36816E+04 0.00400 
   37    1    1    1    1    1    1    1    4    4  0.00000E+00 0.00000 
   38    1    1    1    1    1    1    1    4    5  1.20273E+04 0.00415 
   39    1    1    1    1    1    1    1    4    6  1.11307E+04 0.00429 
   40    1    1    1    1    1    1    1    4    7  0.00000E+00 0.00000 
   41    1    1    1    1    1    1    1    4    8  9.60178E+03 0.00455 
   42    1    1    1    1    1    1    1    4    9  9.16821E+03 0.00450 
   43    1    1    1    1    1    1    1    4   10  0.00000E+00 0.00000 
   44    1    1    1    1    1    1    1    4   11  8.63061E+03 0.00468 
   45    1    1    1    1    1    1    1    5    1  1.11673E+04 0.00431 
   46    1    1    1    1    1    1    1    5    2  0.00000E+00 0.00000 
   47    1    1    1    1    1    1    1    5    3  1.11954E+04 0.00426 
   48    1    1    1    1    1    1    1    5    4  1.07908E+04 0.00441 
   49    1    1    1    1    1    1    1    5    5  0.00000E+00 0.00000 
   50    1    1    1    1    1    1    1    5    6  9.74248E+03 0.00443 
   51    1    1    1    1    1    1    1    5    7  9.38329E+03 0.00452 
   52    1    1    1    1    1    1    1    5    8  0.00000E+00 0.00000 
   53    1    1    1    1    1    1    1    5    9  8.61529E+03 0.00461 
   54    1    1    1    1    1    1    1    5   10  8.51449E+03 0.00461 
   55    1    1    1    1    1    1    1    5   11  0.00000E+00 0.00000 
   56    1    1    1    1    1    1    1    6    1  9.99493E+03 0.00427 
   57    1    1    1    1    1    1    1    6    2  1.00934E+04 0.00441 
   58    1    1    1    1    1    1    1    6    3  0.00000E+00 0.00000 
   59    1    1    1    1    1    1    1    6    4  9.57440E+03 0.00448 
   60    1    1    1    1    1    1    1    6    5  9.32477E+03 0.00444 
   61    1    1    1    1    1    1    1    6    6  0.00000E+00 0.00000 
   62    1    1    1    1    1    1    1    6    7  8.77458E+03 0.00457 
   63    1    1    1    1    1    1    1    6    8  8.58895E+03 0.00468 
   64    1    1    1    1    1    1    1    6    9  0.00000E+00 0.00000 
   65    1    1    1    1    1    1    1    6   10  8.35444E+03 0.00471 
   66    1    1    1    1    1    1    1    6   11  8.37016E+03 0.00474 
   67    1    1    1    1    1    1    1    7    1  0.00000E+00 0.00000 
   68    1    1    1    1    1    1    1    7    2  9.23797E+03 0.00450 
   69    1    1    1    1    1    1    1    7    3  9.04306E+03 0.00453 
   70    1    1    1    1    1    1    1    7    4  0.00000E+00 0.00000 
   71    1    1    1    1    1    1    1    7    5  8.72601E+03 0.00460 
   72    1    1    1    1    1    1    1    7    6  8.49528E+03 0.00462 
   73    1    1    1    1    1    1    1    7    7  0.00000E+00 0.00000 
   74    1    1    1    1    1    1    1    7    8  8.37671E+03 0.00471 
   75    1    1    1    1    1    1    1    7    9  8.22484E+03 0.00462 
   76    1    1    1    1    1    1    1    7   10  0.00000E+00 0.00000 
   77    1    1    1    1    1    1    1    7   11  8.11819E+03 0.00466 
   78    1    1    1    1    1    1    1    8    1  8.90406E+03 0.00465 
   79    1    1    1    1    1    1    1    8    2  0.00000E+00 0.00000 
   80    1    1    1    1    1    1    1    8    3  8.72742E+03 0.00461 
   81    1    1    1    1    1    1    1    8    4  8.61190E+03 0.00453 
   82    1    1    1    1    1    1    1    8    5  0.00000E+00 0.00000 
   83    1    1    1    1    1    1    1    8    6  8.31281E+03 0.00476 
   84    1    1    1    1    1    1    1    8    7  8.23669E+03 0.00459 
   85    1    1    1    1    1    1    1    8    8  0.00000E+00 0.00000 
   86    1    1    1    1    1    1    1    8    9  8.14198E+03 0.00464 
   87    1    1    1    1    1    1    1    8   10  8.04517E+03 0.00474 
   88    1    1    1    1    1    1    1    8   11  0.00000E+00 0.00000 
   89    1    1    1    1    1    1    1    9    1  8.58670E+03 0.00460 
   90    1    1    1    1    1    1    1    9    2  8.56694E+03 0.00463 
   91    1    1    1    1    1    1    1    9    3  0.00000E+00 0.00000 
   92    1    1    1    1    1    1    1    9    4  8.31135E+03 0.00465 
   93    1    1    1    1    1    1    1    9    5  8.30327E+03 0.00471 
   94    1    1    1    1    1    1    1    9    6  0.00000E+00 0.00000 
   95    1    1    1    1    1    1    1    9    7  8.04111E+03 0.00471 
   96    1    1    1    1    1    1    1    9    8  8.03826E+03 0.00475 
   97    1    1    1    1    1    1    1    9    9  0.00000E+00 0.00000 
   98    1    1    1    1    1    1    1    9   10  7.84756E+03 0.00475 
   99    1    1    1    1    1    1    1    9   11  7.77589E+03 0.00488 
  100    1    1    1    1    1    1    1   10    1  0.00000E+00 0.00000 
  101    1    1    1    1    1    1    1   10    2  8.32740E+03 0.00462 
  102    1    1    1    1    1    1    1   10    3  8.11831E+03 0.00466 
  103    1    1    1    1    1    1    1   10    4  0.00000E+00 0.00000 
  104    1    1    1    1    1    1    1   10    5  8.07200E+03 0.00473 
  105    1    1    1    1    1    1    1   10    6  8.05889E+03 0.00467 
  106    1    1    1    1    1    1    1   10    7  0.00000E+00 0.00000 
  107    1    1    1    1    1    1    1   10    8  7.80014E+03 0.00487 
  108    1    1    1    1    1    1    1   10    9  7.77212E+03 0.00499 
  109    1    1    1    1    1    1    1   10   10  0.00000E+00 0.00000 
