
DETassem1 = [
    1    1    1    1    1    1    1    1    1    1  0.00000E+00 0.00000 
    2    1    1    1    1    1    1    1    1    2  0.00000E+00 0.00000 
    3    1    1    1    1    1    1    1    1    3  0.00000E+00 0.00000 
    4    1    1    1    1    1    1    1    1    4  0.00000E+00 0.00000 
    5    1    1    1    1    1    1    1    1    5  0.00000E+00 0.00000 
    6    1    1    1    1    1    1    1    1    6  0.00000E+00 0.00000 
    7    1    1    1    1    1    1    1    1    7  0.00000E+00 0.00000 
    8    1    1    1    1    1    1    1    1    8  1.79507E+04 0.00353 
    9    1    1    1    1    1    1    1    1    9  1.41544E+04 0.00380 
   10    1    1    1    1    1    1    1    1   10  0.00000E+00 0.00000 
   11    1    1    1    1    1    1    1    1   11  1.04718E+04 0.00418 
   12    1    1    1    1    1    1    1    2    1  1.93620E+04 0.00334 
   13    1    1    1    1    1    1    1    2    2  0.00000E+00 0.00000 
   14    1    1    1    1    1    1    1    2    3  0.00000E+00 0.00000 
   15    1    1    1    1    1    1    1    2    4  0.00000E+00 0.00000 
   16    1    1    1    1    1    1    1    2    5  0.00000E+00 0.00000 
   17    1    1    1    1    1    1    1    2    6  1.93855E+04 0.00350 
   18    1    1    1    1    1    1    1    2    7  1.59065E+04 0.00374 
   19    1    1    1    1    1    1    1    2    8  0.00000E+00 0.00000 
   20    1    1    1    1    1    1    1    2    9  1.14155E+04 0.00405 
   21    1    1    1    1    1    1    1    2   10  1.04349E+04 0.00411 
   22    1    1    1    1    1    1    1    2   11  0.00000E+00 0.00000 
   23    1    1    1    1    1    1    1    3    1  1.57431E+04 0.00386 
   24    1    1    1    1    1    1    1    3    2  1.80326E+04 0.00359 
   25    1    1    1    1    1    1    1    3    3  0.00000E+00 0.00000 
   26    1    1    1    1    1    1    1    3    4  1.80617E+04 0.00353 
   27    1    1    1    1    1    1    1    3    5  1.57979E+04 0.00368 
   28    1    1    1    1    1    1    1    3    6  0.00000E+00 0.00000 
   29    1    1    1    1    1    1    1    3    7  1.23606E+04 0.00410 
   30    1    1    1    1    1    1    1    3    8  1.11643E+04 0.00423 
   31    1    1    1    1    1    1    1    3    9  0.00000E+00 0.00000 
   32    1    1    1    1    1    1    1    3   10  9.68226E+03 0.00428 
   33    1    1    1    1    1    1    1    3   11  9.35920E+03 0.00441 
   34    1    1    1    1    1    1    1    4    1  0.00000E+00 0.00000 
   35    1    1    1    1    1    1    1    4    2  1.40783E+04 0.00385 
   36    1    1    1    1    1    1    1    4    3  1.40624E+04 0.00390 
   37    1    1    1    1    1    1    1    4    4  0.00000E+00 0.00000 
   38    1    1    1    1    1    1    1    4    5  1.23299E+04 0.00401 
   39    1    1    1    1    1    1    1    4    6  1.14411E+04 0.00415 
   40    1    1    1    1    1    1    1    4    7  0.00000E+00 0.00000 
   41    1    1    1    1    1    1    1    4    8  9.98172E+03 0.00427 
   42    1    1    1    1    1    1    1    4    9  9.53117E+03 0.00424 
   43    1    1    1    1    1    1    1    4   10  0.00000E+00 0.00000 
   44    1    1    1    1    1    1    1    4   11  8.91856E+03 0.00449 
   45    1    1    1    1    1    1    1    5    1  1.14570E+04 0.00421 
   46    1    1    1    1    1    1    1    5    2  0.00000E+00 0.00000 
   47    1    1    1    1    1    1    1    5    3  1.15217E+04 0.00413 
   48    1    1    1    1    1    1    1    5    4  1.11600E+04 0.00405 
   49    1    1    1    1    1    1    1    5    5  0.00000E+00 0.00000 
   50    1    1    1    1    1    1    1    5    6  1.01059E+04 0.00431 
   51    1    1    1    1    1    1    1    5    7  9.72571E+03 0.00432 
   52    1    1    1    1    1    1    1    5    8  0.00000E+00 0.00000 
   53    1    1    1    1    1    1    1    5    9  9.12544E+03 0.00441 
   54    1    1    1    1    1    1    1    5   10  8.83885E+03 0.00449 
   55    1    1    1    1    1    1    1    5   11  0.00000E+00 0.00000 
   56    1    1    1    1    1    1    1    6    1  1.04299E+04 0.00423 
   57    1    1    1    1    1    1    1    6    2  1.03211E+04 0.00420 
   58    1    1    1    1    1    1    1    6    3  0.00000E+00 0.00000 
   59    1    1    1    1    1    1    1    6    4  9.96018E+03 0.00425 
   60    1    1    1    1    1    1    1    6    5  9.66944E+03 0.00431 
   61    1    1    1    1    1    1    1    6    6  0.00000E+00 0.00000 
   62    1    1    1    1    1    1    1    6    7  9.06507E+03 0.00446 
   63    1    1    1    1    1    1    1    6    8  8.88943E+03 0.00444 
   64    1    1    1    1    1    1    1    6    9  0.00000E+00 0.00000 
   65    1    1    1    1    1    1    1    6   10  8.63567E+03 0.00452 
   66    1    1    1    1    1    1    1    6   11  8.60796E+03 0.00438 
   67    1    1    1    1    1    1    1    7    1  0.00000E+00 0.00000 
   68    1    1    1    1    1    1    1    7    2  9.67533E+03 0.00434 
   69    1    1    1    1    1    1    1    7    3  9.51664E+03 0.00431 
   70    1    1    1    1    1    1    1    7    4  0.00000E+00 0.00000 
   71    1    1    1    1    1    1    1    7    5  9.05904E+03 0.00442 
   72    1    1    1    1    1    1    1    7    6  8.93075E+03 0.00441 
   73    1    1    1    1    1    1    1    7    7  0.00000E+00 0.00000 
   74    1    1    1    1    1    1    1    7    8  8.51471E+03 0.00442 
   75    1    1    1    1    1    1    1    7    9  8.36453E+03 0.00445 
   76    1    1    1    1    1    1    1    7   10  0.00000E+00 0.00000 
   77    1    1    1    1    1    1    1    7   11  8.29516E+03 0.00460 
   78    1    1    1    1    1    1    1    8    1  9.22278E+03 0.00440 
   79    1    1    1    1    1    1    1    8    2  0.00000E+00 0.00000 
   80    1    1    1    1    1    1    1    8    3  9.00823E+03 0.00445 
   81    1    1    1    1    1    1    1    8    4  8.90856E+03 0.00445 
   82    1    1    1    1    1    1    1    8    5  0.00000E+00 0.00000 
   83    1    1    1    1    1    1    1    8    6  8.53862E+03 0.00445 
   84    1    1    1    1    1    1    1    8    7  8.38548E+03 0.00460 
   85    1    1    1    1    1    1    1    8    8  0.00000E+00 0.00000 
   86    1    1    1    1    1    1    1    8    9  8.17672E+03 0.00460 
   87    1    1    1    1    1    1    1    8   10  8.14779E+03 0.00470 
   88    1    1    1    1    1    1    1    8   11  0.00000E+00 0.00000 
   89    1    1    1    1    1    1    1    9    1  8.90416E+03 0.00451 
   90    1    1    1    1    1    1    1    9    2  8.84528E+03 0.00443 
   91    1    1    1    1    1    1    1    9    3  0.00000E+00 0.00000 
   92    1    1    1    1    1    1    1    9    4  8.57111E+03 0.00449 
   93    1    1    1    1    1    1    1    9    5  8.42843E+03 0.00443 
   94    1    1    1    1    1    1    1    9    6  0.00000E+00 0.00000 
   95    1    1    1    1    1    1    1    9    7  8.18797E+03 0.00457 
   96    1    1    1    1    1    1    1    9    8  8.08037E+03 0.00464 
   97    1    1    1    1    1    1    1    9    9  0.00000E+00 0.00000 
   98    1    1    1    1    1    1    1    9   10  7.99427E+03 0.00461 
   99    1    1    1    1    1    1    1    9   11  7.93655E+03 0.00472 
  100    1    1    1    1    1    1    1   10    1  0.00000E+00 0.00000 
  101    1    1    1    1    1    1    1   10    2  8.53329E+03 0.00451 
  102    1    1    1    1    1    1    1   10    3  8.43932E+03 0.00452 
  103    1    1    1    1    1    1    1   10    4  0.00000E+00 0.00000 
  104    1    1    1    1    1    1    1   10    5  8.23953E+03 0.00456 
  105    1    1    1    1    1    1    1   10    6  8.17721E+03 0.00458 
  106    1    1    1    1    1    1    1   10    7  0.00000E+00 0.00000 
  107    1    1    1    1    1    1    1   10    8  7.88399E+03 0.00472 
  108    1    1    1    1    1    1    1   10    9  7.88010E+03 0.00469 
  109    1    1    1    1    1    1    1   10   10  0.00000E+00 0.00000 
