
DETassem1 = [
    1    1    1    1    1    1    1    1    1    1  0.00000E+00 0.00000 
    2    1    1    1    1    1    1    1    1    2  0.00000E+00 0.00000 
    3    1    1    1    1    1    1    1    1    3  0.00000E+00 0.00000 
    4    1    1    1    1    1    1    1    1    4  0.00000E+00 0.00000 
    5    1    1    1    1    1    1    1    1    5  0.00000E+00 0.00000 
    6    1    1    1    1    1    1    1    1    6  0.00000E+00 0.00000 
    7    1    1    1    1    1    1    1    1    7  0.00000E+00 0.00000 
    8    1    1    1    1    1    1    1    1    8  1.80415E+04 0.00355 
    9    1    1    1    1    1    1    1    1    9  1.40864E+04 0.00395 
   10    1    1    1    1    1    1    1    1   10  0.00000E+00 0.00000 
   11    1    1    1    1    1    1    1    1   11  1.05129E+04 0.00420 
   12    1    1    1    1    1    1    1    2    1  1.93850E+04 0.00351 
   13    1    1    1    1    1    1    1    2    2  0.00000E+00 0.00000 
   14    1    1    1    1    1    1    1    2    3  0.00000E+00 0.00000 
   15    1    1    1    1    1    1    1    2    4  0.00000E+00 0.00000 
   16    1    1    1    1    1    1    1    2    5  0.00000E+00 0.00000 
   17    1    1    1    1    1    1    1    2    6  1.93070E+04 0.00351 
   18    1    1    1    1    1    1    1    2    7  1.57889E+04 0.00367 
   19    1    1    1    1    1    1    1    2    8  0.00000E+00 0.00000 
   20    1    1    1    1    1    1    1    2    9  1.16754E+04 0.00414 
   21    1    1    1    1    1    1    1    2   10  1.05334E+04 0.00422 
   22    1    1    1    1    1    1    1    2   11  0.00000E+00 0.00000 
   23    1    1    1    1    1    1    1    3    1  1.58610E+04 0.00367 
   24    1    1    1    1    1    1    1    3    2  1.79859E+04 0.00361 
   25    1    1    1    1    1    1    1    3    3  0.00000E+00 0.00000 
   26    1    1    1    1    1    1    1    3    4  1.80602E+04 0.00360 
   27    1    1    1    1    1    1    1    3    5  1.58005E+04 0.00369 
   28    1    1    1    1    1    1    1    3    6  0.00000E+00 0.00000 
   29    1    1    1    1    1    1    1    3    7  1.23069E+04 0.00407 
   30    1    1    1    1    1    1    1    3    8  1.11792E+04 0.00416 
   31    1    1    1    1    1    1    1    3    9  0.00000E+00 0.00000 
   32    1    1    1    1    1    1    1    3   10  9.70754E+03 0.00435 
   33    1    1    1    1    1    1    1    3   11  9.18528E+03 0.00440 
   34    1    1    1    1    1    1    1    4    1  0.00000E+00 0.00000 
   35    1    1    1    1    1    1    1    4    2  1.40138E+04 0.00384 
   36    1    1    1    1    1    1    1    4    3  1.40917E+04 0.00385 
   37    1    1    1    1    1    1    1    4    4  0.00000E+00 0.00000 
   38    1    1    1    1    1    1    1    4    5  1.22824E+04 0.00405 
   39    1    1    1    1    1    1    1    4    6  1.13425E+04 0.00403 
   40    1    1    1    1    1    1    1    4    7  0.00000E+00 0.00000 
   41    1    1    1    1    1    1    1    4    8  9.95513E+03 0.00417 
   42    1    1    1    1    1    1    1    4    9  9.49884E+03 0.00435 
   43    1    1    1    1    1    1    1    4   10  0.00000E+00 0.00000 
   44    1    1    1    1    1    1    1    4   11  8.93553E+03 0.00451 
   45    1    1    1    1    1    1    1    5    1  1.15494E+04 0.00413 
   46    1    1    1    1    1    1    1    5    2  0.00000E+00 0.00000 
   47    1    1    1    1    1    1    1    5    3  1.16237E+04 0.00410 
   48    1    1    1    1    1    1    1    5    4  1.11886E+04 0.00410 
   49    1    1    1    1    1    1    1    5    5  0.00000E+00 0.00000 
   50    1    1    1    1    1    1    1    5    6  1.01604E+04 0.00422 
   51    1    1    1    1    1    1    1    5    7  9.64640E+03 0.00425 
   52    1    1    1    1    1    1    1    5    8  0.00000E+00 0.00000 
   53    1    1    1    1    1    1    1    5    9  8.99615E+03 0.00437 
   54    1    1    1    1    1    1    1    5   10  8.92690E+03 0.00446 
   55    1    1    1    1    1    1    1    5   11  0.00000E+00 0.00000 
   56    1    1    1    1    1    1    1    6    1  1.04936E+04 0.00411 
   57    1    1    1    1    1    1    1    6    2  1.04720E+04 0.00422 
   58    1    1    1    1    1    1    1    6    3  0.00000E+00 0.00000 
   59    1    1    1    1    1    1    1    6    4  9.96728E+03 0.00420 
   60    1    1    1    1    1    1    1    6    5  9.69356E+03 0.00428 
   61    1    1    1    1    1    1    1    6    6  0.00000E+00 0.00000 
   62    1    1    1    1    1    1    1    6    7  9.15499E+03 0.00437 
   63    1    1    1    1    1    1    1    6    8  8.78043E+03 0.00451 
   64    1    1    1    1    1    1    1    6    9  0.00000E+00 0.00000 
   65    1    1    1    1    1    1    1    6   10  8.60839E+03 0.00450 
   66    1    1    1    1    1    1    1    6   11  8.46594E+03 0.00452 
   67    1    1    1    1    1    1    1    7    1  0.00000E+00 0.00000 
   68    1    1    1    1    1    1    1    7    2  9.76016E+03 0.00433 
   69    1    1    1    1    1    1    1    7    3  9.47990E+03 0.00432 
   70    1    1    1    1    1    1    1    7    4  0.00000E+00 0.00000 
   71    1    1    1    1    1    1    1    7    5  9.16210E+03 0.00430 
   72    1    1    1    1    1    1    1    7    6  8.90491E+03 0.00445 
   73    1    1    1    1    1    1    1    7    7  0.00000E+00 0.00000 
   74    1    1    1    1    1    1    1    7    8  8.66509E+03 0.00442 
   75    1    1    1    1    1    1    1    7    9  8.50543E+03 0.00451 
   76    1    1    1    1    1    1    1    7   10  0.00000E+00 0.00000 
   77    1    1    1    1    1    1    1    7   11  8.27124E+03 0.00453 
   78    1    1    1    1    1    1    1    8    1  9.22996E+03 0.00437 
   79    1    1    1    1    1    1    1    8    2  0.00000E+00 0.00000 
   80    1    1    1    1    1    1    1    8    3  8.97444E+03 0.00443 
   81    1    1    1    1    1    1    1    8    4  8.78373E+03 0.00435 
   82    1    1    1    1    1    1    1    8    5  0.00000E+00 0.00000 
   83    1    1    1    1    1    1    1    8    6  8.56597E+03 0.00448 
   84    1    1    1    1    1    1    1    8    7  8.41036E+03 0.00456 
   85    1    1    1    1    1    1    1    8    8  0.00000E+00 0.00000 
   86    1    1    1    1    1    1    1    8    9  8.28967E+03 0.00452 
   87    1    1    1    1    1    1    1    8   10  8.21855E+03 0.00455 
   88    1    1    1    1    1    1    1    8   11  0.00000E+00 0.00000 
   89    1    1    1    1    1    1    1    9    1  8.97252E+03 0.00445 
   90    1    1    1    1    1    1    1    9    2  8.80857E+03 0.00442 
   91    1    1    1    1    1    1    1    9    3  0.00000E+00 0.00000 
   92    1    1    1    1    1    1    1    9    4  8.58632E+03 0.00452 
   93    1    1    1    1    1    1    1    9    5  8.49985E+03 0.00448 
   94    1    1    1    1    1    1    1    9    6  0.00000E+00 0.00000 
   95    1    1    1    1    1    1    1    9    7  8.26253E+03 0.00453 
   96    1    1    1    1    1    1    1    9    8  8.16189E+03 0.00458 
   97    1    1    1    1    1    1    1    9    9  0.00000E+00 0.00000 
   98    1    1    1    1    1    1    1    9   10  8.08667E+03 0.00468 
   99    1    1    1    1    1    1    1    9   11  7.92700E+03 0.00475 
  100    1    1    1    1    1    1    1   10    1  0.00000E+00 0.00000 
  101    1    1    1    1    1    1    1   10    2  8.52413E+03 0.00453 
  102    1    1    1    1    1    1    1   10    3  8.52092E+03 0.00455 
  103    1    1    1    1    1    1    1   10    4  0.00000E+00 0.00000 
  104    1    1    1    1    1    1    1   10    5  8.26475E+03 0.00450 
  105    1    1    1    1    1    1    1   10    6  8.24422E+03 0.00454 
  106    1    1    1    1    1    1    1   10    7  0.00000E+00 0.00000 
  107    1    1    1    1    1    1    1   10    8  8.09308E+03 0.00460 
  108    1    1    1    1    1    1    1   10    9  7.97390E+03 0.00472 
  109    1    1    1    1    1    1    1   10   10  0.00000E+00 0.00000 
