
DETassem1 = [
    1    1    1    1    1    1    1    1    1    1  0.00000E+00 0.00000 
    2    1    1    1    1    1    1    1    1    2  0.00000E+00 0.00000 
    3    1    1    1    1    1    1    1    1    3  0.00000E+00 0.00000 
    4    1    1    1    1    1    1    1    1    4  0.00000E+00 0.00000 
    5    1    1    1    1    1    1    1    1    5  0.00000E+00 0.00000 
    6    1    1    1    1    1    1    1    1    6  0.00000E+00 0.00000 
    7    1    1    1    1    1    1    1    1    7  0.00000E+00 0.00000 
    8    1    1    1    1    1    1    1    1    8  1.80152E+04 0.00371 
    9    1    1    1    1    1    1    1    1    9  1.36139E+04 0.00418 
   10    1    1    1    1    1    1    1    1   10  0.00000E+00 0.00000 
   11    1    1    1    1    1    1    1    1   11  9.80396E+03 0.00453 
   12    1    1    1    1    1    1    1    2    1  1.90360E+04 0.00361 
   13    1    1    1    1    1    1    1    2    2  0.00000E+00 0.00000 
   14    1    1    1    1    1    1    1    2    3  0.00000E+00 0.00000 
   15    1    1    1    1    1    1    1    2    4  0.00000E+00 0.00000 
   16    1    1    1    1    1    1    1    2    5  0.00000E+00 0.00000 
   17    1    1    1    1    1    1    1    2    6  1.91434E+04 0.00363 
   18    1    1    1    1    1    1    1    2    7  1.54639E+04 0.00393 
   19    1    1    1    1    1    1    1    2    8  0.00000E+00 0.00000 
   20    1    1    1    1    1    1    1    2    9  1.09064E+04 0.00437 
   21    1    1    1    1    1    1    1    2   10  9.80929E+03 0.00447 
   22    1    1    1    1    1    1    1    2   11  0.00000E+00 0.00000 
   23    1    1    1    1    1    1    1    3    1  1.54875E+04 0.00386 
   24    1    1    1    1    1    1    1    3    2  1.78860E+04 0.00373 
   25    1    1    1    1    1    1    1    3    3  0.00000E+00 0.00000 
   26    1    1    1    1    1    1    1    3    4  1.78746E+04 0.00363 
   27    1    1    1    1    1    1    1    3    5  1.55347E+04 0.00394 
   28    1    1    1    1    1    1    1    3    6  0.00000E+00 0.00000 
   29    1    1    1    1    1    1    1    3    7  1.16747E+04 0.00421 
   30    1    1    1    1    1    1    1    3    8  1.06005E+04 0.00435 
   31    1    1    1    1    1    1    1    3    9  0.00000E+00 0.00000 
   32    1    1    1    1    1    1    1    3   10  9.02167E+03 0.00447 
   33    1    1    1    1    1    1    1    3   11  8.78486E+03 0.00461 
   34    1    1    1    1    1    1    1    4    1  0.00000E+00 0.00000 
   35    1    1    1    1    1    1    1    4    2  1.36161E+04 0.00407 
   36    1    1    1    1    1    1    1    4    3  1.36308E+04 0.00417 
   37    1    1    1    1    1    1    1    4    4  0.00000E+00 0.00000 
   38    1    1    1    1    1    1    1    4    5  1.17603E+04 0.00433 
   39    1    1    1    1    1    1    1    4    6  1.07071E+04 0.00434 
   40    1    1    1    1    1    1    1    4    7  0.00000E+00 0.00000 
   41    1    1    1    1    1    1    1    4    8  9.26198E+03 0.00461 
   42    1    1    1    1    1    1    1    4    9  8.98388E+03 0.00452 
   43    1    1    1    1    1    1    1    4   10  0.00000E+00 0.00000 
   44    1    1    1    1    1    1    1    4   11  8.52503E+03 0.00478 
   45    1    1    1    1    1    1    1    5    1  1.09297E+04 0.00432 
   46    1    1    1    1    1    1    1    5    2  0.00000E+00 0.00000 
   47    1    1    1    1    1    1    1    5    3  1.09759E+04 0.00434 
   48    1    1    1    1    1    1    1    5    4  1.05581E+04 0.00434 
   49    1    1    1    1    1    1    1    5    5  0.00000E+00 0.00000 
   50    1    1    1    1    1    1    1    5    6  9.51717E+03 0.00457 
   51    1    1    1    1    1    1    1    5    7  9.00888E+03 0.00456 
   52    1    1    1    1    1    1    1    5    8  0.00000E+00 0.00000 
   53    1    1    1    1    1    1    1    5    9  8.62899E+03 0.00460 
   54    1    1    1    1    1    1    1    5   10  8.43697E+03 0.00457 
   55    1    1    1    1    1    1    1    5   11  0.00000E+00 0.00000 
   56    1    1    1    1    1    1    1    6    1  9.80760E+03 0.00456 
   57    1    1    1    1    1    1    1    6    2  9.90129E+03 0.00448 
   58    1    1    1    1    1    1    1    6    3  0.00000E+00 0.00000 
   59    1    1    1    1    1    1    1    6    4  9.24107E+03 0.00462 
   60    1    1    1    1    1    1    1    6    5  9.03354E+03 0.00457 
   61    1    1    1    1    1    1    1    6    6  0.00000E+00 0.00000 
   62    1    1    1    1    1    1    1    6    7  8.59598E+03 0.00471 
   63    1    1    1    1    1    1    1    6    8  8.37226E+03 0.00466 
   64    1    1    1    1    1    1    1    6    9  0.00000E+00 0.00000 
   65    1    1    1    1    1    1    1    6   10  8.28100E+03 0.00464 
   66    1    1    1    1    1    1    1    6   11  8.21348E+03 0.00477 
   67    1    1    1    1    1    1    1    7    1  0.00000E+00 0.00000 
   68    1    1    1    1    1    1    1    7    2  9.17210E+03 0.00457 
   69    1    1    1    1    1    1    1    7    3  8.94695E+03 0.00456 
   70    1    1    1    1    1    1    1    7    4  0.00000E+00 0.00000 
   71    1    1    1    1    1    1    1    7    5  8.60860E+03 0.00471 
   72    1    1    1    1    1    1    1    7    6  8.49748E+03 0.00463 
   73    1    1    1    1    1    1    1    7    7  0.00000E+00 0.00000 
   74    1    1    1    1    1    1    1    7    8  8.19422E+03 0.00466 
   75    1    1    1    1    1    1    1    7    9  8.13973E+03 0.00477 
   76    1    1    1    1    1    1    1    7   10  0.00000E+00 0.00000 
   77    1    1    1    1    1    1    1    7   11  8.08578E+03 0.00469 
   78    1    1    1    1    1    1    1    8    1  8.76085E+03 0.00462 
   79    1    1    1    1    1    1    1    8    2  0.00000E+00 0.00000 
   80    1    1    1    1    1    1    1    8    3  8.59913E+03 0.00461 
   81    1    1    1    1    1    1    1    8    4  8.48023E+03 0.00458 
   82    1    1    1    1    1    1    1    8    5  0.00000E+00 0.00000 
   83    1    1    1    1    1    1    1    8    6  8.19572E+03 0.00470 
   84    1    1    1    1    1    1    1    8    7  8.11709E+03 0.00461 
   85    1    1    1    1    1    1    1    8    8  0.00000E+00 0.00000 
   86    1    1    1    1    1    1    1    8    9  8.00921E+03 0.00489 
   87    1    1    1    1    1    1    1    8   10  7.91326E+03 0.00487 
   88    1    1    1    1    1    1    1    8   11  0.00000E+00 0.00000 
   89    1    1    1    1    1    1    1    9    1  8.59115E+03 0.00460 
   90    1    1    1    1    1    1    1    9    2  8.40242E+03 0.00457 
   91    1    1    1    1    1    1    1    9    3  0.00000E+00 0.00000 
   92    1    1    1    1    1    1    1    9    4  8.19514E+03 0.00461 
   93    1    1    1    1    1    1    1    9    5  8.10240E+03 0.00472 
   94    1    1    1    1    1    1    1    9    6  0.00000E+00 0.00000 
   95    1    1    1    1    1    1    1    9    7  7.87126E+03 0.00482 
   96    1    1    1    1    1    1    1    9    8  7.88546E+03 0.00484 
   97    1    1    1    1    1    1    1    9    9  0.00000E+00 0.00000 
   98    1    1    1    1    1    1    1    9   10  7.81982E+03 0.00487 
   99    1    1    1    1    1    1    1    9   11  7.74263E+03 0.00476 
  100    1    1    1    1    1    1    1   10    1  0.00000E+00 0.00000 
  101    1    1    1    1    1    1    1   10    2  8.23319E+03 0.00477 
  102    1    1    1    1    1    1    1   10    3  8.19960E+03 0.00471 
  103    1    1    1    1    1    1    1   10    4  0.00000E+00 0.00000 
  104    1    1    1    1    1    1    1   10    5  7.91800E+03 0.00480 
  105    1    1    1    1    1    1    1   10    6  7.82801E+03 0.00472 
  106    1    1    1    1    1    1    1   10    7  0.00000E+00 0.00000 
  107    1    1    1    1    1    1    1   10    8  7.74836E+03 0.00489 
  108    1    1    1    1    1    1    1   10    9  7.65387E+03 0.00498 
  109    1    1    1    1    1    1    1   10   10  0.00000E+00 0.00000 
