
ZAI = [
922350
922380
666
0
];

NAMES = [
'U235            '
'U238            '
'lost            '
'total           '
];

i922350 = 1; iU235             = 1;
i922380 = 2; iU238             = 2;
iLOST    = 3;
iTOT     = 4;

MAT_un_VOLUME = [ 2.67388E+05 2.67388E+05 ];

MAT_un_BURNUP = [ 0.00000E+00 4.28693E+01 ];

MAT_un_ADENS = [
4.83387E-03 3.50994E-03 % U235
1.93936E-02 1.88544E-02 % U238
0.00000E+00 3.07166E-30 % lost data
7.26897E-02 7.38004E-02 % total
];

MAT_un_MDENS = [
1.88669E+00 1.36995E+00 % U235
7.66628E+00 7.45311E+00 % U238
0.00000E+00 0.00000E+00 % lost data
1.08000E+01 1.07986E+01 % total
];

MAT_un_A = [
4.03376E+10 2.92897E+10 % U235
2.54929E+10 2.47841E+10 % U238
0.00000E+00 0.00000E+00 % lost data
6.58305E+10 3.28278E+18 % total
];

MAT_un_H = [
3.02387E-02 2.19567E-02 % U235
1.74408E-02 1.69558E-02 % U238
0.00000E+00 0.00000E+00 % lost data
4.76795E-02 9.64593E+05 % total
];

MAT_un_SF = [
2.90431E+00 2.10886E+00 % U235
1.39191E+04 1.35321E+04 % U238
0.00000E+00 0.00000E+00 % lost data
1.39220E+04 1.03574E+08 % total
];

MAT_un_GSRC = [
5.09668E+10 3.70077E+10 % U235
2.25749E+09 2.19472E+09 % U238
0.00000E+00 0.00000E+00 % lost data
5.32243E+10 3.52902E+18 % total
];

MAT_un_ING_TOX = [
1.89587E+03 1.37661E+03 % U235
1.14718E+03 1.11528E+03 % U238
0.00000E+00 0.00000E+00 % lost data
3.04305E+03 2.23494E+09 % total
];

MAT_un_INH_TOX = [
3.42870E+05 2.48962E+05 % U235
2.03943E+05 1.98273E+05 % U238
0.00000E+00 0.00000E+00 % lost data
5.46813E+05 8.01530E+10 % total
];

TOT_VOLUME = [ 2.67388E+05 2.67388E+05 ];

TOT_BURNUP = [ 0.00000E+00 4.28693E+01 ];

TOT_ADENS = [
4.83387E-03 3.50994E-03 % U235
1.93936E-02 1.88544E-02 % U238
0.00000E+00 3.07166E-30 % lost data
7.26897E-02 7.38004E-02 % total
];

TOT_MASS = [
5.04478E+05 3.66309E+05 % U235
2.04987E+06 1.99287E+06 % U238
0.00000E+00 0.00000E+00 % lost data
2.88779E+06 2.88742E+06 % total
];

TOT_A = [
4.03376E+10 2.92897E+10 % U235
2.54929E+10 2.47841E+10 % U238
0.00000E+00 0.00000E+00 % lost data
6.58305E+10 3.28278E+18 % total
];

TOT_H = [
3.02387E-02 2.19567E-02 % U235
1.74408E-02 1.69558E-02 % U238
0.00000E+00 0.00000E+00 % lost data
4.76795E-02 9.64593E+05 % total
];

TOT_SF = [
2.90431E+00 2.10886E+00 % U235
1.39191E+04 1.35321E+04 % U238
0.00000E+00 0.00000E+00 % lost data
1.39220E+04 1.03574E+08 % total
];

TOT_GSRC = [
5.09668E+10 3.70077E+10 % U235
2.25749E+09 2.19472E+09 % U238
0.00000E+00 0.00000E+00 % lost data
5.32243E+10 3.52902E+18 % total
];

TOT_ING_TOX = [
1.89587E+03 1.37661E+03 % U235
1.14718E+03 1.11528E+03 % U238
0.00000E+00 0.00000E+00 % lost data
3.04305E+03 2.23494E+09 % total
];

TOT_INH_TOX = [
3.42870E+05 2.48962E+05 % U235
2.03943E+05 1.98273E+05 % U238
0.00000E+00 0.00000E+00 % lost data
5.46813E+05 8.01530E+10 % total
];

BU = [ 0.00000E+00 4.28680E+01 ];

DAYS = [ 0.00000E+00 7.30000E+03 ];
