
DETassem1 = [
    1    1    1    1    1    1    1    1    1    1  0.00000E+00 0.00000 
    2    1    1    1    1    1    1    1    1    2  0.00000E+00 0.00000 
    3    1    1    1    1    1    1    1    1    3  0.00000E+00 0.00000 
    4    1    1    1    1    1    1    1    1    4  0.00000E+00 0.00000 
    5    1    1    1    1    1    1    1    1    5  0.00000E+00 0.00000 
    6    1    1    1    1    1    1    1    1    6  0.00000E+00 0.00000 
    7    1    1    1    1    1    1    1    1    7  0.00000E+00 0.00000 
    8    1    1    1    1    1    1    1    1    8  1.72870E+04 0.00364 
    9    1    1    1    1    1    1    1    1    9  1.35513E+04 0.00403 
   10    1    1    1    1    1    1    1    1   10  0.00000E+00 0.00000 
   11    1    1    1    1    1    1    1    1   11  1.01870E+04 0.00424 
   12    1    1    1    1    1    1    1    2    1  1.85468E+04 0.00353 
   13    1    1    1    1    1    1    1    2    2  0.00000E+00 0.00000 
   14    1    1    1    1    1    1    1    2    3  0.00000E+00 0.00000 
   15    1    1    1    1    1    1    1    2    4  0.00000E+00 0.00000 
   16    1    1    1    1    1    1    1    2    5  0.00000E+00 0.00000 
   17    1    1    1    1    1    1    1    2    6  1.86154E+04 0.00346 
   18    1    1    1    1    1    1    1    2    7  1.51473E+04 0.00374 
   19    1    1    1    1    1    1    1    2    8  0.00000E+00 0.00000 
   20    1    1    1    1    1    1    1    2    9  1.13017E+04 0.00412 
   21    1    1    1    1    1    1    1    2   10  1.02375E+04 0.00429 
   22    1    1    1    1    1    1    1    2   11  0.00000E+00 0.00000 
   23    1    1    1    1    1    1    1    3    1  1.51101E+04 0.00375 
   24    1    1    1    1    1    1    1    3    2  1.72948E+04 0.00355 
   25    1    1    1    1    1    1    1    3    3  0.00000E+00 0.00000 
   26    1    1    1    1    1    1    1    3    4  1.72099E+04 0.00366 
   27    1    1    1    1    1    1    1    3    5  1.51043E+04 0.00378 
   28    1    1    1    1    1    1    1    3    6  0.00000E+00 0.00000 
   29    1    1    1    1    1    1    1    3    7  1.18733E+04 0.00416 
   30    1    1    1    1    1    1    1    3    8  1.07970E+04 0.00425 
   31    1    1    1    1    1    1    1    3    9  0.00000E+00 0.00000 
   32    1    1    1    1    1    1    1    3   10  9.45324E+03 0.00432 
   33    1    1    1    1    1    1    1    3   11  9.12390E+03 0.00448 
   34    1    1    1    1    1    1    1    4    1  0.00000E+00 0.00000 
   35    1    1    1    1    1    1    1    4    2  1.35645E+04 0.00388 
   36    1    1    1    1    1    1    1    4    3  1.36043E+04 0.00386 
   37    1    1    1    1    1    1    1    4    4  0.00000E+00 0.00000 
   38    1    1    1    1    1    1    1    4    5  1.18640E+04 0.00420 
   39    1    1    1    1    1    1    1    4    6  1.10660E+04 0.00422 
   40    1    1    1    1    1    1    1    4    7  0.00000E+00 0.00000 
   41    1    1    1    1    1    1    1    4    8  9.69853E+03 0.00438 
   42    1    1    1    1    1    1    1    4    9  9.25588E+03 0.00434 
   43    1    1    1    1    1    1    1    4   10  0.00000E+00 0.00000 
   44    1    1    1    1    1    1    1    4   11  8.82396E+03 0.00443 
   45    1    1    1    1    1    1    1    5    1  1.12059E+04 0.00417 
   46    1    1    1    1    1    1    1    5    2  0.00000E+00 0.00000 
   47    1    1    1    1    1    1    1    5    3  1.11858E+04 0.00419 
   48    1    1    1    1    1    1    1    5    4  1.08925E+04 0.00415 
   49    1    1    1    1    1    1    1    5    5  0.00000E+00 0.00000 
   50    1    1    1    1    1    1    1    5    6  9.77144E+03 0.00437 
   51    1    1    1    1    1    1    1    5    7  9.36145E+03 0.00439 
   52    1    1    1    1    1    1    1    5    8  0.00000E+00 0.00000 
   53    1    1    1    1    1    1    1    5    9  8.88810E+03 0.00441 
   54    1    1    1    1    1    1    1    5   10  8.69192E+03 0.00435 
   55    1    1    1    1    1    1    1    5   11  0.00000E+00 0.00000 
   56    1    1    1    1    1    1    1    6    1  1.01703E+04 0.00427 
   57    1    1    1    1    1    1    1    6    2  1.01449E+04 0.00431 
   58    1    1    1    1    1    1    1    6    3  0.00000E+00 0.00000 
   59    1    1    1    1    1    1    1    6    4  9.66138E+03 0.00426 
   60    1    1    1    1    1    1    1    6    5  9.29667E+03 0.00434 
   61    1    1    1    1    1    1    1    6    6  0.00000E+00 0.00000 
   62    1    1    1    1    1    1    1    6    7  8.89887E+03 0.00440 
   63    1    1    1    1    1    1    1    6    8  8.74825E+03 0.00453 
   64    1    1    1    1    1    1    1    6    9  0.00000E+00 0.00000 
   65    1    1    1    1    1    1    1    6   10  8.50046E+03 0.00443 
   66    1    1    1    1    1    1    1    6   11  8.40071E+03 0.00462 
   67    1    1    1    1    1    1    1    7    1  0.00000E+00 0.00000 
   68    1    1    1    1    1    1    1    7    2  9.40201E+03 0.00433 
   69    1    1    1    1    1    1    1    7    3  9.27839E+03 0.00434 
   70    1    1    1    1    1    1    1    7    4  0.00000E+00 0.00000 
   71    1    1    1    1    1    1    1    7    5  8.92396E+03 0.00448 
   72    1    1    1    1    1    1    1    7    6  8.75575E+03 0.00452 
   73    1    1    1    1    1    1    1    7    7  0.00000E+00 0.00000 
   74    1    1    1    1    1    1    1    7    8  8.48323E+03 0.00455 
   75    1    1    1    1    1    1    1    7    9  8.37382E+03 0.00448 
   76    1    1    1    1    1    1    1    7   10  0.00000E+00 0.00000 
   77    1    1    1    1    1    1    1    7   11  8.22156E+03 0.00462 
   78    1    1    1    1    1    1    1    8    1  9.07200E+03 0.00447 
   79    1    1    1    1    1    1    1    8    2  0.00000E+00 0.00000 
   80    1    1    1    1    1    1    1    8    3  8.87904E+03 0.00444 
   81    1    1    1    1    1    1    1    8    4  8.73871E+03 0.00443 
   82    1    1    1    1    1    1    1    8    5  0.00000E+00 0.00000 
   83    1    1    1    1    1    1    1    8    6  8.53989E+03 0.00453 
   84    1    1    1    1    1    1    1    8    7  8.40314E+03 0.00450 
   85    1    1    1    1    1    1    1    8    8  0.00000E+00 0.00000 
   86    1    1    1    1    1    1    1    8    9  8.26865E+03 0.00456 
   87    1    1    1    1    1    1    1    8   10  8.12799E+03 0.00467 
   88    1    1    1    1    1    1    1    8   11  0.00000E+00 0.00000 
   89    1    1    1    1    1    1    1    9    1  8.87209E+03 0.00450 
   90    1    1    1    1    1    1    1    9    2  8.75194E+03 0.00458 
   91    1    1    1    1    1    1    1    9    3  0.00000E+00 0.00000 
   92    1    1    1    1    1    1    1    9    4  8.54822E+03 0.00448 
   93    1    1    1    1    1    1    1    9    5  8.43682E+03 0.00450 
   94    1    1    1    1    1    1    1    9    6  0.00000E+00 0.00000 
   95    1    1    1    1    1    1    1    9    7  8.26243E+03 0.00450 
   96    1    1    1    1    1    1    1    9    8  8.16064E+03 0.00462 
   97    1    1    1    1    1    1    1    9    9  0.00000E+00 0.00000 
   98    1    1    1    1    1    1    1    9   10  7.99128E+03 0.00464 
   99    1    1    1    1    1    1    1    9   11  7.83158E+03 0.00467 
  100    1    1    1    1    1    1    1   10    1  0.00000E+00 0.00000 
  101    1    1    1    1    1    1    1   10    2  8.54822E+03 0.00447 
  102    1    1    1    1    1    1    1   10    3  8.45672E+03 0.00469 
  103    1    1    1    1    1    1    1   10    4  0.00000E+00 0.00000 
  104    1    1    1    1    1    1    1   10    5  8.24141E+03 0.00456 
  105    1    1    1    1    1    1    1   10    6  8.16389E+03 0.00471 
  106    1    1    1    1    1    1    1   10    7  0.00000E+00 0.00000 
  107    1    1    1    1    1    1    1   10    8  7.91614E+03 0.00470 
  108    1    1    1    1    1    1    1   10    9  7.72754E+03 0.00461 
  109    1    1    1    1    1    1    1   10   10  0.00000E+00 0.00000 
