
ZAI = [
922350
922380
666
0
];

NAMES = [
'U235            '
'U238            '
'lost            '
'total           '
];

i922350 = 1; iU235             = 1;
i922380 = 2; iU238             = 2;
iLOST    = 3;
iTOT     = 4;

MAT_un_VOLUME = [ 2.67143E+05 2.67143E+05 ];

MAT_un_BURNUP = [ 0.00000E+00 4.29087E+01 ];

MAT_un_ADENS = [
4.83387E-03 3.50871E-03 % U235
1.93936E-02 1.88539E-02 % U238
0.00000E+00 3.58202E-30 % lost data
7.26897E-02 7.38015E-02 % total
];

MAT_un_MDENS = [
1.88669E+00 1.36947E+00 % U235
7.66628E+00 7.45292E+00 % U238
0.00000E+00 0.00000E+00 % lost data
1.08000E+01 1.07986E+01 % total
];

MAT_un_A = [
4.03007E+10 2.92527E+10 % U235
2.54696E+10 2.47608E+10 % U238
0.00000E+00 0.00000E+00 % lost data
6.57703E+10 3.28296E+18 % total
];

MAT_un_H = [
3.02110E-02 2.19290E-02 % U235
1.74248E-02 1.69399E-02 % U238
0.00000E+00 0.00000E+00 % lost data
4.76358E-02 9.64604E+05 % total
];

MAT_un_SF = [
2.90165E+00 2.10619E+00 % U235
1.39064E+04 1.35194E+04 % U238
0.00000E+00 0.00000E+00 % lost data
1.39093E+04 1.03859E+08 % total
];

MAT_un_GSRC = [
5.09202E+10 3.69609E+10 % U235
2.25543E+09 2.19265E+09 % U238
0.00000E+00 0.00000E+00 % lost data
5.31756E+10 3.52922E+18 % total
];

MAT_un_ING_TOX = [
1.89413E+03 1.37488E+03 % U235
1.14613E+03 1.11423E+03 % U238
0.00000E+00 0.00000E+00 % lost data
3.04026E+03 2.23537E+09 % total
];

MAT_un_INH_TOX = [
3.42556E+05 2.48648E+05 % U235
2.03757E+05 1.98086E+05 % U238
0.00000E+00 0.00000E+00 % lost data
5.46313E+05 8.02775E+10 % total
];

TOT_VOLUME = [ 2.67143E+05 2.67143E+05 ];

TOT_BURNUP = [ 0.00000E+00 4.29087E+01 ];

TOT_ADENS = [
4.83387E-03 3.50871E-03 % U235
1.93936E-02 1.88539E-02 % U238
0.00000E+00 3.58202E-30 % lost data
7.26897E-02 7.38015E-02 % total
];

TOT_MASS = [
5.04017E+05 3.65846E+05 % U235
2.04800E+06 1.99100E+06 % U238
0.00000E+00 0.00000E+00 % lost data
2.88515E+06 2.88478E+06 % total
];

TOT_A = [
4.03007E+10 2.92527E+10 % U235
2.54696E+10 2.47608E+10 % U238
0.00000E+00 0.00000E+00 % lost data
6.57703E+10 3.28296E+18 % total
];

TOT_H = [
3.02110E-02 2.19290E-02 % U235
1.74248E-02 1.69399E-02 % U238
0.00000E+00 0.00000E+00 % lost data
4.76358E-02 9.64604E+05 % total
];

TOT_SF = [
2.90165E+00 2.10619E+00 % U235
1.39064E+04 1.35194E+04 % U238
0.00000E+00 0.00000E+00 % lost data
1.39093E+04 1.03859E+08 % total
];

TOT_GSRC = [
5.09202E+10 3.69609E+10 % U235
2.25543E+09 2.19265E+09 % U238
0.00000E+00 0.00000E+00 % lost data
5.31756E+10 3.52922E+18 % total
];

TOT_ING_TOX = [
1.89413E+03 1.37488E+03 % U235
1.14613E+03 1.11423E+03 % U238
0.00000E+00 0.00000E+00 % lost data
3.04026E+03 2.23537E+09 % total
];

TOT_INH_TOX = [
3.42556E+05 2.48648E+05 % U235
2.03757E+05 1.98086E+05 % U238
0.00000E+00 0.00000E+00 % lost data
5.46313E+05 8.02775E+10 % total
];

BU = [ 0.00000E+00 4.29073E+01 ];

DAYS = [ 0.00000E+00 7.30000E+03 ];
