
DETassem1 = [
    1    1    1    1    1    1    1    1    1    1  0.00000E+00 0.00000 
    2    1    1    1    1    1    1    1    1    2  0.00000E+00 0.00000 
    3    1    1    1    1    1    1    1    1    3  0.00000E+00 0.00000 
    4    1    1    1    1    1    1    1    1    4  0.00000E+00 0.00000 
    5    1    1    1    1    1    1    1    1    5  0.00000E+00 0.00000 
    6    1    1    1    1    1    1    1    1    6  0.00000E+00 0.00000 
    7    1    1    1    1    1    1    1    1    7  0.00000E+00 0.00000 
    8    1    1    1    1    1    1    1    1    8  1.75036E+04 0.00372 
    9    1    1    1    1    1    1    1    1    9  1.36814E+04 0.00402 
   10    1    1    1    1    1    1    1    1   10  0.00000E+00 0.00000 
   11    1    1    1    1    1    1    1    1   11  9.90016E+03 0.00450 
   12    1    1    1    1    1    1    1    2    1  1.93070E+04 0.00361 
   13    1    1    1    1    1    1    1    2    2  0.00000E+00 0.00000 
   14    1    1    1    1    1    1    1    2    3  0.00000E+00 0.00000 
   15    1    1    1    1    1    1    1    2    4  0.00000E+00 0.00000 
   16    1    1    1    1    1    1    1    2    5  0.00000E+00 0.00000 
   17    1    1    1    1    1    1    1    2    6  1.92238E+04 0.00361 
   18    1    1    1    1    1    1    1    2    7  1.52302E+04 0.00386 
   19    1    1    1    1    1    1    1    2    8  0.00000E+00 0.00000 
   20    1    1    1    1    1    1    1    2    9  1.10672E+04 0.00440 
   21    1    1    1    1    1    1    1    2   10  1.00295E+04 0.00461 
   22    1    1    1    1    1    1    1    2   11  0.00000E+00 0.00000 
   23    1    1    1    1    1    1    1    3    1  1.52298E+04 0.00394 
   24    1    1    1    1    1    1    1    3    2  1.76608E+04 0.00373 
   25    1    1    1    1    1    1    1    3    3  0.00000E+00 0.00000 
   26    1    1    1    1    1    1    1    3    4  1.76015E+04 0.00375 
   27    1    1    1    1    1    1    1    3    5  1.53603E+04 0.00390 
   28    1    1    1    1    1    1    1    3    6  0.00000E+00 0.00000 
   29    1    1    1    1    1    1    1    3    7  1.16551E+04 0.00423 
   30    1    1    1    1    1    1    1    3    8  1.05242E+04 0.00425 
   31    1    1    1    1    1    1    1    3    9  0.00000E+00 0.00000 
   32    1    1    1    1    1    1    1    3   10  9.11493E+03 0.00455 
   33    1    1    1    1    1    1    1    3   11  8.83947E+03 0.00463 
   34    1    1    1    1    1    1    1    4    1  0.00000E+00 0.00000 
   35    1    1    1    1    1    1    1    4    2  1.35244E+04 0.00408 
   36    1    1    1    1    1    1    1    4    3  1.36509E+04 0.00410 
   37    1    1    1    1    1    1    1    4    4  0.00000E+00 0.00000 
   38    1    1    1    1    1    1    1    4    5  1.16249E+04 0.00419 
   39    1    1    1    1    1    1    1    4    6  1.09098E+04 0.00435 
   40    1    1    1    1    1    1    1    4    7  0.00000E+00 0.00000 
   41    1    1    1    1    1    1    1    4    8  9.40696E+03 0.00448 
   42    1    1    1    1    1    1    1    4    9  9.00321E+03 0.00465 
   43    1    1    1    1    1    1    1    4   10  0.00000E+00 0.00000 
   44    1    1    1    1    1    1    1    4   11  8.48995E+03 0.00460 
   45    1    1    1    1    1    1    1    5    1  1.10319E+04 0.00426 
   46    1    1    1    1    1    1    1    5    2  0.00000E+00 0.00000 
   47    1    1    1    1    1    1    1    5    3  1.09575E+04 0.00429 
   48    1    1    1    1    1    1    1    5    4  1.04981E+04 0.00447 
   49    1    1    1    1    1    1    1    5    5  0.00000E+00 0.00000 
   50    1    1    1    1    1    1    1    5    6  9.37848E+03 0.00461 
   51    1    1    1    1    1    1    1    5    7  8.95580E+03 0.00452 
   52    1    1    1    1    1    1    1    5    8  0.00000E+00 0.00000 
   53    1    1    1    1    1    1    1    5    9  8.57034E+03 0.00461 
   54    1    1    1    1    1    1    1    5   10  8.43460E+03 0.00466 
   55    1    1    1    1    1    1    1    5   11  0.00000E+00 0.00000 
   56    1    1    1    1    1    1    1    6    1  9.94498E+03 0.00447 
   57    1    1    1    1    1    1    1    6    2  9.86397E+03 0.00448 
   58    1    1    1    1    1    1    1    6    3  0.00000E+00 0.00000 
   59    1    1    1    1    1    1    1    6    4  9.34312E+03 0.00450 
   60    1    1    1    1    1    1    1    6    5  8.97022E+03 0.00464 
   61    1    1    1    1    1    1    1    6    6  0.00000E+00 0.00000 
   62    1    1    1    1    1    1    1    6    7  8.53600E+03 0.00467 
   63    1    1    1    1    1    1    1    6    8  8.36689E+03 0.00467 
   64    1    1    1    1    1    1    1    6    9  0.00000E+00 0.00000 
   65    1    1    1    1    1    1    1    6   10  8.21466E+03 0.00479 
   66    1    1    1    1    1    1    1    6   11  8.12173E+03 0.00475 
   67    1    1    1    1    1    1    1    7    1  0.00000E+00 0.00000 
   68    1    1    1    1    1    1    1    7    2  9.14472E+03 0.00451 
   69    1    1    1    1    1    1    1    7    3  8.96269E+03 0.00455 
   70    1    1    1    1    1    1    1    7    4  0.00000E+00 0.00000 
   71    1    1    1    1    1    1    1    7    5  8.57739E+03 0.00464 
   72    1    1    1    1    1    1    1    7    6  8.44644E+03 0.00465 
   73    1    1    1    1    1    1    1    7    7  0.00000E+00 0.00000 
   74    1    1    1    1    1    1    1    7    8  8.21960E+03 0.00471 
   75    1    1    1    1    1    1    1    7    9  8.12566E+03 0.00474 
   76    1    1    1    1    1    1    1    7   10  0.00000E+00 0.00000 
   77    1    1    1    1    1    1    1    7   11  8.01034E+03 0.00473 
   78    1    1    1    1    1    1    1    8    1  8.69557E+03 0.00452 
   79    1    1    1    1    1    1    1    8    2  0.00000E+00 0.00000 
   80    1    1    1    1    1    1    1    8    3  8.55819E+03 0.00472 
   81    1    1    1    1    1    1    1    8    4  8.41448E+03 0.00458 
   82    1    1    1    1    1    1    1    8    5  0.00000E+00 0.00000 
   83    1    1    1    1    1    1    1    8    6  8.20569E+03 0.00467 
   84    1    1    1    1    1    1    1    8    7  8.10316E+03 0.00467 
   85    1    1    1    1    1    1    1    8    8  0.00000E+00 0.00000 
   86    1    1    1    1    1    1    1    8    9  8.04425E+03 0.00475 
   87    1    1    1    1    1    1    1    8   10  7.89169E+03 0.00472 
   88    1    1    1    1    1    1    1    8   11  0.00000E+00 0.00000 
   89    1    1    1    1    1    1    1    9    1  8.50203E+03 0.00461 
   90    1    1    1    1    1    1    1    9    2  8.43573E+03 0.00469 
   91    1    1    1    1    1    1    1    9    3  0.00000E+00 0.00000 
   92    1    1    1    1    1    1    1    9    4  8.14664E+03 0.00470 
   93    1    1    1    1    1    1    1    9    5  8.14223E+03 0.00470 
   94    1    1    1    1    1    1    1    9    6  0.00000E+00 0.00000 
   95    1    1    1    1    1    1    1    9    7  8.01732E+03 0.00482 
   96    1    1    1    1    1    1    1    9    8  7.86775E+03 0.00478 
   97    1    1    1    1    1    1    1    9    9  0.00000E+00 0.00000 
   98    1    1    1    1    1    1    1    9   10  7.67768E+03 0.00477 
   99    1    1    1    1    1    1    1    9   11  7.65351E+03 0.00485 
  100    1    1    1    1    1    1    1   10    1  0.00000E+00 0.00000 
  101    1    1    1    1    1    1    1   10    2  8.16886E+03 0.00462 
  102    1    1    1    1    1    1    1   10    3  8.10863E+03 0.00471 
  103    1    1    1    1    1    1    1   10    4  0.00000E+00 0.00000 
  104    1    1    1    1    1    1    1   10    5  8.00514E+03 0.00473 
  105    1    1    1    1    1    1    1   10    6  7.85311E+03 0.00483 
  106    1    1    1    1    1    1    1   10    7  0.00000E+00 0.00000 
  107    1    1    1    1    1    1    1   10    8  7.66587E+03 0.00479 
  108    1    1    1    1    1    1    1   10    9  7.54928E+03 0.00491 
  109    1    1    1    1    1    1    1   10   10  0.00000E+00 0.00000 
