
DETassem1 = [
    1    1    1    1    1    1    1    1    1    1  0.00000E+00 0.00000 
    2    1    1    1    1    1    1    1    1    2  0.00000E+00 0.00000 
    3    1    1    1    1    1    1    1    1    3  0.00000E+00 0.00000 
    4    1    1    1    1    1    1    1    1    4  0.00000E+00 0.00000 
    5    1    1    1    1    1    1    1    1    5  0.00000E+00 0.00000 
    6    1    1    1    1    1    1    1    1    6  0.00000E+00 0.00000 
    7    1    1    1    1    1    1    1    1    7  0.00000E+00 0.00000 
    8    1    1    1    1    1    1    1    1    8  1.82475E+04 0.00366 
    9    1    1    1    1    1    1    1    1    9  1.38661E+04 0.00394 
   10    1    1    1    1    1    1    1    1   10  0.00000E+00 0.00000 
   11    1    1    1    1    1    1    1    1   11  9.97531E+03 0.00442 
   12    1    1    1    1    1    1    1    2    1  1.97364E+04 0.00355 
   13    1    1    1    1    1    1    1    2    2  0.00000E+00 0.00000 
   14    1    1    1    1    1    1    1    2    3  0.00000E+00 0.00000 
   15    1    1    1    1    1    1    1    2    4  0.00000E+00 0.00000 
   16    1    1    1    1    1    1    1    2    5  0.00000E+00 0.00000 
   17    1    1    1    1    1    1    1    2    6  1.97390E+04 0.00348 
   18    1    1    1    1    1    1    1    2    7  1.58007E+04 0.00389 
   19    1    1    1    1    1    1    1    2    8  0.00000E+00 0.00000 
   20    1    1    1    1    1    1    1    2    9  1.11644E+04 0.00435 
   21    1    1    1    1    1    1    1    2   10  1.00081E+04 0.00449 
   22    1    1    1    1    1    1    1    2   11  0.00000E+00 0.00000 
   23    1    1    1    1    1    1    1    3    1  1.57755E+04 0.00393 
   24    1    1    1    1    1    1    1    3    2  1.81514E+04 0.00372 
   25    1    1    1    1    1    1    1    3    3  0.00000E+00 0.00000 
   26    1    1    1    1    1    1    1    3    4  1.82231E+04 0.00371 
   27    1    1    1    1    1    1    1    3    5  1.56678E+04 0.00392 
   28    1    1    1    1    1    1    1    3    6  0.00000E+00 0.00000 
   29    1    1    1    1    1    1    1    3    7  1.19032E+04 0.00425 
   30    1    1    1    1    1    1    1    3    8  1.06110E+04 0.00432 
   31    1    1    1    1    1    1    1    3    9  0.00000E+00 0.00000 
   32    1    1    1    1    1    1    1    3   10  9.34565E+03 0.00461 
   33    1    1    1    1    1    1    1    3   11  8.85900E+03 0.00469 
   34    1    1    1    1    1    1    1    4    1  0.00000E+00 0.00000 
   35    1    1    1    1    1    1    1    4    2  1.38978E+04 0.00410 
   36    1    1    1    1    1    1    1    4    3  1.38978E+04 0.00398 
   37    1    1    1    1    1    1    1    4    4  0.00000E+00 0.00000 
   38    1    1    1    1    1    1    1    4    5  1.18349E+04 0.00425 
   39    1    1    1    1    1    1    1    4    6  1.09741E+04 0.00432 
   40    1    1    1    1    1    1    1    4    7  0.00000E+00 0.00000 
   41    1    1    1    1    1    1    1    4    8  9.55155E+03 0.00447 
   42    1    1    1    1    1    1    1    4    9  9.13232E+03 0.00446 
   43    1    1    1    1    1    1    1    4   10  0.00000E+00 0.00000 
   44    1    1    1    1    1    1    1    4   11  8.60057E+03 0.00475 
   45    1    1    1    1    1    1    1    5    1  1.11126E+04 0.00418 
   46    1    1    1    1    1    1    1    5    2  0.00000E+00 0.00000 
   47    1    1    1    1    1    1    1    5    3  1.11585E+04 0.00430 
   48    1    1    1    1    1    1    1    5    4  1.05636E+04 0.00435 
   49    1    1    1    1    1    1    1    5    5  0.00000E+00 0.00000 
   50    1    1    1    1    1    1    1    5    6  9.56587E+03 0.00456 
   51    1    1    1    1    1    1    1    5    7  9.22679E+03 0.00449 
   52    1    1    1    1    1    1    1    5    8  0.00000E+00 0.00000 
   53    1    1    1    1    1    1    1    5    9  8.59226E+03 0.00452 
   54    1    1    1    1    1    1    1    5   10  8.45804E+03 0.00462 
   55    1    1    1    1    1    1    1    5   11  0.00000E+00 0.00000 
   56    1    1    1    1    1    1    1    6    1  1.00484E+04 0.00446 
   57    1    1    1    1    1    1    1    6    2  1.00360E+04 0.00444 
   58    1    1    1    1    1    1    1    6    3  0.00000E+00 0.00000 
   59    1    1    1    1    1    1    1    6    4  9.48223E+03 0.00459 
   60    1    1    1    1    1    1    1    6    5  9.18318E+03 0.00463 
   61    1    1    1    1    1    1    1    6    6  0.00000E+00 0.00000 
   62    1    1    1    1    1    1    1    6    7  8.65206E+03 0.00454 
   63    1    1    1    1    1    1    1    6    8  8.42203E+03 0.00470 
   64    1    1    1    1    1    1    1    6    9  0.00000E+00 0.00000 
   65    1    1    1    1    1    1    1    6   10  8.25536E+03 0.00466 
   66    1    1    1    1    1    1    1    6   11  8.23348E+03 0.00472 
   67    1    1    1    1    1    1    1    7    1  0.00000E+00 0.00000 
   68    1    1    1    1    1    1    1    7    2  9.20657E+03 0.00448 
   69    1    1    1    1    1    1    1    7    3  9.05499E+03 0.00460 
   70    1    1    1    1    1    1    1    7    4  0.00000E+00 0.00000 
   71    1    1    1    1    1    1    1    7    5  8.77269E+03 0.00458 
   72    1    1    1    1    1    1    1    7    6  8.52259E+03 0.00457 
   73    1    1    1    1    1    1    1    7    7  0.00000E+00 0.00000 
   74    1    1    1    1    1    1    1    7    8  8.16329E+03 0.00476 
   75    1    1    1    1    1    1    1    7    9  8.10738E+03 0.00465 
   76    1    1    1    1    1    1    1    7   10  0.00000E+00 0.00000 
   77    1    1    1    1    1    1    1    7   11  8.06896E+03 0.00482 
   78    1    1    1    1    1    1    1    8    1  8.82053E+03 0.00458 
   79    1    1    1    1    1    1    1    8    2  0.00000E+00 0.00000 
   80    1    1    1    1    1    1    1    8    3  8.67890E+03 0.00462 
   81    1    1    1    1    1    1    1    8    4  8.48312E+03 0.00468 
   82    1    1    1    1    1    1    1    8    5  0.00000E+00 0.00000 
   83    1    1    1    1    1    1    1    8    6  8.33683E+03 0.00471 
   84    1    1    1    1    1    1    1    8    7  8.19257E+03 0.00475 
   85    1    1    1    1    1    1    1    8    8  0.00000E+00 0.00000 
   86    1    1    1    1    1    1    1    8    9  8.03550E+03 0.00468 
   87    1    1    1    1    1    1    1    8   10  7.95910E+03 0.00481 
   88    1    1    1    1    1    1    1    8   11  0.00000E+00 0.00000 
   89    1    1    1    1    1    1    1    9    1  8.63274E+03 0.00465 
   90    1    1    1    1    1    1    1    9    2  8.51843E+03 0.00460 
   91    1    1    1    1    1    1    1    9    3  0.00000E+00 0.00000 
   92    1    1    1    1    1    1    1    9    4  8.23170E+03 0.00473 
   93    1    1    1    1    1    1    1    9    5  8.09168E+03 0.00473 
   94    1    1    1    1    1    1    1    9    6  0.00000E+00 0.00000 
   95    1    1    1    1    1    1    1    9    7  7.97808E+03 0.00473 
   96    1    1    1    1    1    1    1    9    8  7.94169E+03 0.00475 
   97    1    1    1    1    1    1    1    9    9  0.00000E+00 0.00000 
   98    1    1    1    1    1    1    1    9   10  7.75275E+03 0.00474 
   99    1    1    1    1    1    1    1    9   11  7.74045E+03 0.00482 
  100    1    1    1    1    1    1    1   10    1  0.00000E+00 0.00000 
  101    1    1    1    1    1    1    1   10    2  8.35681E+03 0.00471 
  102    1    1    1    1    1    1    1   10    3  8.19952E+03 0.00476 
  103    1    1    1    1    1    1    1   10    4  0.00000E+00 0.00000 
  104    1    1    1    1    1    1    1   10    5  7.89085E+03 0.00484 
  105    1    1    1    1    1    1    1   10    6  7.95928E+03 0.00476 
  106    1    1    1    1    1    1    1   10    7  0.00000E+00 0.00000 
  107    1    1    1    1    1    1    1   10    8  7.73806E+03 0.00479 
  108    1    1    1    1    1    1    1   10    9  7.66936E+03 0.00485 
  109    1    1    1    1    1    1    1   10   10  0.00000E+00 0.00000 
