
DETassem1 = [
    1    1    1    1    1    1    1    1    1    1  0.00000E+00 0.00000 
    2    1    1    1    1    1    1    1    1    2  0.00000E+00 0.00000 
    3    1    1    1    1    1    1    1    1    3  0.00000E+00 0.00000 
    4    1    1    1    1    1    1    1    1    4  0.00000E+00 0.00000 
    5    1    1    1    1    1    1    1    1    5  0.00000E+00 0.00000 
    6    1    1    1    1    1    1    1    1    6  0.00000E+00 0.00000 
    7    1    1    1    1    1    1    1    1    7  0.00000E+00 0.00000 
    8    1    1    1    1    1    1    1    1    8  1.84586E+04 0.00367 
    9    1    1    1    1    1    1    1    1    9  1.40229E+04 0.00409 
   10    1    1    1    1    1    1    1    1   10  0.00000E+00 0.00000 
   11    1    1    1    1    1    1    1    1   11  1.00623E+04 0.00446 
   12    1    1    1    1    1    1    1    2    1  1.98149E+04 0.00360 
   13    1    1    1    1    1    1    1    2    2  0.00000E+00 0.00000 
   14    1    1    1    1    1    1    1    2    3  0.00000E+00 0.00000 
   15    1    1    1    1    1    1    1    2    4  0.00000E+00 0.00000 
   16    1    1    1    1    1    1    1    2    5  0.00000E+00 0.00000 
   17    1    1    1    1    1    1    1    2    6  1.99171E+04 0.00358 
   18    1    1    1    1    1    1    1    2    7  1.59760E+04 0.00385 
   19    1    1    1    1    1    1    1    2    8  0.00000E+00 0.00000 
   20    1    1    1    1    1    1    1    2    9  1.13697E+04 0.00427 
   21    1    1    1    1    1    1    1    2   10  1.01712E+04 0.00444 
   22    1    1    1    1    1    1    1    2   11  0.00000E+00 0.00000 
   23    1    1    1    1    1    1    1    3    1  1.58424E+04 0.00387 
   24    1    1    1    1    1    1    1    3    2  1.83349E+04 0.00364 
   25    1    1    1    1    1    1    1    3    3  0.00000E+00 0.00000 
   26    1    1    1    1    1    1    1    3    4  1.83751E+04 0.00356 
   27    1    1    1    1    1    1    1    3    5  1.60167E+04 0.00383 
   28    1    1    1    1    1    1    1    3    6  0.00000E+00 0.00000 
   29    1    1    1    1    1    1    1    3    7  1.20312E+04 0.00427 
   30    1    1    1    1    1    1    1    3    8  1.08998E+04 0.00430 
   31    1    1    1    1    1    1    1    3    9  0.00000E+00 0.00000 
   32    1    1    1    1    1    1    1    3   10  9.37401E+03 0.00447 
   33    1    1    1    1    1    1    1    3   11  8.93999E+03 0.00456 
   34    1    1    1    1    1    1    1    4    1  0.00000E+00 0.00000 
   35    1    1    1    1    1    1    1    4    2  1.39944E+04 0.00407 
   36    1    1    1    1    1    1    1    4    3  1.40575E+04 0.00402 
   37    1    1    1    1    1    1    1    4    4  0.00000E+00 0.00000 
   38    1    1    1    1    1    1    1    4    5  1.21758E+04 0.00417 
   39    1    1    1    1    1    1    1    4    6  1.12012E+04 0.00420 
   40    1    1    1    1    1    1    1    4    7  0.00000E+00 0.00000 
   41    1    1    1    1    1    1    1    4    8  9.78582E+03 0.00453 
   42    1    1    1    1    1    1    1    4    9  9.13815E+03 0.00455 
   43    1    1    1    1    1    1    1    4   10  0.00000E+00 0.00000 
   44    1    1    1    1    1    1    1    4   11  8.60490E+03 0.00453 
   45    1    1    1    1    1    1    1    5    1  1.12935E+04 0.00437 
   46    1    1    1    1    1    1    1    5    2  0.00000E+00 0.00000 
   47    1    1    1    1    1    1    1    5    3  1.13460E+04 0.00431 
   48    1    1    1    1    1    1    1    5    4  1.08649E+04 0.00437 
   49    1    1    1    1    1    1    1    5    5  0.00000E+00 0.00000 
   50    1    1    1    1    1    1    1    5    6  9.74651E+03 0.00438 
   51    1    1    1    1    1    1    1    5    7  9.38383E+03 0.00452 
   52    1    1    1    1    1    1    1    5    8  0.00000E+00 0.00000 
   53    1    1    1    1    1    1    1    5    9  8.71721E+03 0.00468 
   54    1    1    1    1    1    1    1    5   10  8.55152E+03 0.00466 
   55    1    1    1    1    1    1    1    5   11  0.00000E+00 0.00000 
   56    1    1    1    1    1    1    1    6    1  1.00687E+04 0.00447 
   57    1    1    1    1    1    1    1    6    2  1.01151E+04 0.00423 
   58    1    1    1    1    1    1    1    6    3  0.00000E+00 0.00000 
   59    1    1    1    1    1    1    1    6    4  9.62667E+03 0.00456 
   60    1    1    1    1    1    1    1    6    5  9.39456E+03 0.00448 
   61    1    1    1    1    1    1    1    6    6  0.00000E+00 0.00000 
   62    1    1    1    1    1    1    1    6    7  8.72275E+03 0.00455 
   63    1    1    1    1    1    1    1    6    8  8.56733E+03 0.00452 
   64    1    1    1    1    1    1    1    6    9  0.00000E+00 0.00000 
   65    1    1    1    1    1    1    1    6   10  8.35342E+03 0.00472 
   66    1    1    1    1    1    1    1    6   11  8.17301E+03 0.00464 
   67    1    1    1    1    1    1    1    7    1  0.00000E+00 0.00000 
   68    1    1    1    1    1    1    1    7    2  9.33090E+03 0.00453 
   69    1    1    1    1    1    1    1    7    3  9.17123E+03 0.00445 
   70    1    1    1    1    1    1    1    7    4  0.00000E+00 0.00000 
   71    1    1    1    1    1    1    1    7    5  8.75467E+03 0.00453 
   72    1    1    1    1    1    1    1    7    6  8.51645E+03 0.00462 
   73    1    1    1    1    1    1    1    7    7  0.00000E+00 0.00000 
   74    1    1    1    1    1    1    1    7    8  8.31596E+03 0.00460 
   75    1    1    1    1    1    1    1    7    9  8.21896E+03 0.00462 
   76    1    1    1    1    1    1    1    7   10  0.00000E+00 0.00000 
   77    1    1    1    1    1    1    1    7   11  8.02384E+03 0.00472 
   78    1    1    1    1    1    1    1    8    1  8.92179E+03 0.00448 
   79    1    1    1    1    1    1    1    8    2  0.00000E+00 0.00000 
   80    1    1    1    1    1    1    1    8    3  8.67634E+03 0.00453 
   81    1    1    1    1    1    1    1    8    4  8.55793E+03 0.00462 
   82    1    1    1    1    1    1    1    8    5  0.00000E+00 0.00000 
   83    1    1    1    1    1    1    1    8    6  8.36869E+03 0.00477 
   84    1    1    1    1    1    1    1    8    7  8.22730E+03 0.00465 
   85    1    1    1    1    1    1    1    8    8  0.00000E+00 0.00000 
   86    1    1    1    1    1    1    1    8    9  7.93531E+03 0.00477 
   87    1    1    1    1    1    1    1    8   10  7.81766E+03 0.00470 
   88    1    1    1    1    1    1    1    8   11  0.00000E+00 0.00000 
   89    1    1    1    1    1    1    1    9    1  8.63081E+03 0.00470 
   90    1    1    1    1    1    1    1    9    2  8.52075E+03 0.00467 
   91    1    1    1    1    1    1    1    9    3  0.00000E+00 0.00000 
   92    1    1    1    1    1    1    1    9    4  8.28470E+03 0.00477 
   93    1    1    1    1    1    1    1    9    5  8.15072E+03 0.00464 
   94    1    1    1    1    1    1    1    9    6  0.00000E+00 0.00000 
   95    1    1    1    1    1    1    1    9    7  8.08702E+03 0.00464 
   96    1    1    1    1    1    1    1    9    8  7.92467E+03 0.00469 
   97    1    1    1    1    1    1    1    9    9  0.00000E+00 0.00000 
   98    1    1    1    1    1    1    1    9   10  7.69338E+03 0.00474 
   99    1    1    1    1    1    1    1    9   11  7.72431E+03 0.00483 
  100    1    1    1    1    1    1    1   10    1  0.00000E+00 0.00000 
  101    1    1    1    1    1    1    1   10    2  8.34952E+03 0.00472 
  102    1    1    1    1    1    1    1   10    3  8.21235E+03 0.00474 
  103    1    1    1    1    1    1    1   10    4  0.00000E+00 0.00000 
  104    1    1    1    1    1    1    1   10    5  8.09487E+03 0.00470 
  105    1    1    1    1    1    1    1   10    6  8.00862E+03 0.00471 
  106    1    1    1    1    1    1    1   10    7  0.00000E+00 0.00000 
  107    1    1    1    1    1    1    1   10    8  7.78661E+03 0.00482 
  108    1    1    1    1    1    1    1   10    9  7.68000E+03 0.00473 
  109    1    1    1    1    1    1    1   10   10  0.00000E+00 0.00000 
