
ZAI = [
922350
922380
666
0
];

NAMES = [
'U235            '
'U238            '
'lost            '
'total           '
];

i922350 = 1; iU235             = 1;
i922380 = 2; iU238             = 2;
iLOST    = 3;
iTOT     = 4;

MAT_un_VOLUME = [ 2.67008E+05 2.67008E+05 ];

MAT_un_BURNUP = [ 0.00000E+00 4.29304E+01 ];

MAT_un_ADENS = [
4.83387E-03 3.50818E-03 % U235
1.93936E-02 1.88538E-02 % U238
0.00000E+00 3.95062E-30 % lost data
7.26897E-02 7.38021E-02 % total
];

MAT_un_MDENS = [
1.88669E+00 1.36926E+00 % U235
7.66628E+00 7.45289E+00 % U238
0.00000E+00 0.00000E+00 % lost data
1.08000E+01 1.07986E+01 % total
];

MAT_un_A = [
4.02802E+10 2.92333E+10 % U235
2.54567E+10 2.47481E+10 % U238
0.00000E+00 0.00000E+00 % lost data
6.57369E+10 3.28285E+18 % total
];

MAT_un_H = [
3.01957E-02 2.19145E-02 % U235
1.74160E-02 1.69312E-02 % U238
0.00000E+00 0.00000E+00 % lost data
4.76116E-02 9.64585E+05 % total
];

MAT_un_SF = [
2.90018E+00 2.10480E+00 % U235
1.38993E+04 1.35124E+04 % U238
0.00000E+00 0.00000E+00 % lost data
1.39022E+04 1.03937E+08 % total
];

MAT_un_GSRC = [
5.08943E+10 3.69365E+10 % U235
2.25428E+09 2.19153E+09 % U238
0.00000E+00 0.00000E+00 % lost data
5.31486E+10 3.52910E+18 % total
];

MAT_un_ING_TOX = [
1.89317E+03 1.37397E+03 % U235
1.14555E+03 1.11366E+03 % U238
0.00000E+00 0.00000E+00 % lost data
3.03872E+03 2.23543E+09 % total
];

MAT_un_INH_TOX = [
3.42382E+05 2.48483E+05 % U235
2.03653E+05 1.97985E+05 % U238
0.00000E+00 0.00000E+00 % lost data
5.46035E+05 8.02885E+10 % total
];

TOT_VOLUME = [ 2.67008E+05 2.67008E+05 ];

TOT_BURNUP = [ 0.00000E+00 4.29304E+01 ];

TOT_ADENS = [
4.83387E-03 3.50818E-03 % U235
1.93936E-02 1.88538E-02 % U238
0.00000E+00 3.95062E-30 % lost data
7.26897E-02 7.38021E-02 % total
];

TOT_MASS = [
5.03761E+05 3.65604E+05 % U235
2.04696E+06 1.98998E+06 % U238
0.00000E+00 0.00000E+00 % lost data
2.88368E+06 2.88331E+06 % total
];

TOT_A = [
4.02802E+10 2.92333E+10 % U235
2.54567E+10 2.47481E+10 % U238
0.00000E+00 0.00000E+00 % lost data
6.57369E+10 3.28285E+18 % total
];

TOT_H = [
3.01957E-02 2.19145E-02 % U235
1.74160E-02 1.69312E-02 % U238
0.00000E+00 0.00000E+00 % lost data
4.76116E-02 9.64585E+05 % total
];

TOT_SF = [
2.90018E+00 2.10480E+00 % U235
1.38993E+04 1.35124E+04 % U238
0.00000E+00 0.00000E+00 % lost data
1.39022E+04 1.03937E+08 % total
];

TOT_GSRC = [
5.08943E+10 3.69365E+10 % U235
2.25428E+09 2.19153E+09 % U238
0.00000E+00 0.00000E+00 % lost data
5.31486E+10 3.52910E+18 % total
];

TOT_ING_TOX = [
1.89317E+03 1.37397E+03 % U235
1.14555E+03 1.11366E+03 % U238
0.00000E+00 0.00000E+00 % lost data
3.03872E+03 2.23543E+09 % total
];

TOT_INH_TOX = [
3.42382E+05 2.48483E+05 % U235
2.03653E+05 1.97985E+05 % U238
0.00000E+00 0.00000E+00 % lost data
5.46035E+05 8.02885E+10 % total
];

BU = [ 0.00000E+00 4.29291E+01 ];

DAYS = [ 0.00000E+00 7.30000E+03 ];
