
DETassem1 = [
    1    1    1    1    1    1    1    1    1    1  0.00000E+00 0.00000 
    2    1    1    1    1    1    1    1    1    2  0.00000E+00 0.00000 
    3    1    1    1    1    1    1    1    1    3  0.00000E+00 0.00000 
    4    1    1    1    1    1    1    1    1    4  0.00000E+00 0.00000 
    5    1    1    1    1    1    1    1    1    5  0.00000E+00 0.00000 
    6    1    1    1    1    1    1    1    1    6  0.00000E+00 0.00000 
    7    1    1    1    1    1    1    1    1    7  0.00000E+00 0.00000 
    8    1    1    1    1    1    1    1    1    8  1.78482E+04 0.00368 
    9    1    1    1    1    1    1    1    1    9  1.41216E+04 0.00378 
   10    1    1    1    1    1    1    1    1   10  0.00000E+00 0.00000 
   11    1    1    1    1    1    1    1    1   11  1.03185E+04 0.00424 
   12    1    1    1    1    1    1    1    2    1  1.92168E+04 0.00343 
   13    1    1    1    1    1    1    1    2    2  0.00000E+00 0.00000 
   14    1    1    1    1    1    1    1    2    3  0.00000E+00 0.00000 
   15    1    1    1    1    1    1    1    2    4  0.00000E+00 0.00000 
   16    1    1    1    1    1    1    1    2    5  0.00000E+00 0.00000 
   17    1    1    1    1    1    1    1    2    6  1.92092E+04 0.00346 
   18    1    1    1    1    1    1    1    2    7  1.55993E+04 0.00371 
   19    1    1    1    1    1    1    1    2    8  0.00000E+00 0.00000 
   20    1    1    1    1    1    1    1    2    9  1.15070E+04 0.00406 
   21    1    1    1    1    1    1    1    2   10  1.03792E+04 0.00421 
   22    1    1    1    1    1    1    1    2   11  0.00000E+00 0.00000 
   23    1    1    1    1    1    1    1    3    1  1.56396E+04 0.00381 
   24    1    1    1    1    1    1    1    3    2  1.79230E+04 0.00357 
   25    1    1    1    1    1    1    1    3    3  0.00000E+00 0.00000 
   26    1    1    1    1    1    1    1    3    4  1.78181E+04 0.00357 
   27    1    1    1    1    1    1    1    3    5  1.56327E+04 0.00373 
   28    1    1    1    1    1    1    1    3    6  0.00000E+00 0.00000 
   29    1    1    1    1    1    1    1    3    7  1.22214E+04 0.00400 
   30    1    1    1    1    1    1    1    3    8  1.09753E+04 0.00422 
   31    1    1    1    1    1    1    1    3    9  0.00000E+00 0.00000 
   32    1    1    1    1    1    1    1    3   10  9.41145E+03 0.00434 
   33    1    1    1    1    1    1    1    3   11  9.24073E+03 0.00440 
   34    1    1    1    1    1    1    1    4    1  0.00000E+00 0.00000 
   35    1    1    1    1    1    1    1    4    2  1.39803E+04 0.00389 
   36    1    1    1    1    1    1    1    4    3  1.39694E+04 0.00390 
   37    1    1    1    1    1    1    1    4    4  0.00000E+00 0.00000 
   38    1    1    1    1    1    1    1    4    5  1.22824E+04 0.00406 
   39    1    1    1    1    1    1    1    4    6  1.13518E+04 0.00417 
   40    1    1    1    1    1    1    1    4    7  0.00000E+00 0.00000 
   41    1    1    1    1    1    1    1    4    8  9.83315E+03 0.00431 
   42    1    1    1    1    1    1    1    4    9  9.37782E+03 0.00432 
   43    1    1    1    1    1    1    1    4   10  0.00000E+00 0.00000 
   44    1    1    1    1    1    1    1    4   11  8.89146E+03 0.00451 
   45    1    1    1    1    1    1    1    5    1  1.14231E+04 0.00410 
   46    1    1    1    1    1    1    1    5    2  0.00000E+00 0.00000 
   47    1    1    1    1    1    1    1    5    3  1.14421E+04 0.00408 
   48    1    1    1    1    1    1    1    5    4  1.10245E+04 0.00416 
   49    1    1    1    1    1    1    1    5    5  0.00000E+00 0.00000 
   50    1    1    1    1    1    1    1    5    6  9.98478E+03 0.00422 
   51    1    1    1    1    1    1    1    5    7  9.56741E+03 0.00432 
   52    1    1    1    1    1    1    1    5    8  0.00000E+00 0.00000 
   53    1    1    1    1    1    1    1    5    9  8.90504E+03 0.00442 
   54    1    1    1    1    1    1    1    5   10  8.80678E+03 0.00437 
   55    1    1    1    1    1    1    1    5   11  0.00000E+00 0.00000 
   56    1    1    1    1    1    1    1    6    1  1.03769E+04 0.00424 
   57    1    1    1    1    1    1    1    6    2  1.02895E+04 0.00421 
   58    1    1    1    1    1    1    1    6    3  0.00000E+00 0.00000 
   59    1    1    1    1    1    1    1    6    4  9.90338E+03 0.00432 
   60    1    1    1    1    1    1    1    6    5  9.58302E+03 0.00444 
   61    1    1    1    1    1    1    1    6    6  0.00000E+00 0.00000 
   62    1    1    1    1    1    1    1    6    7  9.09678E+03 0.00437 
   63    1    1    1    1    1    1    1    6    8  8.75036E+03 0.00451 
   64    1    1    1    1    1    1    1    6    9  0.00000E+00 0.00000 
   65    1    1    1    1    1    1    1    6   10  8.55384E+03 0.00446 
   66    1    1    1    1    1    1    1    6   11  8.44545E+03 0.00448 
   67    1    1    1    1    1    1    1    7    1  0.00000E+00 0.00000 
   68    1    1    1    1    1    1    1    7    2  9.49880E+03 0.00428 
   69    1    1    1    1    1    1    1    7    3  9.39388E+03 0.00430 
   70    1    1    1    1    1    1    1    7    4  0.00000E+00 0.00000 
   71    1    1    1    1    1    1    1    7    5  9.06176E+03 0.00441 
   72    1    1    1    1    1    1    1    7    6  8.90180E+03 0.00448 
   73    1    1    1    1    1    1    1    7    7  0.00000E+00 0.00000 
   74    1    1    1    1    1    1    1    7    8  8.54823E+03 0.00462 
   75    1    1    1    1    1    1    1    7    9  8.48697E+03 0.00460 
   76    1    1    1    1    1    1    1    7   10  0.00000E+00 0.00000 
   77    1    1    1    1    1    1    1    7   11  8.30528E+03 0.00451 
   78    1    1    1    1    1    1    1    8    1  9.10374E+03 0.00441 
   79    1    1    1    1    1    1    1    8    2  0.00000E+00 0.00000 
   80    1    1    1    1    1    1    1    8    3  8.93271E+03 0.00446 
   81    1    1    1    1    1    1    1    8    4  8.71288E+03 0.00439 
   82    1    1    1    1    1    1    1    8    5  0.00000E+00 0.00000 
   83    1    1    1    1    1    1    1    8    6  8.53701E+03 0.00449 
   84    1    1    1    1    1    1    1    8    7  8.46273E+03 0.00452 
   85    1    1    1    1    1    1    1    8    8  0.00000E+00 0.00000 
   86    1    1    1    1    1    1    1    8    9  8.32565E+03 0.00456 
   87    1    1    1    1    1    1    1    8   10  8.17954E+03 0.00455 
   88    1    1    1    1    1    1    1    8   11  0.00000E+00 0.00000 
   89    1    1    1    1    1    1    1    9    1  8.95539E+03 0.00443 
   90    1    1    1    1    1    1    1    9    2  8.77176E+03 0.00441 
   91    1    1    1    1    1    1    1    9    3  0.00000E+00 0.00000 
   92    1    1    1    1    1    1    1    9    4  8.61450E+03 0.00452 
   93    1    1    1    1    1    1    1    9    5  8.46951E+03 0.00447 
   94    1    1    1    1    1    1    1    9    6  0.00000E+00 0.00000 
   95    1    1    1    1    1    1    1    9    7  8.35961E+03 0.00470 
   96    1    1    1    1    1    1    1    9    8  8.21866E+03 0.00459 
   97    1    1    1    1    1    1    1    9    9  0.00000E+00 0.00000 
   98    1    1    1    1    1    1    1    9   10  8.05873E+03 0.00467 
   99    1    1    1    1    1    1    1    9   11  7.91049E+03 0.00459 
  100    1    1    1    1    1    1    1   10    1  0.00000E+00 0.00000 
  101    1    1    1    1    1    1    1   10    2  8.55538E+03 0.00459 
  102    1    1    1    1    1    1    1   10    3  8.48392E+03 0.00446 
  103    1    1    1    1    1    1    1   10    4  0.00000E+00 0.00000 
  104    1    1    1    1    1    1    1   10    5  8.22934E+03 0.00443 
  105    1    1    1    1    1    1    1   10    6  8.19354E+03 0.00459 
  106    1    1    1    1    1    1    1   10    7  0.00000E+00 0.00000 
  107    1    1    1    1    1    1    1   10    8  7.97905E+03 0.00464 
  108    1    1    1    1    1    1    1   10    9  7.91829E+03 0.00478 
  109    1    1    1    1    1    1    1   10   10  0.00000E+00 0.00000 
