
DETassem1 = [
    1    1    1    1    1    1    1    1    1    1  0.00000E+00 0.00000 
    2    1    1    1    1    1    1    1    1    2  0.00000E+00 0.00000 
    3    1    1    1    1    1    1    1    1    3  0.00000E+00 0.00000 
    4    1    1    1    1    1    1    1    1    4  0.00000E+00 0.00000 
    5    1    1    1    1    1    1    1    1    5  0.00000E+00 0.00000 
    6    1    1    1    1    1    1    1    1    6  0.00000E+00 0.00000 
    7    1    1    1    1    1    1    1    1    7  0.00000E+00 0.00000 
    8    1    1    1    1    1    1    1    1    8  1.79763E+04 0.00356 
    9    1    1    1    1    1    1    1    1    9  1.42061E+04 0.00382 
   10    1    1    1    1    1    1    1    1   10  0.00000E+00 0.00000 
   11    1    1    1    1    1    1    1    1   11  1.04039E+04 0.00428 
   12    1    1    1    1    1    1    1    2    1  1.93732E+04 0.00340 
   13    1    1    1    1    1    1    1    2    2  0.00000E+00 0.00000 
   14    1    1    1    1    1    1    1    2    3  0.00000E+00 0.00000 
   15    1    1    1    1    1    1    1    2    4  0.00000E+00 0.00000 
   16    1    1    1    1    1    1    1    2    5  0.00000E+00 0.00000 
   17    1    1    1    1    1    1    1    2    6  1.92045E+04 0.00347 
   18    1    1    1    1    1    1    1    2    7  1.57431E+04 0.00368 
   19    1    1    1    1    1    1    1    2    8  0.00000E+00 0.00000 
   20    1    1    1    1    1    1    1    2    9  1.15856E+04 0.00410 
   21    1    1    1    1    1    1    1    2   10  1.03729E+04 0.00416 
   22    1    1    1    1    1    1    1    2   11  0.00000E+00 0.00000 
   23    1    1    1    1    1    1    1    3    1  1.58128E+04 0.00380 
   24    1    1    1    1    1    1    1    3    2  1.81014E+04 0.00355 
   25    1    1    1    1    1    1    1    3    3  0.00000E+00 0.00000 
   26    1    1    1    1    1    1    1    3    4  1.81256E+04 0.00357 
   27    1    1    1    1    1    1    1    3    5  1.58479E+04 0.00376 
   28    1    1    1    1    1    1    1    3    6  0.00000E+00 0.00000 
   29    1    1    1    1    1    1    1    3    7  1.22272E+04 0.00401 
   30    1    1    1    1    1    1    1    3    8  1.11484E+04 0.00410 
   31    1    1    1    1    1    1    1    3    9  0.00000E+00 0.00000 
   32    1    1    1    1    1    1    1    3   10  9.67152E+03 0.00437 
   33    1    1    1    1    1    1    1    3   11  9.22546E+03 0.00440 
   34    1    1    1    1    1    1    1    4    1  0.00000E+00 0.00000 
   35    1    1    1    1    1    1    1    4    2  1.39556E+04 0.00382 
   36    1    1    1    1    1    1    1    4    3  1.39989E+04 0.00386 
   37    1    1    1    1    1    1    1    4    4  0.00000E+00 0.00000 
   38    1    1    1    1    1    1    1    4    5  1.23739E+04 0.00404 
   39    1    1    1    1    1    1    1    4    6  1.14522E+04 0.00417 
   40    1    1    1    1    1    1    1    4    7  0.00000E+00 0.00000 
   41    1    1    1    1    1    1    1    4    8  9.91731E+03 0.00435 
   42    1    1    1    1    1    1    1    4    9  9.37633E+03 0.00429 
   43    1    1    1    1    1    1    1    4   10  0.00000E+00 0.00000 
   44    1    1    1    1    1    1    1    4   11  8.93184E+03 0.00442 
   45    1    1    1    1    1    1    1    5    1  1.16141E+04 0.00404 
   46    1    1    1    1    1    1    1    5    2  0.00000E+00 0.00000 
   47    1    1    1    1    1    1    1    5    3  1.15554E+04 0.00412 
   48    1    1    1    1    1    1    1    5    4  1.11792E+04 0.00415 
   49    1    1    1    1    1    1    1    5    5  0.00000E+00 0.00000 
   50    1    1    1    1    1    1    1    5    6  1.00829E+04 0.00426 
   51    1    1    1    1    1    1    1    5    7  9.64739E+03 0.00431 
   52    1    1    1    1    1    1    1    5    8  0.00000E+00 0.00000 
   53    1    1    1    1    1    1    1    5    9  8.96097E+03 0.00441 
   54    1    1    1    1    1    1    1    5   10  8.72027E+03 0.00446 
   55    1    1    1    1    1    1    1    5   11  0.00000E+00 0.00000 
   56    1    1    1    1    1    1    1    6    1  1.04188E+04 0.00423 
   57    1    1    1    1    1    1    1    6    2  1.04013E+04 0.00427 
   58    1    1    1    1    1    1    1    6    3  0.00000E+00 0.00000 
   59    1    1    1    1    1    1    1    6    4  9.89678E+03 0.00429 
   60    1    1    1    1    1    1    1    6    5  9.69564E+03 0.00431 
   61    1    1    1    1    1    1    1    6    6  0.00000E+00 0.00000 
   62    1    1    1    1    1    1    1    6    7  9.19298E+03 0.00429 
   63    1    1    1    1    1    1    1    6    8  8.86834E+03 0.00443 
   64    1    1    1    1    1    1    1    6    9  0.00000E+00 0.00000 
   65    1    1    1    1    1    1    1    6   10  8.59981E+03 0.00449 
   66    1    1    1    1    1    1    1    6   11  8.49965E+03 0.00445 
   67    1    1    1    1    1    1    1    7    1  0.00000E+00 0.00000 
   68    1    1    1    1    1    1    1    7    2  9.59899E+03 0.00428 
   69    1    1    1    1    1    1    1    7    3  9.42096E+03 0.00427 
   70    1    1    1    1    1    1    1    7    4  0.00000E+00 0.00000 
   71    1    1    1    1    1    1    1    7    5  9.05742E+03 0.00435 
   72    1    1    1    1    1    1    1    7    6  8.87990E+03 0.00451 
   73    1    1    1    1    1    1    1    7    7  0.00000E+00 0.00000 
   74    1    1    1    1    1    1    1    7    8  8.54231E+03 0.00446 
   75    1    1    1    1    1    1    1    7    9  8.44440E+03 0.00453 
   76    1    1    1    1    1    1    1    7   10  0.00000E+00 0.00000 
   77    1    1    1    1    1    1    1    7   11  8.41834E+03 0.00453 
   78    1    1    1    1    1    1    1    8    1  9.17925E+03 0.00435 
   79    1    1    1    1    1    1    1    8    2  0.00000E+00 0.00000 
   80    1    1    1    1    1    1    1    8    3  8.98156E+03 0.00435 
   81    1    1    1    1    1    1    1    8    4  8.86804E+03 0.00442 
   82    1    1    1    1    1    1    1    8    5  0.00000E+00 0.00000 
   83    1    1    1    1    1    1    1    8    6  8.61966E+03 0.00435 
   84    1    1    1    1    1    1    1    8    7  8.57402E+03 0.00441 
   85    1    1    1    1    1    1    1    8    8  0.00000E+00 0.00000 
   86    1    1    1    1    1    1    1    8    9  8.25456E+03 0.00452 
   87    1    1    1    1    1    1    1    8   10  8.24766E+03 0.00452 
   88    1    1    1    1    1    1    1    8   11  0.00000E+00 0.00000 
   89    1    1    1    1    1    1    1    9    1  8.94874E+03 0.00438 
   90    1    1    1    1    1    1    1    9    2  8.81274E+03 0.00455 
   91    1    1    1    1    1    1    1    9    3  0.00000E+00 0.00000 
   92    1    1    1    1    1    1    1    9    4  8.46870E+03 0.00456 
   93    1    1    1    1    1    1    1    9    5  8.49242E+03 0.00454 
   94    1    1    1    1    1    1    1    9    6  0.00000E+00 0.00000 
   95    1    1    1    1    1    1    1    9    7  8.30018E+03 0.00462 
   96    1    1    1    1    1    1    1    9    8  8.18177E+03 0.00461 
   97    1    1    1    1    1    1    1    9    9  0.00000E+00 0.00000 
   98    1    1    1    1    1    1    1    9   10  8.04005E+03 0.00464 
   99    1    1    1    1    1    1    1    9   11  8.00787E+03 0.00458 
  100    1    1    1    1    1    1    1   10    1  0.00000E+00 0.00000 
  101    1    1    1    1    1    1    1   10    2  8.56584E+03 0.00452 
  102    1    1    1    1    1    1    1   10    3  8.53820E+03 0.00450 
  103    1    1    1    1    1    1    1   10    4  0.00000E+00 0.00000 
  104    1    1    1    1    1    1    1   10    5  8.26491E+03 0.00463 
  105    1    1    1    1    1    1    1   10    6  8.25899E+03 0.00453 
  106    1    1    1    1    1    1    1   10    7  0.00000E+00 0.00000 
  107    1    1    1    1    1    1    1   10    8  7.91245E+03 0.00468 
  108    1    1    1    1    1    1    1   10    9  7.88806E+03 0.00464 
  109    1    1    1    1    1    1    1   10   10  0.00000E+00 0.00000 
