
ZAI = [
922350
922380
666
0
];

NAMES = [
'U235            '
'U238            '
'lost            '
'total           '
];

i922350 = 1; iU235             = 1;
i922380 = 2; iU238             = 2;
iLOST    = 3;
iTOT     = 4;

MAT_un_VOLUME = [ 2.67104E+05 2.67104E+05 ];

MAT_un_BURNUP = [ 0.00000E+00 4.29150E+01 ];

MAT_un_ADENS = [
4.83387E-03 3.50867E-03 % U235
1.93936E-02 1.88540E-02 % U238
0.00000E+00 4.36955E-30 % lost data
7.26897E-02 7.38016E-02 % total
];

MAT_un_MDENS = [
1.88669E+00 1.36946E+00 % U235
7.66628E+00 7.45299E+00 % U238
0.00000E+00 0.00000E+00 % lost data
1.08000E+01 1.07986E+01 % total
];

MAT_un_A = [
4.02947E+10 2.92480E+10 % U235
2.54658E+10 2.47573E+10 % U238
0.00000E+00 0.00000E+00 % lost data
6.57605E+10 3.28207E+18 % total
];

MAT_un_H = [
3.02065E-02 2.19254E-02 % U235
1.74222E-02 1.69375E-02 % U238
0.00000E+00 0.00000E+00 % lost data
4.76287E-02 9.64452E+05 % total
];

MAT_un_SF = [
2.90122E+00 2.10585E+00 % U235
1.39043E+04 1.35175E+04 % U238
0.00000E+00 0.00000E+00 % lost data
1.39072E+04 1.03810E+08 % total
];

MAT_un_GSRC = [
5.09126E+10 3.69550E+10 % U235
2.25509E+09 2.19235E+09 % U238
0.00000E+00 0.00000E+00 % lost data
5.31677E+10 3.52820E+18 % total
];

MAT_un_ING_TOX = [
1.89385E+03 1.37465E+03 % U235
1.14596E+03 1.11408E+03 % U238
0.00000E+00 0.00000E+00 % lost data
3.03981E+03 2.23490E+09 % total
];

MAT_un_INH_TOX = [
3.42505E+05 2.48608E+05 % U235
2.03726E+05 1.98058E+05 % U238
0.00000E+00 0.00000E+00 % lost data
5.46231E+05 8.02368E+10 % total
];

TOT_VOLUME = [ 2.67104E+05 2.67104E+05 ];

TOT_BURNUP = [ 0.00000E+00 4.29150E+01 ];

TOT_ADENS = [
4.83387E-03 3.50867E-03 % U235
1.93936E-02 1.88540E-02 % U238
0.00000E+00 4.36955E-30 % lost data
7.26897E-02 7.38016E-02 % total
];

TOT_MASS = [
5.03942E+05 3.65787E+05 % U235
2.04769E+06 1.99072E+06 % U238
0.00000E+00 0.00000E+00 % lost data
2.88472E+06 2.88435E+06 % total
];

TOT_A = [
4.02947E+10 2.92480E+10 % U235
2.54658E+10 2.47573E+10 % U238
0.00000E+00 0.00000E+00 % lost data
6.57605E+10 3.28207E+18 % total
];

TOT_H = [
3.02065E-02 2.19254E-02 % U235
1.74222E-02 1.69375E-02 % U238
0.00000E+00 0.00000E+00 % lost data
4.76287E-02 9.64452E+05 % total
];

TOT_SF = [
2.90122E+00 2.10585E+00 % U235
1.39043E+04 1.35175E+04 % U238
0.00000E+00 0.00000E+00 % lost data
1.39072E+04 1.03810E+08 % total
];

TOT_GSRC = [
5.09126E+10 3.69550E+10 % U235
2.25509E+09 2.19235E+09 % U238
0.00000E+00 0.00000E+00 % lost data
5.31677E+10 3.52820E+18 % total
];

TOT_ING_TOX = [
1.89385E+03 1.37465E+03 % U235
1.14596E+03 1.11408E+03 % U238
0.00000E+00 0.00000E+00 % lost data
3.03981E+03 2.23490E+09 % total
];

TOT_INH_TOX = [
3.42505E+05 2.48608E+05 % U235
2.03726E+05 1.98058E+05 % U238
0.00000E+00 0.00000E+00 % lost data
5.46231E+05 8.02368E+10 % total
];

BU = [ 0.00000E+00 4.29137E+01 ];

DAYS = [ 0.00000E+00 7.30000E+03 ];
