
DETassem1 = [
    1    1    1    1    1    1    1    1    1    1  0.00000E+00 0.00000 
    2    1    1    1    1    1    1    1    1    2  0.00000E+00 0.00000 
    3    1    1    1    1    1    1    1    1    3  0.00000E+00 0.00000 
    4    1    1    1    1    1    1    1    1    4  0.00000E+00 0.00000 
    5    1    1    1    1    1    1    1    1    5  0.00000E+00 0.00000 
    6    1    1    1    1    1    1    1    1    6  0.00000E+00 0.00000 
    7    1    1    1    1    1    1    1    1    7  0.00000E+00 0.00000 
    8    1    1    1    1    1    1    1    1    8  1.78874E+04 0.00354 
    9    1    1    1    1    1    1    1    1    9  1.40018E+04 0.00391 
   10    1    1    1    1    1    1    1    1   10  0.00000E+00 0.00000 
   11    1    1    1    1    1    1    1    1   11  1.02516E+04 0.00425 
   12    1    1    1    1    1    1    1    2    1  1.90825E+04 0.00350 
   13    1    1    1    1    1    1    1    2    2  0.00000E+00 0.00000 
   14    1    1    1    1    1    1    1    2    3  0.00000E+00 0.00000 
   15    1    1    1    1    1    1    1    2    4  0.00000E+00 0.00000 
   16    1    1    1    1    1    1    1    2    5  0.00000E+00 0.00000 
   17    1    1    1    1    1    1    1    2    6  1.92156E+04 0.00346 
   18    1    1    1    1    1    1    1    2    7  1.55802E+04 0.00370 
   19    1    1    1    1    1    1    1    2    8  0.00000E+00 0.00000 
   20    1    1    1    1    1    1    1    2    9  1.14428E+04 0.00412 
   21    1    1    1    1    1    1    1    2   10  1.03497E+04 0.00427 
   22    1    1    1    1    1    1    1    2   11  0.00000E+00 0.00000 
   23    1    1    1    1    1    1    1    3    1  1.56545E+04 0.00377 
   24    1    1    1    1    1    1    1    3    2  1.78692E+04 0.00361 
   25    1    1    1    1    1    1    1    3    3  0.00000E+00 0.00000 
   26    1    1    1    1    1    1    1    3    4  1.78311E+04 0.00361 
   27    1    1    1    1    1    1    1    3    5  1.56758E+04 0.00380 
   28    1    1    1    1    1    1    1    3    6  0.00000E+00 0.00000 
   29    1    1    1    1    1    1    1    3    7  1.21715E+04 0.00414 
   30    1    1    1    1    1    1    1    3    8  1.10282E+04 0.00411 
   31    1    1    1    1    1    1    1    3    9  0.00000E+00 0.00000 
   32    1    1    1    1    1    1    1    3   10  9.46733E+03 0.00436 
   33    1    1    1    1    1    1    1    3   11  9.13217E+03 0.00439 
   34    1    1    1    1    1    1    1    4    1  0.00000E+00 0.00000 
   35    1    1    1    1    1    1    1    4    2  1.39357E+04 0.00395 
   36    1    1    1    1    1    1    1    4    3  1.38912E+04 0.00380 
   37    1    1    1    1    1    1    1    4    4  0.00000E+00 0.00000 
   38    1    1    1    1    1    1    1    4    5  1.22067E+04 0.00394 
   39    1    1    1    1    1    1    1    4    6  1.13318E+04 0.00410 
   40    1    1    1    1    1    1    1    4    7  0.00000E+00 0.00000 
   41    1    1    1    1    1    1    1    4    8  9.92444E+03 0.00432 
   42    1    1    1    1    1    1    1    4    9  9.21289E+03 0.00438 
   43    1    1    1    1    1    1    1    4   10  0.00000E+00 0.00000 
   44    1    1    1    1    1    1    1    4   11  8.82608E+03 0.00449 
   45    1    1    1    1    1    1    1    5    1  1.14908E+04 0.00409 
   46    1    1    1    1    1    1    1    5    2  0.00000E+00 0.00000 
   47    1    1    1    1    1    1    1    5    3  1.14769E+04 0.00417 
   48    1    1    1    1    1    1    1    5    4  1.10221E+04 0.00417 
   49    1    1    1    1    1    1    1    5    5  0.00000E+00 0.00000 
   50    1    1    1    1    1    1    1    5    6  9.98423E+03 0.00430 
   51    1    1    1    1    1    1    1    5    7  9.50161E+03 0.00437 
   52    1    1    1    1    1    1    1    5    8  0.00000E+00 0.00000 
   53    1    1    1    1    1    1    1    5    9  8.92078E+03 0.00452 
   54    1    1    1    1    1    1    1    5   10  8.74079E+03 0.00446 
   55    1    1    1    1    1    1    1    5   11  0.00000E+00 0.00000 
   56    1    1    1    1    1    1    1    6    1  1.02605E+04 0.00430 
   57    1    1    1    1    1    1    1    6    2  1.02765E+04 0.00421 
   58    1    1    1    1    1    1    1    6    3  0.00000E+00 0.00000 
   59    1    1    1    1    1    1    1    6    4  9.80300E+03 0.00430 
   60    1    1    1    1    1    1    1    6    5  9.52103E+03 0.00433 
   61    1    1    1    1    1    1    1    6    6  0.00000E+00 0.00000 
   62    1    1    1    1    1    1    1    6    7  8.98490E+03 0.00435 
   63    1    1    1    1    1    1    1    6    8  8.68733E+03 0.00440 
   64    1    1    1    1    1    1    1    6    9  0.00000E+00 0.00000 
   65    1    1    1    1    1    1    1    6   10  8.48978E+03 0.00444 
   66    1    1    1    1    1    1    1    6   11  8.47214E+03 0.00452 
   67    1    1    1    1    1    1    1    7    1  0.00000E+00 0.00000 
   68    1    1    1    1    1    1    1    7    2  9.44154E+03 0.00432 
   69    1    1    1    1    1    1    1    7    3  9.28755E+03 0.00440 
   70    1    1    1    1    1    1    1    7    4  0.00000E+00 0.00000 
   71    1    1    1    1    1    1    1    7    5  8.94475E+03 0.00439 
   72    1    1    1    1    1    1    1    7    6  8.81062E+03 0.00440 
   73    1    1    1    1    1    1    1    7    7  0.00000E+00 0.00000 
   74    1    1    1    1    1    1    1    7    8  8.54478E+03 0.00440 
   75    1    1    1    1    1    1    1    7    9  8.43863E+03 0.00451 
   76    1    1    1    1    1    1    1    7   10  0.00000E+00 0.00000 
   77    1    1    1    1    1    1    1    7   11  8.29719E+03 0.00445 
   78    1    1    1    1    1    1    1    8    1  9.07694E+03 0.00444 
   79    1    1    1    1    1    1    1    8    2  0.00000E+00 0.00000 
   80    1    1    1    1    1    1    1    8    3  8.87879E+03 0.00446 
   81    1    1    1    1    1    1    1    8    4  8.67428E+03 0.00454 
   82    1    1    1    1    1    1    1    8    5  0.00000E+00 0.00000 
   83    1    1    1    1    1    1    1    8    6  8.52777E+03 0.00455 
   84    1    1    1    1    1    1    1    8    7  8.37643E+03 0.00449 
   85    1    1    1    1    1    1    1    8    8  0.00000E+00 0.00000 
   86    1    1    1    1    1    1    1    8    9  8.19363E+03 0.00456 
   87    1    1    1    1    1    1    1    8   10  8.18338E+03 0.00452 
   88    1    1    1    1    1    1    1    8   11  0.00000E+00 0.00000 
   89    1    1    1    1    1    1    1    9    1  8.77346E+03 0.00455 
   90    1    1    1    1    1    1    1    9    2  8.72898E+03 0.00441 
   91    1    1    1    1    1    1    1    9    3  0.00000E+00 0.00000 
   92    1    1    1    1    1    1    1    9    4  8.51061E+03 0.00441 
   93    1    1    1    1    1    1    1    9    5  8.37359E+03 0.00464 
   94    1    1    1    1    1    1    1    9    6  0.00000E+00 0.00000 
   95    1    1    1    1    1    1    1    9    7  8.17801E+03 0.00449 
   96    1    1    1    1    1    1    1    9    8  8.01103E+03 0.00455 
   97    1    1    1    1    1    1    1    9    9  0.00000E+00 0.00000 
   98    1    1    1    1    1    1    1    9   10  7.98580E+03 0.00475 
   99    1    1    1    1    1    1    1    9   11  7.96696E+03 0.00478 
  100    1    1    1    1    1    1    1   10    1  0.00000E+00 0.00000 
  101    1    1    1    1    1    1    1   10    2  8.46970E+03 0.00449 
  102    1    1    1    1    1    1    1   10    3  8.37707E+03 0.00450 
  103    1    1    1    1    1    1    1   10    4  0.00000E+00 0.00000 
  104    1    1    1    1    1    1    1   10    5  8.17825E+03 0.00448 
  105    1    1    1    1    1    1    1   10    6  8.12236E+03 0.00461 
  106    1    1    1    1    1    1    1   10    7  0.00000E+00 0.00000 
  107    1    1    1    1    1    1    1   10    8  7.87439E+03 0.00478 
  108    1    1    1    1    1    1    1   10    9  7.81754E+03 0.00471 
  109    1    1    1    1    1    1    1   10   10  0.00000E+00 0.00000 
