
DETassem1 = [
    1    1    1    1    1    1    1    1    1    1  0.00000E+00 0.00000 
    2    1    1    1    1    1    1    1    1    2  0.00000E+00 0.00000 
    3    1    1    1    1    1    1    1    1    3  0.00000E+00 0.00000 
    4    1    1    1    1    1    1    1    1    4  0.00000E+00 0.00000 
    5    1    1    1    1    1    1    1    1    5  0.00000E+00 0.00000 
    6    1    1    1    1    1    1    1    1    6  0.00000E+00 0.00000 
    7    1    1    1    1    1    1    1    1    7  0.00000E+00 0.00000 
    8    1    1    1    1    1    1    1    1    8  1.76484E+04 0.00354 
    9    1    1    1    1    1    1    1    1    9  1.38488E+04 0.00389 
   10    1    1    1    1    1    1    1    1   10  0.00000E+00 0.00000 
   11    1    1    1    1    1    1    1    1   11  1.03962E+04 0.00429 
   12    1    1    1    1    1    1    1    2    1  1.89390E+04 0.00349 
   13    1    1    1    1    1    1    1    2    2  0.00000E+00 0.00000 
   14    1    1    1    1    1    1    1    2    3  0.00000E+00 0.00000 
   15    1    1    1    1    1    1    1    2    4  0.00000E+00 0.00000 
   16    1    1    1    1    1    1    1    2    5  0.00000E+00 0.00000 
   17    1    1    1    1    1    1    1    2    6  1.90431E+04 0.00347 
   18    1    1    1    1    1    1    1    2    7  1.54446E+04 0.00371 
   19    1    1    1    1    1    1    1    2    8  0.00000E+00 0.00000 
   20    1    1    1    1    1    1    1    2    9  1.13212E+04 0.00414 
   21    1    1    1    1    1    1    1    2   10  1.02167E+04 0.00429 
   22    1    1    1    1    1    1    1    2   11  0.00000E+00 0.00000 
   23    1    1    1    1    1    1    1    3    1  1.54246E+04 0.00374 
   24    1    1    1    1    1    1    1    3    2  1.77099E+04 0.00356 
   25    1    1    1    1    1    1    1    3    3  0.00000E+00 0.00000 
   26    1    1    1    1    1    1    1    3    4  1.77028E+04 0.00358 
   27    1    1    1    1    1    1    1    3    5  1.54380E+04 0.00385 
   28    1    1    1    1    1    1    1    3    6  0.00000E+00 0.00000 
   29    1    1    1    1    1    1    1    3    7  1.20457E+04 0.00403 
   30    1    1    1    1    1    1    1    3    8  1.08674E+04 0.00418 
   31    1    1    1    1    1    1    1    3    9  0.00000E+00 0.00000 
   32    1    1    1    1    1    1    1    3   10  9.51003E+03 0.00435 
   33    1    1    1    1    1    1    1    3   11  9.23368E+03 0.00432 
   34    1    1    1    1    1    1    1    4    1  0.00000E+00 0.00000 
   35    1    1    1    1    1    1    1    4    2  1.38621E+04 0.00374 
   36    1    1    1    1    1    1    1    4    3  1.38637E+04 0.00385 
   37    1    1    1    1    1    1    1    4    4  0.00000E+00 0.00000 
   38    1    1    1    1    1    1    1    4    5  1.20691E+04 0.00397 
   39    1    1    1    1    1    1    1    4    6  1.13197E+04 0.00409 
   40    1    1    1    1    1    1    1    4    7  0.00000E+00 0.00000 
   41    1    1    1    1    1    1    1    4    8  9.80559E+03 0.00427 
   42    1    1    1    1    1    1    1    4    9  9.37969E+03 0.00439 
   43    1    1    1    1    1    1    1    4   10  0.00000E+00 0.00000 
   44    1    1    1    1    1    1    1    4   11  8.83826E+03 0.00441 
   45    1    1    1    1    1    1    1    5    1  1.14699E+04 0.00409 
   46    1    1    1    1    1    1    1    5    2  0.00000E+00 0.00000 
   47    1    1    1    1    1    1    1    5    3  1.13982E+04 0.00413 
   48    1    1    1    1    1    1    1    5    4  1.09130E+04 0.00418 
   49    1    1    1    1    1    1    1    5    5  0.00000E+00 0.00000 
   50    1    1    1    1    1    1    1    5    6  1.01004E+04 0.00429 
   51    1    1    1    1    1    1    1    5    7  9.62887E+03 0.00439 
   52    1    1    1    1    1    1    1    5    8  0.00000E+00 0.00000 
   53    1    1    1    1    1    1    1    5    9  8.91376E+03 0.00442 
   54    1    1    1    1    1    1    1    5   10  8.84453E+03 0.00442 
   55    1    1    1    1    1    1    1    5   11  0.00000E+00 0.00000 
   56    1    1    1    1    1    1    1    6    1  1.02041E+04 0.00428 
   57    1    1    1    1    1    1    1    6    2  1.03729E+04 0.00429 
   58    1    1    1    1    1    1    1    6    3  0.00000E+00 0.00000 
   59    1    1    1    1    1    1    1    6    4  9.77891E+03 0.00432 
   60    1    1    1    1    1    1    1    6    5  9.53041E+03 0.00438 
   61    1    1    1    1    1    1    1    6    6  0.00000E+00 0.00000 
   62    1    1    1    1    1    1    1    6    7  8.96314E+03 0.00439 
   63    1    1    1    1    1    1    1    6    8  8.75799E+03 0.00445 
   64    1    1    1    1    1    1    1    6    9  0.00000E+00 0.00000 
   65    1    1    1    1    1    1    1    6   10  8.60977E+03 0.00440 
   66    1    1    1    1    1    1    1    6   11  8.48907E+03 0.00454 
   67    1    1    1    1    1    1    1    7    1  0.00000E+00 0.00000 
   68    1    1    1    1    1    1    1    7    2  9.57002E+03 0.00436 
   69    1    1    1    1    1    1    1    7    3  9.44860E+03 0.00431 
   70    1    1    1    1    1    1    1    7    4  0.00000E+00 0.00000 
   71    1    1    1    1    1    1    1    7    5  8.98863E+03 0.00437 
   72    1    1    1    1    1    1    1    7    6  8.83803E+03 0.00445 
   73    1    1    1    1    1    1    1    7    7  0.00000E+00 0.00000 
   74    1    1    1    1    1    1    1    7    8  8.59016E+03 0.00452 
   75    1    1    1    1    1    1    1    7    9  8.50347E+03 0.00453 
   76    1    1    1    1    1    1    1    7   10  0.00000E+00 0.00000 
   77    1    1    1    1    1    1    1    7   11  8.38916E+03 0.00448 
   78    1    1    1    1    1    1    1    8    1  9.22698E+03 0.00431 
   79    1    1    1    1    1    1    1    8    2  0.00000E+00 0.00000 
   80    1    1    1    1    1    1    1    8    3  8.92775E+03 0.00440 
   81    1    1    1    1    1    1    1    8    4  8.75183E+03 0.00447 
   82    1    1    1    1    1    1    1    8    5  0.00000E+00 0.00000 
   83    1    1    1    1    1    1    1    8    6  8.52780E+03 0.00452 
   84    1    1    1    1    1    1    1    8    7  8.42238E+03 0.00461 
   85    1    1    1    1    1    1    1    8    8  0.00000E+00 0.00000 
   86    1    1    1    1    1    1    1    8    9  8.32623E+03 0.00452 
   87    1    1    1    1    1    1    1    8   10  8.22122E+03 0.00463 
   88    1    1    1    1    1    1    1    8   11  0.00000E+00 0.00000 
   89    1    1    1    1    1    1    1    9    1  8.91033E+03 0.00449 
   90    1    1    1    1    1    1    1    9    2  8.82358E+03 0.00449 
   91    1    1    1    1    1    1    1    9    3  0.00000E+00 0.00000 
   92    1    1    1    1    1    1    1    9    4  8.54461E+03 0.00447 
   93    1    1    1    1    1    1    1    9    5  8.50125E+03 0.00453 
   94    1    1    1    1    1    1    1    9    6  0.00000E+00 0.00000 
   95    1    1    1    1    1    1    1    9    7  8.31730E+03 0.00450 
   96    1    1    1    1    1    1    1    9    8  8.27511E+03 0.00450 
   97    1    1    1    1    1    1    1    9    9  0.00000E+00 0.00000 
   98    1    1    1    1    1    1    1    9   10  8.09872E+03 0.00463 
   99    1    1    1    1    1    1    1    9   11  7.95183E+03 0.00467 
  100    1    1    1    1    1    1    1   10    1  0.00000E+00 0.00000 
  101    1    1    1    1    1    1    1   10    2  8.61229E+03 0.00459 
  102    1    1    1    1    1    1    1   10    3  8.55153E+03 0.00452 
  103    1    1    1    1    1    1    1   10    4  0.00000E+00 0.00000 
  104    1    1    1    1    1    1    1   10    5  8.37211E+03 0.00457 
  105    1    1    1    1    1    1    1   10    6  8.26212E+03 0.00466 
  106    1    1    1    1    1    1    1   10    7  0.00000E+00 0.00000 
  107    1    1    1    1    1    1    1   10    8  8.09852E+03 0.00463 
  108    1    1    1    1    1    1    1   10    9  7.93726E+03 0.00465 
  109    1    1    1    1    1    1    1   10   10  0.00000E+00 0.00000 
