
DETassem1 = [
    1    1    1    1    1    1    1    1    1    1  0.00000E+00 0.00000 
    2    1    1    1    1    1    1    1    1    2  0.00000E+00 0.00000 
    3    1    1    1    1    1    1    1    1    3  0.00000E+00 0.00000 
    4    1    1    1    1    1    1    1    1    4  0.00000E+00 0.00000 
    5    1    1    1    1    1    1    1    1    5  0.00000E+00 0.00000 
    6    1    1    1    1    1    1    1    1    6  0.00000E+00 0.00000 
    7    1    1    1    1    1    1    1    1    7  0.00000E+00 0.00000 
    8    1    1    1    1    1    1    1    1    8  1.79735E+04 0.00372 
    9    1    1    1    1    1    1    1    1    9  1.35549E+04 0.00401 
   10    1    1    1    1    1    1    1    1   10  0.00000E+00 0.00000 
   11    1    1    1    1    1    1    1    1   11  9.92617E+03 0.00450 
   12    1    1    1    1    1    1    1    2    1  1.94218E+04 0.00370 
   13    1    1    1    1    1    1    1    2    2  0.00000E+00 0.00000 
   14    1    1    1    1    1    1    1    2    3  0.00000E+00 0.00000 
   15    1    1    1    1    1    1    1    2    4  0.00000E+00 0.00000 
   16    1    1    1    1    1    1    1    2    5  0.00000E+00 0.00000 
   17    1    1    1    1    1    1    1    2    6  1.92896E+04 0.00362 
   18    1    1    1    1    1    1    1    2    7  1.53290E+04 0.00389 
   19    1    1    1    1    1    1    1    2    8  0.00000E+00 0.00000 
   20    1    1    1    1    1    1    1    2    9  1.09606E+04 0.00436 
   21    1    1    1    1    1    1    1    2   10  9.99446E+03 0.00451 
   22    1    1    1    1    1    1    1    2   11  0.00000E+00 0.00000 
   23    1    1    1    1    1    1    1    3    1  1.52452E+04 0.00385 
   24    1    1    1    1    1    1    1    3    2  1.78756E+04 0.00382 
   25    1    1    1    1    1    1    1    3    3  0.00000E+00 0.00000 
   26    1    1    1    1    1    1    1    3    4  1.79458E+04 0.00369 
   27    1    1    1    1    1    1    1    3    5  1.53006E+04 0.00389 
   28    1    1    1    1    1    1    1    3    6  0.00000E+00 0.00000 
   29    1    1    1    1    1    1    1    3    7  1.17898E+04 0.00427 
   30    1    1    1    1    1    1    1    3    8  1.05923E+04 0.00436 
   31    1    1    1    1    1    1    1    3    9  0.00000E+00 0.00000 
   32    1    1    1    1    1    1    1    3   10  9.10820E+03 0.00457 
   33    1    1    1    1    1    1    1    3   11  8.78242E+03 0.00473 
   34    1    1    1    1    1    1    1    4    1  0.00000E+00 0.00000 
   35    1    1    1    1    1    1    1    4    2  1.34985E+04 0.00408 
   36    1    1    1    1    1    1    1    4    3  1.34166E+04 0.00407 
   37    1    1    1    1    1    1    1    4    4  0.00000E+00 0.00000 
   38    1    1    1    1    1    1    1    4    5  1.16795E+04 0.00429 
   39    1    1    1    1    1    1    1    4    6  1.08073E+04 0.00426 
   40    1    1    1    1    1    1    1    4    7  0.00000E+00 0.00000 
   41    1    1    1    1    1    1    1    4    8  9.42971E+03 0.00441 
   42    1    1    1    1    1    1    1    4    9  8.96254E+03 0.00457 
   43    1    1    1    1    1    1    1    4   10  0.00000E+00 0.00000 
   44    1    1    1    1    1    1    1    4   11  8.54622E+03 0.00466 
   45    1    1    1    1    1    1    1    5    1  1.10462E+04 0.00425 
   46    1    1    1    1    1    1    1    5    2  0.00000E+00 0.00000 
   47    1    1    1    1    1    1    1    5    3  1.10130E+04 0.00434 
   48    1    1    1    1    1    1    1    5    4  1.05833E+04 0.00441 
   49    1    1    1    1    1    1    1    5    5  0.00000E+00 0.00000 
   50    1    1    1    1    1    1    1    5    6  9.46152E+03 0.00449 
   51    1    1    1    1    1    1    1    5    7  9.14448E+03 0.00453 
   52    1    1    1    1    1    1    1    5    8  0.00000E+00 0.00000 
   53    1    1    1    1    1    1    1    5    9  8.65311E+03 0.00468 
   54    1    1    1    1    1    1    1    5   10  8.49189E+03 0.00456 
   55    1    1    1    1    1    1    1    5   11  0.00000E+00 0.00000 
   56    1    1    1    1    1    1    1    6    1  9.97623E+03 0.00445 
   57    1    1    1    1    1    1    1    6    2  9.84932E+03 0.00449 
   58    1    1    1    1    1    1    1    6    3  0.00000E+00 0.00000 
   59    1    1    1    1    1    1    1    6    4  9.45341E+03 0.00452 
   60    1    1    1    1    1    1    1    6    5  9.12928E+03 0.00458 
   61    1    1    1    1    1    1    1    6    6  0.00000E+00 0.00000 
   62    1    1    1    1    1    1    1    6    7  8.64176E+03 0.00453 
   63    1    1    1    1    1    1    1    6    8  8.50952E+03 0.00475 
   64    1    1    1    1    1    1    1    6    9  0.00000E+00 0.00000 
   65    1    1    1    1    1    1    1    6   10  8.21853E+03 0.00461 
   66    1    1    1    1    1    1    1    6   11  8.20952E+03 0.00472 
   67    1    1    1    1    1    1    1    7    1  0.00000E+00 0.00000 
   68    1    1    1    1    1    1    1    7    2  9.14205E+03 0.00464 
   69    1    1    1    1    1    1    1    7    3  8.93560E+03 0.00461 
   70    1    1    1    1    1    1    1    7    4  0.00000E+00 0.00000 
   71    1    1    1    1    1    1    1    7    5  8.63460E+03 0.00453 
   72    1    1    1    1    1    1    1    7    6  8.40842E+03 0.00451 
   73    1    1    1    1    1    1    1    7    7  0.00000E+00 0.00000 
   74    1    1    1    1    1    1    1    7    8  8.18391E+03 0.00476 
   75    1    1    1    1    1    1    1    7    9  8.11043E+03 0.00461 
   76    1    1    1    1    1    1    1    7   10  0.00000E+00 0.00000 
   77    1    1    1    1    1    1    1    7   11  7.99594E+03 0.00483 
   78    1    1    1    1    1    1    1    8    1  8.82803E+03 0.00456 
   79    1    1    1    1    1    1    1    8    2  0.00000E+00 0.00000 
   80    1    1    1    1    1    1    1    8    3  8.55127E+03 0.00452 
   81    1    1    1    1    1    1    1    8    4  8.42052E+03 0.00462 
   82    1    1    1    1    1    1    1    8    5  0.00000E+00 0.00000 
   83    1    1    1    1    1    1    1    8    6  8.26535E+03 0.00472 
   84    1    1    1    1    1    1    1    8    7  8.03340E+03 0.00463 
   85    1    1    1    1    1    1    1    8    8  0.00000E+00 0.00000 
   86    1    1    1    1    1    1    1    8    9  7.88942E+03 0.00482 
   87    1    1    1    1    1    1    1    8   10  7.89308E+03 0.00488 
   88    1    1    1    1    1    1    1    8   11  0.00000E+00 0.00000 
   89    1    1    1    1    1    1    1    9    1  8.59749E+03 0.00463 
   90    1    1    1    1    1    1    1    9    2  8.37877E+03 0.00464 
   91    1    1    1    1    1    1    1    9    3  0.00000E+00 0.00000 
   92    1    1    1    1    1    1    1    9    4  8.16111E+03 0.00475 
   93    1    1    1    1    1    1    1    9    5  8.11213E+03 0.00473 
   94    1    1    1    1    1    1    1    9    6  0.00000E+00 0.00000 
   95    1    1    1    1    1    1    1    9    7  7.89806E+03 0.00467 
   96    1    1    1    1    1    1    1    9    8  7.83713E+03 0.00476 
   97    1    1    1    1    1    1    1    9    9  0.00000E+00 0.00000 
   98    1    1    1    1    1    1    1    9   10  7.77044E+03 0.00484 
   99    1    1    1    1    1    1    1    9   11  7.73701E+03 0.00486 
  100    1    1    1    1    1    1    1   10    1  0.00000E+00 0.00000 
  101    1    1    1    1    1    1    1   10    2  8.25031E+03 0.00463 
  102    1    1    1    1    1    1    1   10    3  8.10328E+03 0.00469 
  103    1    1    1    1    1    1    1   10    4  0.00000E+00 0.00000 
  104    1    1    1    1    1    1    1   10    5  7.97143E+03 0.00476 
  105    1    1    1    1    1    1    1   10    6  7.77896E+03 0.00476 
  106    1    1    1    1    1    1    1   10    7  0.00000E+00 0.00000 
  107    1    1    1    1    1    1    1   10    8  7.60782E+03 0.00483 
  108    1    1    1    1    1    1    1   10    9  7.61907E+03 0.00486 
  109    1    1    1    1    1    1    1   10   10  0.00000E+00 0.00000 
