
ZAI = [
922350
922380
666
0
];

NAMES = [
'U235            '
'U238            '
'lost            '
'total           '
];

i922350 = 1; iU235             = 1;
i922380 = 2; iU238             = 2;
iLOST    = 3;
iTOT     = 4;

MAT_un_VOLUME = [ 2.67895E+05 2.67895E+05 ];

MAT_un_BURNUP = [ 0.00000E+00 4.27882E+01 ];

MAT_un_ADENS = [
4.83387E-03 3.51202E-03 % U235
1.93936E-02 1.88550E-02 % U238
0.00000E+00 3.27242E-30 % lost data
7.26897E-02 7.37983E-02 % total
];

MAT_un_MDENS = [
1.88669E+00 1.37076E+00 % U235
7.66628E+00 7.45334E+00 % U238
0.00000E+00 0.00000E+00 % lost data
1.08000E+01 1.07986E+01 % total
];

MAT_un_A = [
4.04141E+10 2.93626E+10 % U235
2.55413E+10 2.48319E+10 % U238
0.00000E+00 0.00000E+00 % lost data
6.59554E+10 3.28331E+18 % total
];

MAT_un_H = [
3.02961E-02 2.20114E-02 % U235
1.74739E-02 1.69885E-02 % U238
0.00000E+00 0.00000E+00 % lost data
4.77699E-02 9.64684E+05 % total
];

MAT_un_SF = [
2.90982E+00 2.11411E+00 % U235
1.39455E+04 1.35582E+04 % U238
0.00000E+00 0.00000E+00 % lost data
1.39485E+04 1.03164E+08 % total
];

MAT_un_GSRC = [
5.10635E+10 3.70999E+10 % U235
2.26177E+09 2.19895E+09 % U238
0.00000E+00 0.00000E+00 % lost data
5.33253E+10 3.52971E+18 % total
];

MAT_un_ING_TOX = [
1.89946E+03 1.38004E+03 % U235
1.14936E+03 1.11743E+03 % U238
0.00000E+00 0.00000E+00 % lost data
3.04882E+03 2.23488E+09 % total
];

MAT_un_INH_TOX = [
3.43520E+05 2.49583E+05 % U235
2.04330E+05 1.98655E+05 % U238
0.00000E+00 0.00000E+00 % lost data
5.47850E+05 8.00630E+10 % total
];

TOT_VOLUME = [ 2.67895E+05 2.67895E+05 ];

TOT_BURNUP = [ 0.00000E+00 4.27882E+01 ];

TOT_ADENS = [
4.83387E-03 3.51202E-03 % U235
1.93936E-02 1.88550E-02 % U238
0.00000E+00 3.27242E-30 % lost data
7.26897E-02 7.37983E-02 % total
];

TOT_MASS = [
5.05435E+05 3.67221E+05 % U235
2.05376E+06 1.99672E+06 % U238
0.00000E+00 0.00000E+00 % lost data
2.89327E+06 2.89290E+06 % total
];

TOT_A = [
4.04141E+10 2.93626E+10 % U235
2.55413E+10 2.48319E+10 % U238
0.00000E+00 0.00000E+00 % lost data
6.59554E+10 3.28331E+18 % total
];

TOT_H = [
3.02961E-02 2.20114E-02 % U235
1.74739E-02 1.69885E-02 % U238
0.00000E+00 0.00000E+00 % lost data
4.77699E-02 9.64684E+05 % total
];

TOT_SF = [
2.90982E+00 2.11411E+00 % U235
1.39455E+04 1.35582E+04 % U238
0.00000E+00 0.00000E+00 % lost data
1.39485E+04 1.03164E+08 % total
];

TOT_GSRC = [
5.10635E+10 3.70999E+10 % U235
2.26177E+09 2.19895E+09 % U238
0.00000E+00 0.00000E+00 % lost data
5.33253E+10 3.52971E+18 % total
];

TOT_ING_TOX = [
1.89946E+03 1.38004E+03 % U235
1.14936E+03 1.11743E+03 % U238
0.00000E+00 0.00000E+00 % lost data
3.04882E+03 2.23488E+09 % total
];

TOT_INH_TOX = [
3.43520E+05 2.49583E+05 % U235
2.04330E+05 1.98655E+05 % U238
0.00000E+00 0.00000E+00 % lost data
5.47850E+05 8.00630E+10 % total
];

BU = [ 0.00000E+00 4.27869E+01 ];

DAYS = [ 0.00000E+00 7.30000E+03 ];
