
DETassem1 = [
    1    1    1    1    1    1    1    1    1    1  0.00000E+00 0.00000 
    2    1    1    1    1    1    1    1    1    2  0.00000E+00 0.00000 
    3    1    1    1    1    1    1    1    1    3  0.00000E+00 0.00000 
    4    1    1    1    1    1    1    1    1    4  0.00000E+00 0.00000 
    5    1    1    1    1    1    1    1    1    5  0.00000E+00 0.00000 
    6    1    1    1    1    1    1    1    1    6  0.00000E+00 0.00000 
    7    1    1    1    1    1    1    1    1    7  0.00000E+00 0.00000 
    8    1    1    1    1    1    1    1    1    8  1.81260E+04 0.00359 
    9    1    1    1    1    1    1    1    1    9  1.37419E+04 0.00398 
   10    1    1    1    1    1    1    1    1   10  0.00000E+00 0.00000 
   11    1    1    1    1    1    1    1    1   11  1.00068E+04 0.00439 
   12    1    1    1    1    1    1    1    2    1  1.94952E+04 0.00361 
   13    1    1    1    1    1    1    1    2    2  0.00000E+00 0.00000 
   14    1    1    1    1    1    1    1    2    3  0.00000E+00 0.00000 
   15    1    1    1    1    1    1    1    2    4  0.00000E+00 0.00000 
   16    1    1    1    1    1    1    1    2    5  0.00000E+00 0.00000 
   17    1    1    1    1    1    1    1    2    6  1.95115E+04 0.00358 
   18    1    1    1    1    1    1    1    2    7  1.54585E+04 0.00389 
   19    1    1    1    1    1    1    1    2    8  0.00000E+00 0.00000 
   20    1    1    1    1    1    1    1    2    9  1.10566E+04 0.00426 
   21    1    1    1    1    1    1    1    2   10  9.99383E+03 0.00438 
   22    1    1    1    1    1    1    1    2   11  0.00000E+00 0.00000 
   23    1    1    1    1    1    1    1    3    1  1.54922E+04 0.00392 
   24    1    1    1    1    1    1    1    3    2  1.81231E+04 0.00369 
   25    1    1    1    1    1    1    1    3    3  0.00000E+00 0.00000 
   26    1    1    1    1    1    1    1    3    4  1.81613E+04 0.00374 
   27    1    1    1    1    1    1    1    3    5  1.53565E+04 0.00389 
   28    1    1    1    1    1    1    1    3    6  0.00000E+00 0.00000 
   29    1    1    1    1    1    1    1    3    7  1.18249E+04 0.00431 
   30    1    1    1    1    1    1    1    3    8  1.05640E+04 0.00434 
   31    1    1    1    1    1    1    1    3    9  0.00000E+00 0.00000 
   32    1    1    1    1    1    1    1    3   10  9.22521E+03 0.00452 
   33    1    1    1    1    1    1    1    3   11  8.86251E+03 0.00461 
   34    1    1    1    1    1    1    1    4    1  0.00000E+00 0.00000 
   35    1    1    1    1    1    1    1    4    2  1.37796E+04 0.00406 
   36    1    1    1    1    1    1    1    4    3  1.38296E+04 0.00404 
   37    1    1    1    1    1    1    1    4    4  0.00000E+00 0.00000 
   38    1    1    1    1    1    1    1    4    5  1.17844E+04 0.00417 
   39    1    1    1    1    1    1    1    4    6  1.09103E+04 0.00433 
   40    1    1    1    1    1    1    1    4    7  0.00000E+00 0.00000 
   41    1    1    1    1    1    1    1    4    8  9.51519E+03 0.00447 
   42    1    1    1    1    1    1    1    4    9  9.07402E+03 0.00445 
   43    1    1    1    1    1    1    1    4   10  0.00000E+00 0.00000 
   44    1    1    1    1    1    1    1    4   11  8.56467E+03 0.00458 
   45    1    1    1    1    1    1    1    5    1  1.10316E+04 0.00435 
   46    1    1    1    1    1    1    1    5    2  0.00000E+00 0.00000 
   47    1    1    1    1    1    1    1    5    3  1.10942E+04 0.00433 
   48    1    1    1    1    1    1    1    5    4  1.06307E+04 0.00427 
   49    1    1    1    1    1    1    1    5    5  0.00000E+00 0.00000 
   50    1    1    1    1    1    1    1    5    6  9.53520E+03 0.00448 
   51    1    1    1    1    1    1    1    5    7  9.15071E+03 0.00454 
   52    1    1    1    1    1    1    1    5    8  0.00000E+00 0.00000 
   53    1    1    1    1    1    1    1    5    9  8.62178E+03 0.00464 
   54    1    1    1    1    1    1    1    5   10  8.47658E+03 0.00473 
   55    1    1    1    1    1    1    1    5   11  0.00000E+00 0.00000 
   56    1    1    1    1    1    1    1    6    1  9.94166E+03 0.00441 
   57    1    1    1    1    1    1    1    6    2  1.00357E+04 0.00433 
   58    1    1    1    1    1    1    1    6    3  0.00000E+00 0.00000 
   59    1    1    1    1    1    1    1    6    4  9.56397E+03 0.00451 
   60    1    1    1    1    1    1    1    6    5  9.22921E+03 0.00458 
   61    1    1    1    1    1    1    1    6    6  0.00000E+00 0.00000 
   62    1    1    1    1    1    1    1    6    7  8.73085E+03 0.00459 
   63    1    1    1    1    1    1    1    6    8  8.44238E+03 0.00462 
   64    1    1    1    1    1    1    1    6    9  0.00000E+00 0.00000 
   65    1    1    1    1    1    1    1    6   10  8.31626E+03 0.00470 
   66    1    1    1    1    1    1    1    6   11  8.25886E+03 0.00469 
   67    1    1    1    1    1    1    1    7    1  0.00000E+00 0.00000 
   68    1    1    1    1    1    1    1    7    2  9.25349E+03 0.00456 
   69    1    1    1    1    1    1    1    7    3  9.03965E+03 0.00446 
   70    1    1    1    1    1    1    1    7    4  0.00000E+00 0.00000 
   71    1    1    1    1    1    1    1    7    5  8.66462E+03 0.00467 
   72    1    1    1    1    1    1    1    7    6  8.47458E+03 0.00461 
   73    1    1    1    1    1    1    1    7    7  0.00000E+00 0.00000 
   74    1    1    1    1    1    1    1    7    8  8.22385E+03 0.00462 
   75    1    1    1    1    1    1    1    7    9  8.25438E+03 0.00472 
   76    1    1    1    1    1    1    1    7   10  0.00000E+00 0.00000 
   77    1    1    1    1    1    1    1    7   11  8.01289E+03 0.00479 
   78    1    1    1    1    1    1    1    8    1  8.88744E+03 0.00466 
   79    1    1    1    1    1    1    1    8    2  0.00000E+00 0.00000 
   80    1    1    1    1    1    1    1    8    3  8.70177E+03 0.00465 
   81    1    1    1    1    1    1    1    8    4  8.40184E+03 0.00475 
   82    1    1    1    1    1    1    1    8    5  0.00000E+00 0.00000 
   83    1    1    1    1    1    1    1    8    6  8.25315E+03 0.00464 
   84    1    1    1    1    1    1    1    8    7  8.18692E+03 0.00463 
   85    1    1    1    1    1    1    1    8    8  0.00000E+00 0.00000 
   86    1    1    1    1    1    1    1    8    9  8.10462E+03 0.00461 
   87    1    1    1    1    1    1    1    8   10  7.91985E+03 0.00473 
   88    1    1    1    1    1    1    1    8   11  0.00000E+00 0.00000 
   89    1    1    1    1    1    1    1    9    1  8.60481E+03 0.00465 
   90    1    1    1    1    1    1    1    9    2  8.44681E+03 0.00466 
   91    1    1    1    1    1    1    1    9    3  0.00000E+00 0.00000 
   92    1    1    1    1    1    1    1    9    4  8.30051E+03 0.00477 
   93    1    1    1    1    1    1    1    9    5  8.20238E+03 0.00484 
   94    1    1    1    1    1    1    1    9    6  0.00000E+00 0.00000 
   95    1    1    1    1    1    1    1    9    7  8.04354E+03 0.00474 
   96    1    1    1    1    1    1    1    9    8  7.93228E+03 0.00475 
   97    1    1    1    1    1    1    1    9    9  0.00000E+00 0.00000 
   98    1    1    1    1    1    1    1    9   10  7.79330E+03 0.00481 
   99    1    1    1    1    1    1    1    9   11  7.66206E+03 0.00481 
  100    1    1    1    1    1    1    1   10    1  0.00000E+00 0.00000 
  101    1    1    1    1    1    1    1   10    2  8.31765E+03 0.00470 
  102    1    1    1    1    1    1    1   10    3  8.18766E+03 0.00460 
  103    1    1    1    1    1    1    1   10    4  0.00000E+00 0.00000 
  104    1    1    1    1    1    1    1   10    5  8.05422E+03 0.00466 
  105    1    1    1    1    1    1    1   10    6  7.94617E+03 0.00466 
  106    1    1    1    1    1    1    1   10    7  0.00000E+00 0.00000 
  107    1    1    1    1    1    1    1   10    8  7.75761E+03 0.00483 
  108    1    1    1    1    1    1    1   10    9  7.64845E+03 0.00479 
  109    1    1    1    1    1    1    1   10   10  0.00000E+00 0.00000 
