
DETassem1 = [
    1    1    1    1    1    1    1    1    1    1  0.00000E+00 0.00000 
    2    1    1    1    1    1    1    1    1    2  0.00000E+00 0.00000 
    3    1    1    1    1    1    1    1    1    3  0.00000E+00 0.00000 
    4    1    1    1    1    1    1    1    1    4  0.00000E+00 0.00000 
    5    1    1    1    1    1    1    1    1    5  0.00000E+00 0.00000 
    6    1    1    1    1    1    1    1    1    6  0.00000E+00 0.00000 
    7    1    1    1    1    1    1    1    1    7  0.00000E+00 0.00000 
    8    1    1    1    1    1    1    1    1    8  1.74332E+04 0.00352 
    9    1    1    1    1    1    1    1    1    9  1.34867E+04 0.00396 
   10    1    1    1    1    1    1    1    1   10  0.00000E+00 0.00000 
   11    1    1    1    1    1    1    1    1   11  1.01971E+04 0.00433 
   12    1    1    1    1    1    1    1    2    1  1.87283E+04 0.00350 
   13    1    1    1    1    1    1    1    2    2  0.00000E+00 0.00000 
   14    1    1    1    1    1    1    1    2    3  0.00000E+00 0.00000 
   15    1    1    1    1    1    1    1    2    4  0.00000E+00 0.00000 
   16    1    1    1    1    1    1    1    2    5  0.00000E+00 0.00000 
   17    1    1    1    1    1    1    1    2    6  1.87554E+04 0.00358 
   18    1    1    1    1    1    1    1    2    7  1.51076E+04 0.00379 
   19    1    1    1    1    1    1    1    2    8  0.00000E+00 0.00000 
   20    1    1    1    1    1    1    1    2    9  1.11820E+04 0.00415 
   21    1    1    1    1    1    1    1    2   10  1.02131E+04 0.00427 
   22    1    1    1    1    1    1    1    2   11  0.00000E+00 0.00000 
   23    1    1    1    1    1    1    1    3    1  1.52896E+04 0.00369 
   24    1    1    1    1    1    1    1    3    2  1.74843E+04 0.00361 
   25    1    1    1    1    1    1    1    3    3  0.00000E+00 0.00000 
   26    1    1    1    1    1    1    1    3    4  1.74134E+04 0.00365 
   27    1    1    1    1    1    1    1    3    5  1.51648E+04 0.00376 
   28    1    1    1    1    1    1    1    3    6  0.00000E+00 0.00000 
   29    1    1    1    1    1    1    1    3    7  1.19217E+04 0.00412 
   30    1    1    1    1    1    1    1    3    8  1.09391E+04 0.00424 
   31    1    1    1    1    1    1    1    3    9  0.00000E+00 0.00000 
   32    1    1    1    1    1    1    1    3   10  9.45524E+03 0.00428 
   33    1    1    1    1    1    1    1    3   11  9.09800E+03 0.00439 
   34    1    1    1    1    1    1    1    4    1  0.00000E+00 0.00000 
   35    1    1    1    1    1    1    1    4    2  1.35708E+04 0.00383 
   36    1    1    1    1    1    1    1    4    3  1.35929E+04 0.00391 
   37    1    1    1    1    1    1    1    4    4  0.00000E+00 0.00000 
   38    1    1    1    1    1    1    1    4    5  1.19611E+04 0.00404 
   39    1    1    1    1    1    1    1    4    6  1.11514E+04 0.00423 
   40    1    1    1    1    1    1    1    4    7  0.00000E+00 0.00000 
   41    1    1    1    1    1    1    1    4    8  9.76343E+03 0.00432 
   42    1    1    1    1    1    1    1    4    9  9.31776E+03 0.00447 
   43    1    1    1    1    1    1    1    4   10  0.00000E+00 0.00000 
   44    1    1    1    1    1    1    1    4   11  8.78965E+03 0.00451 
   45    1    1    1    1    1    1    1    5    1  1.12320E+04 0.00418 
   46    1    1    1    1    1    1    1    5    2  0.00000E+00 0.00000 
   47    1    1    1    1    1    1    1    5    3  1.12493E+04 0.00412 
   48    1    1    1    1    1    1    1    5    4  1.09588E+04 0.00420 
   49    1    1    1    1    1    1    1    5    5  0.00000E+00 0.00000 
   50    1    1    1    1    1    1    1    5    6  9.72512E+03 0.00441 
   51    1    1    1    1    1    1    1    5    7  9.42889E+03 0.00434 
   52    1    1    1    1    1    1    1    5    8  0.00000E+00 0.00000 
   53    1    1    1    1    1    1    1    5    9  8.95682E+03 0.00449 
   54    1    1    1    1    1    1    1    5   10  8.77145E+03 0.00444 
   55    1    1    1    1    1    1    1    5   11  0.00000E+00 0.00000 
   56    1    1    1    1    1    1    1    6    1  1.01561E+04 0.00427 
   57    1    1    1    1    1    1    1    6    2  1.02623E+04 0.00435 
   58    1    1    1    1    1    1    1    6    3  0.00000E+00 0.00000 
   59    1    1    1    1    1    1    1    6    4  9.77583E+03 0.00431 
   60    1    1    1    1    1    1    1    6    5  9.49758E+03 0.00443 
   61    1    1    1    1    1    1    1    6    6  0.00000E+00 0.00000 
   62    1    1    1    1    1    1    1    6    7  8.91448E+03 0.00445 
   63    1    1    1    1    1    1    1    6    8  8.71246E+03 0.00448 
   64    1    1    1    1    1    1    1    6    9  0.00000E+00 0.00000 
   65    1    1    1    1    1    1    1    6   10  8.45160E+03 0.00446 
   66    1    1    1    1    1    1    1    6   11  8.45032E+03 0.00452 
   67    1    1    1    1    1    1    1    7    1  0.00000E+00 0.00000 
   68    1    1    1    1    1    1    1    7    2  9.44810E+03 0.00424 
   69    1    1    1    1    1    1    1    7    3  9.30152E+03 0.00441 
   70    1    1    1    1    1    1    1    7    4  0.00000E+00 0.00000 
   71    1    1    1    1    1    1    1    7    5  8.93930E+03 0.00454 
   72    1    1    1    1    1    1    1    7    6  8.78402E+03 0.00441 
   73    1    1    1    1    1    1    1    7    7  0.00000E+00 0.00000 
   74    1    1    1    1    1    1    1    7    8  8.47159E+03 0.00453 
   75    1    1    1    1    1    1    1    7    9  8.31795E+03 0.00453 
   76    1    1    1    1    1    1    1    7   10  0.00000E+00 0.00000 
   77    1    1    1    1    1    1    1    7   11  8.22978E+03 0.00461 
   78    1    1    1    1    1    1    1    8    1  9.16589E+03 0.00444 
   79    1    1    1    1    1    1    1    8    2  0.00000E+00 0.00000 
   80    1    1    1    1    1    1    1    8    3  8.90930E+03 0.00458 
   81    1    1    1    1    1    1    1    8    4  8.73011E+03 0.00442 
   82    1    1    1    1    1    1    1    8    5  0.00000E+00 0.00000 
   83    1    1    1    1    1    1    1    8    6  8.50675E+03 0.00455 
   84    1    1    1    1    1    1    1    8    7  8.37648E+03 0.00456 
   85    1    1    1    1    1    1    1    8    8  0.00000E+00 0.00000 
   86    1    1    1    1    1    1    1    8    9  8.19952E+03 0.00454 
   87    1    1    1    1    1    1    1    8   10  8.10110E+03 0.00471 
   88    1    1    1    1    1    1    1    8   11  0.00000E+00 0.00000 
   89    1    1    1    1    1    1    1    9    1  8.76310E+03 0.00445 
   90    1    1    1    1    1    1    1    9    2  8.76969E+03 0.00450 
   91    1    1    1    1    1    1    1    9    3  0.00000E+00 0.00000 
   92    1    1    1    1    1    1    1    9    4  8.39678E+03 0.00444 
   93    1    1    1    1    1    1    1    9    5  8.36356E+03 0.00446 
   94    1    1    1    1    1    1    1    9    6  0.00000E+00 0.00000 
   95    1    1    1    1    1    1    1    9    7  8.12323E+03 0.00451 
   96    1    1    1    1    1    1    1    9    8  8.09700E+03 0.00458 
   97    1    1    1    1    1    1    1    9    9  0.00000E+00 0.00000 
   98    1    1    1    1    1    1    1    9   10  7.98663E+03 0.00465 
   99    1    1    1    1    1    1    1    9   11  7.92512E+03 0.00466 
  100    1    1    1    1    1    1    1   10    1  0.00000E+00 0.00000 
  101    1    1    1    1    1    1    1   10    2  8.47831E+03 0.00454 
  102    1    1    1    1    1    1    1   10    3  8.37126E+03 0.00452 
  103    1    1    1    1    1    1    1   10    4  0.00000E+00 0.00000 
  104    1    1    1    1    1    1    1   10    5  8.14357E+03 0.00452 
  105    1    1    1    1    1    1    1   10    6  7.97558E+03 0.00455 
  106    1    1    1    1    1    1    1   10    7  0.00000E+00 0.00000 
  107    1    1    1    1    1    1    1   10    8  7.83437E+03 0.00467 
  108    1    1    1    1    1    1    1   10    9  7.78423E+03 0.00470 
  109    1    1    1    1    1    1    1   10   10  0.00000E+00 0.00000 
