
DETassem1 = [
    1    1    1    1    1    1    1    1    1    1  0.00000E+00 0.00000 
    2    1    1    1    1    1    1    1    1    2  0.00000E+00 0.00000 
    3    1    1    1    1    1    1    1    1    3  0.00000E+00 0.00000 
    4    1    1    1    1    1    1    1    1    4  0.00000E+00 0.00000 
    5    1    1    1    1    1    1    1    1    5  0.00000E+00 0.00000 
    6    1    1    1    1    1    1    1    1    6  0.00000E+00 0.00000 
    7    1    1    1    1    1    1    1    1    7  0.00000E+00 0.00000 
    8    1    1    1    1    1    1    1    1    8  1.82384E+04 0.00374 
    9    1    1    1    1    1    1    1    1    9  1.38078E+04 0.00409 
   10    1    1    1    1    1    1    1    1   10  0.00000E+00 0.00000 
   11    1    1    1    1    1    1    1    1   11  1.00058E+04 0.00441 
   12    1    1    1    1    1    1    1    2    1  1.97937E+04 0.00357 
   13    1    1    1    1    1    1    1    2    2  0.00000E+00 0.00000 
   14    1    1    1    1    1    1    1    2    3  0.00000E+00 0.00000 
   15    1    1    1    1    1    1    1    2    4  0.00000E+00 0.00000 
   16    1    1    1    1    1    1    1    2    5  0.00000E+00 0.00000 
   17    1    1    1    1    1    1    1    2    6  1.96036E+04 0.00360 
   18    1    1    1    1    1    1    1    2    7  1.57148E+04 0.00381 
   19    1    1    1    1    1    1    1    2    8  0.00000E+00 0.00000 
   20    1    1    1    1    1    1    1    2    9  1.11738E+04 0.00436 
   21    1    1    1    1    1    1    1    2   10  1.00281E+04 0.00446 
   22    1    1    1    1    1    1    1    2   11  0.00000E+00 0.00000 
   23    1    1    1    1    1    1    1    3    1  1.56610E+04 0.00387 
   24    1    1    1    1    1    1    1    3    2  1.83274E+04 0.00367 
   25    1    1    1    1    1    1    1    3    3  0.00000E+00 0.00000 
   26    1    1    1    1    1    1    1    3    4  1.83278E+04 0.00370 
   27    1    1    1    1    1    1    1    3    5  1.57775E+04 0.00387 
   28    1    1    1    1    1    1    1    3    6  0.00000E+00 0.00000 
   29    1    1    1    1    1    1    1    3    7  1.19168E+04 0.00425 
   30    1    1    1    1    1    1    1    3    8  1.05869E+04 0.00426 
   31    1    1    1    1    1    1    1    3    9  0.00000E+00 0.00000 
   32    1    1    1    1    1    1    1    3   10  9.24438E+03 0.00448 
   33    1    1    1    1    1    1    1    3   11  8.85597E+03 0.00449 
   34    1    1    1    1    1    1    1    4    1  0.00000E+00 0.00000 
   35    1    1    1    1    1    1    1    4    2  1.39692E+04 0.00403 
   36    1    1    1    1    1    1    1    4    3  1.37969E+04 0.00404 
   37    1    1    1    1    1    1    1    4    4  0.00000E+00 0.00000 
   38    1    1    1    1    1    1    1    4    5  1.19164E+04 0.00426 
   39    1    1    1    1    1    1    1    4    6  1.09519E+04 0.00423 
   40    1    1    1    1    1    1    1    4    7  0.00000E+00 0.00000 
   41    1    1    1    1    1    1    1    4    8  9.47903E+03 0.00458 
   42    1    1    1    1    1    1    1    4    9  9.04154E+03 0.00460 
   43    1    1    1    1    1    1    1    4   10  0.00000E+00 0.00000 
   44    1    1    1    1    1    1    1    4   11  8.65303E+03 0.00466 
   45    1    1    1    1    1    1    1    5    1  1.11660E+04 0.00425 
   46    1    1    1    1    1    1    1    5    2  0.00000E+00 0.00000 
   47    1    1    1    1    1    1    1    5    3  1.11824E+04 0.00431 
   48    1    1    1    1    1    1    1    5    4  1.06945E+04 0.00436 
   49    1    1    1    1    1    1    1    5    5  0.00000E+00 0.00000 
   50    1    1    1    1    1    1    1    5    6  9.63838E+03 0.00452 
   51    1    1    1    1    1    1    1    5    7  9.21930E+03 0.00463 
   52    1    1    1    1    1    1    1    5    8  0.00000E+00 0.00000 
   53    1    1    1    1    1    1    1    5    9  8.59824E+03 0.00468 
   54    1    1    1    1    1    1    1    5   10  8.42580E+03 0.00462 
   55    1    1    1    1    1    1    1    5   11  0.00000E+00 0.00000 
   56    1    1    1    1    1    1    1    6    1  1.00802E+04 0.00446 
   57    1    1    1    1    1    1    1    6    2  1.00188E+04 0.00444 
   58    1    1    1    1    1    1    1    6    3  0.00000E+00 0.00000 
   59    1    1    1    1    1    1    1    6    4  9.44830E+03 0.00441 
   60    1    1    1    1    1    1    1    6    5  9.19978E+03 0.00450 
   61    1    1    1    1    1    1    1    6    6  0.00000E+00 0.00000 
   62    1    1    1    1    1    1    1    6    7  8.58582E+03 0.00461 
   63    1    1    1    1    1    1    1    6    8  8.45602E+03 0.00463 
   64    1    1    1    1    1    1    1    6    9  0.00000E+00 0.00000 
   65    1    1    1    1    1    1    1    6   10  8.28224E+03 0.00470 
   66    1    1    1    1    1    1    1    6   11  8.25025E+03 0.00466 
   67    1    1    1    1    1    1    1    7    1  0.00000E+00 0.00000 
   68    1    1    1    1    1    1    1    7    2  9.22234E+03 0.00449 
   69    1    1    1    1    1    1    1    7    3  9.07723E+03 0.00444 
   70    1    1    1    1    1    1    1    7    4  0.00000E+00 0.00000 
   71    1    1    1    1    1    1    1    7    5  8.62420E+03 0.00456 
   72    1    1    1    1    1    1    1    7    6  8.45360E+03 0.00467 
   73    1    1    1    1    1    1    1    7    7  0.00000E+00 0.00000 
   74    1    1    1    1    1    1    1    7    8  8.27008E+03 0.00470 
   75    1    1    1    1    1    1    1    7    9  8.23147E+03 0.00478 
   76    1    1    1    1    1    1    1    7   10  0.00000E+00 0.00000 
   77    1    1    1    1    1    1    1    7   11  7.98000E+03 0.00475 
   78    1    1    1    1    1    1    1    8    1  8.92227E+03 0.00454 
   79    1    1    1    1    1    1    1    8    2  0.00000E+00 0.00000 
   80    1    1    1    1    1    1    1    8    3  8.65796E+03 0.00458 
   81    1    1    1    1    1    1    1    8    4  8.50610E+03 0.00463 
   82    1    1    1    1    1    1    1    8    5  0.00000E+00 0.00000 
   83    1    1    1    1    1    1    1    8    6  8.20702E+03 0.00479 
   84    1    1    1    1    1    1    1    8    7  8.16465E+03 0.00476 
   85    1    1    1    1    1    1    1    8    8  0.00000E+00 0.00000 
   86    1    1    1    1    1    1    1    8    9  8.02076E+03 0.00475 
   87    1    1    1    1    1    1    1    8   10  7.94764E+03 0.00481 
   88    1    1    1    1    1    1    1    8   11  0.00000E+00 0.00000 
   89    1    1    1    1    1    1    1    9    1  8.55306E+03 0.00470 
   90    1    1    1    1    1    1    1    9    2  8.47638E+03 0.00457 
   91    1    1    1    1    1    1    1    9    3  0.00000E+00 0.00000 
   92    1    1    1    1    1    1    1    9    4  8.29243E+03 0.00464 
   93    1    1    1    1    1    1    1    9    5  8.13783E+03 0.00469 
   94    1    1    1    1    1    1    1    9    6  0.00000E+00 0.00000 
   95    1    1    1    1    1    1    1    9    7  7.96013E+03 0.00468 
   96    1    1    1    1    1    1    1    9    8  7.84324E+03 0.00482 
   97    1    1    1    1    1    1    1    9    9  0.00000E+00 0.00000 
   98    1    1    1    1    1    1    1    9   10  7.73824E+03 0.00485 
   99    1    1    1    1    1    1    1    9   11  7.70139E+03 0.00492 
  100    1    1    1    1    1    1    1   10    1  0.00000E+00 0.00000 
  101    1    1    1    1    1    1    1   10    2  8.28440E+03 0.00464 
  102    1    1    1    1    1    1    1   10    3  8.16991E+03 0.00462 
  103    1    1    1    1    1    1    1   10    4  0.00000E+00 0.00000 
  104    1    1    1    1    1    1    1   10    5  8.03931E+03 0.00467 
  105    1    1    1    1    1    1    1   10    6  7.89953E+03 0.00473 
  106    1    1    1    1    1    1    1   10    7  0.00000E+00 0.00000 
  107    1    1    1    1    1    1    1   10    8  7.72189E+03 0.00482 
  108    1    1    1    1    1    1    1   10    9  7.70414E+03 0.00486 
  109    1    1    1    1    1    1    1   10   10  0.00000E+00 0.00000 
