
ZAI = [
922350
922380
666
0
];

NAMES = [
'U235            '
'U238            '
'lost            '
'total           '
];

i922350 = 1; iU235             = 1;
i922380 = 2; iU238             = 2;
iLOST    = 3;
iTOT     = 4;

MAT_un_VOLUME = [ 2.67438E+05 2.67438E+05 ];

MAT_un_BURNUP = [ 0.00000E+00 4.28614E+01 ];

MAT_un_ADENS = [
4.83387E-03 3.51001E-03 % U235
1.93936E-02 1.88543E-02 % U238
0.00000E+00 3.41589E-30 % lost data
7.26897E-02 7.38003E-02 % total
];

MAT_un_MDENS = [
1.88669E+00 1.36998E+00 % U235
7.66628E+00 7.45307E+00 % U238
0.00000E+00 0.00000E+00 % lost data
1.08000E+01 1.07986E+01 % total
];

MAT_un_A = [
4.03451E+10 2.92957E+10 % U235
2.54977E+10 2.47886E+10 % U238
0.00000E+00 0.00000E+00 % lost data
6.58428E+10 3.28343E+18 % total
];

MAT_un_H = [
3.02443E-02 2.19612E-02 % U235
1.74440E-02 1.69589E-02 % U238
0.00000E+00 0.00000E+00 % lost data
4.76884E-02 9.64703E+05 % total
];

MAT_un_SF = [
2.90485E+00 2.10929E+00 % U235
1.39217E+04 1.35346E+04 % U238
0.00000E+00 0.00000E+00 % lost data
1.39246E+04 1.03693E+08 % total
];

MAT_un_GSRC = [
5.09763E+10 3.70153E+10 % U235
2.25791E+09 2.19512E+09 % U238
0.00000E+00 0.00000E+00 % lost data
5.32342E+10 3.52978E+18 % total
];

MAT_un_ING_TOX = [
1.89622E+03 1.37690E+03 % U235
1.14740E+03 1.11549E+03 % U238
0.00000E+00 0.00000E+00 % lost data
3.04362E+03 2.23546E+09 % total
];

MAT_un_INH_TOX = [
3.42933E+05 2.49013E+05 % U235
2.03981E+05 1.98309E+05 % U238
0.00000E+00 0.00000E+00 % lost data
5.46915E+05 8.02296E+10 % total
];

TOT_VOLUME = [ 2.67438E+05 2.67438E+05 ];

TOT_BURNUP = [ 0.00000E+00 4.28614E+01 ];

TOT_ADENS = [
4.83387E-03 3.51001E-03 % U235
1.93936E-02 1.88543E-02 % U238
0.00000E+00 3.41589E-30 % lost data
7.26897E-02 7.38003E-02 % total
];

TOT_MASS = [
5.04572E+05 3.66384E+05 % U235
2.05025E+06 1.99324E+06 % U238
0.00000E+00 0.00000E+00 % lost data
2.88833E+06 2.88796E+06 % total
];

TOT_A = [
4.03451E+10 2.92957E+10 % U235
2.54977E+10 2.47886E+10 % U238
0.00000E+00 0.00000E+00 % lost data
6.58428E+10 3.28343E+18 % total
];

TOT_H = [
3.02443E-02 2.19612E-02 % U235
1.74440E-02 1.69589E-02 % U238
0.00000E+00 0.00000E+00 % lost data
4.76884E-02 9.64703E+05 % total
];

TOT_SF = [
2.90485E+00 2.10929E+00 % U235
1.39217E+04 1.35346E+04 % U238
0.00000E+00 0.00000E+00 % lost data
1.39246E+04 1.03693E+08 % total
];

TOT_GSRC = [
5.09763E+10 3.70153E+10 % U235
2.25791E+09 2.19512E+09 % U238
0.00000E+00 0.00000E+00 % lost data
5.32342E+10 3.52978E+18 % total
];

TOT_ING_TOX = [
1.89622E+03 1.37690E+03 % U235
1.14740E+03 1.11549E+03 % U238
0.00000E+00 0.00000E+00 % lost data
3.04362E+03 2.23546E+09 % total
];

TOT_INH_TOX = [
3.42933E+05 2.49013E+05 % U235
2.03981E+05 1.98309E+05 % U238
0.00000E+00 0.00000E+00 % lost data
5.46915E+05 8.02296E+10 % total
];

BU = [ 0.00000E+00 4.28600E+01 ];

DAYS = [ 0.00000E+00 7.30000E+03 ];
