
ZAI = [
922350
922380
666
0
];

NAMES = [
'U235            '
'U238            '
'lost            '
'total           '
];

i922350 = 1; iU235             = 1;
i922380 = 2; iU238             = 2;
iLOST    = 3;
iTOT     = 4;

MAT_un_VOLUME = [ 2.67439E+05 2.67439E+05 ];

MAT_un_BURNUP = [ 0.00000E+00 4.28612E+01 ];

MAT_un_ADENS = [
4.83387E-03 3.51002E-03 % U235
1.93936E-02 1.88541E-02 % U238
0.00000E+00 3.10689E-30 % lost data
7.26897E-02 7.38003E-02 % total
];

MAT_un_MDENS = [
1.88669E+00 1.36998E+00 % U235
7.66628E+00 7.45303E+00 % U238
0.00000E+00 0.00000E+00 % lost data
1.08000E+01 1.07986E+01 % total
];

MAT_un_A = [
4.03453E+10 2.92960E+10 % U235
2.54978E+10 2.47885E+10 % U238
0.00000E+00 0.00000E+00 % lost data
6.58431E+10 3.28336E+18 % total
];

MAT_un_H = [
3.02445E-02 2.19614E-02 % U235
1.74441E-02 1.69589E-02 % U238
0.00000E+00 0.00000E+00 % lost data
4.76886E-02 9.64670E+05 % total
];

MAT_un_SF = [
2.90486E+00 2.10931E+00 % U235
1.39218E+04 1.35345E+04 % U238
0.00000E+00 0.00000E+00 % lost data
1.39247E+04 1.03583E+08 % total
];

MAT_un_GSRC = [
5.09765E+10 3.70157E+10 % U235
2.25792E+09 2.19511E+09 % U238
0.00000E+00 0.00000E+00 % lost data
5.32345E+10 3.52973E+18 % total
];

MAT_un_ING_TOX = [
1.89623E+03 1.37691E+03 % U235
1.14740E+03 1.11548E+03 % U238
0.00000E+00 0.00000E+00 % lost data
3.04363E+03 2.23533E+09 % total
];

MAT_un_INH_TOX = [
3.42935E+05 2.49016E+05 % U235
2.03982E+05 1.98308E+05 % U238
0.00000E+00 0.00000E+00 % lost data
5.46917E+05 8.02026E+10 % total
];

TOT_VOLUME = [ 2.67439E+05 2.67439E+05 ];

TOT_BURNUP = [ 0.00000E+00 4.28612E+01 ];

TOT_ADENS = [
4.83387E-03 3.51002E-03 % U235
1.93936E-02 1.88541E-02 % U238
0.00000E+00 3.10689E-30 % lost data
7.26897E-02 7.38003E-02 % total
];

TOT_MASS = [
5.04575E+05 3.66387E+05 % U235
2.05026E+06 1.99323E+06 % U238
0.00000E+00 0.00000E+00 % lost data
2.88834E+06 2.88797E+06 % total
];

TOT_A = [
4.03453E+10 2.92960E+10 % U235
2.54978E+10 2.47885E+10 % U238
0.00000E+00 0.00000E+00 % lost data
6.58431E+10 3.28336E+18 % total
];

TOT_H = [
3.02445E-02 2.19614E-02 % U235
1.74441E-02 1.69589E-02 % U238
0.00000E+00 0.00000E+00 % lost data
4.76886E-02 9.64670E+05 % total
];

TOT_SF = [
2.90486E+00 2.10931E+00 % U235
1.39218E+04 1.35345E+04 % U238
0.00000E+00 0.00000E+00 % lost data
1.39247E+04 1.03583E+08 % total
];

TOT_GSRC = [
5.09765E+10 3.70157E+10 % U235
2.25792E+09 2.19511E+09 % U238
0.00000E+00 0.00000E+00 % lost data
5.32345E+10 3.52973E+18 % total
];

TOT_ING_TOX = [
1.89623E+03 1.37691E+03 % U235
1.14740E+03 1.11548E+03 % U238
0.00000E+00 0.00000E+00 % lost data
3.04363E+03 2.23533E+09 % total
];

TOT_INH_TOX = [
3.42935E+05 2.49016E+05 % U235
2.03982E+05 1.98308E+05 % U238
0.00000E+00 0.00000E+00 % lost data
5.46917E+05 8.02026E+10 % total
];

BU = [ 0.00000E+00 4.28599E+01 ];

DAYS = [ 0.00000E+00 7.30000E+03 ];
