
DETassem1 = [
    1    1    1    1    1    1    1    1    1    1  0.00000E+00 0.00000 
    2    1    1    1    1    1    1    1    1    2  0.00000E+00 0.00000 
    3    1    1    1    1    1    1    1    1    3  0.00000E+00 0.00000 
    4    1    1    1    1    1    1    1    1    4  0.00000E+00 0.00000 
    5    1    1    1    1    1    1    1    1    5  0.00000E+00 0.00000 
    6    1    1    1    1    1    1    1    1    6  0.00000E+00 0.00000 
    7    1    1    1    1    1    1    1    1    7  0.00000E+00 0.00000 
    8    1    1    1    1    1    1    1    1    8  1.83043E+04 0.00369 
    9    1    1    1    1    1    1    1    1    9  1.39956E+04 0.00400 
   10    1    1    1    1    1    1    1    1   10  0.00000E+00 0.00000 
   11    1    1    1    1    1    1    1    1   11  1.01310E+04 0.00440 
   12    1    1    1    1    1    1    1    2    1  1.98512E+04 0.00357 
   13    1    1    1    1    1    1    1    2    2  0.00000E+00 0.00000 
   14    1    1    1    1    1    1    1    2    3  0.00000E+00 0.00000 
   15    1    1    1    1    1    1    1    2    4  0.00000E+00 0.00000 
   16    1    1    1    1    1    1    1    2    5  0.00000E+00 0.00000 
   17    1    1    1    1    1    1    1    2    6  1.98404E+04 0.00351 
   18    1    1    1    1    1    1    1    2    7  1.57475E+04 0.00390 
   19    1    1    1    1    1    1    1    2    8  0.00000E+00 0.00000 
   20    1    1    1    1    1    1    1    2    9  1.12723E+04 0.00426 
   21    1    1    1    1    1    1    1    2   10  1.00771E+04 0.00442 
   22    1    1    1    1    1    1    1    2   11  0.00000E+00 0.00000 
   23    1    1    1    1    1    1    1    3    1  1.58699E+04 0.00386 
   24    1    1    1    1    1    1    1    3    2  1.82920E+04 0.00366 
   25    1    1    1    1    1    1    1    3    3  0.00000E+00 0.00000 
   26    1    1    1    1    1    1    1    3    4  1.84449E+04 0.00368 
   27    1    1    1    1    1    1    1    3    5  1.59007E+04 0.00384 
   28    1    1    1    1    1    1    1    3    6  0.00000E+00 0.00000 
   29    1    1    1    1    1    1    1    3    7  1.20147E+04 0.00415 
   30    1    1    1    1    1    1    1    3    8  1.07646E+04 0.00437 
   31    1    1    1    1    1    1    1    3    9  0.00000E+00 0.00000 
   32    1    1    1    1    1    1    1    3   10  9.38264E+03 0.00455 
   33    1    1    1    1    1    1    1    3   11  8.92739E+03 0.00458 
   34    1    1    1    1    1    1    1    4    1  0.00000E+00 0.00000 
   35    1    1    1    1    1    1    1    4    2  1.38999E+04 0.00410 
   36    1    1    1    1    1    1    1    4    3  1.40764E+04 0.00401 
   37    1    1    1    1    1    1    1    4    4  0.00000E+00 0.00000 
   38    1    1    1    1    1    1    1    4    5  1.20314E+04 0.00418 
   39    1    1    1    1    1    1    1    4    6  1.10587E+04 0.00433 
   40    1    1    1    1    1    1    1    4    7  0.00000E+00 0.00000 
   41    1    1    1    1    1    1    1    4    8  9.44428E+03 0.00449 
   42    1    1    1    1    1    1    1    4    9  9.16973E+03 0.00446 
   43    1    1    1    1    1    1    1    4   10  0.00000E+00 0.00000 
   44    1    1    1    1    1    1    1    4   11  8.68117E+03 0.00459 
   45    1    1    1    1    1    1    1    5    1  1.12507E+04 0.00425 
   46    1    1    1    1    1    1    1    5    2  0.00000E+00 0.00000 
   47    1    1    1    1    1    1    1    5    3  1.13435E+04 0.00426 
   48    1    1    1    1    1    1    1    5    4  1.07612E+04 0.00430 
   49    1    1    1    1    1    1    1    5    5  0.00000E+00 0.00000 
   50    1    1    1    1    1    1    1    5    6  9.71132E+03 0.00447 
   51    1    1    1    1    1    1    1    5    7  9.23072E+03 0.00461 
   52    1    1    1    1    1    1    1    5    8  0.00000E+00 0.00000 
   53    1    1    1    1    1    1    1    5    9  8.68531E+03 0.00469 
   54    1    1    1    1    1    1    1    5   10  8.56366E+03 0.00463 
   55    1    1    1    1    1    1    1    5   11  0.00000E+00 0.00000 
   56    1    1    1    1    1    1    1    6    1  1.00974E+04 0.00446 
   57    1    1    1    1    1    1    1    6    2  1.00858E+04 0.00437 
   58    1    1    1    1    1    1    1    6    3  0.00000E+00 0.00000 
   59    1    1    1    1    1    1    1    6    4  9.51584E+03 0.00449 
   60    1    1    1    1    1    1    1    6    5  9.30324E+03 0.00449 
   61    1    1    1    1    1    1    1    6    6  0.00000E+00 0.00000 
   62    1    1    1    1    1    1    1    6    7  8.73446E+03 0.00455 
   63    1    1    1    1    1    1    1    6    8  8.49962E+03 0.00468 
   64    1    1    1    1    1    1    1    6    9  0.00000E+00 0.00000 
   65    1    1    1    1    1    1    1    6   10  8.38900E+03 0.00477 
   66    1    1    1    1    1    1    1    6   11  8.19415E+03 0.00468 
   67    1    1    1    1    1    1    1    7    1  0.00000E+00 0.00000 
   68    1    1    1    1    1    1    1    7    2  9.36386E+03 0.00452 
   69    1    1    1    1    1    1    1    7    3  9.16413E+03 0.00452 
   70    1    1    1    1    1    1    1    7    4  0.00000E+00 0.00000 
   71    1    1    1    1    1    1    1    7    5  8.76646E+03 0.00449 
   72    1    1    1    1    1    1    1    7    6  8.49126E+03 0.00471 
   73    1    1    1    1    1    1    1    7    7  0.00000E+00 0.00000 
   74    1    1    1    1    1    1    1    7    8  8.33143E+03 0.00463 
   75    1    1    1    1    1    1    1    7    9  8.23685E+03 0.00471 
   76    1    1    1    1    1    1    1    7   10  0.00000E+00 0.00000 
   77    1    1    1    1    1    1    1    7   11  8.06972E+03 0.00474 
   78    1    1    1    1    1    1    1    8    1  8.97868E+03 0.00450 
   79    1    1    1    1    1    1    1    8    2  0.00000E+00 0.00000 
   80    1    1    1    1    1    1    1    8    3  8.71937E+03 0.00468 
   81    1    1    1    1    1    1    1    8    4  8.65375E+03 0.00457 
   82    1    1    1    1    1    1    1    8    5  0.00000E+00 0.00000 
   83    1    1    1    1    1    1    1    8    6  8.22960E+03 0.00474 
   84    1    1    1    1    1    1    1    8    7  8.21331E+03 0.00466 
   85    1    1    1    1    1    1    1    8    8  0.00000E+00 0.00000 
   86    1    1    1    1    1    1    1    8    9  7.99626E+03 0.00474 
   87    1    1    1    1    1    1    1    8   10  7.91310E+03 0.00476 
   88    1    1    1    1    1    1    1    8   11  0.00000E+00 0.00000 
   89    1    1    1    1    1    1    1    9    1  8.60518E+03 0.00462 
   90    1    1    1    1    1    1    1    9    2  8.53511E+03 0.00462 
   91    1    1    1    1    1    1    1    9    3  0.00000E+00 0.00000 
   92    1    1    1    1    1    1    1    9    4  8.32835E+03 0.00462 
   93    1    1    1    1    1    1    1    9    5  8.17267E+03 0.00468 
   94    1    1    1    1    1    1    1    9    6  0.00000E+00 0.00000 
   95    1    1    1    1    1    1    1    9    7  8.06089E+03 0.00472 
   96    1    1    1    1    1    1    1    9    8  7.93102E+03 0.00475 
   97    1    1    1    1    1    1    1    9    9  0.00000E+00 0.00000 
   98    1    1    1    1    1    1    1    9   10  7.77758E+03 0.00479 
   99    1    1    1    1    1    1    1    9   11  7.71884E+03 0.00484 
  100    1    1    1    1    1    1    1   10    1  0.00000E+00 0.00000 
  101    1    1    1    1    1    1    1   10    2  8.35691E+03 0.00464 
  102    1    1    1    1    1    1    1   10    3  8.23770E+03 0.00478 
  103    1    1    1    1    1    1    1   10    4  0.00000E+00 0.00000 
  104    1    1    1    1    1    1    1   10    5  8.02938E+03 0.00477 
  105    1    1    1    1    1    1    1   10    6  7.90867E+03 0.00487 
  106    1    1    1    1    1    1    1   10    7  0.00000E+00 0.00000 
  107    1    1    1    1    1    1    1   10    8  7.72663E+03 0.00491 
  108    1    1    1    1    1    1    1   10    9  7.64509E+03 0.00485 
  109    1    1    1    1    1    1    1   10   10  0.00000E+00 0.00000 
