
ZAI = [
922350
922380
666
0
];

NAMES = [
'U235            '
'U238            '
'lost            '
'total           '
];

i922350 = 1; iU235             = 1;
i922380 = 2; iU238             = 2;
iLOST    = 3;
iTOT     = 4;

MAT_un_VOLUME = [ 2.67426E+05 2.67426E+05 ];

MAT_un_BURNUP = [ 0.00000E+00 4.28633E+01 ];

MAT_un_ADENS = [
4.83387E-03 3.51011E-03 % U235
1.93936E-02 1.88550E-02 % U238
0.00000E+00 4.28112E-30 % lost data
7.26897E-02 7.38003E-02 % total
];

MAT_un_MDENS = [
1.88669E+00 1.37002E+00 % U235
7.66628E+00 7.45337E+00 % U238
0.00000E+00 0.00000E+00 % lost data
1.08000E+01 1.07986E+01 % total
];

MAT_un_A = [
4.03433E+10 2.92953E+10 % U235
2.54965E+10 2.47884E+10 % U238
0.00000E+00 0.00000E+00 % lost data
6.58398E+10 3.28234E+18 % total
];

MAT_un_H = [
3.02430E-02 2.19609E-02 % U235
1.74433E-02 1.69588E-02 % U238
0.00000E+00 0.00000E+00 % lost data
4.76862E-02 9.64576E+05 % total
];

MAT_un_SF = [
2.90472E+00 2.10926E+00 % U235
1.39211E+04 1.35345E+04 % U238
0.00000E+00 0.00000E+00 % lost data
1.39240E+04 1.03645E+08 % total
];

MAT_un_GSRC = [
5.09740E+10 3.70148E+10 % U235
2.25781E+09 2.19511E+09 % U238
0.00000E+00 0.00000E+00 % lost data
5.32318E+10 3.52851E+18 % total
];

MAT_un_ING_TOX = [
1.89613E+03 1.37688E+03 % U235
1.14734E+03 1.11548E+03 % U238
0.00000E+00 0.00000E+00 % lost data
3.04348E+03 2.23482E+09 % total
];

MAT_un_INH_TOX = [
3.42918E+05 2.49010E+05 % U235
2.03972E+05 1.98308E+05 % U238
0.00000E+00 0.00000E+00 % lost data
5.46890E+05 8.01454E+10 % total
];

TOT_VOLUME = [ 2.67426E+05 2.67426E+05 ];

TOT_BURNUP = [ 0.00000E+00 4.28633E+01 ];

TOT_ADENS = [
4.83387E-03 3.51011E-03 % U235
1.93936E-02 1.88550E-02 % U238
0.00000E+00 4.28112E-30 % lost data
7.26897E-02 7.38003E-02 % total
];

TOT_MASS = [
5.04550E+05 3.66378E+05 % U235
2.05016E+06 1.99322E+06 % U238
0.00000E+00 0.00000E+00 % lost data
2.88820E+06 2.88783E+06 % total
];

TOT_A = [
4.03433E+10 2.92953E+10 % U235
2.54965E+10 2.47884E+10 % U238
0.00000E+00 0.00000E+00 % lost data
6.58398E+10 3.28234E+18 % total
];

TOT_H = [
3.02430E-02 2.19609E-02 % U235
1.74433E-02 1.69588E-02 % U238
0.00000E+00 0.00000E+00 % lost data
4.76862E-02 9.64576E+05 % total
];

TOT_SF = [
2.90472E+00 2.10926E+00 % U235
1.39211E+04 1.35345E+04 % U238
0.00000E+00 0.00000E+00 % lost data
1.39240E+04 1.03645E+08 % total
];

TOT_GSRC = [
5.09740E+10 3.70148E+10 % U235
2.25781E+09 2.19511E+09 % U238
0.00000E+00 0.00000E+00 % lost data
5.32318E+10 3.52851E+18 % total
];

TOT_ING_TOX = [
1.89613E+03 1.37688E+03 % U235
1.14734E+03 1.11548E+03 % U238
0.00000E+00 0.00000E+00 % lost data
3.04348E+03 2.23482E+09 % total
];

TOT_INH_TOX = [
3.42918E+05 2.49010E+05 % U235
2.03972E+05 1.98308E+05 % U238
0.00000E+00 0.00000E+00 % lost data
5.46890E+05 8.01454E+10 % total
];

BU = [ 0.00000E+00 4.28620E+01 ];

DAYS = [ 0.00000E+00 7.30000E+03 ];
