
DETassem1 = [
    1    1    1    1    1    1    1    1    1    1  0.00000E+00 0.00000 
    2    1    1    1    1    1    1    1    1    2  0.00000E+00 0.00000 
    3    1    1    1    1    1    1    1    1    3  0.00000E+00 0.00000 
    4    1    1    1    1    1    1    1    1    4  0.00000E+00 0.00000 
    5    1    1    1    1    1    1    1    1    5  0.00000E+00 0.00000 
    6    1    1    1    1    1    1    1    1    6  0.00000E+00 0.00000 
    7    1    1    1    1    1    1    1    1    7  0.00000E+00 0.00000 
    8    1    1    1    1    1    1    1    1    8  1.79227E+04 0.00373 
    9    1    1    1    1    1    1    1    1    9  1.37197E+04 0.00399 
   10    1    1    1    1    1    1    1    1   10  0.00000E+00 0.00000 
   11    1    1    1    1    1    1    1    1   11  9.79224E+03 0.00449 
   12    1    1    1    1    1    1    1    2    1  1.94954E+04 0.00358 
   13    1    1    1    1    1    1    1    2    2  0.00000E+00 0.00000 
   14    1    1    1    1    1    1    1    2    3  0.00000E+00 0.00000 
   15    1    1    1    1    1    1    1    2    4  0.00000E+00 0.00000 
   16    1    1    1    1    1    1    1    2    5  0.00000E+00 0.00000 
   17    1    1    1    1    1    1    1    2    6  1.93587E+04 0.00364 
   18    1    1    1    1    1    1    1    2    7  1.54655E+04 0.00395 
   19    1    1    1    1    1    1    1    2    8  0.00000E+00 0.00000 
   20    1    1    1    1    1    1    1    2    9  1.10137E+04 0.00435 
   21    1    1    1    1    1    1    1    2   10  9.80264E+03 0.00453 
   22    1    1    1    1    1    1    1    2   11  0.00000E+00 0.00000 
   23    1    1    1    1    1    1    1    3    1  1.54214E+04 0.00384 
   24    1    1    1    1    1    1    1    3    2  1.80617E+04 0.00367 
   25    1    1    1    1    1    1    1    3    3  0.00000E+00 0.00000 
   26    1    1    1    1    1    1    1    3    4  1.80334E+04 0.00376 
   27    1    1    1    1    1    1    1    3    5  1.53723E+04 0.00387 
   28    1    1    1    1    1    1    1    3    6  0.00000E+00 0.00000 
   29    1    1    1    1    1    1    1    3    7  1.18411E+04 0.00418 
   30    1    1    1    1    1    1    1    3    8  1.06356E+04 0.00439 
   31    1    1    1    1    1    1    1    3    9  0.00000E+00 0.00000 
   32    1    1    1    1    1    1    1    3   10  9.02084E+03 0.00457 
   33    1    1    1    1    1    1    1    3   11  8.70666E+03 0.00461 
   34    1    1    1    1    1    1    1    4    1  0.00000E+00 0.00000 
   35    1    1    1    1    1    1    1    4    2  1.38366E+04 0.00404 
   36    1    1    1    1    1    1    1    4    3  1.37592E+04 0.00407 
   37    1    1    1    1    1    1    1    4    4  0.00000E+00 0.00000 
   38    1    1    1    1    1    1    1    4    5  1.18079E+04 0.00423 
   39    1    1    1    1    1    1    1    4    6  1.10100E+04 0.00433 
   40    1    1    1    1    1    1    1    4    7  0.00000E+00 0.00000 
   41    1    1    1    1    1    1    1    4    8  9.41678E+03 0.00444 
   42    1    1    1    1    1    1    1    4    9  8.97880E+03 0.00455 
   43    1    1    1    1    1    1    1    4   10  0.00000E+00 0.00000 
   44    1    1    1    1    1    1    1    4   11  8.44760E+03 0.00465 
   45    1    1    1    1    1    1    1    5    1  1.10614E+04 0.00442 
   46    1    1    1    1    1    1    1    5    2  0.00000E+00 0.00000 
   47    1    1    1    1    1    1    1    5    3  1.10553E+04 0.00427 
   48    1    1    1    1    1    1    1    5    4  1.06641E+04 0.00446 
   49    1    1    1    1    1    1    1    5    5  0.00000E+00 0.00000 
   50    1    1    1    1    1    1    1    5    6  9.60520E+03 0.00442 
   51    1    1    1    1    1    1    1    5    7  9.29054E+03 0.00449 
   52    1    1    1    1    1    1    1    5    8  0.00000E+00 0.00000 
   53    1    1    1    1    1    1    1    5    9  8.56693E+03 0.00465 
   54    1    1    1    1    1    1    1    5   10  8.47806E+03 0.00458 
   55    1    1    1    1    1    1    1    5   11  0.00000E+00 0.00000 
   56    1    1    1    1    1    1    1    6    1  9.75564E+03 0.00447 
   57    1    1    1    1    1    1    1    6    2  9.85895E+03 0.00446 
   58    1    1    1    1    1    1    1    6    3  0.00000E+00 0.00000 
   59    1    1    1    1    1    1    1    6    4  9.44503E+03 0.00442 
   60    1    1    1    1    1    1    1    6    5  9.16614E+03 0.00467 
   61    1    1    1    1    1    1    1    6    6  0.00000E+00 0.00000 
   62    1    1    1    1    1    1    1    6    7  8.65185E+03 0.00456 
   63    1    1    1    1    1    1    1    6    8  8.51845E+03 0.00460 
   64    1    1    1    1    1    1    1    6    9  0.00000E+00 0.00000 
   65    1    1    1    1    1    1    1    6   10  8.22031E+03 0.00476 
   66    1    1    1    1    1    1    1    6   11  8.18616E+03 0.00459 
   67    1    1    1    1    1    1    1    7    1  0.00000E+00 0.00000 
   68    1    1    1    1    1    1    1    7    2  9.07951E+03 0.00454 
   69    1    1    1    1    1    1    1    7    3  9.01496E+03 0.00452 
   70    1    1    1    1    1    1    1    7    4  0.00000E+00 0.00000 
   71    1    1    1    1    1    1    1    7    5  8.58587E+03 0.00462 
   72    1    1    1    1    1    1    1    7    6  8.55704E+03 0.00469 
   73    1    1    1    1    1    1    1    7    7  0.00000E+00 0.00000 
   74    1    1    1    1    1    1    1    7    8  8.18994E+03 0.00475 
   75    1    1    1    1    1    1    1    7    9  7.99550E+03 0.00473 
   76    1    1    1    1    1    1    1    7   10  0.00000E+00 0.00000 
   77    1    1    1    1    1    1    1    7   11  8.03767E+03 0.00478 
   78    1    1    1    1    1    1    1    8    1  8.79711E+03 0.00449 
   79    1    1    1    1    1    1    1    8    2  0.00000E+00 0.00000 
   80    1    1    1    1    1    1    1    8    3  8.56334E+03 0.00466 
   81    1    1    1    1    1    1    1    8    4  8.46301E+03 0.00463 
   82    1    1    1    1    1    1    1    8    5  0.00000E+00 0.00000 
   83    1    1    1    1    1    1    1    8    6  8.23944E+03 0.00466 
   84    1    1    1    1    1    1    1    8    7  8.02025E+03 0.00477 
   85    1    1    1    1    1    1    1    8    8  0.00000E+00 0.00000 
   86    1    1    1    1    1    1    1    8    9  8.02644E+03 0.00482 
   87    1    1    1    1    1    1    1    8   10  7.92899E+03 0.00470 
   88    1    1    1    1    1    1    1    8   11  0.00000E+00 0.00000 
   89    1    1    1    1    1    1    1    9    1  8.46950E+03 0.00472 
   90    1    1    1    1    1    1    1    9    2  8.42879E+03 0.00471 
   91    1    1    1    1    1    1    1    9    3  0.00000E+00 0.00000 
   92    1    1    1    1    1    1    1    9    4  8.28192E+03 0.00455 
   93    1    1    1    1    1    1    1    9    5  8.02991E+03 0.00467 
   94    1    1    1    1    1    1    1    9    6  0.00000E+00 0.00000 
   95    1    1    1    1    1    1    1    9    7  7.96147E+03 0.00478 
   96    1    1    1    1    1    1    1    9    8  7.91891E+03 0.00469 
   97    1    1    1    1    1    1    1    9    9  0.00000E+00 0.00000 
   98    1    1    1    1    1    1    1    9   10  7.74422E+03 0.00486 
   99    1    1    1    1    1    1    1    9   11  7.75621E+03 0.00482 
  100    1    1    1    1    1    1    1   10    1  0.00000E+00 0.00000 
  101    1    1    1    1    1    1    1   10    2  8.28225E+03 0.00477 
  102    1    1    1    1    1    1    1   10    3  8.04215E+03 0.00473 
  103    1    1    1    1    1    1    1   10    4  0.00000E+00 0.00000 
  104    1    1    1    1    1    1    1   10    5  7.96572E+03 0.00468 
  105    1    1    1    1    1    1    1   10    6  7.91176E+03 0.00479 
  106    1    1    1    1    1    1    1   10    7  0.00000E+00 0.00000 
  107    1    1    1    1    1    1    1   10    8  7.66720E+03 0.00489 
  108    1    1    1    1    1    1    1   10    9  7.72619E+03 0.00486 
  109    1    1    1    1    1    1    1   10   10  0.00000E+00 0.00000 
