
DETassem1 = [
    1    1    1    1    1    1    1    1    1    1  0.00000E+00 0.00000 
    2    1    1    1    1    1    1    1    1    2  0.00000E+00 0.00000 
    3    1    1    1    1    1    1    1    1    3  0.00000E+00 0.00000 
    4    1    1    1    1    1    1    1    1    4  0.00000E+00 0.00000 
    5    1    1    1    1    1    1    1    1    5  0.00000E+00 0.00000 
    6    1    1    1    1    1    1    1    1    6  0.00000E+00 0.00000 
    7    1    1    1    1    1    1    1    1    7  0.00000E+00 0.00000 
    8    1    1    1    1    1    1    1    1    8  1.80943E+04 0.00351 
    9    1    1    1    1    1    1    1    1    9  1.41782E+04 0.00387 
   10    1    1    1    1    1    1    1    1   10  0.00000E+00 0.00000 
   11    1    1    1    1    1    1    1    1   11  1.04541E+04 0.00431 
   12    1    1    1    1    1    1    1    2    1  1.93091E+04 0.00350 
   13    1    1    1    1    1    1    1    2    2  0.00000E+00 0.00000 
   14    1    1    1    1    1    1    1    2    3  0.00000E+00 0.00000 
   15    1    1    1    1    1    1    1    2    4  0.00000E+00 0.00000 
   16    1    1    1    1    1    1    1    2    5  0.00000E+00 0.00000 
   17    1    1    1    1    1    1    1    2    6  1.93996E+04 0.00342 
   18    1    1    1    1    1    1    1    2    7  1.58993E+04 0.00371 
   19    1    1    1    1    1    1    1    2    8  0.00000E+00 0.00000 
   20    1    1    1    1    1    1    1    2    9  1.16129E+04 0.00407 
   21    1    1    1    1    1    1    1    2   10  1.05071E+04 0.00434 
   22    1    1    1    1    1    1    1    2   11  0.00000E+00 0.00000 
   23    1    1    1    1    1    1    1    3    1  1.58337E+04 0.00362 
   24    1    1    1    1    1    1    1    3    2  1.81213E+04 0.00356 
   25    1    1    1    1    1    1    1    3    3  0.00000E+00 0.00000 
   26    1    1    1    1    1    1    1    3    4  1.80154E+04 0.00361 
   27    1    1    1    1    1    1    1    3    5  1.57941E+04 0.00382 
   28    1    1    1    1    1    1    1    3    6  0.00000E+00 0.00000 
   29    1    1    1    1    1    1    1    3    7  1.22975E+04 0.00396 
   30    1    1    1    1    1    1    1    3    8  1.12319E+04 0.00415 
   31    1    1    1    1    1    1    1    3    9  0.00000E+00 0.00000 
   32    1    1    1    1    1    1    1    3   10  9.69939E+03 0.00430 
   33    1    1    1    1    1    1    1    3   11  9.30554E+03 0.00434 
   34    1    1    1    1    1    1    1    4    1  0.00000E+00 0.00000 
   35    1    1    1    1    1    1    1    4    2  1.41622E+04 0.00376 
   36    1    1    1    1    1    1    1    4    3  1.41150E+04 0.00370 
   37    1    1    1    1    1    1    1    4    4  0.00000E+00 0.00000 
   38    1    1    1    1    1    1    1    4    5  1.23855E+04 0.00408 
   39    1    1    1    1    1    1    1    4    6  1.15388E+04 0.00412 
   40    1    1    1    1    1    1    1    4    7  0.00000E+00 0.00000 
   41    1    1    1    1    1    1    1    4    8  9.93448E+03 0.00430 
   42    1    1    1    1    1    1    1    4    9  9.53356E+03 0.00441 
   43    1    1    1    1    1    1    1    4   10  0.00000E+00 0.00000 
   44    1    1    1    1    1    1    1    4   11  9.01245E+03 0.00442 
   45    1    1    1    1    1    1    1    5    1  1.15849E+04 0.00402 
   46    1    1    1    1    1    1    1    5    2  0.00000E+00 0.00000 
   47    1    1    1    1    1    1    1    5    3  1.16213E+04 0.00412 
   48    1    1    1    1    1    1    1    5    4  1.10660E+04 0.00415 
   49    1    1    1    1    1    1    1    5    5  0.00000E+00 0.00000 
   50    1    1    1    1    1    1    1    5    6  1.01556E+04 0.00420 
   51    1    1    1    1    1    1    1    5    7  9.74896E+03 0.00429 
   52    1    1    1    1    1    1    1    5    8  0.00000E+00 0.00000 
   53    1    1    1    1    1    1    1    5    9  9.03855E+03 0.00430 
   54    1    1    1    1    1    1    1    5   10  8.92103E+03 0.00441 
   55    1    1    1    1    1    1    1    5   11  0.00000E+00 0.00000 
   56    1    1    1    1    1    1    1    6    1  1.03839E+04 0.00424 
   57    1    1    1    1    1    1    1    6    2  1.04565E+04 0.00423 
   58    1    1    1    1    1    1    1    6    3  0.00000E+00 0.00000 
   59    1    1    1    1    1    1    1    6    4  1.00125E+04 0.00420 
   60    1    1    1    1    1    1    1    6    5  9.64700E+03 0.00429 
   61    1    1    1    1    1    1    1    6    6  0.00000E+00 0.00000 
   62    1    1    1    1    1    1    1    6    7  9.09428E+03 0.00437 
   63    1    1    1    1    1    1    1    6    8  8.94515E+03 0.00437 
   64    1    1    1    1    1    1    1    6    9  0.00000E+00 0.00000 
   65    1    1    1    1    1    1    1    6   10  8.62384E+03 0.00454 
   66    1    1    1    1    1    1    1    6   11  8.53868E+03 0.00456 
   67    1    1    1    1    1    1    1    7    1  0.00000E+00 0.00000 
   68    1    1    1    1    1    1    1    7    2  9.71327E+03 0.00429 
   69    1    1    1    1    1    1    1    7    3  9.50096E+03 0.00433 
   70    1    1    1    1    1    1    1    7    4  0.00000E+00 0.00000 
   71    1    1    1    1    1    1    1    7    5  9.01062E+03 0.00440 
   72    1    1    1    1    1    1    1    7    6  8.88738E+03 0.00439 
   73    1    1    1    1    1    1    1    7    7  0.00000E+00 0.00000 
   74    1    1    1    1    1    1    1    7    8  8.53389E+03 0.00460 
   75    1    1    1    1    1    1    1    7    9  8.54095E+03 0.00451 
   76    1    1    1    1    1    1    1    7   10  0.00000E+00 0.00000 
   77    1    1    1    1    1    1    1    7   11  8.39933E+03 0.00461 
   78    1    1    1    1    1    1    1    8    1  9.24109E+03 0.00439 
   79    1    1    1    1    1    1    1    8    2  0.00000E+00 0.00000 
   80    1    1    1    1    1    1    1    8    3  9.00746E+03 0.00450 
   81    1    1    1    1    1    1    1    8    4  8.84808E+03 0.00449 
   82    1    1    1    1    1    1    1    8    5  0.00000E+00 0.00000 
   83    1    1    1    1    1    1    1    8    6  8.57305E+03 0.00442 
   84    1    1    1    1    1    1    1    8    7  8.35561E+03 0.00458 
   85    1    1    1    1    1    1    1    8    8  0.00000E+00 0.00000 
   86    1    1    1    1    1    1    1    8    9  8.22940E+03 0.00449 
   87    1    1    1    1    1    1    1    8   10  8.23931E+03 0.00460 
   88    1    1    1    1    1    1    1    8   11  0.00000E+00 0.00000 
   89    1    1    1    1    1    1    1    9    1  8.96700E+03 0.00442 
   90    1    1    1    1    1    1    1    9    2  8.86962E+03 0.00438 
   91    1    1    1    1    1    1    1    9    3  0.00000E+00 0.00000 
   92    1    1    1    1    1    1    1    9    4  8.50368E+03 0.00452 
   93    1    1    1    1    1    1    1    9    5  8.36097E+03 0.00460 
   94    1    1    1    1    1    1    1    9    6  0.00000E+00 0.00000 
   95    1    1    1    1    1    1    1    9    7  8.31534E+03 0.00456 
   96    1    1    1    1    1    1    1    9    8  8.22539E+03 0.00467 
   97    1    1    1    1    1    1    1    9    9  0.00000E+00 0.00000 
   98    1    1    1    1    1    1    1    9   10  7.97959E+03 0.00462 
   99    1    1    1    1    1    1    1    9   11  7.97676E+03 0.00463 
  100    1    1    1    1    1    1    1   10    1  0.00000E+00 0.00000 
  101    1    1    1    1    1    1    1   10    2  8.62986E+03 0.00448 
  102    1    1    1    1    1    1    1   10    3  8.57155E+03 0.00445 
  103    1    1    1    1    1    1    1   10    4  0.00000E+00 0.00000 
  104    1    1    1    1    1    1    1   10    5  8.33282E+03 0.00449 
  105    1    1    1    1    1    1    1   10    6  8.26537E+03 0.00464 
  106    1    1    1    1    1    1    1   10    7  0.00000E+00 0.00000 
  107    1    1    1    1    1    1    1   10    8  7.97534E+03 0.00471 
  108    1    1    1    1    1    1    1   10    9  7.94949E+03 0.00468 
  109    1    1    1    1    1    1    1   10   10  0.00000E+00 0.00000 
