
ZAI = [
922350
922380
666
0
];

NAMES = [
'U235            '
'U238            '
'lost            '
'total           '
];

i922350 = 1; iU235             = 1;
i922380 = 2; iU238             = 2;
iLOST    = 3;
iTOT     = 4;

MAT_un_VOLUME = [ 2.67560E+05 2.67560E+05 ];

MAT_un_BURNUP = [ 0.00000E+00 4.28417E+01 ];

MAT_un_ADENS = [
4.83387E-03 3.51061E-03 % U235
1.93936E-02 1.88544E-02 % U238
0.00000E+00 3.49213E-30 % lost data
7.26897E-02 7.37997E-02 % total
];

MAT_un_MDENS = [
1.88669E+00 1.37021E+00 % U235
7.66628E+00 7.45313E+00 % U238
0.00000E+00 0.00000E+00 % lost data
1.08000E+01 1.07986E+01 % total
];

MAT_un_A = [
4.03636E+10 2.93142E+10 % U235
2.55094E+10 2.48001E+10 % U238
0.00000E+00 0.00000E+00 % lost data
6.58729E+10 3.28307E+18 % total
];

MAT_un_H = [
3.02582E-02 2.19751E-02 % U235
1.74520E-02 1.69668E-02 % U238
0.00000E+00 0.00000E+00 % lost data
4.77102E-02 9.64621E+05 % total
];

MAT_un_SF = [
2.90618E+00 2.11062E+00 % U235
1.39281E+04 1.35409E+04 % U238
0.00000E+00 0.00000E+00 % lost data
1.39310E+04 1.03408E+08 % total
];

MAT_un_GSRC = [
5.09997E+10 3.70387E+10 % U235
2.25895E+09 2.19614E+09 % U238
0.00000E+00 0.00000E+00 % lost data
5.32586E+10 3.52941E+18 % total
];

MAT_un_ING_TOX = [
1.89709E+03 1.37777E+03 % U235
1.14792E+03 1.11601E+03 % U238
0.00000E+00 0.00000E+00 % lost data
3.04501E+03 2.23498E+09 % total
];

MAT_un_INH_TOX = [
3.43090E+05 2.49171E+05 % U235
2.04075E+05 1.98401E+05 % U238
0.00000E+00 0.00000E+00 % lost data
5.47165E+05 8.01205E+10 % total
];

TOT_VOLUME = [ 2.67560E+05 2.67560E+05 ];

TOT_BURNUP = [ 0.00000E+00 4.28417E+01 ];

TOT_ADENS = [
4.83387E-03 3.51061E-03 % U235
1.93936E-02 1.88544E-02 % U238
0.00000E+00 3.49213E-30 % lost data
7.26897E-02 7.37997E-02 % total
];

TOT_MASS = [
5.04803E+05 3.66615E+05 % U235
2.05119E+06 1.99416E+06 % U238
0.00000E+00 0.00000E+00 % lost data
2.88965E+06 2.88928E+06 % total
];

TOT_A = [
4.03636E+10 2.93142E+10 % U235
2.55094E+10 2.48001E+10 % U238
0.00000E+00 0.00000E+00 % lost data
6.58729E+10 3.28307E+18 % total
];

TOT_H = [
3.02582E-02 2.19751E-02 % U235
1.74520E-02 1.69668E-02 % U238
0.00000E+00 0.00000E+00 % lost data
4.77102E-02 9.64621E+05 % total
];

TOT_SF = [
2.90618E+00 2.11062E+00 % U235
1.39281E+04 1.35409E+04 % U238
0.00000E+00 0.00000E+00 % lost data
1.39310E+04 1.03408E+08 % total
];

TOT_GSRC = [
5.09997E+10 3.70387E+10 % U235
2.25895E+09 2.19614E+09 % U238
0.00000E+00 0.00000E+00 % lost data
5.32586E+10 3.52941E+18 % total
];

TOT_ING_TOX = [
1.89709E+03 1.37777E+03 % U235
1.14792E+03 1.11601E+03 % U238
0.00000E+00 0.00000E+00 % lost data
3.04501E+03 2.23498E+09 % total
];

TOT_INH_TOX = [
3.43090E+05 2.49171E+05 % U235
2.04075E+05 1.98401E+05 % U238
0.00000E+00 0.00000E+00 % lost data
5.47165E+05 8.01205E+10 % total
];

BU = [ 0.00000E+00 4.28404E+01 ];

DAYS = [ 0.00000E+00 7.30000E+03 ];
