
DETassem1 = [
    1    1    1    1    1    1    1    1    1    1  0.00000E+00 0.00000 
    2    1    1    1    1    1    1    1    1    2  0.00000E+00 0.00000 
    3    1    1    1    1    1    1    1    1    3  0.00000E+00 0.00000 
    4    1    1    1    1    1    1    1    1    4  0.00000E+00 0.00000 
    5    1    1    1    1    1    1    1    1    5  0.00000E+00 0.00000 
    6    1    1    1    1    1    1    1    1    6  0.00000E+00 0.00000 
    7    1    1    1    1    1    1    1    1    7  0.00000E+00 0.00000 
    8    1    1    1    1    1    1    1    1    8  1.81940E+04 0.00369 
    9    1    1    1    1    1    1    1    1    9  1.39581E+04 0.00407 
   10    1    1    1    1    1    1    1    1   10  0.00000E+00 0.00000 
   11    1    1    1    1    1    1    1    1   11  9.91742E+03 0.00444 
   12    1    1    1    1    1    1    1    2    1  1.97150E+04 0.00358 
   13    1    1    1    1    1    1    1    2    2  0.00000E+00 0.00000 
   14    1    1    1    1    1    1    1    2    3  0.00000E+00 0.00000 
   15    1    1    1    1    1    1    1    2    4  0.00000E+00 0.00000 
   16    1    1    1    1    1    1    1    2    5  0.00000E+00 0.00000 
   17    1    1    1    1    1    1    1    2    6  1.96113E+04 0.00363 
   18    1    1    1    1    1    1    1    2    7  1.57898E+04 0.00384 
   19    1    1    1    1    1    1    1    2    8  0.00000E+00 0.00000 
   20    1    1    1    1    1    1    1    2    9  1.12304E+04 0.00434 
   21    1    1    1    1    1    1    1    2   10  1.00373E+04 0.00449 
   22    1    1    1    1    1    1    1    2   11  0.00000E+00 0.00000 
   23    1    1    1    1    1    1    1    3    1  1.57619E+04 0.00393 
   24    1    1    1    1    1    1    1    3    2  1.83102E+04 0.00368 
   25    1    1    1    1    1    1    1    3    3  0.00000E+00 0.00000 
   26    1    1    1    1    1    1    1    3    4  1.82405E+04 0.00368 
   27    1    1    1    1    1    1    1    3    5  1.57660E+04 0.00386 
   28    1    1    1    1    1    1    1    3    6  0.00000E+00 0.00000 
   29    1    1    1    1    1    1    1    3    7  1.19943E+04 0.00413 
   30    1    1    1    1    1    1    1    3    8  1.06796E+04 0.00428 
   31    1    1    1    1    1    1    1    3    9  0.00000E+00 0.00000 
   32    1    1    1    1    1    1    1    3   10  9.07980E+03 0.00448 
   33    1    1    1    1    1    1    1    3   11  8.85456E+03 0.00450 
   34    1    1    1    1    1    1    1    4    1  0.00000E+00 0.00000 
   35    1    1    1    1    1    1    1    4    2  1.40275E+04 0.00402 
   36    1    1    1    1    1    1    1    4    3  1.38066E+04 0.00398 
   37    1    1    1    1    1    1    1    4    4  0.00000E+00 0.00000 
   38    1    1    1    1    1    1    1    4    5  1.20648E+04 0.00421 
   39    1    1    1    1    1    1    1    4    6  1.10279E+04 0.00432 
   40    1    1    1    1    1    1    1    4    7  0.00000E+00 0.00000 
   41    1    1    1    1    1    1    1    4    8  9.45601E+03 0.00454 
   42    1    1    1    1    1    1    1    4    9  9.05435E+03 0.00452 
   43    1    1    1    1    1    1    1    4   10  0.00000E+00 0.00000 
   44    1    1    1    1    1    1    1    4   11  8.56702E+03 0.00458 
   45    1    1    1    1    1    1    1    5    1  1.11574E+04 0.00427 
   46    1    1    1    1    1    1    1    5    2  0.00000E+00 0.00000 
   47    1    1    1    1    1    1    1    5    3  1.11964E+04 0.00426 
   48    1    1    1    1    1    1    1    5    4  1.07302E+04 0.00418 
   49    1    1    1    1    1    1    1    5    5  0.00000E+00 0.00000 
   50    1    1    1    1    1    1    1    5    6  9.57109E+03 0.00439 
   51    1    1    1    1    1    1    1    5    7  9.20369E+03 0.00455 
   52    1    1    1    1    1    1    1    5    8  0.00000E+00 0.00000 
   53    1    1    1    1    1    1    1    5    9  8.63407E+03 0.00463 
   54    1    1    1    1    1    1    1    5   10  8.52380E+03 0.00467 
   55    1    1    1    1    1    1    1    5   11  0.00000E+00 0.00000 
   56    1    1    1    1    1    1    1    6    1  9.94018E+03 0.00446 
   57    1    1    1    1    1    1    1    6    2  1.00006E+04 0.00438 
   58    1    1    1    1    1    1    1    6    3  0.00000E+00 0.00000 
   59    1    1    1    1    1    1    1    6    4  9.54118E+03 0.00448 
   60    1    1    1    1    1    1    1    6    5  9.21499E+03 0.00450 
   61    1    1    1    1    1    1    1    6    6  0.00000E+00 0.00000 
   62    1    1    1    1    1    1    1    6    7  8.70699E+03 0.00464 
   63    1    1    1    1    1    1    1    6    8  8.43760E+03 0.00470 
   64    1    1    1    1    1    1    1    6    9  0.00000E+00 0.00000 
   65    1    1    1    1    1    1    1    6   10  8.30897E+03 0.00468 
   66    1    1    1    1    1    1    1    6   11  8.14509E+03 0.00464 
   67    1    1    1    1    1    1    1    7    1  0.00000E+00 0.00000 
   68    1    1    1    1    1    1    1    7    2  9.16947E+03 0.00455 
   69    1    1    1    1    1    1    1    7    3  9.01053E+03 0.00456 
   70    1    1    1    1    1    1    1    7    4  0.00000E+00 0.00000 
   71    1    1    1    1    1    1    1    7    5  8.66241E+03 0.00458 
   72    1    1    1    1    1    1    1    7    6  8.51854E+03 0.00462 
   73    1    1    1    1    1    1    1    7    7  0.00000E+00 0.00000 
   74    1    1    1    1    1    1    1    7    8  8.25309E+03 0.00472 
   75    1    1    1    1    1    1    1    7    9  8.21782E+03 0.00468 
   76    1    1    1    1    1    1    1    7   10  0.00000E+00 0.00000 
   77    1    1    1    1    1    1    1    7   11  8.04069E+03 0.00478 
   78    1    1    1    1    1    1    1    8    1  8.82611E+03 0.00456 
   79    1    1    1    1    1    1    1    8    2  0.00000E+00 0.00000 
   80    1    1    1    1    1    1    1    8    3  8.58328E+03 0.00454 
   81    1    1    1    1    1    1    1    8    4  8.48377E+03 0.00466 
   82    1    1    1    1    1    1    1    8    5  0.00000E+00 0.00000 
   83    1    1    1    1    1    1    1    8    6  8.22962E+03 0.00473 
   84    1    1    1    1    1    1    1    8    7  8.14044E+03 0.00467 
   85    1    1    1    1    1    1    1    8    8  0.00000E+00 0.00000 
   86    1    1    1    1    1    1    1    8    9  8.12690E+03 0.00477 
   87    1    1    1    1    1    1    1    8   10  8.01276E+03 0.00485 
   88    1    1    1    1    1    1    1    8   11  0.00000E+00 0.00000 
   89    1    1    1    1    1    1    1    9    1  8.57884E+03 0.00456 
   90    1    1    1    1    1    1    1    9    2  8.38912E+03 0.00470 
   91    1    1    1    1    1    1    1    9    3  0.00000E+00 0.00000 
   92    1    1    1    1    1    1    1    9    4  8.22688E+03 0.00464 
   93    1    1    1    1    1    1    1    9    5  8.18227E+03 0.00467 
   94    1    1    1    1    1    1    1    9    6  0.00000E+00 0.00000 
   95    1    1    1    1    1    1    1    9    7  7.97664E+03 0.00469 
   96    1    1    1    1    1    1    1    9    8  7.99953E+03 0.00488 
   97    1    1    1    1    1    1    1    9    9  0.00000E+00 0.00000 
   98    1    1    1    1    1    1    1    9   10  7.83081E+03 0.00476 
   99    1    1    1    1    1    1    1    9   11  7.70608E+03 0.00487 
  100    1    1    1    1    1    1    1   10    1  0.00000E+00 0.00000 
  101    1    1    1    1    1    1    1   10    2  8.24645E+03 0.00473 
  102    1    1    1    1    1    1    1   10    3  8.23517E+03 0.00471 
  103    1    1    1    1    1    1    1   10    4  0.00000E+00 0.00000 
  104    1    1    1    1    1    1    1   10    5  7.99672E+03 0.00471 
  105    1    1    1    1    1    1    1   10    6  7.92611E+03 0.00484 
  106    1    1    1    1    1    1    1   10    7  0.00000E+00 0.00000 
  107    1    1    1    1    1    1    1   10    8  7.72854E+03 0.00478 
  108    1    1    1    1    1    1    1   10    9  7.65548E+03 0.00497 
  109    1    1    1    1    1    1    1   10   10  0.00000E+00 0.00000 
