
DETassem1 = [
    1    1    1    1    1    1    1    1    1    1  0.00000E+00 0.00000 
    2    1    1    1    1    1    1    1    1    2  0.00000E+00 0.00000 
    3    1    1    1    1    1    1    1    1    3  0.00000E+00 0.00000 
    4    1    1    1    1    1    1    1    1    4  0.00000E+00 0.00000 
    5    1    1    1    1    1    1    1    1    5  0.00000E+00 0.00000 
    6    1    1    1    1    1    1    1    1    6  0.00000E+00 0.00000 
    7    1    1    1    1    1    1    1    1    7  0.00000E+00 0.00000 
    8    1    1    1    1    1    1    1    1    8  1.76735E+04 0.00363 
    9    1    1    1    1    1    1    1    1    9  1.39059E+04 0.00391 
   10    1    1    1    1    1    1    1    1   10  0.00000E+00 0.00000 
   11    1    1    1    1    1    1    1    1   11  1.02317E+04 0.00426 
   12    1    1    1    1    1    1    1    2    1  1.89098E+04 0.00343 
   13    1    1    1    1    1    1    1    2    2  0.00000E+00 0.00000 
   14    1    1    1    1    1    1    1    2    3  0.00000E+00 0.00000 
   15    1    1    1    1    1    1    1    2    4  0.00000E+00 0.00000 
   16    1    1    1    1    1    1    1    2    5  0.00000E+00 0.00000 
   17    1    1    1    1    1    1    1    2    6  1.89363E+04 0.00349 
   18    1    1    1    1    1    1    1    2    7  1.53756E+04 0.00377 
   19    1    1    1    1    1    1    1    2    8  0.00000E+00 0.00000 
   20    1    1    1    1    1    1    1    2    9  1.13222E+04 0.00418 
   21    1    1    1    1    1    1    1    2   10  1.03574E+04 0.00416 
   22    1    1    1    1    1    1    1    2   11  0.00000E+00 0.00000 
   23    1    1    1    1    1    1    1    3    1  1.53245E+04 0.00374 
   24    1    1    1    1    1    1    1    3    2  1.78072E+04 0.00353 
   25    1    1    1    1    1    1    1    3    3  0.00000E+00 0.00000 
   26    1    1    1    1    1    1    1    3    4  1.76588E+04 0.00347 
   27    1    1    1    1    1    1    1    3    5  1.53766E+04 0.00369 
   28    1    1    1    1    1    1    1    3    6  0.00000E+00 0.00000 
   29    1    1    1    1    1    1    1    3    7  1.20001E+04 0.00416 
   30    1    1    1    1    1    1    1    3    8  1.10560E+04 0.00411 
   31    1    1    1    1    1    1    1    3    9  0.00000E+00 0.00000 
   32    1    1    1    1    1    1    1    3   10  9.59257E+03 0.00435 
   33    1    1    1    1    1    1    1    3   11  9.16083E+03 0.00435 
   34    1    1    1    1    1    1    1    4    1  0.00000E+00 0.00000 
   35    1    1    1    1    1    1    1    4    2  1.38550E+04 0.00397 
   36    1    1    1    1    1    1    1    4    3  1.38960E+04 0.00387 
   37    1    1    1    1    1    1    1    4    4  0.00000E+00 0.00000 
   38    1    1    1    1    1    1    1    4    5  1.21634E+04 0.00399 
   39    1    1    1    1    1    1    1    4    6  1.12882E+04 0.00420 
   40    1    1    1    1    1    1    1    4    7  0.00000E+00 0.00000 
   41    1    1    1    1    1    1    1    4    8  9.79584E+03 0.00430 
   42    1    1    1    1    1    1    1    4    9  9.45403E+03 0.00436 
   43    1    1    1    1    1    1    1    4   10  0.00000E+00 0.00000 
   44    1    1    1    1    1    1    1    4   11  8.81177E+03 0.00441 
   45    1    1    1    1    1    1    1    5    1  1.13956E+04 0.00407 
   46    1    1    1    1    1    1    1    5    2  0.00000E+00 0.00000 
   47    1    1    1    1    1    1    1    5    3  1.13584E+04 0.00406 
   48    1    1    1    1    1    1    1    5    4  1.09699E+04 0.00416 
   49    1    1    1    1    1    1    1    5    5  0.00000E+00 0.00000 
   50    1    1    1    1    1    1    1    5    6  9.97960E+03 0.00423 
   51    1    1    1    1    1    1    1    5    7  9.54656E+03 0.00431 
   52    1    1    1    1    1    1    1    5    8  0.00000E+00 0.00000 
   53    1    1    1    1    1    1    1    5    9  8.95500E+03 0.00443 
   54    1    1    1    1    1    1    1    5   10  8.75411E+03 0.00444 
   55    1    1    1    1    1    1    1    5   11  0.00000E+00 0.00000 
   56    1    1    1    1    1    1    1    6    1  1.03787E+04 0.00428 
   57    1    1    1    1    1    1    1    6    2  1.03294E+04 0.00431 
   58    1    1    1    1    1    1    1    6    3  0.00000E+00 0.00000 
   59    1    1    1    1    1    1    1    6    4  9.84078E+03 0.00424 
   60    1    1    1    1    1    1    1    6    5  9.54892E+03 0.00435 
   61    1    1    1    1    1    1    1    6    6  0.00000E+00 0.00000 
   62    1    1    1    1    1    1    1    6    7  9.01109E+03 0.00439 
   63    1    1    1    1    1    1    1    6    8  8.75736E+03 0.00448 
   64    1    1    1    1    1    1    1    6    9  0.00000E+00 0.00000 
   65    1    1    1    1    1    1    1    6   10  8.59817E+03 0.00448 
   66    1    1    1    1    1    1    1    6   11  8.44216E+03 0.00454 
   67    1    1    1    1    1    1    1    7    1  0.00000E+00 0.00000 
   68    1    1    1    1    1    1    1    7    2  9.50596E+03 0.00432 
   69    1    1    1    1    1    1    1    7    3  9.40889E+03 0.00439 
   70    1    1    1    1    1    1    1    7    4  0.00000E+00 0.00000 
   71    1    1    1    1    1    1    1    7    5  9.02250E+03 0.00443 
   72    1    1    1    1    1    1    1    7    6  8.78305E+03 0.00443 
   73    1    1    1    1    1    1    1    7    7  0.00000E+00 0.00000 
   74    1    1    1    1    1    1    1    7    8  8.49460E+03 0.00447 
   75    1    1    1    1    1    1    1    7    9  8.41633E+03 0.00453 
   76    1    1    1    1    1    1    1    7   10  0.00000E+00 0.00000 
   77    1    1    1    1    1    1    1    7   11  8.29489E+03 0.00458 
   78    1    1    1    1    1    1    1    8    1  9.13666E+03 0.00445 
   79    1    1    1    1    1    1    1    8    2  0.00000E+00 0.00000 
   80    1    1    1    1    1    1    1    8    3  8.96310E+03 0.00445 
   81    1    1    1    1    1    1    1    8    4  8.82966E+03 0.00439 
   82    1    1    1    1    1    1    1    8    5  0.00000E+00 0.00000 
   83    1    1    1    1    1    1    1    8    6  8.51652E+03 0.00449 
   84    1    1    1    1    1    1    1    8    7  8.39169E+03 0.00448 
   85    1    1    1    1    1    1    1    8    8  0.00000E+00 0.00000 
   86    1    1    1    1    1    1    1    8    9  8.26652E+03 0.00460 
   87    1    1    1    1    1    1    1    8   10  8.28687E+03 0.00460 
   88    1    1    1    1    1    1    1    8   11  0.00000E+00 0.00000 
   89    1    1    1    1    1    1    1    9    1  8.90697E+03 0.00441 
   90    1    1    1    1    1    1    1    9    2  8.85924E+03 0.00446 
   91    1    1    1    1    1    1    1    9    3  0.00000E+00 0.00000 
   92    1    1    1    1    1    1    1    9    4  8.46825E+03 0.00452 
   93    1    1    1    1    1    1    1    9    5  8.37369E+03 0.00454 
   94    1    1    1    1    1    1    1    9    6  0.00000E+00 0.00000 
   95    1    1    1    1    1    1    1    9    7  8.16615E+03 0.00455 
   96    1    1    1    1    1    1    1    9    8  8.12557E+03 0.00450 
   97    1    1    1    1    1    1    1    9    9  0.00000E+00 0.00000 
   98    1    1    1    1    1    1    1    9   10  8.05955E+03 0.00470 
   99    1    1    1    1    1    1    1    9   11  7.89851E+03 0.00475 
  100    1    1    1    1    1    1    1   10    1  0.00000E+00 0.00000 
  101    1    1    1    1    1    1    1   10    2  8.54364E+03 0.00454 
  102    1    1    1    1    1    1    1   10    3  8.45377E+03 0.00457 
  103    1    1    1    1    1    1    1   10    4  0.00000E+00 0.00000 
  104    1    1    1    1    1    1    1   10    5  8.16225E+03 0.00462 
  105    1    1    1    1    1    1    1   10    6  8.11174E+03 0.00461 
  106    1    1    1    1    1    1    1   10    7  0.00000E+00 0.00000 
  107    1    1    1    1    1    1    1   10    8  7.98155E+03 0.00468 
  108    1    1    1    1    1    1    1   10    9  7.92200E+03 0.00468 
  109    1    1    1    1    1    1    1   10   10  0.00000E+00 0.00000 
