
DETassem1 = [
    1    1    1    1    1    1    1    1    1    1  0.00000E+00 0.00000 
    2    1    1    1    1    1    1    1    1    2  0.00000E+00 0.00000 
    3    1    1    1    1    1    1    1    1    3  0.00000E+00 0.00000 
    4    1    1    1    1    1    1    1    1    4  0.00000E+00 0.00000 
    5    1    1    1    1    1    1    1    1    5  0.00000E+00 0.00000 
    6    1    1    1    1    1    1    1    1    6  0.00000E+00 0.00000 
    7    1    1    1    1    1    1    1    1    7  0.00000E+00 0.00000 
    8    1    1    1    1    1    1    1    1    8  1.83389E+04 0.00364 
    9    1    1    1    1    1    1    1    1    9  1.40531E+04 0.00404 
   10    1    1    1    1    1    1    1    1   10  0.00000E+00 0.00000 
   11    1    1    1    1    1    1    1    1   11  1.00070E+04 0.00438 
   12    1    1    1    1    1    1    1    2    1  2.00242E+04 0.00353 
   13    1    1    1    1    1    1    1    2    2  0.00000E+00 0.00000 
   14    1    1    1    1    1    1    1    2    3  0.00000E+00 0.00000 
   15    1    1    1    1    1    1    1    2    4  0.00000E+00 0.00000 
   16    1    1    1    1    1    1    1    2    5  0.00000E+00 0.00000 
   17    1    1    1    1    1    1    1    2    6  1.98006E+04 0.00355 
   18    1    1    1    1    1    1    1    2    7  1.59384E+04 0.00378 
   19    1    1    1    1    1    1    1    2    8  0.00000E+00 0.00000 
   20    1    1    1    1    1    1    1    2    9  1.13560E+04 0.00423 
   21    1    1    1    1    1    1    1    2   10  1.01594E+04 0.00442 
   22    1    1    1    1    1    1    1    2   11  0.00000E+00 0.00000 
   23    1    1    1    1    1    1    1    3    1  1.59896E+04 0.00375 
   24    1    1    1    1    1    1    1    3    2  1.84523E+04 0.00361 
   25    1    1    1    1    1    1    1    3    3  0.00000E+00 0.00000 
   26    1    1    1    1    1    1    1    3    4  1.83728E+04 0.00357 
   27    1    1    1    1    1    1    1    3    5  1.58585E+04 0.00382 
   28    1    1    1    1    1    1    1    3    6  0.00000E+00 0.00000 
   29    1    1    1    1    1    1    1    3    7  1.20631E+04 0.00421 
   30    1    1    1    1    1    1    1    3    8  1.07150E+04 0.00445 
   31    1    1    1    1    1    1    1    3    9  0.00000E+00 0.00000 
   32    1    1    1    1    1    1    1    3   10  9.34018E+03 0.00449 
   33    1    1    1    1    1    1    1    3   11  8.89452E+03 0.00458 
   34    1    1    1    1    1    1    1    4    1  0.00000E+00 0.00000 
   35    1    1    1    1    1    1    1    4    2  1.40417E+04 0.00406 
   36    1    1    1    1    1    1    1    4    3  1.39305E+04 0.00398 
   37    1    1    1    1    1    1    1    4    4  0.00000E+00 0.00000 
   38    1    1    1    1    1    1    1    4    5  1.21562E+04 0.00423 
   39    1    1    1    1    1    1    1    4    6  1.11349E+04 0.00427 
   40    1    1    1    1    1    1    1    4    7  0.00000E+00 0.00000 
   41    1    1    1    1    1    1    1    4    8  9.59430E+03 0.00450 
   42    1    1    1    1    1    1    1    4    9  9.16111E+03 0.00451 
   43    1    1    1    1    1    1    1    4   10  0.00000E+00 0.00000 
   44    1    1    1    1    1    1    1    4   11  8.69463E+03 0.00459 
   45    1    1    1    1    1    1    1    5    1  1.13039E+04 0.00426 
   46    1    1    1    1    1    1    1    5    2  0.00000E+00 0.00000 
   47    1    1    1    1    1    1    1    5    3  1.13311E+04 0.00423 
   48    1    1    1    1    1    1    1    5    4  1.08767E+04 0.00424 
   49    1    1    1    1    1    1    1    5    5  0.00000E+00 0.00000 
   50    1    1    1    1    1    1    1    5    6  9.81803E+03 0.00441 
   51    1    1    1    1    1    1    1    5    7  9.38036E+03 0.00447 
   52    1    1    1    1    1    1    1    5    8  0.00000E+00 0.00000 
   53    1    1    1    1    1    1    1    5    9  8.67816E+03 0.00461 
   54    1    1    1    1    1    1    1    5   10  8.55789E+03 0.00460 
   55    1    1    1    1    1    1    1    5   11  0.00000E+00 0.00000 
   56    1    1    1    1    1    1    1    6    1  1.01376E+04 0.00439 
   57    1    1    1    1    1    1    1    6    2  1.00980E+04 0.00452 
   58    1    1    1    1    1    1    1    6    3  0.00000E+00 0.00000 
   59    1    1    1    1    1    1    1    6    4  9.61374E+03 0.00436 
   60    1    1    1    1    1    1    1    6    5  9.39217E+03 0.00451 
   61    1    1    1    1    1    1    1    6    6  0.00000E+00 0.00000 
   62    1    1    1    1    1    1    1    6    7  8.74432E+03 0.00460 
   63    1    1    1    1    1    1    1    6    8  8.53770E+03 0.00462 
   64    1    1    1    1    1    1    1    6    9  0.00000E+00 0.00000 
   65    1    1    1    1    1    1    1    6   10  8.32126E+03 0.00469 
   66    1    1    1    1    1    1    1    6   11  8.23936E+03 0.00465 
   67    1    1    1    1    1    1    1    7    1  0.00000E+00 0.00000 
   68    1    1    1    1    1    1    1    7    2  9.34247E+03 0.00453 
   69    1    1    1    1    1    1    1    7    3  9.19261E+03 0.00454 
   70    1    1    1    1    1    1    1    7    4  0.00000E+00 0.00000 
   71    1    1    1    1    1    1    1    7    5  8.74099E+03 0.00455 
   72    1    1    1    1    1    1    1    7    6  8.57827E+03 0.00468 
   73    1    1    1    1    1    1    1    7    7  0.00000E+00 0.00000 
   74    1    1    1    1    1    1    1    7    8  8.14400E+03 0.00463 
   75    1    1    1    1    1    1    1    7    9  8.16713E+03 0.00468 
   76    1    1    1    1    1    1    1    7   10  0.00000E+00 0.00000 
   77    1    1    1    1    1    1    1    7   11  8.11057E+03 0.00481 
   78    1    1    1    1    1    1    1    8    1  8.93260E+03 0.00463 
   79    1    1    1    1    1    1    1    8    2  0.00000E+00 0.00000 
   80    1    1    1    1    1    1    1    8    3  8.69361E+03 0.00459 
   81    1    1    1    1    1    1    1    8    4  8.59628E+03 0.00463 
   82    1    1    1    1    1    1    1    8    5  0.00000E+00 0.00000 
   83    1    1    1    1    1    1    1    8    6  8.30441E+03 0.00475 
   84    1    1    1    1    1    1    1    8    7  8.04627E+03 0.00470 
   85    1    1    1    1    1    1    1    8    8  0.00000E+00 0.00000 
   86    1    1    1    1    1    1    1    8    9  7.97216E+03 0.00472 
   87    1    1    1    1    1    1    1    8   10  7.97219E+03 0.00474 
   88    1    1    1    1    1    1    1    8   11  0.00000E+00 0.00000 
   89    1    1    1    1    1    1    1    9    1  8.64667E+03 0.00461 
   90    1    1    1    1    1    1    1    9    2  8.63786E+03 0.00463 
   91    1    1    1    1    1    1    1    9    3  0.00000E+00 0.00000 
   92    1    1    1    1    1    1    1    9    4  8.21196E+03 0.00470 
   93    1    1    1    1    1    1    1    9    5  8.16335E+03 0.00468 
   94    1    1    1    1    1    1    1    9    6  0.00000E+00 0.00000 
   95    1    1    1    1    1    1    1    9    7  8.03276E+03 0.00468 
   96    1    1    1    1    1    1    1    9    8  7.91336E+03 0.00473 
   97    1    1    1    1    1    1    1    9    9  0.00000E+00 0.00000 
   98    1    1    1    1    1    1    1    9   10  7.76274E+03 0.00487 
   99    1    1    1    1    1    1    1    9   11  7.72197E+03 0.00487 
  100    1    1    1    1    1    1    1   10    1  0.00000E+00 0.00000 
  101    1    1    1    1    1    1    1   10    2  8.38983E+03 0.00470 
  102    1    1    1    1    1    1    1   10    3  8.22417E+03 0.00476 
  103    1    1    1    1    1    1    1   10    4  0.00000E+00 0.00000 
  104    1    1    1    1    1    1    1   10    5  8.06373E+03 0.00477 
  105    1    1    1    1    1    1    1   10    6  7.94035E+03 0.00478 
  106    1    1    1    1    1    1    1   10    7  0.00000E+00 0.00000 
  107    1    1    1    1    1    1    1   10    8  7.77023E+03 0.00479 
  108    1    1    1    1    1    1    1   10    9  7.64029E+03 0.00492 
  109    1    1    1    1    1    1    1   10   10  0.00000E+00 0.00000 
