
ZAI = [
922350
922380
666
0
];

NAMES = [
'U235            '
'U238            '
'lost            '
'total           '
];

i922350 = 1; iU235             = 1;
i922380 = 2; iU238             = 2;
iLOST    = 3;
iTOT     = 4;

MAT_un_VOLUME = [ 2.66968E+05 2.66968E+05 ];

MAT_un_BURNUP = [ 0.00000E+00 4.29368E+01 ];

MAT_un_ADENS = [
4.83387E-03 3.50784E-03 % U235
1.93936E-02 1.88530E-02 % U238
0.00000E+00 3.80496E-30 % lost data
7.26897E-02 7.38023E-02 % total
];

MAT_un_MDENS = [
1.88669E+00 1.36913E+00 % U235
7.66628E+00 7.45256E+00 % U238
0.00000E+00 0.00000E+00 % lost data
1.08000E+01 1.07986E+01 % total
];

MAT_un_A = [
4.02742E+10 2.92261E+10 % U235
2.54529E+10 2.47433E+10 % U238
0.00000E+00 0.00000E+00 % lost data
6.57271E+10 3.28364E+18 % total
];

MAT_un_H = [
3.01912E-02 2.19091E-02 % U235
1.74134E-02 1.69279E-02 % U238
0.00000E+00 0.00000E+00 % lost data
4.76045E-02 9.64658E+05 % total
];

MAT_un_SF = [
2.89974E+00 2.10428E+00 % U235
1.38973E+04 1.35098E+04 % U238
0.00000E+00 0.00000E+00 % lost data
1.39002E+04 1.04121E+08 % total
];

MAT_un_GSRC = [
5.08867E+10 3.69274E+10 % U235
2.25394E+09 2.19111E+09 % U238
0.00000E+00 0.00000E+00 % lost data
5.31407E+10 3.53003E+18 % total
];

MAT_un_ING_TOX = [
1.89289E+03 1.37363E+03 % U235
1.14538E+03 1.11345E+03 % U238
0.00000E+00 0.00000E+00 % lost data
3.03827E+03 2.23622E+09 % total
];

MAT_un_INH_TOX = [
3.42331E+05 2.48422E+05 % U235
2.03623E+05 1.97946E+05 % U238
0.00000E+00 0.00000E+00 % lost data
5.45954E+05 8.04363E+10 % total
];

TOT_VOLUME = [ 2.66968E+05 2.66968E+05 ];

TOT_BURNUP = [ 0.00000E+00 4.29368E+01 ];

TOT_ADENS = [
4.83387E-03 3.50784E-03 % U235
1.93936E-02 1.88530E-02 % U238
0.00000E+00 3.80496E-30 % lost data
7.26897E-02 7.38023E-02 % total
];

TOT_MASS = [
5.03686E+05 3.65514E+05 % U235
2.04665E+06 1.98960E+06 % U238
0.00000E+00 0.00000E+00 % lost data
2.88325E+06 2.88288E+06 % total
];

TOT_A = [
4.02742E+10 2.92261E+10 % U235
2.54529E+10 2.47433E+10 % U238
0.00000E+00 0.00000E+00 % lost data
6.57271E+10 3.28364E+18 % total
];

TOT_H = [
3.01912E-02 2.19091E-02 % U235
1.74134E-02 1.69279E-02 % U238
0.00000E+00 0.00000E+00 % lost data
4.76045E-02 9.64658E+05 % total
];

TOT_SF = [
2.89974E+00 2.10428E+00 % U235
1.38973E+04 1.35098E+04 % U238
0.00000E+00 0.00000E+00 % lost data
1.39002E+04 1.04121E+08 % total
];

TOT_GSRC = [
5.08867E+10 3.69274E+10 % U235
2.25394E+09 2.19111E+09 % U238
0.00000E+00 0.00000E+00 % lost data
5.31407E+10 3.53003E+18 % total
];

TOT_ING_TOX = [
1.89289E+03 1.37363E+03 % U235
1.14538E+03 1.11345E+03 % U238
0.00000E+00 0.00000E+00 % lost data
3.03827E+03 2.23622E+09 % total
];

TOT_INH_TOX = [
3.42331E+05 2.48422E+05 % U235
2.03623E+05 1.97946E+05 % U238
0.00000E+00 0.00000E+00 % lost data
5.45954E+05 8.04363E+10 % total
];

BU = [ 0.00000E+00 4.29355E+01 ];

DAYS = [ 0.00000E+00 7.30000E+03 ];
