
DETassem1 = [
    1    1    1    1    1    1    1    1    1    1  0.00000E+00 0.00000 
    2    1    1    1    1    1    1    1    1    2  0.00000E+00 0.00000 
    3    1    1    1    1    1    1    1    1    3  0.00000E+00 0.00000 
    4    1    1    1    1    1    1    1    1    4  0.00000E+00 0.00000 
    5    1    1    1    1    1    1    1    1    5  0.00000E+00 0.00000 
    6    1    1    1    1    1    1    1    1    6  0.00000E+00 0.00000 
    7    1    1    1    1    1    1    1    1    7  0.00000E+00 0.00000 
    8    1    1    1    1    1    1    1    1    8  1.77912E+04 0.00357 
    9    1    1    1    1    1    1    1    1    9  1.39298E+04 0.00384 
   10    1    1    1    1    1    1    1    1   10  0.00000E+00 0.00000 
   11    1    1    1    1    1    1    1    1   11  1.03183E+04 0.00427 
   12    1    1    1    1    1    1    1    2    1  1.91018E+04 0.00343 
   13    1    1    1    1    1    1    1    2    2  0.00000E+00 0.00000 
   14    1    1    1    1    1    1    1    2    3  0.00000E+00 0.00000 
   15    1    1    1    1    1    1    1    2    4  0.00000E+00 0.00000 
   16    1    1    1    1    1    1    1    2    5  0.00000E+00 0.00000 
   17    1    1    1    1    1    1    1    2    6  1.90296E+04 0.00353 
   18    1    1    1    1    1    1    1    2    7  1.56169E+04 0.00379 
   19    1    1    1    1    1    1    1    2    8  0.00000E+00 0.00000 
   20    1    1    1    1    1    1    1    2    9  1.14033E+04 0.00405 
   21    1    1    1    1    1    1    1    2   10  1.03521E+04 0.00414 
   22    1    1    1    1    1    1    1    2   11  0.00000E+00 0.00000 
   23    1    1    1    1    1    1    1    3    1  1.55827E+04 0.00367 
   24    1    1    1    1    1    1    1    3    2  1.77924E+04 0.00354 
   25    1    1    1    1    1    1    1    3    3  0.00000E+00 0.00000 
   26    1    1    1    1    1    1    1    3    4  1.80020E+04 0.00362 
   27    1    1    1    1    1    1    1    3    5  1.56607E+04 0.00372 
   28    1    1    1    1    1    1    1    3    6  0.00000E+00 0.00000 
   29    1    1    1    1    1    1    1    3    7  1.22067E+04 0.00408 
   30    1    1    1    1    1    1    1    3    8  1.09573E+04 0.00422 
   31    1    1    1    1    1    1    1    3    9  0.00000E+00 0.00000 
   32    1    1    1    1    1    1    1    3   10  9.56037E+03 0.00431 
   33    1    1    1    1    1    1    1    3   11  9.17030E+03 0.00441 
   34    1    1    1    1    1    1    1    4    1  0.00000E+00 0.00000 
   35    1    1    1    1    1    1    1    4    2  1.38845E+04 0.00392 
   36    1    1    1    1    1    1    1    4    3  1.40002E+04 0.00390 
   37    1    1    1    1    1    1    1    4    4  0.00000E+00 0.00000 
   38    1    1    1    1    1    1    1    4    5  1.22087E+04 0.00398 
   39    1    1    1    1    1    1    1    4    6  1.11998E+04 0.00416 
   40    1    1    1    1    1    1    1    4    7  0.00000E+00 0.00000 
   41    1    1    1    1    1    1    1    4    8  9.86417E+03 0.00432 
   42    1    1    1    1    1    1    1    4    9  9.46002E+03 0.00431 
   43    1    1    1    1    1    1    1    4   10  0.00000E+00 0.00000 
   44    1    1    1    1    1    1    1    4   11  8.88945E+03 0.00445 
   45    1    1    1    1    1    1    1    5    1  1.15028E+04 0.00418 
   46    1    1    1    1    1    1    1    5    2  0.00000E+00 0.00000 
   47    1    1    1    1    1    1    1    5    3  1.13483E+04 0.00413 
   48    1    1    1    1    1    1    1    5    4  1.09571E+04 0.00422 
   49    1    1    1    1    1    1    1    5    5  0.00000E+00 0.00000 
   50    1    1    1    1    1    1    1    5    6  9.94860E+03 0.00429 
   51    1    1    1    1    1    1    1    5    7  9.55414E+03 0.00433 
   52    1    1    1    1    1    1    1    5    8  0.00000E+00 0.00000 
   53    1    1    1    1    1    1    1    5    9  8.91774E+03 0.00429 
   54    1    1    1    1    1    1    1    5   10  8.81477E+03 0.00439 
   55    1    1    1    1    1    1    1    5   11  0.00000E+00 0.00000 
   56    1    1    1    1    1    1    1    6    1  1.03788E+04 0.00421 
   57    1    1    1    1    1    1    1    6    2  1.03245E+04 0.00418 
   58    1    1    1    1    1    1    1    6    3  0.00000E+00 0.00000 
   59    1    1    1    1    1    1    1    6    4  9.84224E+03 0.00434 
   60    1    1    1    1    1    1    1    6    5  9.57337E+03 0.00424 
   61    1    1    1    1    1    1    1    6    6  0.00000E+00 0.00000 
   62    1    1    1    1    1    1    1    6    7  8.94973E+03 0.00438 
   63    1    1    1    1    1    1    1    6    8  8.78219E+03 0.00445 
   64    1    1    1    1    1    1    1    6    9  0.00000E+00 0.00000 
   65    1    1    1    1    1    1    1    6   10  8.56969E+03 0.00454 
   66    1    1    1    1    1    1    1    6   11  8.48269E+03 0.00454 
   67    1    1    1    1    1    1    1    7    1  0.00000E+00 0.00000 
   68    1    1    1    1    1    1    1    7    2  9.56196E+03 0.00430 
   69    1    1    1    1    1    1    1    7    3  9.39460E+03 0.00441 
   70    1    1    1    1    1    1    1    7    4  0.00000E+00 0.00000 
   71    1    1    1    1    1    1    1    7    5  8.92341E+03 0.00443 
   72    1    1    1    1    1    1    1    7    6  8.81594E+03 0.00444 
   73    1    1    1    1    1    1    1    7    7  0.00000E+00 0.00000 
   74    1    1    1    1    1    1    1    7    8  8.52061E+03 0.00451 
   75    1    1    1    1    1    1    1    7    9  8.54018E+03 0.00444 
   76    1    1    1    1    1    1    1    7   10  0.00000E+00 0.00000 
   77    1    1    1    1    1    1    1    7   11  8.30203E+03 0.00461 
   78    1    1    1    1    1    1    1    8    1  9.18294E+03 0.00440 
   79    1    1    1    1    1    1    1    8    2  0.00000E+00 0.00000 
   80    1    1    1    1    1    1    1    8    3  8.97348E+03 0.00437 
   81    1    1    1    1    1    1    1    8    4  8.77651E+03 0.00450 
   82    1    1    1    1    1    1    1    8    5  0.00000E+00 0.00000 
   83    1    1    1    1    1    1    1    8    6  8.55770E+03 0.00443 
   84    1    1    1    1    1    1    1    8    7  8.41694E+03 0.00444 
   85    1    1    1    1    1    1    1    8    8  0.00000E+00 0.00000 
   86    1    1    1    1    1    1    1    8    9  8.37059E+03 0.00459 
   87    1    1    1    1    1    1    1    8   10  8.19510E+03 0.00468 
   88    1    1    1    1    1    1    1    8   11  0.00000E+00 0.00000 
   89    1    1    1    1    1    1    1    9    1  8.95777E+03 0.00450 
   90    1    1    1    1    1    1    1    9    2  8.72841E+03 0.00449 
   91    1    1    1    1    1    1    1    9    3  0.00000E+00 0.00000 
   92    1    1    1    1    1    1    1    9    4  8.64072E+03 0.00449 
   93    1    1    1    1    1    1    1    9    5  8.48700E+03 0.00451 
   94    1    1    1    1    1    1    1    9    6  0.00000E+00 0.00000 
   95    1    1    1    1    1    1    1    9    7  8.26029E+03 0.00462 
   96    1    1    1    1    1    1    1    9    8  8.17463E+03 0.00465 
   97    1    1    1    1    1    1    1    9    9  0.00000E+00 0.00000 
   98    1    1    1    1    1    1    1    9   10  7.97028E+03 0.00473 
   99    1    1    1    1    1    1    1    9   11  7.97276E+03 0.00465 
  100    1    1    1    1    1    1    1   10    1  0.00000E+00 0.00000 
  101    1    1    1    1    1    1    1   10    2  8.55008E+03 0.00457 
  102    1    1    1    1    1    1    1   10    3  8.44315E+03 0.00454 
  103    1    1    1    1    1    1    1   10    4  0.00000E+00 0.00000 
  104    1    1    1    1    1    1    1   10    5  8.25887E+03 0.00461 
  105    1    1    1    1    1    1    1   10    6  8.13586E+03 0.00462 
  106    1    1    1    1    1    1    1   10    7  0.00000E+00 0.00000 
  107    1    1    1    1    1    1    1   10    8  8.00225E+03 0.00467 
  108    1    1    1    1    1    1    1   10    9  7.87310E+03 0.00455 
  109    1    1    1    1    1    1    1   10   10  0.00000E+00 0.00000 
