
DETassem1 = [
    1    1    1    1    1    1    1    1    1    1  0.00000E+00 0.00000 
    2    1    1    1    1    1    1    1    1    2  0.00000E+00 0.00000 
    3    1    1    1    1    1    1    1    1    3  0.00000E+00 0.00000 
    4    1    1    1    1    1    1    1    1    4  0.00000E+00 0.00000 
    5    1    1    1    1    1    1    1    1    5  0.00000E+00 0.00000 
    6    1    1    1    1    1    1    1    1    6  0.00000E+00 0.00000 
    7    1    1    1    1    1    1    1    1    7  0.00000E+00 0.00000 
    8    1    1    1    1    1    1    1    1    8  1.79264E+04 0.00381 
    9    1    1    1    1    1    1    1    1    9  1.38131E+04 0.00411 
   10    1    1    1    1    1    1    1    1   10  0.00000E+00 0.00000 
   11    1    1    1    1    1    1    1    1   11  9.94618E+03 0.00452 
   12    1    1    1    1    1    1    1    2    1  1.94082E+04 0.00362 
   13    1    1    1    1    1    1    1    2    2  0.00000E+00 0.00000 
   14    1    1    1    1    1    1    1    2    3  0.00000E+00 0.00000 
   15    1    1    1    1    1    1    1    2    4  0.00000E+00 0.00000 
   16    1    1    1    1    1    1    1    2    5  0.00000E+00 0.00000 
   17    1    1    1    1    1    1    1    2    6  1.96130E+04 0.00360 
   18    1    1    1    1    1    1    1    2    7  1.54866E+04 0.00387 
   19    1    1    1    1    1    1    1    2    8  0.00000E+00 0.00000 
   20    1    1    1    1    1    1    1    2    9  1.10831E+04 0.00433 
   21    1    1    1    1    1    1    1    2   10  1.00067E+04 0.00442 
   22    1    1    1    1    1    1    1    2   11  0.00000E+00 0.00000 
   23    1    1    1    1    1    1    1    3    1  1.54016E+04 0.00395 
   24    1    1    1    1    1    1    1    3    2  1.78046E+04 0.00361 
   25    1    1    1    1    1    1    1    3    3  0.00000E+00 0.00000 
   26    1    1    1    1    1    1    1    3    4  1.78222E+04 0.00378 
   27    1    1    1    1    1    1    1    3    5  1.55779E+04 0.00387 
   28    1    1    1    1    1    1    1    3    6  0.00000E+00 0.00000 
   29    1    1    1    1    1    1    1    3    7  1.17933E+04 0.00420 
   30    1    1    1    1    1    1    1    3    8  1.06279E+04 0.00433 
   31    1    1    1    1    1    1    1    3    9  0.00000E+00 0.00000 
   32    1    1    1    1    1    1    1    3   10  9.11609E+03 0.00455 
   33    1    1    1    1    1    1    1    3   11  8.78570E+03 0.00468 
   34    1    1    1    1    1    1    1    4    1  0.00000E+00 0.00000 
   35    1    1    1    1    1    1    1    4    2  1.36857E+04 0.00399 
   36    1    1    1    1    1    1    1    4    3  1.35953E+04 0.00401 
   37    1    1    1    1    1    1    1    4    4  0.00000E+00 0.00000 
   38    1    1    1    1    1    1    1    4    5  1.17635E+04 0.00421 
   39    1    1    1    1    1    1    1    4    6  1.09896E+04 0.00435 
   40    1    1    1    1    1    1    1    4    7  0.00000E+00 0.00000 
   41    1    1    1    1    1    1    1    4    8  9.46229E+03 0.00454 
   42    1    1    1    1    1    1    1    4    9  8.94143E+03 0.00468 
   43    1    1    1    1    1    1    1    4   10  0.00000E+00 0.00000 
   44    1    1    1    1    1    1    1    4   11  8.54486E+03 0.00467 
   45    1    1    1    1    1    1    1    5    1  1.11325E+04 0.00436 
   46    1    1    1    1    1    1    1    5    2  0.00000E+00 0.00000 
   47    1    1    1    1    1    1    1    5    3  1.10750E+04 0.00422 
   48    1    1    1    1    1    1    1    5    4  1.06517E+04 0.00428 
   49    1    1    1    1    1    1    1    5    5  0.00000E+00 0.00000 
   50    1    1    1    1    1    1    1    5    6  9.55733E+03 0.00446 
   51    1    1    1    1    1    1    1    5    7  9.15340E+03 0.00453 
   52    1    1    1    1    1    1    1    5    8  0.00000E+00 0.00000 
   53    1    1    1    1    1    1    1    5    9  8.55302E+03 0.00467 
   54    1    1    1    1    1    1    1    5   10  8.51569E+03 0.00453 
   55    1    1    1    1    1    1    1    5   11  0.00000E+00 0.00000 
   56    1    1    1    1    1    1    1    6    1  1.00130E+04 0.00434 
   57    1    1    1    1    1    1    1    6    2  9.99305E+03 0.00443 
   58    1    1    1    1    1    1    1    6    3  0.00000E+00 0.00000 
   59    1    1    1    1    1    1    1    6    4  9.46343E+03 0.00450 
   60    1    1    1    1    1    1    1    6    5  9.20477E+03 0.00457 
   61    1    1    1    1    1    1    1    6    6  0.00000E+00 0.00000 
   62    1    1    1    1    1    1    1    6    7  8.57918E+03 0.00459 
   63    1    1    1    1    1    1    1    6    8  8.43550E+03 0.00462 
   64    1    1    1    1    1    1    1    6    9  0.00000E+00 0.00000 
   65    1    1    1    1    1    1    1    6   10  8.26369E+03 0.00465 
   66    1    1    1    1    1    1    1    6   11  8.10140E+03 0.00474 
   67    1    1    1    1    1    1    1    7    1  0.00000E+00 0.00000 
   68    1    1    1    1    1    1    1    7    2  9.22250E+03 0.00457 
   69    1    1    1    1    1    1    1    7    3  9.02756E+03 0.00457 
   70    1    1    1    1    1    1    1    7    4  0.00000E+00 0.00000 
   71    1    1    1    1    1    1    1    7    5  8.49825E+03 0.00464 
   72    1    1    1    1    1    1    1    7    6  8.38072E+03 0.00469 
   73    1    1    1    1    1    1    1    7    7  0.00000E+00 0.00000 
   74    1    1    1    1    1    1    1    7    8  8.28259E+03 0.00465 
   75    1    1    1    1    1    1    1    7    9  8.22562E+03 0.00464 
   76    1    1    1    1    1    1    1    7   10  0.00000E+00 0.00000 
   77    1    1    1    1    1    1    1    7   11  8.01264E+03 0.00473 
   78    1    1    1    1    1    1    1    8    1  8.78944E+03 0.00460 
   79    1    1    1    1    1    1    1    8    2  0.00000E+00 0.00000 
   80    1    1    1    1    1    1    1    8    3  8.58522E+03 0.00455 
   81    1    1    1    1    1    1    1    8    4  8.40166E+03 0.00451 
   82    1    1    1    1    1    1    1    8    5  0.00000E+00 0.00000 
   83    1    1    1    1    1    1    1    8    6  8.08010E+03 0.00477 
   84    1    1    1    1    1    1    1    8    7  8.12976E+03 0.00469 
   85    1    1    1    1    1    1    1    8    8  0.00000E+00 0.00000 
   86    1    1    1    1    1    1    1    8    9  8.01507E+03 0.00475 
   87    1    1    1    1    1    1    1    8   10  7.88656E+03 0.00490 
   88    1    1    1    1    1    1    1    8   11  0.00000E+00 0.00000 
   89    1    1    1    1    1    1    1    9    1  8.49870E+03 0.00468 
   90    1    1    1    1    1    1    1    9    2  8.40788E+03 0.00467 
   91    1    1    1    1    1    1    1    9    3  0.00000E+00 0.00000 
   92    1    1    1    1    1    1    1    9    4  8.19417E+03 0.00470 
   93    1    1    1    1    1    1    1    9    5  8.14388E+03 0.00462 
   94    1    1    1    1    1    1    1    9    6  0.00000E+00 0.00000 
   95    1    1    1    1    1    1    1    9    7  7.92709E+03 0.00472 
   96    1    1    1    1    1    1    1    9    8  7.90126E+03 0.00462 
   97    1    1    1    1    1    1    1    9    9  0.00000E+00 0.00000 
   98    1    1    1    1    1    1    1    9   10  7.66016E+03 0.00486 
   99    1    1    1    1    1    1    1    9   11  7.68250E+03 0.00494 
  100    1    1    1    1    1    1    1   10    1  0.00000E+00 0.00000 
  101    1    1    1    1    1    1    1   10    2  8.23793E+03 0.00464 
  102    1    1    1    1    1    1    1   10    3  8.18943E+03 0.00467 
  103    1    1    1    1    1    1    1   10    4  0.00000E+00 0.00000 
  104    1    1    1    1    1    1    1   10    5  7.96213E+03 0.00478 
  105    1    1    1    1    1    1    1   10    6  7.78024E+03 0.00478 
  106    1    1    1    1    1    1    1   10    7  0.00000E+00 0.00000 
  107    1    1    1    1    1    1    1   10    8  7.61956E+03 0.00492 
  108    1    1    1    1    1    1    1   10    9  7.60773E+03 0.00486 
  109    1    1    1    1    1    1    1   10   10  0.00000E+00 0.00000 
