
DETassem1 = [
    1    1    1    1    1    1    1    1    1    1  0.00000E+00 0.00000 
    2    1    1    1    1    1    1    1    1    2  0.00000E+00 0.00000 
    3    1    1    1    1    1    1    1    1    3  0.00000E+00 0.00000 
    4    1    1    1    1    1    1    1    1    4  0.00000E+00 0.00000 
    5    1    1    1    1    1    1    1    1    5  0.00000E+00 0.00000 
    6    1    1    1    1    1    1    1    1    6  0.00000E+00 0.00000 
    7    1    1    1    1    1    1    1    1    7  0.00000E+00 0.00000 
    8    1    1    1    1    1    1    1    1    8  1.79531E+04 0.00361 
    9    1    1    1    1    1    1    1    1    9  1.41127E+04 0.00386 
   10    1    1    1    1    1    1    1    1   10  0.00000E+00 0.00000 
   11    1    1    1    1    1    1    1    1   11  1.04374E+04 0.00430 
   12    1    1    1    1    1    1    1    2    1  1.91761E+04 0.00356 
   13    1    1    1    1    1    1    1    2    2  0.00000E+00 0.00000 
   14    1    1    1    1    1    1    1    2    3  0.00000E+00 0.00000 
   15    1    1    1    1    1    1    1    2    4  0.00000E+00 0.00000 
   16    1    1    1    1    1    1    1    2    5  0.00000E+00 0.00000 
   17    1    1    1    1    1    1    1    2    6  1.92741E+04 0.00349 
   18    1    1    1    1    1    1    1    2    7  1.58655E+04 0.00367 
   19    1    1    1    1    1    1    1    2    8  0.00000E+00 0.00000 
   20    1    1    1    1    1    1    1    2    9  1.15397E+04 0.00414 
   21    1    1    1    1    1    1    1    2   10  1.04894E+04 0.00421 
   22    1    1    1    1    1    1    1    2   11  0.00000E+00 0.00000 
   23    1    1    1    1    1    1    1    3    1  1.56988E+04 0.00373 
   24    1    1    1    1    1    1    1    3    2  1.80286E+04 0.00345 
   25    1    1    1    1    1    1    1    3    3  0.00000E+00 0.00000 
   26    1    1    1    1    1    1    1    3    4  1.79896E+04 0.00350 
   27    1    1    1    1    1    1    1    3    5  1.57869E+04 0.00368 
   28    1    1    1    1    1    1    1    3    6  0.00000E+00 0.00000 
   29    1    1    1    1    1    1    1    3    7  1.22581E+04 0.00413 
   30    1    1    1    1    1    1    1    3    8  1.11879E+04 0.00412 
   31    1    1    1    1    1    1    1    3    9  0.00000E+00 0.00000 
   32    1    1    1    1    1    1    1    3   10  9.66632E+03 0.00429 
   33    1    1    1    1    1    1    1    3   11  9.30988E+03 0.00443 
   34    1    1    1    1    1    1    1    4    1  0.00000E+00 0.00000 
   35    1    1    1    1    1    1    1    4    2  1.40993E+04 0.00389 
   36    1    1    1    1    1    1    1    4    3  1.40830E+04 0.00394 
   37    1    1    1    1    1    1    1    4    4  0.00000E+00 0.00000 
   38    1    1    1    1    1    1    1    4    5  1.23637E+04 0.00403 
   39    1    1    1    1    1    1    1    4    6  1.13858E+04 0.00413 
   40    1    1    1    1    1    1    1    4    7  0.00000E+00 0.00000 
   41    1    1    1    1    1    1    1    4    8  9.84488E+03 0.00438 
   42    1    1    1    1    1    1    1    4    9  9.49620E+03 0.00432 
   43    1    1    1    1    1    1    1    4   10  0.00000E+00 0.00000 
   44    1    1    1    1    1    1    1    4   11  8.88876E+03 0.00443 
   45    1    1    1    1    1    1    1    5    1  1.16095E+04 0.00405 
   46    1    1    1    1    1    1    1    5    2  0.00000E+00 0.00000 
   47    1    1    1    1    1    1    1    5    3  1.15670E+04 0.00405 
   48    1    1    1    1    1    1    1    5    4  1.11257E+04 0.00414 
   49    1    1    1    1    1    1    1    5    5  0.00000E+00 0.00000 
   50    1    1    1    1    1    1    1    5    6  1.00461E+04 0.00429 
   51    1    1    1    1    1    1    1    5    7  9.64136E+03 0.00428 
   52    1    1    1    1    1    1    1    5    8  0.00000E+00 0.00000 
   53    1    1    1    1    1    1    1    5    9  9.00400E+03 0.00451 
   54    1    1    1    1    1    1    1    5   10  8.85352E+03 0.00439 
   55    1    1    1    1    1    1    1    5   11  0.00000E+00 0.00000 
   56    1    1    1    1    1    1    1    6    1  1.03507E+04 0.00429 
   57    1    1    1    1    1    1    1    6    2  1.04491E+04 0.00429 
   58    1    1    1    1    1    1    1    6    3  0.00000E+00 0.00000 
   59    1    1    1    1    1    1    1    6    4  9.91057E+03 0.00420 
   60    1    1    1    1    1    1    1    6    5  9.66126E+03 0.00426 
   61    1    1    1    1    1    1    1    6    6  0.00000E+00 0.00000 
   62    1    1    1    1    1    1    1    6    7  9.08520E+03 0.00434 
   63    1    1    1    1    1    1    1    6    8  8.93177E+03 0.00444 
   64    1    1    1    1    1    1    1    6    9  0.00000E+00 0.00000 
   65    1    1    1    1    1    1    1    6   10  8.61027E+03 0.00450 
   66    1    1    1    1    1    1    1    6   11  8.52461E+03 0.00456 
   67    1    1    1    1    1    1    1    7    1  0.00000E+00 0.00000 
   68    1    1    1    1    1    1    1    7    2  9.64830E+03 0.00432 
   69    1    1    1    1    1    1    1    7    3  9.51814E+03 0.00442 
   70    1    1    1    1    1    1    1    7    4  0.00000E+00 0.00000 
   71    1    1    1    1    1    1    1    7    5  9.09713E+03 0.00443 
   72    1    1    1    1    1    1    1    7    6  8.89486E+03 0.00439 
   73    1    1    1    1    1    1    1    7    7  0.00000E+00 0.00000 
   74    1    1    1    1    1    1    1    7    8  8.63083E+03 0.00441 
   75    1    1    1    1    1    1    1    7    9  8.55678E+03 0.00450 
   76    1    1    1    1    1    1    1    7   10  0.00000E+00 0.00000 
   77    1    1    1    1    1    1    1    7   11  8.28585E+03 0.00450 
   78    1    1    1    1    1    1    1    8    1  9.20525E+03 0.00436 
   79    1    1    1    1    1    1    1    8    2  0.00000E+00 0.00000 
   80    1    1    1    1    1    1    1    8    3  9.09423E+03 0.00447 
   81    1    1    1    1    1    1    1    8    4  8.87675E+03 0.00435 
   82    1    1    1    1    1    1    1    8    5  0.00000E+00 0.00000 
   83    1    1    1    1    1    1    1    8    6  8.59164E+03 0.00447 
   84    1    1    1    1    1    1    1    8    7  8.53798E+03 0.00449 
   85    1    1    1    1    1    1    1    8    8  0.00000E+00 0.00000 
   86    1    1    1    1    1    1    1    8    9  8.40775E+03 0.00447 
   87    1    1    1    1    1    1    1    8   10  8.17817E+03 0.00463 
   88    1    1    1    1    1    1    1    8   11  0.00000E+00 0.00000 
   89    1    1    1    1    1    1    1    9    1  8.88620E+03 0.00445 
   90    1    1    1    1    1    1    1    9    2  8.87774E+03 0.00444 
   91    1    1    1    1    1    1    1    9    3  0.00000E+00 0.00000 
   92    1    1    1    1    1    1    1    9    4  8.63004E+03 0.00451 
   93    1    1    1    1    1    1    1    9    5  8.49387E+03 0.00452 
   94    1    1    1    1    1    1    1    9    6  0.00000E+00 0.00000 
   95    1    1    1    1    1    1    1    9    7  8.28424E+03 0.00455 
   96    1    1    1    1    1    1    1    9    8  8.26794E+03 0.00445 
   97    1    1    1    1    1    1    1    9    9  0.00000E+00 0.00000 
   98    1    1    1    1    1    1    1    9   10  8.05431E+03 0.00462 
   99    1    1    1    1    1    1    1    9   11  7.93521E+03 0.00464 
  100    1    1    1    1    1    1    1   10    1  0.00000E+00 0.00000 
  101    1    1    1    1    1    1    1   10    2  8.71508E+03 0.00447 
  102    1    1    1    1    1    1    1   10    3  8.56210E+03 0.00447 
  103    1    1    1    1    1    1    1   10    4  0.00000E+00 0.00000 
  104    1    1    1    1    1    1    1   10    5  8.31923E+03 0.00459 
  105    1    1    1    1    1    1    1   10    6  8.14151E+03 0.00455 
  106    1    1    1    1    1    1    1   10    7  0.00000E+00 0.00000 
  107    1    1    1    1    1    1    1   10    8  7.98295E+03 0.00463 
  108    1    1    1    1    1    1    1   10    9  7.90823E+03 0.00465 
  109    1    1    1    1    1    1    1   10   10  0.00000E+00 0.00000 
