
DETassem1 = [
    1    1    1    1    1    1    1    1    1    1  0.00000E+00 0.00000 
    2    1    1    1    1    1    1    1    1    2  0.00000E+00 0.00000 
    3    1    1    1    1    1    1    1    1    3  0.00000E+00 0.00000 
    4    1    1    1    1    1    1    1    1    4  0.00000E+00 0.00000 
    5    1    1    1    1    1    1    1    1    5  0.00000E+00 0.00000 
    6    1    1    1    1    1    1    1    1    6  0.00000E+00 0.00000 
    7    1    1    1    1    1    1    1    1    7  0.00000E+00 0.00000 
    8    1    1    1    1    1    1    1    1    8  1.81119E+04 0.00366 
    9    1    1    1    1    1    1    1    1    9  1.37846E+04 0.00403 
   10    1    1    1    1    1    1    1    1   10  0.00000E+00 0.00000 
   11    1    1    1    1    1    1    1    1   11  9.99915E+03 0.00442 
   12    1    1    1    1    1    1    1    2    1  1.94246E+04 0.00357 
   13    1    1    1    1    1    1    1    2    2  0.00000E+00 0.00000 
   14    1    1    1    1    1    1    1    2    3  0.00000E+00 0.00000 
   15    1    1    1    1    1    1    1    2    4  0.00000E+00 0.00000 
   16    1    1    1    1    1    1    1    2    5  0.00000E+00 0.00000 
   17    1    1    1    1    1    1    1    2    6  1.95284E+04 0.00360 
   18    1    1    1    1    1    1    1    2    7  1.54629E+04 0.00385 
   19    1    1    1    1    1    1    1    2    8  0.00000E+00 0.00000 
   20    1    1    1    1    1    1    1    2    9  1.10711E+04 0.00437 
   21    1    1    1    1    1    1    1    2   10  9.92033E+03 0.00432 
   22    1    1    1    1    1    1    1    2   11  0.00000E+00 0.00000 
   23    1    1    1    1    1    1    1    3    1  1.54704E+04 0.00386 
   24    1    1    1    1    1    1    1    3    2  1.80339E+04 0.00357 
   25    1    1    1    1    1    1    1    3    3  0.00000E+00 0.00000 
   26    1    1    1    1    1    1    1    3    4  1.80581E+04 0.00368 
   27    1    1    1    1    1    1    1    3    5  1.54661E+04 0.00388 
   28    1    1    1    1    1    1    1    3    6  0.00000E+00 0.00000 
   29    1    1    1    1    1    1    1    3    7  1.18497E+04 0.00423 
   30    1    1    1    1    1    1    1    3    8  1.07111E+04 0.00444 
   31    1    1    1    1    1    1    1    3    9  0.00000E+00 0.00000 
   32    1    1    1    1    1    1    1    3   10  9.19115E+03 0.00457 
   33    1    1    1    1    1    1    1    3   11  8.84098E+03 0.00462 
   34    1    1    1    1    1    1    1    4    1  0.00000E+00 0.00000 
   35    1    1    1    1    1    1    1    4    2  1.38525E+04 0.00414 
   36    1    1    1    1    1    1    1    4    3  1.37244E+04 0.00412 
   37    1    1    1    1    1    1    1    4    4  0.00000E+00 0.00000 
   38    1    1    1    1    1    1    1    4    5  1.19233E+04 0.00416 
   39    1    1    1    1    1    1    1    4    6  1.10626E+04 0.00425 
   40    1    1    1    1    1    1    1    4    7  0.00000E+00 0.00000 
   41    1    1    1    1    1    1    1    4    8  9.60990E+03 0.00447 
   42    1    1    1    1    1    1    1    4    9  9.07391E+03 0.00461 
   43    1    1    1    1    1    1    1    4   10  0.00000E+00 0.00000 
   44    1    1    1    1    1    1    1    4   11  8.58615E+03 0.00478 
   45    1    1    1    1    1    1    1    5    1  1.11308E+04 0.00431 
   46    1    1    1    1    1    1    1    5    2  0.00000E+00 0.00000 
   47    1    1    1    1    1    1    1    5    3  1.11828E+04 0.00420 
   48    1    1    1    1    1    1    1    5    4  1.07636E+04 0.00434 
   49    1    1    1    1    1    1    1    5    5  0.00000E+00 0.00000 
   50    1    1    1    1    1    1    1    5    6  9.60498E+03 0.00452 
   51    1    1    1    1    1    1    1    5    7  9.22060E+03 0.00452 
   52    1    1    1    1    1    1    1    5    8  0.00000E+00 0.00000 
   53    1    1    1    1    1    1    1    5    9  8.60351E+03 0.00457 
   54    1    1    1    1    1    1    1    5   10  8.49201E+03 0.00469 
   55    1    1    1    1    1    1    1    5   11  0.00000E+00 0.00000 
   56    1    1    1    1    1    1    1    6    1  9.97012E+03 0.00446 
   57    1    1    1    1    1    1    1    6    2  9.95954E+03 0.00433 
   58    1    1    1    1    1    1    1    6    3  0.00000E+00 0.00000 
   59    1    1    1    1    1    1    1    6    4  9.56809E+03 0.00451 
   60    1    1    1    1    1    1    1    6    5  9.18541E+03 0.00462 
   61    1    1    1    1    1    1    1    6    6  0.00000E+00 0.00000 
   62    1    1    1    1    1    1    1    6    7  8.63909E+03 0.00458 
   63    1    1    1    1    1    1    1    6    8  8.36461E+03 0.00467 
   64    1    1    1    1    1    1    1    6    9  0.00000E+00 0.00000 
   65    1    1    1    1    1    1    1    6   10  8.25012E+03 0.00481 
   66    1    1    1    1    1    1    1    6   11  8.20671E+03 0.00475 
   67    1    1    1    1    1    1    1    7    1  0.00000E+00 0.00000 
   68    1    1    1    1    1    1    1    7    2  9.25587E+03 0.00455 
   69    1    1    1    1    1    1    1    7    3  9.06556E+03 0.00455 
   70    1    1    1    1    1    1    1    7    4  0.00000E+00 0.00000 
   71    1    1    1    1    1    1    1    7    5  8.70262E+03 0.00450 
   72    1    1    1    1    1    1    1    7    6  8.50670E+03 0.00462 
   73    1    1    1    1    1    1    1    7    7  0.00000E+00 0.00000 
   74    1    1    1    1    1    1    1    7    8  8.28908E+03 0.00476 
   75    1    1    1    1    1    1    1    7    9  8.13402E+03 0.00467 
   76    1    1    1    1    1    1    1    7   10  0.00000E+00 0.00000 
   77    1    1    1    1    1    1    1    7   11  8.01337E+03 0.00479 
   78    1    1    1    1    1    1    1    8    1  8.85696E+03 0.00463 
   79    1    1    1    1    1    1    1    8    2  0.00000E+00 0.00000 
   80    1    1    1    1    1    1    1    8    3  8.58003E+03 0.00464 
   81    1    1    1    1    1    1    1    8    4  8.37811E+03 0.00465 
   82    1    1    1    1    1    1    1    8    5  0.00000E+00 0.00000 
   83    1    1    1    1    1    1    1    8    6  8.28707E+03 0.00458 
   84    1    1    1    1    1    1    1    8    7  8.06711E+03 0.00465 
   85    1    1    1    1    1    1    1    8    8  0.00000E+00 0.00000 
   86    1    1    1    1    1    1    1    8    9  7.96790E+03 0.00485 
   87    1    1    1    1    1    1    1    8   10  7.97534E+03 0.00467 
   88    1    1    1    1    1    1    1    8   11  0.00000E+00 0.00000 
   89    1    1    1    1    1    1    1    9    1  8.59372E+03 0.00462 
   90    1    1    1    1    1    1    1    9    2  8.48059E+03 0.00457 
   91    1    1    1    1    1    1    1    9    3  0.00000E+00 0.00000 
   92    1    1    1    1    1    1    1    9    4  8.23094E+03 0.00480 
   93    1    1    1    1    1    1    1    9    5  8.14731E+03 0.00471 
   94    1    1    1    1    1    1    1    9    6  0.00000E+00 0.00000 
   95    1    1    1    1    1    1    1    9    7  7.96885E+03 0.00472 
   96    1    1    1    1    1    1    1    9    8  7.89576E+03 0.00473 
   97    1    1    1    1    1    1    1    9    9  0.00000E+00 0.00000 
   98    1    1    1    1    1    1    1    9   10  7.77236E+03 0.00483 
   99    1    1    1    1    1    1    1    9   11  7.71529E+03 0.00482 
  100    1    1    1    1    1    1    1   10    1  0.00000E+00 0.00000 
  101    1    1    1    1    1    1    1   10    2  8.30280E+03 0.00467 
  102    1    1    1    1    1    1    1   10    3  8.23078E+03 0.00466 
  103    1    1    1    1    1    1    1   10    4  0.00000E+00 0.00000 
  104    1    1    1    1    1    1    1   10    5  7.89686E+03 0.00471 
  105    1    1    1    1    1    1    1   10    6  7.83207E+03 0.00475 
  106    1    1    1    1    1    1    1   10    7  0.00000E+00 0.00000 
  107    1    1    1    1    1    1    1   10    8  7.80776E+03 0.00473 
  108    1    1    1    1    1    1    1   10    9  7.64084E+03 0.00480 
  109    1    1    1    1    1    1    1   10   10  0.00000E+00 0.00000 
