
DETassem1 = [
    1    1    1    1    1    1    1    1    1    1  0.00000E+00 0.00000 
    2    1    1    1    1    1    1    1    1    2  0.00000E+00 0.00000 
    3    1    1    1    1    1    1    1    1    3  0.00000E+00 0.00000 
    4    1    1    1    1    1    1    1    1    4  0.00000E+00 0.00000 
    5    1    1    1    1    1    1    1    1    5  0.00000E+00 0.00000 
    6    1    1    1    1    1    1    1    1    6  0.00000E+00 0.00000 
    7    1    1    1    1    1    1    1    1    7  0.00000E+00 0.00000 
    8    1    1    1    1    1    1    1    1    8  1.75977E+04 0.00357 
    9    1    1    1    1    1    1    1    1    9  1.37945E+04 0.00394 
   10    1    1    1    1    1    1    1    1   10  0.00000E+00 0.00000 
   11    1    1    1    1    1    1    1    1   11  1.01130E+04 0.00431 
   12    1    1    1    1    1    1    1    2    1  1.89576E+04 0.00347 
   13    1    1    1    1    1    1    1    2    2  0.00000E+00 0.00000 
   14    1    1    1    1    1    1    1    2    3  0.00000E+00 0.00000 
   15    1    1    1    1    1    1    1    2    4  0.00000E+00 0.00000 
   16    1    1    1    1    1    1    1    2    5  0.00000E+00 0.00000 
   17    1    1    1    1    1    1    1    2    6  1.88541E+04 0.00353 
   18    1    1    1    1    1    1    1    2    7  1.52730E+04 0.00370 
   19    1    1    1    1    1    1    1    2    8  0.00000E+00 0.00000 
   20    1    1    1    1    1    1    1    2    9  1.12531E+04 0.00411 
   21    1    1    1    1    1    1    1    2   10  1.01524E+04 0.00432 
   22    1    1    1    1    1    1    1    2   11  0.00000E+00 0.00000 
   23    1    1    1    1    1    1    1    3    1  1.54085E+04 0.00369 
   24    1    1    1    1    1    1    1    3    2  1.77448E+04 0.00367 
   25    1    1    1    1    1    1    1    3    3  0.00000E+00 0.00000 
   26    1    1    1    1    1    1    1    3    4  1.75664E+04 0.00355 
   27    1    1    1    1    1    1    1    3    5  1.52872E+04 0.00372 
   28    1    1    1    1    1    1    1    3    6  0.00000E+00 0.00000 
   29    1    1    1    1    1    1    1    3    7  1.19636E+04 0.00406 
   30    1    1    1    1    1    1    1    3    8  1.09385E+04 0.00414 
   31    1    1    1    1    1    1    1    3    9  0.00000E+00 0.00000 
   32    1    1    1    1    1    1    1    3   10  9.32657E+03 0.00435 
   33    1    1    1    1    1    1    1    3   11  9.04306E+03 0.00445 
   34    1    1    1    1    1    1    1    4    1  0.00000E+00 0.00000 
   35    1    1    1    1    1    1    1    4    2  1.37704E+04 0.00388 
   36    1    1    1    1    1    1    1    4    3  1.38079E+04 0.00383 
   37    1    1    1    1    1    1    1    4    4  0.00000E+00 0.00000 
   38    1    1    1    1    1    1    1    4    5  1.21222E+04 0.00400 
   39    1    1    1    1    1    1    1    4    6  1.12112E+04 0.00415 
   40    1    1    1    1    1    1    1    4    7  0.00000E+00 0.00000 
   41    1    1    1    1    1    1    1    4    8  9.85334E+03 0.00436 
   42    1    1    1    1    1    1    1    4    9  9.23000E+03 0.00454 
   43    1    1    1    1    1    1    1    4   10  0.00000E+00 0.00000 
   44    1    1    1    1    1    1    1    4   11  8.68516E+03 0.00447 
   45    1    1    1    1    1    1    1    5    1  1.12859E+04 0.00415 
   46    1    1    1    1    1    1    1    5    2  0.00000E+00 0.00000 
   47    1    1    1    1    1    1    1    5    3  1.13774E+04 0.00413 
   48    1    1    1    1    1    1    1    5    4  1.09407E+04 0.00427 
   49    1    1    1    1    1    1    1    5    5  0.00000E+00 0.00000 
   50    1    1    1    1    1    1    1    5    6  9.96406E+03 0.00435 
   51    1    1    1    1    1    1    1    5    7  9.52515E+03 0.00436 
   52    1    1    1    1    1    1    1    5    8  0.00000E+00 0.00000 
   53    1    1    1    1    1    1    1    5    9  8.87888E+03 0.00442 
   54    1    1    1    1    1    1    1    5   10  8.69835E+03 0.00451 
   55    1    1    1    1    1    1    1    5   11  0.00000E+00 0.00000 
   56    1    1    1    1    1    1    1    6    1  1.01704E+04 0.00426 
   57    1    1    1    1    1    1    1    6    2  1.01585E+04 0.00434 
   58    1    1    1    1    1    1    1    6    3  0.00000E+00 0.00000 
   59    1    1    1    1    1    1    1    6    4  9.81861E+03 0.00434 
   60    1    1    1    1    1    1    1    6    5  9.56537E+03 0.00440 
   61    1    1    1    1    1    1    1    6    6  0.00000E+00 0.00000 
   62    1    1    1    1    1    1    1    6    7  8.98383E+03 0.00438 
   63    1    1    1    1    1    1    1    6    8  8.82626E+03 0.00436 
   64    1    1    1    1    1    1    1    6    9  0.00000E+00 0.00000 
   65    1    1    1    1    1    1    1    6   10  8.44993E+03 0.00450 
   66    1    1    1    1    1    1    1    6   11  8.46910E+03 0.00449 
   67    1    1    1    1    1    1    1    7    1  0.00000E+00 0.00000 
   68    1    1    1    1    1    1    1    7    2  9.39753E+03 0.00425 
   69    1    1    1    1    1    1    1    7    3  9.31643E+03 0.00445 
   70    1    1    1    1    1    1    1    7    4  0.00000E+00 0.00000 
   71    1    1    1    1    1    1    1    7    5  8.95369E+03 0.00441 
   72    1    1    1    1    1    1    1    7    6  8.86880E+03 0.00444 
   73    1    1    1    1    1    1    1    7    7  0.00000E+00 0.00000 
   74    1    1    1    1    1    1    1    7    8  8.52101E+03 0.00455 
   75    1    1    1    1    1    1    1    7    9  8.37953E+03 0.00456 
   76    1    1    1    1    1    1    1    7   10  0.00000E+00 0.00000 
   77    1    1    1    1    1    1    1    7   11  8.30413E+03 0.00448 
   78    1    1    1    1    1    1    1    8    1  9.04410E+03 0.00439 
   79    1    1    1    1    1    1    1    8    2  0.00000E+00 0.00000 
   80    1    1    1    1    1    1    1    8    3  8.93361E+03 0.00438 
   81    1    1    1    1    1    1    1    8    4  8.77779E+03 0.00442 
   82    1    1    1    1    1    1    1    8    5  0.00000E+00 0.00000 
   83    1    1    1    1    1    1    1    8    6  8.43351E+03 0.00450 
   84    1    1    1    1    1    1    1    8    7  8.31586E+03 0.00450 
   85    1    1    1    1    1    1    1    8    8  0.00000E+00 0.00000 
   86    1    1    1    1    1    1    1    8    9  8.26956E+03 0.00462 
   87    1    1    1    1    1    1    1    8   10  8.18159E+03 0.00454 
   88    1    1    1    1    1    1    1    8   11  0.00000E+00 0.00000 
   89    1    1    1    1    1    1    1    9    1  8.65474E+03 0.00451 
   90    1    1    1    1    1    1    1    9    2  8.71069E+03 0.00443 
   91    1    1    1    1    1    1    1    9    3  0.00000E+00 0.00000 
   92    1    1    1    1    1    1    1    9    4  8.50898E+03 0.00440 
   93    1    1    1    1    1    1    1    9    5  8.38675E+03 0.00454 
   94    1    1    1    1    1    1    1    9    6  0.00000E+00 0.00000 
   95    1    1    1    1    1    1    1    9    7  8.21416E+03 0.00463 
   96    1    1    1    1    1    1    1    9    8  8.21992E+03 0.00462 
   97    1    1    1    1    1    1    1    9    9  0.00000E+00 0.00000 
   98    1    1    1    1    1    1    1    9   10  8.03350E+03 0.00459 
   99    1    1    1    1    1    1    1    9   11  7.94655E+03 0.00468 
  100    1    1    1    1    1    1    1   10    1  0.00000E+00 0.00000 
  101    1    1    1    1    1    1    1   10    2  8.51779E+03 0.00458 
  102    1    1    1    1    1    1    1   10    3  8.34889E+03 0.00454 
  103    1    1    1    1    1    1    1   10    4  0.00000E+00 0.00000 
  104    1    1    1    1    1    1    1   10    5  8.22204E+03 0.00462 
  105    1    1    1    1    1    1    1   10    6  8.23758E+03 0.00468 
  106    1    1    1    1    1    1    1   10    7  0.00000E+00 0.00000 
  107    1    1    1    1    1    1    1   10    8  7.91349E+03 0.00453 
  108    1    1    1    1    1    1    1   10    9  7.83785E+03 0.00473 
  109    1    1    1    1    1    1    1   10   10  0.00000E+00 0.00000 
