
DETassem1 = [
    1    1    1    1    1    1    1    1    1    1  0.00000E+00 0.00000 
    2    1    1    1    1    1    1    1    1    2  0.00000E+00 0.00000 
    3    1    1    1    1    1    1    1    1    3  0.00000E+00 0.00000 
    4    1    1    1    1    1    1    1    1    4  0.00000E+00 0.00000 
    5    1    1    1    1    1    1    1    1    5  0.00000E+00 0.00000 
    6    1    1    1    1    1    1    1    1    6  0.00000E+00 0.00000 
    7    1    1    1    1    1    1    1    1    7  0.00000E+00 0.00000 
    8    1    1    1    1    1    1    1    1    8  1.83079E+04 0.00359 
    9    1    1    1    1    1    1    1    1    9  1.38337E+04 0.00401 
   10    1    1    1    1    1    1    1    1   10  0.00000E+00 0.00000 
   11    1    1    1    1    1    1    1    1   11  9.98416E+03 0.00433 
   12    1    1    1    1    1    1    1    2    1  1.97309E+04 0.00360 
   13    1    1    1    1    1    1    1    2    2  0.00000E+00 0.00000 
   14    1    1    1    1    1    1    1    2    3  0.00000E+00 0.00000 
   15    1    1    1    1    1    1    1    2    4  0.00000E+00 0.00000 
   16    1    1    1    1    1    1    1    2    5  0.00000E+00 0.00000 
   17    1    1    1    1    1    1    1    2    6  1.97981E+04 0.00352 
   18    1    1    1    1    1    1    1    2    7  1.56837E+04 0.00379 
   19    1    1    1    1    1    1    1    2    8  0.00000E+00 0.00000 
   20    1    1    1    1    1    1    1    2    9  1.12491E+04 0.00433 
   21    1    1    1    1    1    1    1    2   10  9.96019E+03 0.00437 
   22    1    1    1    1    1    1    1    2   11  0.00000E+00 0.00000 
   23    1    1    1    1    1    1    1    3    1  1.58004E+04 0.00394 
   24    1    1    1    1    1    1    1    3    2  1.83568E+04 0.00365 
   25    1    1    1    1    1    1    1    3    3  0.00000E+00 0.00000 
   26    1    1    1    1    1    1    1    3    4  1.81879E+04 0.00365 
   27    1    1    1    1    1    1    1    3    5  1.57688E+04 0.00389 
   28    1    1    1    1    1    1    1    3    6  0.00000E+00 0.00000 
   29    1    1    1    1    1    1    1    3    7  1.20196E+04 0.00415 
   30    1    1    1    1    1    1    1    3    8  1.07189E+04 0.00431 
   31    1    1    1    1    1    1    1    3    9  0.00000E+00 0.00000 
   32    1    1    1    1    1    1    1    3   10  9.10798E+03 0.00455 
   33    1    1    1    1    1    1    1    3   11  8.81366E+03 0.00462 
   34    1    1    1    1    1    1    1    4    1  0.00000E+00 0.00000 
   35    1    1    1    1    1    1    1    4    2  1.38004E+04 0.00394 
   36    1    1    1    1    1    1    1    4    3  1.39960E+04 0.00394 
   37    1    1    1    1    1    1    1    4    4  0.00000E+00 0.00000 
   38    1    1    1    1    1    1    1    4    5  1.19336E+04 0.00427 
   39    1    1    1    1    1    1    1    4    6  1.10984E+04 0.00431 
   40    1    1    1    1    1    1    1    4    7  0.00000E+00 0.00000 
   41    1    1    1    1    1    1    1    4    8  9.55218E+03 0.00449 
   42    1    1    1    1    1    1    1    4    9  8.99903E+03 0.00460 
   43    1    1    1    1    1    1    1    4   10  0.00000E+00 0.00000 
   44    1    1    1    1    1    1    1    4   11  8.49111E+03 0.00465 
   45    1    1    1    1    1    1    1    5    1  1.12117E+04 0.00433 
   46    1    1    1    1    1    1    1    5    2  0.00000E+00 0.00000 
   47    1    1    1    1    1    1    1    5    3  1.12722E+04 0.00422 
   48    1    1    1    1    1    1    1    5    4  1.06548E+04 0.00439 
   49    1    1    1    1    1    1    1    5    5  0.00000E+00 0.00000 
   50    1    1    1    1    1    1    1    5    6  9.64017E+03 0.00456 
   51    1    1    1    1    1    1    1    5    7  9.21184E+03 0.00457 
   52    1    1    1    1    1    1    1    5    8  0.00000E+00 0.00000 
   53    1    1    1    1    1    1    1    5    9  8.55252E+03 0.00465 
   54    1    1    1    1    1    1    1    5   10  8.46561E+03 0.00455 
   55    1    1    1    1    1    1    1    5   11  0.00000E+00 0.00000 
   56    1    1    1    1    1    1    1    6    1  9.99466E+03 0.00440 
   57    1    1    1    1    1    1    1    6    2  9.94958E+03 0.00444 
   58    1    1    1    1    1    1    1    6    3  0.00000E+00 0.00000 
   59    1    1    1    1    1    1    1    6    4  9.54614E+03 0.00454 
   60    1    1    1    1    1    1    1    6    5  9.19953E+03 0.00463 
   61    1    1    1    1    1    1    1    6    6  0.00000E+00 0.00000 
   62    1    1    1    1    1    1    1    6    7  8.68475E+03 0.00455 
   63    1    1    1    1    1    1    1    6    8  8.43917E+03 0.00467 
   64    1    1    1    1    1    1    1    6    9  0.00000E+00 0.00000 
   65    1    1    1    1    1    1    1    6   10  8.27707E+03 0.00476 
   66    1    1    1    1    1    1    1    6   11  8.14143E+03 0.00473 
   67    1    1    1    1    1    1    1    7    1  0.00000E+00 0.00000 
   68    1    1    1    1    1    1    1    7    2  9.08024E+03 0.00455 
   69    1    1    1    1    1    1    1    7    3  8.97698E+03 0.00459 
   70    1    1    1    1    1    1    1    7    4  0.00000E+00 0.00000 
   71    1    1    1    1    1    1    1    7    5  8.62183E+03 0.00464 
   72    1    1    1    1    1    1    1    7    6  8.44974E+03 0.00468 
   73    1    1    1    1    1    1    1    7    7  0.00000E+00 0.00000 
   74    1    1    1    1    1    1    1    7    8  8.21565E+03 0.00476 
   75    1    1    1    1    1    1    1    7    9  8.14068E+03 0.00469 
   76    1    1    1    1    1    1    1    7   10  0.00000E+00 0.00000 
   77    1    1    1    1    1    1    1    7   11  8.03667E+03 0.00469 
   78    1    1    1    1    1    1    1    8    1  8.80923E+03 0.00459 
   79    1    1    1    1    1    1    1    8    2  0.00000E+00 0.00000 
   80    1    1    1    1    1    1    1    8    3  8.57222E+03 0.00459 
   81    1    1    1    1    1    1    1    8    4  8.44457E+03 0.00468 
   82    1    1    1    1    1    1    1    8    5  0.00000E+00 0.00000 
   83    1    1    1    1    1    1    1    8    6  8.23185E+03 0.00475 
   84    1    1    1    1    1    1    1    8    7  8.08246E+03 0.00474 
   85    1    1    1    1    1    1    1    8    8  0.00000E+00 0.00000 
   86    1    1    1    1    1    1    1    8    9  7.97041E+03 0.00470 
   87    1    1    1    1    1    1    1    8   10  7.88397E+03 0.00483 
   88    1    1    1    1    1    1    1    8   11  0.00000E+00 0.00000 
   89    1    1    1    1    1    1    1    9    1  8.56594E+03 0.00466 
   90    1    1    1    1    1    1    1    9    2  8.40609E+03 0.00464 
   91    1    1    1    1    1    1    1    9    3  0.00000E+00 0.00000 
   92    1    1    1    1    1    1    1    9    4  8.24848E+03 0.00464 
   93    1    1    1    1    1    1    1    9    5  8.12138E+03 0.00475 
   94    1    1    1    1    1    1    1    9    6  0.00000E+00 0.00000 
   95    1    1    1    1    1    1    1    9    7  7.90600E+03 0.00485 
   96    1    1    1    1    1    1    1    9    8  7.84174E+03 0.00485 
   97    1    1    1    1    1    1    1    9    9  0.00000E+00 0.00000 
   98    1    1    1    1    1    1    1    9   10  7.77987E+03 0.00482 
   99    1    1    1    1    1    1    1    9   11  7.76261E+03 0.00494 
  100    1    1    1    1    1    1    1   10    1  0.00000E+00 0.00000 
  101    1    1    1    1    1    1    1   10    2  8.27282E+03 0.00469 
  102    1    1    1    1    1    1    1   10    3  8.17701E+03 0.00473 
  103    1    1    1    1    1    1    1   10    4  0.00000E+00 0.00000 
  104    1    1    1    1    1    1    1   10    5  7.96971E+03 0.00482 
  105    1    1    1    1    1    1    1   10    6  7.91212E+03 0.00481 
  106    1    1    1    1    1    1    1   10    7  0.00000E+00 0.00000 
  107    1    1    1    1    1    1    1   10    8  7.71450E+03 0.00480 
  108    1    1    1    1    1    1    1   10    9  7.54060E+03 0.00499 
  109    1    1    1    1    1    1    1   10   10  0.00000E+00 0.00000 
