
ZAI = [
922350
922380
666
0
];

NAMES = [
'U235            '
'U238            '
'lost            '
'total           '
];

i922350 = 1; iU235             = 1;
i922380 = 2; iU238             = 2;
iLOST    = 3;
iTOT     = 4;

MAT_un_VOLUME = [ 2.67484E+05 2.67484E+05 ];

MAT_un_BURNUP = [ 0.00000E+00 4.28540E+01 ];

MAT_un_ADENS = [
4.83387E-03 3.51020E-03 % U235
1.93936E-02 1.88539E-02 % U238
0.00000E+00 4.06947E-30 % lost data
7.26897E-02 7.38000E-02 % total
];

MAT_un_MDENS = [
1.88669E+00 1.37005E+00 % U235
7.66628E+00 7.45293E+00 % U238
0.00000E+00 0.00000E+00 % lost data
1.08000E+01 1.07986E+01 % total
];

MAT_un_A = [
4.03521E+10 2.93024E+10 % U235
2.55021E+10 2.47924E+10 % U238
0.00000E+00 0.00000E+00 % lost data
6.58542E+10 3.28338E+18 % total
];

MAT_un_H = [
3.02496E-02 2.19663E-02 % U235
1.74471E-02 1.69615E-02 % U238
0.00000E+00 0.00000E+00 % lost data
4.76966E-02 9.64634E+05 % total
];

MAT_un_SF = [
2.90535E+00 2.10977E+00 % U235
1.39241E+04 1.35366E+04 % U238
0.00000E+00 0.00000E+00 % lost data
1.39271E+04 1.03503E+08 % total
];

MAT_un_GSRC = [
5.09851E+10 3.70238E+10 % U235
2.25830E+09 2.19546E+09 % U238
0.00000E+00 0.00000E+00 % lost data
5.32434E+10 3.52978E+18 % total
];

MAT_un_ING_TOX = [
1.89655E+03 1.37721E+03 % U235
1.14759E+03 1.11566E+03 % U238
0.00000E+00 0.00000E+00 % lost data
3.04414E+03 2.23534E+09 % total
];

MAT_un_INH_TOX = [
3.42993E+05 2.49071E+05 % U235
2.04017E+05 1.98339E+05 % U238
0.00000E+00 0.00000E+00 % lost data
5.47010E+05 8.02060E+10 % total
];

TOT_VOLUME = [ 2.67484E+05 2.67484E+05 ];

TOT_BURNUP = [ 0.00000E+00 4.28540E+01 ];

TOT_ADENS = [
4.83387E-03 3.51020E-03 % U235
1.93936E-02 1.88539E-02 % U238
0.00000E+00 4.06947E-30 % lost data
7.26897E-02 7.38000E-02 % total
];

TOT_MASS = [
5.04660E+05 3.66468E+05 % U235
2.05061E+06 1.99354E+06 % U238
0.00000E+00 0.00000E+00 % lost data
2.88883E+06 2.88846E+06 % total
];

TOT_A = [
4.03521E+10 2.93024E+10 % U235
2.55021E+10 2.47924E+10 % U238
0.00000E+00 0.00000E+00 % lost data
6.58542E+10 3.28338E+18 % total
];

TOT_H = [
3.02496E-02 2.19663E-02 % U235
1.74471E-02 1.69615E-02 % U238
0.00000E+00 0.00000E+00 % lost data
4.76966E-02 9.64634E+05 % total
];

TOT_SF = [
2.90535E+00 2.10977E+00 % U235
1.39241E+04 1.35366E+04 % U238
0.00000E+00 0.00000E+00 % lost data
1.39271E+04 1.03503E+08 % total
];

TOT_GSRC = [
5.09851E+10 3.70238E+10 % U235
2.25830E+09 2.19546E+09 % U238
0.00000E+00 0.00000E+00 % lost data
5.32434E+10 3.52978E+18 % total
];

TOT_ING_TOX = [
1.89655E+03 1.37721E+03 % U235
1.14759E+03 1.11566E+03 % U238
0.00000E+00 0.00000E+00 % lost data
3.04414E+03 2.23534E+09 % total
];

TOT_INH_TOX = [
3.42993E+05 2.49071E+05 % U235
2.04017E+05 1.98339E+05 % U238
0.00000E+00 0.00000E+00 % lost data
5.47010E+05 8.02060E+10 % total
];

BU = [ 0.00000E+00 4.28526E+01 ];

DAYS = [ 0.00000E+00 7.30000E+03 ];
