
DETassem1 = [
    1    1    1    1    1    1    1    1    1    1  0.00000E+00 0.00000 
    2    1    1    1    1    1    1    1    1    2  0.00000E+00 0.00000 
    3    1    1    1    1    1    1    1    1    3  0.00000E+00 0.00000 
    4    1    1    1    1    1    1    1    1    4  0.00000E+00 0.00000 
    5    1    1    1    1    1    1    1    1    5  0.00000E+00 0.00000 
    6    1    1    1    1    1    1    1    1    6  0.00000E+00 0.00000 
    7    1    1    1    1    1    1    1    1    7  0.00000E+00 0.00000 
    8    1    1    1    1    1    1    1    1    8  1.83215E+04 0.00379 
    9    1    1    1    1    1    1    1    1    9  1.40132E+04 0.00404 
   10    1    1    1    1    1    1    1    1   10  0.00000E+00 0.00000 
   11    1    1    1    1    1    1    1    1   11  1.01093E+04 0.00427 
   12    1    1    1    1    1    1    1    2    1  1.97708E+04 0.00356 
   13    1    1    1    1    1    1    1    2    2  0.00000E+00 0.00000 
   14    1    1    1    1    1    1    1    2    3  0.00000E+00 0.00000 
   15    1    1    1    1    1    1    1    2    4  0.00000E+00 0.00000 
   16    1    1    1    1    1    1    1    2    5  0.00000E+00 0.00000 
   17    1    1    1    1    1    1    1    2    6  1.97578E+04 0.00352 
   18    1    1    1    1    1    1    1    2    7  1.59090E+04 0.00384 
   19    1    1    1    1    1    1    1    2    8  0.00000E+00 0.00000 
   20    1    1    1    1    1    1    1    2    9  1.12901E+04 0.00432 
   21    1    1    1    1    1    1    1    2   10  1.00072E+04 0.00450 
   22    1    1    1    1    1    1    1    2   11  0.00000E+00 0.00000 
   23    1    1    1    1    1    1    1    3    1  1.58824E+04 0.00388 
   24    1    1    1    1    1    1    1    3    2  1.83469E+04 0.00373 
   25    1    1    1    1    1    1    1    3    3  0.00000E+00 0.00000 
   26    1    1    1    1    1    1    1    3    4  1.83690E+04 0.00355 
   27    1    1    1    1    1    1    1    3    5  1.59570E+04 0.00381 
   28    1    1    1    1    1    1    1    3    6  0.00000E+00 0.00000 
   29    1    1    1    1    1    1    1    3    7  1.20189E+04 0.00406 
   30    1    1    1    1    1    1    1    3    8  1.08024E+04 0.00436 
   31    1    1    1    1    1    1    1    3    9  0.00000E+00 0.00000 
   32    1    1    1    1    1    1    1    3   10  9.17013E+03 0.00449 
   33    1    1    1    1    1    1    1    3   11  8.85613E+03 0.00456 
   34    1    1    1    1    1    1    1    4    1  0.00000E+00 0.00000 
   35    1    1    1    1    1    1    1    4    2  1.40617E+04 0.00396 
   36    1    1    1    1    1    1    1    4    3  1.39656E+04 0.00397 
   37    1    1    1    1    1    1    1    4    4  0.00000E+00 0.00000 
   38    1    1    1    1    1    1    1    4    5  1.21089E+04 0.00411 
   39    1    1    1    1    1    1    1    4    6  1.10977E+04 0.00436 
   40    1    1    1    1    1    1    1    4    7  0.00000E+00 0.00000 
   41    1    1    1    1    1    1    1    4    8  9.63043E+03 0.00442 
   42    1    1    1    1    1    1    1    4    9  9.00580E+03 0.00453 
   43    1    1    1    1    1    1    1    4   10  0.00000E+00 0.00000 
   44    1    1    1    1    1    1    1    4   11  8.59872E+03 0.00464 
   45    1    1    1    1    1    1    1    5    1  1.12595E+04 0.00435 
   46    1    1    1    1    1    1    1    5    2  0.00000E+00 0.00000 
   47    1    1    1    1    1    1    1    5    3  1.12941E+04 0.00427 
   48    1    1    1    1    1    1    1    5    4  1.09305E+04 0.00428 
   49    1    1    1    1    1    1    1    5    5  0.00000E+00 0.00000 
   50    1    1    1    1    1    1    1    5    6  9.69565E+03 0.00452 
   51    1    1    1    1    1    1    1    5    7  9.32724E+03 0.00446 
   52    1    1    1    1    1    1    1    5    8  0.00000E+00 0.00000 
   53    1    1    1    1    1    1    1    5    9  8.73007E+03 0.00464 
   54    1    1    1    1    1    1    1    5   10  8.44938E+03 0.00469 
   55    1    1    1    1    1    1    1    5   11  0.00000E+00 0.00000 
   56    1    1    1    1    1    1    1    6    1  9.98906E+03 0.00446 
   57    1    1    1    1    1    1    1    6    2  1.01165E+04 0.00438 
   58    1    1    1    1    1    1    1    6    3  0.00000E+00 0.00000 
   59    1    1    1    1    1    1    1    6    4  9.65772E+03 0.00439 
   60    1    1    1    1    1    1    1    6    5  9.35141E+03 0.00451 
   61    1    1    1    1    1    1    1    6    6  0.00000E+00 0.00000 
   62    1    1    1    1    1    1    1    6    7  8.79360E+03 0.00458 
   63    1    1    1    1    1    1    1    6    8  8.59904E+03 0.00464 
   64    1    1    1    1    1    1    1    6    9  0.00000E+00 0.00000 
   65    1    1    1    1    1    1    1    6   10  8.35635E+03 0.00474 
   66    1    1    1    1    1    1    1    6   11  8.19852E+03 0.00466 
   67    1    1    1    1    1    1    1    7    1  0.00000E+00 0.00000 
   68    1    1    1    1    1    1    1    7    2  9.33235E+03 0.00452 
   69    1    1    1    1    1    1    1    7    3  9.00925E+03 0.00457 
   70    1    1    1    1    1    1    1    7    4  0.00000E+00 0.00000 
   71    1    1    1    1    1    1    1    7    5  8.76982E+03 0.00459 
   72    1    1    1    1    1    1    1    7    6  8.66043E+03 0.00449 
   73    1    1    1    1    1    1    1    7    7  0.00000E+00 0.00000 
   74    1    1    1    1    1    1    1    7    8  8.24123E+03 0.00478 
   75    1    1    1    1    1    1    1    7    9  8.13573E+03 0.00474 
   76    1    1    1    1    1    1    1    7   10  0.00000E+00 0.00000 
   77    1    1    1    1    1    1    1    7   11  8.03477E+03 0.00472 
   78    1    1    1    1    1    1    1    8    1  8.90828E+03 0.00458 
   79    1    1    1    1    1    1    1    8    2  0.00000E+00 0.00000 
   80    1    1    1    1    1    1    1    8    3  8.65304E+03 0.00451 
   81    1    1    1    1    1    1    1    8    4  8.54029E+03 0.00472 
   82    1    1    1    1    1    1    1    8    5  0.00000E+00 0.00000 
   83    1    1    1    1    1    1    1    8    6  8.30154E+03 0.00460 
   84    1    1    1    1    1    1    1    8    7  8.19829E+03 0.00461 
   85    1    1    1    1    1    1    1    8    8  0.00000E+00 0.00000 
   86    1    1    1    1    1    1    1    8    9  7.98833E+03 0.00478 
   87    1    1    1    1    1    1    1    8   10  7.98524E+03 0.00485 
   88    1    1    1    1    1    1    1    8   11  0.00000E+00 0.00000 
   89    1    1    1    1    1    1    1    9    1  8.56559E+03 0.00460 
   90    1    1    1    1    1    1    1    9    2  8.44666E+03 0.00460 
   91    1    1    1    1    1    1    1    9    3  0.00000E+00 0.00000 
   92    1    1    1    1    1    1    1    9    4  8.25236E+03 0.00463 
   93    1    1    1    1    1    1    1    9    5  8.17703E+03 0.00470 
   94    1    1    1    1    1    1    1    9    6  0.00000E+00 0.00000 
   95    1    1    1    1    1    1    1    9    7  7.99664E+03 0.00475 
   96    1    1    1    1    1    1    1    9    8  7.83502E+03 0.00478 
   97    1    1    1    1    1    1    1    9    9  0.00000E+00 0.00000 
   98    1    1    1    1    1    1    1    9   10  7.76579E+03 0.00488 
   99    1    1    1    1    1    1    1    9   11  7.68302E+03 0.00490 
  100    1    1    1    1    1    1    1   10    1  0.00000E+00 0.00000 
  101    1    1    1    1    1    1    1   10    2  8.25583E+03 0.00472 
  102    1    1    1    1    1    1    1   10    3  8.14739E+03 0.00474 
  103    1    1    1    1    1    1    1   10    4  0.00000E+00 0.00000 
  104    1    1    1    1    1    1    1   10    5  7.99798E+03 0.00473 
  105    1    1    1    1    1    1    1   10    6  7.92460E+03 0.00480 
  106    1    1    1    1    1    1    1   10    7  0.00000E+00 0.00000 
  107    1    1    1    1    1    1    1   10    8  7.69772E+03 0.00476 
  108    1    1    1    1    1    1    1   10    9  7.67195E+03 0.00478 
  109    1    1    1    1    1    1    1   10   10  0.00000E+00 0.00000 
