
DETassem1 = [
    1    1    1    1    1    1    1    1    1    1  0.00000E+00 0.00000 
    2    1    1    1    1    1    1    1    1    2  0.00000E+00 0.00000 
    3    1    1    1    1    1    1    1    1    3  0.00000E+00 0.00000 
    4    1    1    1    1    1    1    1    1    4  0.00000E+00 0.00000 
    5    1    1    1    1    1    1    1    1    5  0.00000E+00 0.00000 
    6    1    1    1    1    1    1    1    1    6  0.00000E+00 0.00000 
    7    1    1    1    1    1    1    1    1    7  0.00000E+00 0.00000 
    8    1    1    1    1    1    1    1    1    8  1.74301E+04 0.00353 
    9    1    1    1    1    1    1    1    1    9  1.37284E+04 0.00384 
   10    1    1    1    1    1    1    1    1   10  0.00000E+00 0.00000 
   11    1    1    1    1    1    1    1    1   11  1.02283E+04 0.00418 
   12    1    1    1    1    1    1    1    2    1  1.89091E+04 0.00351 
   13    1    1    1    1    1    1    1    2    2  0.00000E+00 0.00000 
   14    1    1    1    1    1    1    1    2    3  0.00000E+00 0.00000 
   15    1    1    1    1    1    1    1    2    4  0.00000E+00 0.00000 
   16    1    1    1    1    1    1    1    2    5  0.00000E+00 0.00000 
   17    1    1    1    1    1    1    1    2    6  1.89004E+04 0.00343 
   18    1    1    1    1    1    1    1    2    7  1.55237E+04 0.00374 
   19    1    1    1    1    1    1    1    2    8  0.00000E+00 0.00000 
   20    1    1    1    1    1    1    1    2    9  1.14163E+04 0.00403 
   21    1    1    1    1    1    1    1    2   10  1.03112E+04 0.00424 
   22    1    1    1    1    1    1    1    2   11  0.00000E+00 0.00000 
   23    1    1    1    1    1    1    1    3    1  1.54757E+04 0.00373 
   24    1    1    1    1    1    1    1    3    2  1.74998E+04 0.00353 
   25    1    1    1    1    1    1    1    3    3  0.00000E+00 0.00000 
   26    1    1    1    1    1    1    1    3    4  1.75233E+04 0.00360 
   27    1    1    1    1    1    1    1    3    5  1.53847E+04 0.00382 
   28    1    1    1    1    1    1    1    3    6  0.00000E+00 0.00000 
   29    1    1    1    1    1    1    1    3    7  1.21102E+04 0.00397 
   30    1    1    1    1    1    1    1    3    8  1.09548E+04 0.00417 
   31    1    1    1    1    1    1    1    3    9  0.00000E+00 0.00000 
   32    1    1    1    1    1    1    1    3   10  9.46565E+03 0.00431 
   33    1    1    1    1    1    1    1    3   11  9.14988E+03 0.00432 
   34    1    1    1    1    1    1    1    4    1  0.00000E+00 0.00000 
   35    1    1    1    1    1    1    1    4    2  1.37194E+04 0.00386 
   36    1    1    1    1    1    1    1    4    3  1.37374E+04 0.00386 
   37    1    1    1    1    1    1    1    4    4  0.00000E+00 0.00000 
   38    1    1    1    1    1    1    1    4    5  1.20274E+04 0.00398 
   39    1    1    1    1    1    1    1    4    6  1.12961E+04 0.00415 
   40    1    1    1    1    1    1    1    4    7  0.00000E+00 0.00000 
   41    1    1    1    1    1    1    1    4    8  9.81622E+03 0.00435 
   42    1    1    1    1    1    1    1    4    9  9.30311E+03 0.00450 
   43    1    1    1    1    1    1    1    4   10  0.00000E+00 0.00000 
   44    1    1    1    1    1    1    1    4   11  8.86247E+03 0.00452 
   45    1    1    1    1    1    1    1    5    1  1.13877E+04 0.00419 
   46    1    1    1    1    1    1    1    5    2  0.00000E+00 0.00000 
   47    1    1    1    1    1    1    1    5    3  1.13650E+04 0.00416 
   48    1    1    1    1    1    1    1    5    4  1.09550E+04 0.00429 
   49    1    1    1    1    1    1    1    5    5  0.00000E+00 0.00000 
   50    1    1    1    1    1    1    1    5    6  9.98005E+03 0.00419 
   51    1    1    1    1    1    1    1    5    7  9.51568E+03 0.00429 
   52    1    1    1    1    1    1    1    5    8  0.00000E+00 0.00000 
   53    1    1    1    1    1    1    1    5    9  8.89905E+03 0.00450 
   54    1    1    1    1    1    1    1    5   10  8.75375E+03 0.00450 
   55    1    1    1    1    1    1    1    5   11  0.00000E+00 0.00000 
   56    1    1    1    1    1    1    1    6    1  1.03226E+04 0.00427 
   57    1    1    1    1    1    1    1    6    2  1.02894E+04 0.00436 
   58    1    1    1    1    1    1    1    6    3  0.00000E+00 0.00000 
   59    1    1    1    1    1    1    1    6    4  9.78783E+03 0.00440 
   60    1    1    1    1    1    1    1    6    5  9.48426E+03 0.00430 
   61    1    1    1    1    1    1    1    6    6  0.00000E+00 0.00000 
   62    1    1    1    1    1    1    1    6    7  8.91586E+03 0.00437 
   63    1    1    1    1    1    1    1    6    8  8.76037E+03 0.00445 
   64    1    1    1    1    1    1    1    6    9  0.00000E+00 0.00000 
   65    1    1    1    1    1    1    1    6   10  8.55721E+03 0.00455 
   66    1    1    1    1    1    1    1    6   11  8.35262E+03 0.00458 
   67    1    1    1    1    1    1    1    7    1  0.00000E+00 0.00000 
   68    1    1    1    1    1    1    1    7    2  9.58161E+03 0.00438 
   69    1    1    1    1    1    1    1    7    3  9.40882E+03 0.00419 
   70    1    1    1    1    1    1    1    7    4  0.00000E+00 0.00000 
   71    1    1    1    1    1    1    1    7    5  8.92953E+03 0.00437 
   72    1    1    1    1    1    1    1    7    6  8.81130E+03 0.00444 
   73    1    1    1    1    1    1    1    7    7  0.00000E+00 0.00000 
   74    1    1    1    1    1    1    1    7    8  8.51193E+03 0.00449 
   75    1    1    1    1    1    1    1    7    9  8.47678E+03 0.00442 
   76    1    1    1    1    1    1    1    7   10  0.00000E+00 0.00000 
   77    1    1    1    1    1    1    1    7   11  8.24932E+03 0.00449 
   78    1    1    1    1    1    1    1    8    1  9.18457E+03 0.00444 
   79    1    1    1    1    1    1    1    8    2  0.00000E+00 0.00000 
   80    1    1    1    1    1    1    1    8    3  8.90066E+03 0.00445 
   81    1    1    1    1    1    1    1    8    4  8.83255E+03 0.00445 
   82    1    1    1    1    1    1    1    8    5  0.00000E+00 0.00000 
   83    1    1    1    1    1    1    1    8    6  8.53438E+03 0.00435 
   84    1    1    1    1    1    1    1    8    7  8.42248E+03 0.00459 
   85    1    1    1    1    1    1    1    8    8  0.00000E+00 0.00000 
   86    1    1    1    1    1    1    1    8    9  8.29489E+03 0.00455 
   87    1    1    1    1    1    1    1    8   10  8.16839E+03 0.00443 
   88    1    1    1    1    1    1    1    8   11  0.00000E+00 0.00000 
   89    1    1    1    1    1    1    1    9    1  8.76905E+03 0.00442 
   90    1    1    1    1    1    1    1    9    2  8.73631E+03 0.00452 
   91    1    1    1    1    1    1    1    9    3  0.00000E+00 0.00000 
   92    1    1    1    1    1    1    1    9    4  8.53337E+03 0.00444 
   93    1    1    1    1    1    1    1    9    5  8.46429E+03 0.00449 
   94    1    1    1    1    1    1    1    9    6  0.00000E+00 0.00000 
   95    1    1    1    1    1    1    1    9    7  8.27605E+03 0.00449 
   96    1    1    1    1    1    1    1    9    8  8.14271E+03 0.00455 
   97    1    1    1    1    1    1    1    9    9  0.00000E+00 0.00000 
   98    1    1    1    1    1    1    1    9   10  7.90323E+03 0.00459 
   99    1    1    1    1    1    1    1    9   11  7.99578E+03 0.00458 
  100    1    1    1    1    1    1    1   10    1  0.00000E+00 0.00000 
  101    1    1    1    1    1    1    1   10    2  8.58169E+03 0.00449 
  102    1    1    1    1    1    1    1   10    3  8.45441E+03 0.00451 
  103    1    1    1    1    1    1    1   10    4  0.00000E+00 0.00000 
  104    1    1    1    1    1    1    1   10    5  8.29864E+03 0.00470 
  105    1    1    1    1    1    1    1   10    6  8.10062E+03 0.00461 
  106    1    1    1    1    1    1    1   10    7  0.00000E+00 0.00000 
  107    1    1    1    1    1    1    1   10    8  7.95777E+03 0.00479 
  108    1    1    1    1    1    1    1   10    9  7.83017E+03 0.00468 
  109    1    1    1    1    1    1    1   10   10  0.00000E+00 0.00000 
